subjectID	 order	 runNum	 itemName	 onsetTime	 shuff_trialType	 RT	 respInTime	 AudioTime	 response	 fixationTime	 ladder1	 ladder2	 bidIndex	 itemNameIndex	 bidValue	 
bfer_115	 1	 19	 1211.jpg	 1.119004e+03	 11	 8.667723e+02	 110	 6.166900e+02	 98	 1.120022e+03	 633.33	 616.67	 12.00	 32	 0.63	 
bfer_115	 1	 19	 2108.jpg	 1.121006e+03	 24	 999000	 240	 999000	 999	 1.122024e+03	 633.33	 616.67	 78.00	 8	 0.18	 
bfer_115	 1	 19	 2109.jpg	 1.124994e+03	 24	 999000	 240	 999000	 999	 1.126012e+03	 633.33	 616.67	 48.00	 9	 0.71	 
bfer_115	 1	 19	 2204.jpg	 1.127997e+03	 24	 999000	 240	 999000	 999	 1.129015e+03	 633.33	 616.67	 62.00	 25	 0.53	 
bfer_115	 1	 19	 1208.jpg	 1.130000e+03	 11	 9.109316e+02	 110	 6.333608e+02	 98	 1.131017e+03	 650.00	 616.67	 10.00	 29	 0.65	 
bfer_115	 1	 19	 1111.jpg	 1.133003e+03	 12	 999000	 120	 999000	 999	 1.134021e+03	 650.00	 616.67	 21.00	 11	 0.51	 
bfer_115	 1	 19	 2209.jpg	 1.137008e+03	 24	 999000	 240	 999000	 999	 1.138025e+03	 650.00	 616.67	 56.00	 30	 0.58	 
bfer_115	 1	 19	 2207.jpg	 1.140995e+03	 22	 9.152549e+02	 220	 6.166907e+02	 98	 1.142013e+03	 650.00	 633.33	 53.00	 28	 0.62	 
bfer_115	 1	 19	 1219.jpg	 1.142998e+03	 12	 999000	 120	 999000	 999	 1.144015e+03	 650.00	 633.33	 4.00	 40	 0.78	 
bfer_115	 1	 19	 1109.jpg	 1.148003e+03	 12	 999000	 120	 999000	 999	 1.149021e+03	 650.00	 633.33	 9.00	 9	 0.66	 
bfer_115	 1	 19	 2214.jpg	 1.150005e+03	 24	 999000	 240	 999000	 999	 1.151023e+03	 650.00	 633.33	 51.00	 35	 0.64	 
bfer_115	 1	 19	 1218.jpg	 1.152008e+03	 11	 9.429770e+02	 110	 6.500268e+02	 98	 1.153025e+03	 666.67	 633.33	 18.00	 39	 0.54	 
bfer_115	 1	 19	 2102.jpg	 1.157998e+03	 24	 999000	 240	 999000	 999	 1.159016e+03	 666.67	 633.33	 77.00	 2	 0.20	 
bfer_115	 1	 19	 1108.jpg	 1.160000e+03	 12	 999000	 120	 999000	 999	 1.161018e+03	 666.67	 633.33	 38.00	 8	 0.19	 
bfer_115	 1	 19	 1102.jpg	 1.162002e+03	 12	 999000	 120	 999000	 999	 1.163020e+03	 666.67	 633.33	 22.00	 2	 0.51	 
bfer_115	 1	 19	 1103.jpg	 1.164005e+03	 12	 999000	 120	 999000	 999	 1.165022e+03	 666.67	 633.33	 11.00	 3	 0.64	 
bfer_115	 1	 19	 1204.jpg	 1.167992e+03	 11	 1.038570e+03	 1100	 6.666966e+02	 98	 1.169010e+03	 616.67	 633.33	 7.00	 25	 0.69	 
bfer_115	 1	 19	 2111.jpg	 1.171997e+03	 24	 999000	 240	 999000	 999	 1.173015e+03	 616.67	 633.33	 49.00	 11	 0.68	 
bfer_115	 1	 19	 1106.jpg	 1.175000e+03	 12	 999000	 120	 999000	 999	 1.176018e+03	 616.67	 633.33	 14.00	 6	 0.62	 
bfer_115	 1	 19	 2114.jpg	 1.179005e+03	 24	 999000	 240	 999000	 999	 1.180023e+03	 616.67	 633.33	 57.00	 14	 0.57	 
bfer_115	 1	 19	 1209.jpg	 1.182008e+03	 12	 999000	 120	 999000	 999	 1.183026e+03	 616.67	 633.33	 3.00	 30	 0.81	 
bfer_115	 1	 19	 1217.jpg	 1.183993e+03	 12	 999000	 120	 999000	 999	 1.185012e+03	 616.67	 633.33	 16.00	 38	 0.56	 
bfer_115	 1	 19	 1207.jpg	 1.187998e+03	 11	 9.045444e+02	 110	 6.166824e+02	 98	 1.189016e+03	 633.33	 633.33	 13.00	 28	 0.63	 
bfer_115	 1	 19	 1213.jpg	 1.190000e+03	 12	 999000	 120	 999000	 999	 1.191018e+03	 633.33	 633.33	 20.00	 34	 0.52	 
bfer_115	 1	 19	 2106.jpg	 1.192003e+03	 22	 9.239517e+02	 220	 6.333567e+02	 98	 1.193020e+03	 633.33	 650.00	 58.00	 6	 0.56	 
bfer_115	 1	 19	 2219.jpg	 1.196007e+03	 24	 999000	 240	 999000	 999	 1.197025e+03	 633.33	 650.00	 43.00	 40	 0.91	 
bfer_115	 1	 19	 2115.jpg	 1.197993e+03	 24	 999000	 240	 999000	 999	 1.199011e+03	 633.33	 650.00	 54.00	 15	 0.60	 
bfer_115	 1	 19	 1115.jpg	 1.201997e+03	 12	 999000	 120	 999000	 999	 1.203015e+03	 633.33	 650.00	 8.00	 15	 0.69	 
bfer_115	 1	 19	 1120.jpg	 1.206002e+03	 12	 999000	 120	 999000	 999	 1.207020e+03	 633.33	 650.00	 19.00	 20	 0.52	 
bfer_115	 1	 19	 2121.jpg	 1.209005e+03	 24	 999000	 240	 999000	 999	 1.210023e+03	 633.33	 650.00	 44.00	 21	 0.84	 
bfer_115	 1	 19	 2208.jpg	 1.214995e+03	 22	 9.555643e+02	 220	 6.500218e+02	 98	 1.216013e+03	 633.33	 666.67	 55.00	 29	 0.59	 
bfer_115	 1	 19	 2211.jpg	 1.216997e+03	 22	 9.452576e+02	 220	 6.666939e+02	 98	 1.218015e+03	 633.33	 683.33	 47.00	 32	 0.73	 
bfer_115	 1	 19	 2201.jpg	 1.221002e+03	 22	 1.020819e+03	 2200	 6.833484e+02	 98	 1.222020e+03	 633.33	 633.33	 52.00	 22	 0.63	 
bfer_115	 1	 19	 2212.jpg	 1.223004e+03	 24	 999000	 240	 999000	 999	 1.224022e+03	 633.33	 633.33	 60.00	 33	 0.54	 
bfer_115	 1	 19	 1107.jpg	 1.225006e+03	 12	 999000	 120	 999000	 999	 1.226024e+03	 633.33	 633.33	 17.00	 7	 0.55	 
bfer_115	 1	 19	 2210.jpg	 1.227009e+03	 24	 999000	 240	 999000	 999	 1.228026e+03	 633.33	 633.33	 59.00	 31	 0.55	 
bfer_115	 1	 19	 1214.jpg	 1.231998e+03	 11	 9.850331e+02	 110	 6.333509e+02	 98	 1.233015e+03	 650.00	 633.33	 15.00	 35	 0.56	 
bfer_115	 1	 19	 1117.jpg	 1.234000e+03	 12	 999000	 120	 999000	 999	 1.235018e+03	 650.00	 633.33	 37.00	 17	 0.19	 
bfer_115	 1	 19	 2218.jpg	 1.236002e+03	 24	 999000	 240	 999000	 999	 1.237020e+03	 650.00	 633.33	 61.00	 39	 0.54	 
bfer_115	 1	 19	 2205.jpg	 1.239005e+03	 22	 1.041259e+03	 2200	 6.333635e+02	 98	 1.240023e+03	 650.00	 583.33	 50.00	 26	 0.68	 
