subjectID	 order	 runNum	 itemName	 onsetTime	 shuff_trialType	 RT	 respInTime	 AudioTime	 response	 fixationTime	 ladder1	 ladder2	 bidIndex	 itemNameIndex	 bidValue	 
bfer_154	 2	 2	 1106.jpg	 1.261544e+02	 11	 9.880536e+02	 110	 7.166863e+02	 98	 1.271722e+02	 733.33	 716.67	 16.00	 6	 0.54	 
bfer_154	 2	 2	 1205.jpg	 1.291577e+02	 12	 999000	 120	 999000	 999	 1.301755e+02	 733.33	 716.67	 10.00	 26	 0.67	 
bfer_154	 2	 2	 2212.jpg	 1.331457e+02	 22	 9.808123e+02	 220	 7.166927e+02	 98	 1.341634e+02	 733.33	 733.33	 56.00	 33	 0.56	 
bfer_154	 2	 2	 2117.jpg	 1.351478e+02	 24	 999000	 240	 999000	 999	 1.361656e+02	 733.33	 733.33	 78.00	 17	 0.20	 
bfer_154	 2	 2	 2107.jpg	 1.371501e+02	 24	 999000	 240	 999000	 999	 1.381680e+02	 733.33	 733.33	 55.00	 7	 0.57	 
bfer_154	 2	 2	 2109.jpg	 1.411545e+02	 24	 999000	 240	 999000	 999	 1.421724e+02	 733.33	 733.33	 53.00	 9	 0.63	 
bfer_154	 2	 2	 2104.jpg	 1.431568e+02	 24	 999000	 240	 999000	 999	 1.441747e+02	 733.33	 733.33	 61.00	 4	 0.53	 
bfer_154	 2	 2	 2216.jpg	 1.481458e+02	 22	 8.926299e+02	 220	 7.333591e+02	 98	 1.491635e+02	 733.33	 750.00	 51.00	 37	 0.67	 
bfer_154	 2	 2	 1201.jpg	 1.501480e+02	 11	 5.704650e+02	 11	 7.333582e+02	 98	 1.511659e+02	 750.00	 750.00	 9.00	 22	 0.69	 
bfer_154	 2	 2	 2108.jpg	 1.531514e+02	 24	 999000	 240	 999000	 999	 1.541692e+02	 750.00	 750.00	 77.00	 8	 0.22	 
bfer_154	 2	 2	 1216.jpg	 1.561547e+02	 12	 1.243733e+03	 12	 999000	 98	 1.571725e+02	 750.00	 750.00	 4.00	 37	 0.80	 
bfer_154	 2	 2	 1212.jpg	 1.601427e+02	 12	 999000	 120	 999000	 999	 1.611604e+02	 750.00	 750.00	 20.00	 33	 0.47	 
bfer_154	 2	 2	 2201.jpg	 1.631460e+02	 24	 999000	 240	 999000	 999	 1.641637e+02	 750.00	 750.00	 44.00	 22	 0.83	 
bfer_154	 2	 2	 1102.jpg	 1.651482e+02	 12	 999000	 120	 999000	 999	 1.661660e+02	 750.00	 750.00	 15.00	 2	 0.55	 
bfer_154	 2	 2	 1112.jpg	 1.681517e+02	 12	 999000	 120	 999000	 999	 1.691694e+02	 750.00	 750.00	 37.00	 12	 0.20	 
bfer_154	 2	 2	 1215.jpg	 1.721561e+02	 11	 1.010375e+03	 1100	 7.500153e+02	 98	 1.731758e+02	 700.00	 750.00	 8.00	 36	 0.69	 
bfer_154	 2	 2	 2207.jpg	 1.751425e+02	 24	 999000	 240	 999000	 999	 1.761606e+02	 700.00	 750.00	 50.00	 28	 0.68	 
bfer_154	 2	 2	 1111.jpg	 1.771451e+02	 12	 999000	 120	 999000	 999	 1.781628e+02	 700.00	 750.00	 13.00	 11	 0.59	 
bfer_154	 2	 2	 1219.jpg	 1.791472e+02	 12	 999000	 120	 999000	 999	 1.801650e+02	 700.00	 750.00	 7.00	 40	 0.77	 
bfer_154	 2	 2	 1110.jpg	 1.841528e+02	 12	 999000	 120	 999000	 999	 1.851707e+02	 700.00	 750.00	 19.00	 10	 0.50	 
bfer_154	 2	 2	 1214.jpg	 1.881574e+02	 12	 9.131051e+02	 12	 999000	 98	 1.891752e+02	 700.00	 750.00	 18.00	 35	 0.50	 
bfer_154	 2	 2	 1203.jpg	 1.921454e+02	 11	 1.029112e+03	 1100	 7.000180e+02	 98	 1.931630e+02	 650.00	 750.00	 11.00	 24	 0.66	 
bfer_154	 2	 2	 2115.jpg	 1.981521e+02	 24	 999000	 240	 999000	 999	 1.991698e+02	 650.00	 750.00	 62.00	 15	 0.45	 
bfer_154	 2	 2	 2106.jpg	 2.001542e+02	 24	 999000	 240	 999000	 999	 2.011721e+02	 650.00	 750.00	 43.00	 6	 0.85	 
bfer_154	 2	 2	 2121.jpg	 2.021565e+02	 22	 1.026005e+03	 2200	 7.500300e+02	 98	 2.031743e+02	 650.00	 700.00	 49.00	 21	 0.69	 
bfer_154	 2	 2	 1207.jpg	 2.041417e+02	 12	 999000	 120	 999000	 999	 2.051598e+02	 650.00	 700.00	 12.00	 28	 0.60	 
bfer_154	 2	 2	 2211.jpg	 2.061442e+02	 24	 999000	 240	 999000	 999	 2.071620e+02	 650.00	 700.00	 52.00	 32	 0.64	 
bfer_154	 2	 2	 2219.jpg	 2.101488e+02	 24	 999000	 240	 999000	 999	 2.111665e+02	 650.00	 700.00	 59.00	 40	 0.53	 
bfer_154	 2	 2	 2111.jpg	 2.121510e+02	 22	 9.194714e+02	 220	 7.000241e+02	 98	 2.131689e+02	 650.00	 716.67	 54.00	 11	 0.60	 
bfer_154	 2	 2	 1210.jpg	 2.161556e+02	 12	 999000	 120	 999000	 999	 2.171733e+02	 650.00	 716.67	 22.00	 31	 0.46	 
bfer_154	 2	 2	 2205.jpg	 2.181578e+02	 24	 999000	 240	 999000	 999	 2.191756e+02	 650.00	 716.67	 60.00	 26	 0.53	 
bfer_154	 2	 2	 1218.jpg	 2.201433e+02	 12	 999000	 120	 999000	 999	 2.211611e+02	 650.00	 716.67	 21.00	 39	 0.47	 
bfer_154	 2	 2	 1120.jpg	 2.221456e+02	 12	 999000	 120	 999000	 999	 2.231633e+02	 650.00	 716.67	 38.00	 20	 0.16	 
bfer_154	 2	 2	 1121.jpg	 2.271513e+02	 11	 8.551884e+02	 110	 6.500202e+02	 98	 2.281690e+02	 666.67	 716.67	 17.00	 21	 0.53	 
bfer_154	 2	 2	 2105.jpg	 2.291534e+02	 24	 999000	 240	 999000	 999	 2.301713e+02	 666.67	 716.67	 58.00	 5	 0.55	 
bfer_154	 2	 2	 1107.jpg	 2.311558e+02	 11	 1.074704e+03	 1100	 6.666798e+02	 98	 2.321735e+02	 616.67	 716.67	 14.00	 7	 0.57	 
bfer_154	 2	 2	 2114.jpg	 2.341422e+02	 22	 1.032282e+03	 2200	 7.166845e+02	 98	 2.351602e+02	 616.67	 666.67	 57.00	 14	 0.56	 
bfer_154	 2	 2	 2214.jpg	 2.411502e+02	 24	 999000	 240	 999000	 999	 2.421681e+02	 616.67	 666.67	 47.00	 35	 0.72	 
bfer_154	 2	 2	 1103.jpg	 2.451547e+02	 12	 999000	 120	 999000	 999	 2.461725e+02	 616.67	 666.67	 3.00	 3	 0.82	 
bfer_154	 2	 2	 2110.jpg	 2.521459e+02	 22	 8.845113e+02	 220	 6.666829e+02	 98	 2.531637e+02	 616.67	 683.33	 48.00	 10	 0.69	 
