subjectID	 order	 runNum	 itemName	 onsetTime	 shuff_trialType	 RT	 respInTime	 AudioTime	 response	 fixationTime	 ladder1	 ladder2	 bidIndex	 itemNameIndex	 bidValue	 
bfer_126	 2	 14	 2103.jpg	 3.731740e+02	 22	 5.451348e+02	 22	 7.833595e+02	 98	 3.741921e+02	 850.00	 800.00	 49.00	 3	 0.72	 
bfer_126	 2	 14	 2107.jpg	 3.781630e+02	 22	 8.601334e+02	 220	 8.000262e+02	 98	 3.791810e+02	 850.00	 816.67	 51.00	 7	 0.68	 
bfer_126	 2	 14	 1115.jpg	 3.801652e+02	 12	 999000	 120	 999000	 999	 3.811833e+02	 850.00	 816.67	 22.00	 15	 0.48	 
bfer_126	 2	 14	 1102.jpg	 3.821674e+02	 12	 999000	 120	 999000	 999	 3.831856e+02	 850.00	 816.67	 19.00	 2	 0.55	 
bfer_126	 2	 14	 2211.jpg	 3.881741e+02	 22	 1.081055e+03	 2200	 8.166841e+02	 98	 3.891923e+02	 850.00	 766.67	 48.00	 32	 0.72	 
bfer_126	 2	 14	 2117.jpg	 3.901763e+02	 24	 999000	 240	 999000	 999	 3.911945e+02	 850.00	 766.67	 77.00	 17	 0.24	 
bfer_126	 2	 14	 1208.jpg	 3.931631e+02	 12	 999000	 120	 999000	 999	 3.941812e+02	 850.00	 766.67	 10.00	 29	 0.63	 
bfer_126	 2	 14	 2201.jpg	 3.951653e+02	 22	 7.137902e+02	 22	 7.666803e+02	 98	 3.961835e+02	 850.00	 783.33	 56.00	 22	 0.58	 
bfer_126	 2	 14	 1103.jpg	 3.991698e+02	 12	 999000	 120	 999000	 999	 4.001879e+02	 850.00	 783.33	 3.00	 3	 0.75	 
bfer_126	 2	 14	 2109.jpg	 4.011721e+02	 24	 999000	 240	 999000	 999	 4.021902e+02	 850.00	 783.33	 52.00	 9	 0.66	 
bfer_126	 2	 14	 2104.jpg	 4.061607e+02	 24	 999000	 240	 999000	 999	 4.071791e+02	 850.00	 783.33	 61.00	 4	 0.48	 
bfer_126	 2	 14	 2209.jpg	 4.131689e+02	 24	 999000	 240	 999000	 999	 4.141869e+02	 850.00	 783.33	 44.00	 30	 0.82	 
bfer_126	 2	 14	 1209.jpg	 4.151710e+02	 12	 999000	 120	 999000	 999	 4.161892e+02	 850.00	 783.33	 12.00	 30	 0.59	 
bfer_126	 2	 14	 1113.jpg	 4.181745e+02	 12	 999000	 120	 999000	 999	 4.191926e+02	 850.00	 783.33	 15.00	 13	 0.58	 
bfer_126	 2	 14	 2212.jpg	 4.211609e+02	 24	 999000	 240	 999000	 999	 4.221793e+02	 850.00	 783.33	 78.00	 33	 0.22	 
bfer_126	 2	 14	 2110.jpg	 4.251656e+02	 22	 5.775519e+02	 22	 7.833504e+02	 98	 4.261837e+02	 850.00	 800.00	 54.00	 10	 0.60	 
bfer_126	 2	 14	 2208.jpg	 4.291702e+02	 24	 8.449179e+02	 24	 999000	 98	 4.301883e+02	 850.00	 800.00	 62.00	 29	 0.47	 
bfer_126	 2	 14	 1210.jpg	 4.331746e+02	 12	 999000	 120	 999000	 999	 4.341928e+02	 850.00	 800.00	 38.00	 31	 0.20	 
bfer_126	 2	 14	 1106.jpg	 4.361609e+02	 11	 6.941766e+02	 11	 8.500183e+02	 98	 4.371961e+02	 866.67	 800.00	 16.00	 6	 0.57	 
bfer_126	 2	 14	 2202.jpg	 4.421680e+02	 22	 999000	 2	 8.000141e+02	 999	 4.431861e+02	 866.67	 750.00	 57.00	 23	 0.58	 
bfer_126	 2	 14	 1120.jpg	 4.441704e+02	 12	 999000	 120	 999000	 999	 4.451884e+02	 866.67	 750.00	 13.00	 20	 0.59	 
bfer_126	 2	 14	 2204.jpg	 4.471737e+02	 24	 999000	 240	 999000	 999	 4.481918e+02	 866.67	 750.00	 60.00	 25	 0.50	 
bfer_126	 2	 14	 1105.jpg	 4.491759e+02	 12	 999000	 120	 999000	 999	 4.501939e+02	 866.67	 750.00	 37.00	 5	 0.22	 
bfer_126	 2	 14	 2206.jpg	 4.511612e+02	 24	 999000	 240	 999000	 999	 4.521796e+02	 866.67	 750.00	 43.00	 27	 0.86	 
bfer_126	 2	 14	 2216.jpg	 4.531638e+02	 24	 8.753725e+02	 24	 999000	 98	 4.541818e+02	 866.67	 750.00	 47.00	 37	 0.75	 
bfer_126	 2	 14	 1119.jpg	 4.561837e+02	 12	 999000	 120	 999000	 999	 4.572019e+02	 866.67	 750.00	 21.00	 19	 0.51	 
bfer_126	 2	 14	 2219.jpg	 4.601716e+02	 24	 999000	 240	 999000	 999	 4.611896e+02	 866.67	 750.00	 55.00	 40	 0.60	 
bfer_126	 2	 14	 1215.jpg	 4.621738e+02	 11	 1.113376e+03	 1100	 8.666939e+02	 98	 4.632254e+02	 816.67	 750.00	 8.00	 36	 0.67	 
bfer_126	 2	 14	 1109.jpg	 4.641760e+02	 12	 999000	 120	 999000	 999	 4.651942e+02	 816.67	 750.00	 7.00	 9	 0.67	 
bfer_126	 2	 14	 1107.jpg	 4.661614e+02	 11	 5.657701e+02	 11	 8.166818e+02	 98	 4.671798e+02	 833.33	 750.00	 14.00	 7	 0.58	 
bfer_126	 2	 14	 1212.jpg	 4.681639e+02	 11	 1.067268e+03	 1100	 8.333564e+02	 98	 4.691822e+02	 783.33	 750.00	 17.00	 33	 0.57	 
bfer_126	 2	 14	 1218.jpg	 4.701661e+02	 11	 7.930535e+02	 110	 7.833551e+02	 98	 4.711843e+02	 800.00	 750.00	 11.00	 39	 0.62	 
bfer_126	 2	 14	 1216.jpg	 4.741706e+02	 11	 7.005295e+02	 11	 8.000154e+02	 98	 4.751886e+02	 816.67	 750.00	 9.00	 37	 0.66	 
bfer_126	 2	 14	 2218.jpg	 4.781751e+02	 24	 7.520500e+02	 24	 999000	 98	 4.791934e+02	 816.67	 750.00	 50.00	 39	 0.70	 
bfer_126	 2	 14	 1214.jpg	 4.801774e+02	 12	 999000	 120	 999000	 999	 4.811955e+02	 816.67	 750.00	 4.00	 35	 0.74	 
bfer_126	 2	 14	 2111.jpg	 4.821629e+02	 24	 999000	 240	 999000	 999	 4.831811e+02	 816.67	 750.00	 53.00	 11	 0.64	 
bfer_126	 2	 14	 1202.jpg	 4.841652e+02	 12	 999000	 120	 999000	 999	 4.851832e+02	 816.67	 750.00	 18.00	 23	 0.56	 
bfer_126	 2	 14	 2101.jpg	 4.861673e+02	 24	 999000	 240	 999000	 999	 4.871857e+02	 816.67	 750.00	 58.00	 1	 0.57	 
bfer_126	 2	 14	 1217.jpg	 4.921741e+02	 12	 999000	 120	 999000	 999	 4.931922e+02	 816.67	 750.00	 20.00	 38	 0.52	 
bfer_126	 2	 14	 2205.jpg	 4.941764e+02	 24	 7.987606e+02	 24	 999000	 98	 4.951945e+02	 816.67	 750.00	 59.00	 26	 0.51	 
