subjectID	 order	 runNum	 itemName	 onsetTime	 shuff_trialType	 RT	 respInTime	 AudioTime	 response	 fixationTime	 ladder1	 ladder2	 bidIndex	 itemNameIndex	 bidValue	 
bfer_123	 1	 13	 1115.jpg	 2.725980e+02	 12	 999000	 120	 999000	 999	 2.736165e+02	 816.67	 816.67	 21.00	 15	 0.50	 
bfer_123	 1	 13	 2209.jpg	 2.776037e+02	 24	 999000	 240	 999000	 999	 2.786217e+02	 816.67	 816.67	 57.00	 30	 0.56	 
bfer_123	 1	 13	 1207.jpg	 2.795893e+02	 12	 999000	 120	 999000	 999	 2.806073e+02	 816.67	 816.67	 9.00	 28	 0.67	 
bfer_123	 1	 13	 1101.jpg	 2.815915e+02	 12	 6.555032e+02	 12	 999000	 98	 2.826095e+02	 816.67	 816.67	 4.00	 1	 0.76	 
bfer_123	 1	 13	 2111.jpg	 2.875981e+02	 24	 999000	 240	 999000	 999	 2.886163e+02	 816.67	 816.67	 62.00	 11	 0.47	 
bfer_123	 1	 13	 2206.jpg	 2.896003e+02	 22	 5.986182e+02	 22	 8.168467e+02	 98	 2.906185e+02	 816.67	 833.33	 58.00	 27	 0.56	 
bfer_123	 1	 13	 2215.jpg	 2.925869e+02	 24	 999000	 240	 999000	 999	 2.936052e+02	 816.67	 833.33	 43.00	 36	 0.86	 
bfer_123	 1	 13	 2109.jpg	 2.945894e+02	 24	 999000	 240	 999000	 999	 2.956076e+02	 816.67	 833.33	 60.00	 9	 0.51	 
bfer_123	 1	 13	 2216.jpg	 2.985939e+02	 22	 7.410915e+02	 22	 8.333832e+02	 98	 2.996120e+02	 816.67	 850.00	 47.00	 37	 0.78	 
bfer_123	 1	 13	 1121.jpg	 3.005962e+02	 12	 999000	 120	 999000	 999	 3.016142e+02	 816.67	 850.00	 11.00	 21	 0.66	 
bfer_123	 1	 13	 2214.jpg	 3.056017e+02	 24	 999000	 240	 999000	 999	 3.066198e+02	 816.67	 850.00	 61.00	 35	 0.50	 
bfer_123	 1	 13	 2217.jpg	 3.125928e+02	 22	 1.054132e+03	 2200	 8.500264e+02	 98	 3.136275e+02	 816.67	 800.00	 50.00	 38	 0.65	 
bfer_123	 1	 13	 2101.jpg	 3.145951e+02	 22	 7.398525e+02	 22	 8.000308e+02	 98	 3.156133e+02	 816.67	 816.67	 52.00	 1	 0.64	 
bfer_123	 1	 13	 1119.jpg	 3.175985e+02	 12	 999000	 120	 999000	 999	 3.186166e+02	 816.67	 816.67	 19.00	 19	 0.54	 
bfer_123	 1	 13	 2207.jpg	 3.206019e+02	 24	 999000	 240	 999000	 999	 3.216200e+02	 816.67	 816.67	 59.00	 28	 0.56	 
bfer_123	 1	 13	 2115.jpg	 3.245896e+02	 22	 9.853199e+02	 220	 8.166932e+02	 98	 3.256078e+02	 816.67	 833.33	 55.00	 15	 0.57	 
bfer_123	 1	 13	 1201.jpg	 3.285943e+02	 11	 6.926339e+02	 11	 8.168448e+02	 98	 3.296123e+02	 833.33	 833.33	 12.00	 22	 0.66	 
bfer_123	 1	 13	 1206.jpg	 3.325987e+02	 12	 999000	 120	 999000	 999	 3.336168e+02	 833.33	 833.33	 16.00	 27	 0.63	 
bfer_123	 1	 13	 1114.jpg	 3.356020e+02	 11	 6.849518e+02	 11	 8.333841e+02	 98	 3.366202e+02	 850.00	 833.33	 13.00	 14	 0.64	 
bfer_123	 1	 13	 1217.jpg	 3.415920e+02	 12	 999000	 120	 999000	 999	 3.426102e+02	 850.00	 833.33	 17.00	 38	 0.60	 
bfer_123	 1	 13	 1219.jpg	 3.435944e+02	 12	 999000	 120	 999000	 999	 3.446126e+02	 850.00	 833.33	 3.00	 40	 0.82	 
bfer_123	 1	 13	 2120.jpg	 3.465977e+02	 24	 999000	 240	 999000	 999	 3.476159e+02	 850.00	 833.33	 44.00	 20	 0.82	 
bfer_123	 1	 13	 1120.jpg	 3.485999e+02	 11	 5.590368e+02	 11	 8.500251e+02	 98	 3.496349e+02	 866.67	 833.33	 15.00	 20	 0.64	 
bfer_123	 1	 13	 1102.jpg	 3.506022e+02	 12	 999000	 120	 999000	 999	 3.516204e+02	 866.67	 833.33	 37.00	 2	 0.20	 
bfer_123	 1	 13	 2205.jpg	 3.525876e+02	 24	 999000	 240	 999000	 999	 3.536059e+02	 866.67	 833.33	 48.00	 26	 0.70	 
bfer_123	 1	 13	 2119.jpg	 3.555911e+02	 24	 999000	 240	 999000	 999	 3.566094e+02	 866.67	 833.33	 54.00	 19	 0.62	 
bfer_123	 1	 13	 1213.jpg	 3.595957e+02	 12	 999000	 120	 999000	 999	 3.606138e+02	 866.67	 833.33	 20.00	 34	 0.51	 
bfer_123	 1	 13	 2114.jpg	 3.615979e+02	 24	 999000	 240	 999000	 999	 3.626160e+02	 866.67	 833.33	 49.00	 14	 0.70	 
bfer_123	 1	 13	 1211.jpg	 3.636002e+02	 11	 7.587896e+02	 11	 8.667184e+02	 98	 3.646517e+02	 883.33	 833.33	 7.00	 32	 0.71	 
bfer_123	 1	 13	 1117.jpg	 3.656023e+02	 11	 6.286409e+02	 11	 8.833490e+02	 98	 3.666703e+02	 900.00	 833.33	 18.00	 17	 0.57	 
bfer_123	 1	 13	 2201.jpg	 3.675876e+02	 24	 999000	 240	 999000	 999	 3.686061e+02	 900.00	 833.33	 56.00	 22	 0.56	 
bfer_123	 1	 13	 1110.jpg	 3.695902e+02	 12	 999000	 120	 999000	 999	 3.706083e+02	 900.00	 833.33	 8.00	 10	 0.68	 
bfer_123	 1	 13	 1216.jpg	 3.735946e+02	 12	 1.156322e+03	 12	 999000	 98	 3.746128e+02	 900.00	 833.33	 14.00	 37	 0.64	 
bfer_123	 1	 13	 2113.jpg	 3.775991e+02	 24	 999000	 240	 999000	 999	 3.786173e+02	 900.00	 833.33	 78.00	 13	 0.21	 
bfer_123	 1	 13	 2213.jpg	 3.796014e+02	 22	 9.575186e+02	 220	 8.333542e+02	 98	 3.806196e+02	 900.00	 850.00	 53.00	 34	 0.64	 
bfer_123	 1	 13	 1106.jpg	 3.815870e+02	 12	 999000	 120	 999000	 999	 3.826051e+02	 900.00	 850.00	 22.00	 6	 0.45	 
bfer_123	 1	 13	 1215.jpg	 3.835893e+02	 11	 6.416767e+02	 11	 9.000287e+02	 98	 3.846741e+02	 916.67	 850.00	 10.00	 36	 0.66	 
bfer_123	 1	 13	 2219.jpg	 3.855915e+02	 24	 999000	 240	 999000	 999	 3.866097e+02	 916.67	 850.00	 51.00	 40	 0.65	 
bfer_123	 1	 13	 2105.jpg	 3.915982e+02	 24	 999000	 240	 999000	 999	 3.926163e+02	 916.67	 850.00	 77.00	 5	 0.22	 
bfer_123	 1	 13	 1203.jpg	 3.936004e+02	 12	 999000	 120	 999000	 999	 3.946186e+02	 916.67	 850.00	 38.00	 24	 0.18	 
