subjectID	 order	 runNum	 itemName	 onsetTime	 shuff_trialType	 RT	 respInTime	 AudioTime	 response	 fixationTime	 ladder1	 ladder2	 bidIndex	 itemNameIndex	 bidValue	 
bfer_158	 2	 6	 2114.jpg	 6.869883e+02	 24	 999000	 240	 999000	 999	 6.880064e+02	 383.33	 -16.67	 61.00	 14	 0.52	 
bfer_158	 2	 6	 2121.jpg	 6.899750e+02	 22	 9.115749e+02	 220	 5.512730e-01	 98	 6.909930e+02	 383.33	 -0.00	 48.00	 21	 0.74	 
bfer_158	 2	 6	 2109.jpg	 6.939794e+02	 24	 999000	 240	 999000	 999	 6.949975e+02	 383.33	 -0.00	 47.00	 9	 0.78	 
bfer_158	 2	 6	 1114.jpg	 6.959816e+02	 12	 999000	 120	 999000	 999	 6.969997e+02	 383.33	 -0.00	 38.00	 14	 0.24	 
bfer_158	 2	 6	 1219.jpg	 6.979838e+02	 11	 999000	 1	 3.833614e+02	 999	 6.990020e+02	 333.33	 -0.00	 14.00	 40	 0.59	 
bfer_158	 2	 6	 1204.jpg	 7.019884e+02	 12	 999000	 120	 999000	 999	 7.030065e+02	 333.33	 -0.00	 15.00	 25	 0.58	 
bfer_158	 2	 6	 1111.jpg	 7.039737e+02	 11	 1.136905e+03	 1100	 3.333614e+02	 98	 7.049921e+02	 283.33	 -0.00	 17.00	 11	 0.58	 
bfer_158	 2	 6	 1211.jpg	 7.089796e+02	 12	 999000	 120	 999000	 999	 7.099977e+02	 283.33	 -0.00	 20.00	 32	 0.55	 
bfer_158	 2	 6	 1117.jpg	 7.109819e+02	 12	 5.206968e+02	 12	 999000	 98	 7.119999e+02	 283.33	 -0.00	 7.00	 17	 0.70	 
bfer_158	 2	 6	 2111.jpg	 7.139851e+02	 24	 999000	 240	 999000	 999	 7.150034e+02	 283.33	 -0.00	 77.00	 11	 0.35	 
bfer_158	 2	 6	 1105.jpg	 7.169886e+02	 12	 999000	 120	 999000	 999	 7.180067e+02	 283.33	 -0.00	 12.00	 5	 0.62	 
bfer_158	 2	 6	 1205.jpg	 7.209763e+02	 12	 999000	 120	 999000	 999	 7.219945e+02	 283.33	 -0.00	 19.00	 26	 0.55	 
bfer_158	 2	 6	 1207.jpg	 7.239797e+02	 12	 999000	 120	 999000	 999	 7.249978e+02	 283.33	 -0.00	 21.00	 28	 0.55	 
bfer_158	 2	 6	 2202.jpg	 7.259820e+02	 24	 999000	 240	 999000	 999	 7.270001e+02	 283.33	 -0.00	 62.00	 23	 0.52	 
bfer_158	 2	 6	 1201.jpg	 7.289853e+02	 11	 7.252913e+02	 110	 2.833572e+02	 98	 7.300035e+02	 300.00	 -0.00	 8.00	 22	 0.66	 
bfer_158	 2	 6	 1214.jpg	 7.329898e+02	 12	 999000	 120	 999000	 999	 7.340080e+02	 300.00	 -0.00	 4.00	 35	 0.76	 
bfer_158	 2	 6	 1110.jpg	 7.359766e+02	 12	 999000	 120	 999000	 999	 7.369947e+02	 300.00	 -0.00	 18.00	 10	 0.57	 
bfer_158	 2	 6	 1103.jpg	 7.379787e+02	 12	 999000	 120	 999000	 999	 7.389970e+02	 300.00	 -0.00	 3.00	 3	 0.77	 
bfer_158	 2	 6	 2206.jpg	 7.399811e+02	 24	 999000	 240	 999000	 999	 7.409991e+02	 300.00	 -0.00	 43.00	 27	 0.85	 
bfer_158	 2	 6	 1209.jpg	 7.449867e+02	 12	 999000	 120	 999000	 999	 7.460048e+02	 300.00	 -0.00	 37.00	 30	 0.24	 
bfer_158	 2	 6	 2103.jpg	 7.489742e+02	 22	 999000	 2	 5.109720e-01	 999	 7.499925e+02	 300.00	 -0.00	 54.00	 3	 0.65	 
bfer_158	 2	 6	 2113.jpg	 7.529790e+02	 24	 999000	 240	 999000	 999	 7.539972e+02	 300.00	 -0.00	 60.00	 13	 0.54	 
bfer_158	 2	 6	 2203.jpg	 7.589857e+02	 24	 999000	 240	 999000	 999	 7.600039e+02	 300.00	 -0.00	 44.00	 24	 0.82	 
bfer_158	 2	 6	 2211.jpg	 7.609879e+02	 24	 999000	 240	 999000	 999	 7.620061e+02	 300.00	 -0.00	 50.00	 32	 0.68	 
bfer_158	 2	 6	 2117.jpg	 7.629902e+02	 22	 5.683690e+02	 2	 4.923120e-01	 110	 7.640083e+02	 300.00	 -0.00	 51.00	 17	 0.67	 
bfer_158	 2	 6	 2105.jpg	 7.649758e+02	 24	 999000	 240	 999000	 999	 7.659939e+02	 300.00	 -0.00	 52.00	 5	 0.66	 
bfer_158	 2	 6	 1208.jpg	 7.669780e+02	 12	 999000	 120	 999000	 999	 7.679963e+02	 300.00	 -0.00	 22.00	 29	 0.55	 
bfer_158	 2	 6	 2214.jpg	 7.709826e+02	 24	 999000	 240	 999000	 999	 7.720006e+02	 300.00	 -0.00	 58.00	 35	 0.59	 
bfer_158	 2	 6	 2102.jpg	 7.729848e+02	 24	 999000	 240	 999000	 999	 7.740028e+02	 300.00	 -0.00	 53.00	 2	 0.65	 
bfer_158	 2	 6	 1203.jpg	 7.769892e+02	 11	 999000	 1	 3.000171e+02	 999	 7.780073e+02	 250.00	 -0.00	 9.00	 24	 0.65	 
bfer_158	 2	 6	 2120.jpg	 7.789746e+02	 24	 999000	 240	 999000	 999	 7.799929e+02	 250.00	 -0.00	 78.00	 20	 0.27	 
bfer_158	 2	 6	 1213.jpg	 7.809771e+02	 12	 999000	 120	 999000	 999	 7.819952e+02	 250.00	 -0.00	 13.00	 34	 0.62	 
bfer_158	 2	 6	 2104.jpg	 7.829793e+02	 24	 999000	 240	 999000	 999	 7.839974e+02	 250.00	 -0.00	 59.00	 4	 0.57	 
bfer_158	 2	 6	 2216.jpg	 7.879849e+02	 22	 4.936489e+02	 220	 5.340331e-01	 98	 7.890030e+02	 250.00	 16.67	 49.00	 37	 0.68	 
bfer_158	 2	 6	 2205.jpg	 7.899873e+02	 22	 4.113112e+02	 220	 1.669363e+01	 98	 7.910054e+02	 250.00	 33.33	 56.00	 26	 0.62	 
bfer_158	 2	 6	 1218.jpg	 7.919894e+02	 12	 999000	 120	 999000	 999	 7.930075e+02	 250.00	 33.33	 10.00	 39	 0.63	 
bfer_158	 2	 6	 2101.jpg	 7.949761e+02	 22	 999000	 2	 3.335224e+01	 999	 7.959942e+02	 250.00	 -16.67	 57.00	 1	 0.59	 
bfer_158	 2	 6	 1121.jpg	 8.019840e+02	 11	 999000	 1	 2.500126e+02	 999	 8.030021e+02	 200.00	 -16.67	 16.00	 21	 0.58	 
bfer_158	 2	 6	 2204.jpg	 8.059885e+02	 24	 999000	 240	 999000	 999	 8.070066e+02	 200.00	 -16.67	 55.00	 25	 0.64	 
bfer_158	 2	 6	 1101.jpg	 8.129797e+02	 11	 5.869107e+02	 110	 2.000148e+02	 98	 8.139977e+02	 216.67	 -16.67	 11.00	 1	 0.63	 
