subjectID	 order	 runNum	 itemName	 onsetTime	 shuff_trialType	 RT	 respInTime	 AudioTime	 response	 fixationTime	 ladder1	 ladder2	 bidIndex	 itemNameIndex	 bidValue	 
bfer_140	 2	 5	 1202.jpg	 5.604390e+02	 12	 999000	 120	 999000	 999	 5.614573e+02	 683.33	 683.33	 21.00	 23	 0.50	 
bfer_140	 2	 5	 2109.jpg	 5.624415e+02	 24	 999000	 240	 999000	 999	 5.634596e+02	 683.33	 683.33	 58.00	 9	 0.59	 
bfer_140	 2	 5	 2114.jpg	 5.664460e+02	 24	 999000	 240	 999000	 999	 5.674641e+02	 683.33	 683.33	 61.00	 14	 0.49	 
bfer_140	 2	 5	 2214.jpg	 5.694324e+02	 22	 9.900865e+02	 220	 6.833533e+02	 98	 5.704508e+02	 683.33	 700.00	 51.00	 35	 0.67	 
bfer_140	 2	 5	 1121.jpg	 5.714349e+02	 12	 999000	 120	 999000	 999	 5.724531e+02	 683.33	 700.00	 22.00	 21	 0.50	 
bfer_140	 2	 5	 2203.jpg	 5.744383e+02	 24	 999000	 240	 999000	 999	 5.754565e+02	 683.33	 700.00	 78.00	 24	 0.24	 
bfer_140	 2	 5	 1219.jpg	 5.784427e+02	 12	 999000	 120	 999000	 999	 5.794609e+02	 683.33	 700.00	 7.00	 40	 0.77	 
bfer_140	 2	 5	 2216.jpg	 5.824473e+02	 22	 1.263213e+03	 2200	 7.000193e+02	 98	 5.834654e+02	 683.33	 650.00	 54.00	 37	 0.64	 
bfer_140	 2	 5	 1103.jpg	 5.844326e+02	 12	 999000	 120	 999000	 999	 5.854510e+02	 683.33	 650.00	 15.00	 3	 0.57	 
bfer_140	 2	 5	 1216.jpg	 5.894384e+02	 12	 6.240839e+02	 12	 999000	 98	 5.904566e+02	 683.33	 650.00	 20.00	 37	 0.51	 
bfer_140	 2	 5	 1209.jpg	 5.914406e+02	 12	 999000	 120	 999000	 999	 5.924588e+02	 683.33	 650.00	 3.00	 30	 0.87	 
bfer_140	 2	 5	 2202.jpg	 5.934429e+02	 24	 999000	 240	 999000	 999	 5.944612e+02	 683.33	 650.00	 52.00	 23	 0.65	 
bfer_140	 2	 5	 2215.jpg	 5.994327e+02	 24	 999000	 240	 999000	 999	 6.004511e+02	 683.33	 650.00	 50.00	 36	 0.69	 
bfer_140	 2	 5	 1213.jpg	 6.014353e+02	 11	 9.792579e+02	 110	 6.833594e+02	 98	 6.024534e+02	 700.00	 650.00	 11.00	 34	 0.69	 
bfer_140	 2	 5	 2218.jpg	 6.034375e+02	 24	 7.450455e+02	 24	 999000	 98	 6.044556e+02	 700.00	 650.00	 47.00	 39	 0.74	 
bfer_140	 2	 5	 1207.jpg	 6.054398e+02	 12	 999000	 120	 999000	 999	 6.064578e+02	 700.00	 650.00	 4.00	 28	 0.78	 
bfer_140	 2	 5	 2204.jpg	 6.094441e+02	 22	 8.823627e+02	 220	 6.500231e+02	 98	 6.104623e+02	 700.00	 666.67	 57.00	 25	 0.59	 
bfer_140	 2	 5	 1111.jpg	 6.134317e+02	 12	 999000	 120	 999000	 999	 6.144501e+02	 700.00	 666.67	 18.00	 11	 0.52	 
bfer_140	 2	 5	 2121.jpg	 6.164354e+02	 22	 9.151324e+02	 220	 6.666928e+02	 98	 6.174535e+02	 700.00	 683.33	 56.00	 21	 0.60	 
bfer_140	 2	 5	 1117.jpg	 6.204399e+02	 12	 999000	 120	 999000	 999	 6.214580e+02	 700.00	 683.33	 37.00	 17	 0.16	 
bfer_140	 2	 5	 2210.jpg	 6.234432e+02	 24	 999000	 240	 999000	 999	 6.244614e+02	 700.00	 683.33	 62.00	 31	 0.47	 
bfer_140	 2	 5	 1217.jpg	 6.254455e+02	 12	 999000	 120	 999000	 999	 6.264636e+02	 700.00	 683.33	 13.00	 38	 0.61	 
bfer_140	 2	 5	 2207.jpg	 6.294333e+02	 24	 999000	 240	 999000	 999	 6.304514e+02	 700.00	 683.33	 43.00	 28	 0.79	 
bfer_140	 2	 5	 1218.jpg	 6.314356e+02	 12	 4.669466e+02	 12	 999000	 98	 6.324537e+02	 700.00	 683.33	 10.00	 39	 0.70	 
bfer_140	 2	 5	 2219.jpg	 6.334377e+02	 24	 999000	 240	 999000	 999	 6.344560e+02	 700.00	 683.33	 53.00	 40	 0.64	 
bfer_140	 2	 5	 2111.jpg	 6.374423e+02	 24	 999000	 240	 999000	 999	 6.384606e+02	 700.00	 683.33	 60.00	 11	 0.51	 
bfer_140	 2	 5	 1120.jpg	 6.394445e+02	 11	 1.009975e+03	 1100	 7.000232e+02	 98	 6.404626e+02	 650.00	 683.33	 14.00	 20	 0.57	 
bfer_140	 2	 5	 1109.jpg	 6.434320e+02	 11	 9.264640e+02	 110	 6.500530e+02	 98	 6.444504e+02	 666.67	 683.33	 9.00	 9	 0.74	 
bfer_140	 2	 5	 1205.jpg	 6.474368e+02	 11	 8.816723e+02	 110	 6.666926e+02	 98	 6.484550e+02	 683.33	 683.33	 8.00	 26	 0.76	 
bfer_140	 2	 5	 2119.jpg	 6.504402e+02	 24	 999000	 240	 999000	 999	 6.514583e+02	 683.33	 683.33	 77.00	 19	 0.24	 
bfer_140	 2	 5	 2103.jpg	 6.564470e+02	 24	 999000	 240	 999000	 999	 6.574652e+02	 683.33	 683.33	 59.00	 3	 0.52	 
bfer_140	 2	 5	 2212.jpg	 6.584322e+02	 24	 999000	 240	 999000	 999	 6.594506e+02	 683.33	 683.33	 55.00	 33	 0.61	 
bfer_140	 2	 5	 2205.jpg	 6.624369e+02	 22	 9.295875e+02	 220	 6.833490e+02	 98	 6.634551e+02	 683.33	 700.00	 49.00	 26	 0.73	 
bfer_140	 2	 5	 1204.jpg	 6.644392e+02	 12	 999000	 120	 999000	 999	 6.654573e+02	 683.33	 700.00	 12.00	 25	 0.64	 
bfer_140	 2	 5	 2201.jpg	 6.664415e+02	 22	 8.930223e+02	 220	 7.000169e+02	 98	 6.674595e+02	 683.33	 716.67	 48.00	 22	 0.74	 
bfer_140	 2	 5	 2217.jpg	 6.684439e+02	 24	 999000	 240	 999000	 999	 6.694618e+02	 683.33	 716.67	 44.00	 38	 0.77	 
bfer_140	 2	 5	 1102.jpg	 6.734323e+02	 12	 999000	 120	 999000	 999	 6.744507e+02	 683.33	 716.67	 19.00	 2	 0.52	 
bfer_140	 2	 5	 1214.jpg	 6.754348e+02	 11	 9.556692e+02	 110	 6.833509e+02	 98	 6.764530e+02	 700.00	 716.67	 16.00	 35	 0.56	 
bfer_140	 2	 5	 1108.jpg	 6.774371e+02	 12	 999000	 120	 999000	 999	 6.784553e+02	 700.00	 716.67	 38.00	 8	 0.14	 
bfer_140	 2	 5	 1106.jpg	 6.804404e+02	 11	 1.070083e+03	 1100	 7.000208e+02	 98	 6.814588e+02	 650.00	 716.67	 17.00	 6	 0.54	 
