subjectID	 order	 runNum	 itemName	 onsetTime	 shuff_trialType	 RT	 respInTime	 AudioTime	 response	 fixationTime	 ladder1	 ladder2	 bidIndex	 itemNameIndex	 bidValue	 
bfer_167	 1	 6	 2107.jpg	 6.194981e+02	 22	 1.004522e+03	 2200	 7.166853e+02	 98	 6.205166e+02	 716.67	 666.67	 53.00	 7	 0.61	 
bfer_167	 1	 6	 1115.jpg	 6.245040e+02	 12	 999000	 120	 999000	 999	 6.255221e+02	 716.67	 666.67	 14.00	 15	 0.59	 
bfer_167	 1	 6	 2102.jpg	 6.264896e+02	 24	 999000	 240	 999000	 999	 6.275078e+02	 716.67	 666.67	 61.00	 2	 0.54	 
bfer_167	 1	 6	 2114.jpg	 6.284918e+02	 24	 999000	 240	 999000	 999	 6.295100e+02	 716.67	 666.67	 56.00	 14	 0.60	 
bfer_167	 1	 6	 2213.jpg	 6.344986e+02	 24	 999000	 240	 999000	 999	 6.355167e+02	 716.67	 666.67	 44.00	 34	 0.73	 
bfer_167	 1	 6	 2113.jpg	 6.365008e+02	 22	 9.537621e+02	 220	 6.666979e+02	 98	 6.375190e+02	 716.67	 683.33	 55.00	 13	 0.61	 
bfer_167	 1	 6	 1209.jpg	 6.395042e+02	 11	 9.423818e+02	 110	 7.166904e+02	 98	 6.405223e+02	 733.33	 683.33	 12.00	 30	 0.60	 
bfer_167	 1	 6	 2204.jpg	 6.414897e+02	 22	 9.248581e+02	 220	 6.833642e+02	 98	 6.425081e+02	 733.33	 700.00	 58.00	 25	 0.57	 
bfer_167	 1	 6	 1118.jpg	 6.454942e+02	 11	 9.843650e+02	 110	 7.333747e+02	 98	 6.465124e+02	 750.00	 700.00	 15.00	 18	 0.59	 
bfer_167	 1	 6	 1113.jpg	 6.474965e+02	 11	 9.420910e+02	 110	 7.500288e+02	 98	 6.485146e+02	 766.67	 700.00	 18.00	 13	 0.52	 
bfer_167	 1	 6	 1216.jpg	 6.525022e+02	 12	 999000	 120	 999000	 999	 6.535204e+02	 766.67	 700.00	 17.00	 37	 0.53	 
bfer_167	 1	 6	 1117.jpg	 6.594945e+02	 12	 999000	 120	 999000	 999	 6.605115e+02	 766.67	 700.00	 38.00	 17	 0.25	 
bfer_167	 1	 6	 1206.jpg	 6.614956e+02	 12	 999000	 120	 999000	 999	 6.625138e+02	 766.67	 700.00	 20.00	 27	 0.48	 
bfer_167	 1	 6	 2219.jpg	 6.644990e+02	 24	 999000	 240	 999000	 999	 6.655171e+02	 766.67	 700.00	 49.00	 40	 0.64	 
bfer_167	 1	 6	 2210.jpg	 6.675023e+02	 24	 999000	 240	 999000	 999	 6.685206e+02	 766.67	 700.00	 78.00	 31	 0.14	 
bfer_167	 1	 6	 1114.jpg	 6.714901e+02	 12	 999000	 120	 999000	 999	 6.725083e+02	 766.67	 700.00	 16.00	 14	 0.54	 
bfer_167	 1	 6	 1219.jpg	 6.754946e+02	 12	 999000	 120	 999000	 999	 6.765128e+02	 766.67	 700.00	 11.00	 40	 0.63	 
bfer_167	 1	 6	 2217.jpg	 6.794991e+02	 24	 999000	 240	 999000	 999	 6.805173e+02	 766.67	 700.00	 60.00	 38	 0.55	 
bfer_167	 1	 6	 1106.jpg	 6.825025e+02	 12	 999000	 120	 999000	 999	 6.835207e+02	 766.67	 700.00	 9.00	 6	 0.64	 
bfer_167	 1	 6	 1204.jpg	 6.884927e+02	 12	 999000	 120	 999000	 999	 6.895107e+02	 766.67	 700.00	 4.00	 25	 0.70	 
bfer_167	 1	 6	 1205.jpg	 6.904948e+02	 11	 1.071836e+03	 1100	 7.666985e+02	 98	 6.915129e+02	 716.67	 700.00	 7.00	 26	 0.67	 
bfer_167	 1	 6	 2118.jpg	 6.934982e+02	 24	 999000	 240	 999000	 999	 6.945163e+02	 716.67	 700.00	 57.00	 18	 0.59	 
bfer_167	 1	 6	 2201.jpg	 6.955004e+02	 22	 3.381518e+02	 22	 7.000240e+02	 98	 6.965186e+02	 716.67	 716.67	 52.00	 22	 0.63	 
bfer_167	 1	 6	 2108.jpg	 6.975027e+02	 24	 999000	 240	 999000	 999	 6.985208e+02	 716.67	 716.67	 62.00	 8	 0.54	 
bfer_167	 1	 6	 1104.jpg	 6.994883e+02	 12	 999000	 120	 999000	 999	 7.005064e+02	 716.67	 716.67	 19.00	 4	 0.49	 
bfer_167	 1	 6	 1121.jpg	 7.024916e+02	 11	 9.550085e+02	 110	 7.166803e+02	 98	 7.035097e+02	 733.33	 716.67	 10.00	 21	 0.63	 
bfer_167	 1	 6	 2215.jpg	 7.064961e+02	 24	 999000	 240	 999000	 999	 7.075143e+02	 733.33	 716.67	 77.00	 36	 0.17	 
bfer_167	 1	 6	 2214.jpg	 7.084985e+02	 24	 999000	 240	 999000	 999	 7.095165e+02	 733.33	 716.67	 59.00	 35	 0.56	 
bfer_167	 1	 6	 2109.jpg	 7.105006e+02	 24	 999000	 240	 999000	 999	 7.115188e+02	 733.33	 716.67	 48.00	 9	 0.64	 
bfer_167	 1	 6	 1203.jpg	 7.125029e+02	 12	 999000	 120	 999000	 999	 7.135210e+02	 733.33	 716.67	 22.00	 24	 0.48	 
bfer_167	 1	 6	 2121.jpg	 7.144885e+02	 24	 999000	 240	 999000	 999	 7.155065e+02	 733.33	 716.67	 43.00	 21	 0.73	 
bfer_167	 1	 6	 1217.jpg	 7.164906e+02	 12	 999000	 120	 999000	 999	 7.175093e+02	 733.33	 716.67	 21.00	 38	 0.48	 
bfer_167	 1	 6	 2206.jpg	 7.204953e+02	 22	 9.033378e+02	 220	 7.166863e+02	 98	 7.215133e+02	 733.33	 733.33	 50.00	 27	 0.63	 
bfer_167	 1	 6	 2110.jpg	 7.244998e+02	 22	 9.548438e+02	 220	 7.333603e+02	 98	 7.255178e+02	 733.33	 750.00	 47.00	 10	 0.66	 
bfer_167	 1	 6	 1101.jpg	 7.265020e+02	 12	 4.326353e+02	 12	 999000	 98	 7.275201e+02	 733.33	 750.00	 37.00	 1	 0.32	 
bfer_167	 1	 6	 1120.jpg	 7.284872e+02	 12	 999000	 120	 999000	 999	 7.295056e+02	 733.33	 750.00	 8.00	 20	 0.65	 
bfer_167	 1	 6	 1202.jpg	 7.304898e+02	 12	 999000	 120	 999000	 999	 7.315078e+02	 733.33	 750.00	 3.00	 23	 0.70	 
bfer_167	 1	 6	 1102.jpg	 7.324920e+02	 11	 1.050611e+03	 1100	 7.333494e+02	 98	 7.335101e+02	 683.33	 750.00	 13.00	 2	 0.60	 
bfer_167	 1	 6	 2106.jpg	 7.384987e+02	 24	 999000	 240	 999000	 999	 7.395169e+02	 683.33	 750.00	 51.00	 6	 0.63	 
bfer_167	 1	 6	 2120.jpg	 7.405011e+02	 24	 999000	 240	 999000	 999	 7.415191e+02	 683.33	 750.00	 54.00	 20	 0.61	 
