subjectID	 order	 runNum	 itemName	 onsetTime	 shuff_trialType	 RT	 respInTime	 AudioTime	 response	 fixationTime	 ladder1	 ladder2	 bidIndex	 itemNameIndex	 bidValue	 
bfer_167	 1	 4	 1114.jpg	 3.677155e+02	 12	 999000	 120	 999000	 999	 3.687336e+02	 650.00	 716.67	 16.00	 14	 0.54	 
bfer_167	 1	 4	 1101.jpg	 3.727042e+02	 12	 999000	 120	 999000	 999	 3.737226e+02	 650.00	 716.67	 37.00	 1	 0.32	 
bfer_167	 1	 4	 2201.jpg	 3.747067e+02	 22	 9.639125e+02	 220	 7.166793e+02	 98	 3.757249e+02	 650.00	 733.33	 52.00	 22	 0.63	 
bfer_167	 1	 4	 2204.jpg	 3.767090e+02	 22	 1.033585e+03	 2200	 7.333623e+02	 98	 3.777271e+02	 650.00	 683.33	 58.00	 25	 0.57	 
bfer_167	 1	 4	 1205.jpg	 3.827157e+02	 11	 8.588606e+02	 110	 6.500211e+02	 98	 3.837337e+02	 666.67	 683.33	 7.00	 26	 0.67	 
bfer_167	 1	 4	 1120.jpg	 3.847180e+02	 12	 999000	 120	 999000	 999	 3.857360e+02	 666.67	 683.33	 8.00	 20	 0.65	 
bfer_167	 1	 4	 1113.jpg	 3.877046e+02	 11	 9.259597e+02	 110	 6.666943e+02	 98	 3.887228e+02	 683.33	 683.33	 18.00	 13	 0.52	 
bfer_167	 1	 4	 2213.jpg	 3.897069e+02	 24	 999000	 240	 999000	 999	 3.907251e+02	 683.33	 683.33	 44.00	 34	 0.73	 
bfer_167	 1	 4	 2215.jpg	 3.937115e+02	 24	 3.351345e+02	 24	 999000	 98	 3.947297e+02	 683.33	 683.33	 77.00	 36	 0.17	 
bfer_167	 1	 4	 1118.jpg	 3.957136e+02	 11	 9.249814e+02	 110	 6.833580e+02	 98	 3.967318e+02	 700.00	 683.33	 15.00	 18	 0.59	 
bfer_167	 1	 4	 2120.jpg	 4.007023e+02	 24	 3.443515e+02	 24	 999000	 98	 4.017208e+02	 700.00	 683.33	 54.00	 20	 0.61	 
bfer_167	 1	 4	 1121.jpg	 4.077105e+02	 11	 9.360938e+02	 110	 7.000239e+02	 98	 4.087285e+02	 716.67	 683.33	 10.00	 21	 0.63	 
bfer_167	 1	 4	 2214.jpg	 4.097129e+02	 24	 999000	 240	 999000	 999	 4.107310e+02	 716.67	 683.33	 59.00	 35	 0.56	 
bfer_167	 1	 4	 2113.jpg	 4.127162e+02	 22	 9.144181e+02	 220	 6.833469e+02	 98	 4.137342e+02	 716.67	 700.00	 55.00	 13	 0.61	 
bfer_167	 1	 4	 2109.jpg	 4.157025e+02	 24	 999000	 240	 999000	 999	 4.167209e+02	 716.67	 700.00	 48.00	 9	 0.64	 
bfer_167	 1	 4	 2118.jpg	 4.197073e+02	 24	 999000	 240	 999000	 999	 4.207254e+02	 716.67	 700.00	 57.00	 18	 0.59	 
bfer_167	 1	 4	 1202.jpg	 4.237118e+02	 12	 999000	 120	 999000	 999	 4.247300e+02	 716.67	 700.00	 3.00	 23	 0.70	 
bfer_167	 1	 4	 1102.jpg	 4.277163e+02	 11	 1.002269e+03	 1100	 7.166825e+02	 98	 4.287345e+02	 666.67	 700.00	 13.00	 2	 0.60	 
bfer_167	 1	 4	 1104.jpg	 4.307027e+02	 12	 999000	 120	 999000	 999	 4.317211e+02	 666.67	 700.00	 19.00	 4	 0.49	 
bfer_167	 1	 4	 2107.jpg	 4.367098e+02	 22	 8.888228e+02	 220	 7.000160e+02	 98	 4.377278e+02	 666.67	 716.67	 53.00	 7	 0.61	 
bfer_167	 1	 4	 1106.jpg	 4.387119e+02	 12	 999000	 120	 999000	 999	 4.397301e+02	 666.67	 716.67	 9.00	 6	 0.64	 
bfer_167	 1	 4	 2106.jpg	 4.417154e+02	 24	 999000	 240	 999000	 999	 4.427335e+02	 666.67	 716.67	 51.00	 6	 0.63	 
bfer_167	 1	 4	 2121.jpg	 4.437177e+02	 24	 999000	 240	 999000	 999	 4.447357e+02	 666.67	 716.67	 43.00	 21	 0.73	 
bfer_167	 1	 4	 1204.jpg	 4.457030e+02	 12	 999000	 120	 999000	 999	 4.467212e+02	 666.67	 716.67	 4.00	 25	 0.70	 
bfer_167	 1	 4	 2217.jpg	 4.477054e+02	 24	 999000	 240	 999000	 999	 4.487236e+02	 666.67	 716.67	 60.00	 38	 0.55	 
bfer_167	 1	 4	 1217.jpg	 4.507088e+02	 12	 999000	 120	 999000	 999	 4.517270e+02	 666.67	 716.67	 21.00	 38	 0.48	 
bfer_167	 1	 4	 2219.jpg	 4.547133e+02	 24	 999000	 240	 999000	 999	 4.557315e+02	 666.67	 716.67	 49.00	 40	 0.64	 
bfer_167	 1	 4	 2206.jpg	 4.567155e+02	 22	 1.027102e+03	 2200	 7.166942e+02	 98	 4.577336e+02	 666.67	 666.67	 50.00	 27	 0.63	 
bfer_167	 1	 4	 1117.jpg	 4.587178e+02	 12	 999000	 120	 999000	 999	 4.597359e+02	 666.67	 666.67	 38.00	 17	 0.25	 
bfer_167	 1	 4	 1206.jpg	 4.607033e+02	 12	 999000	 120	 999000	 999	 4.617214e+02	 666.67	 666.67	 20.00	 27	 0.48	 
bfer_167	 1	 4	 1219.jpg	 4.627056e+02	 12	 999000	 120	 999000	 999	 4.637237e+02	 666.67	 666.67	 11.00	 40	 0.63	 
bfer_167	 1	 4	 2210.jpg	 4.647080e+02	 24	 999000	 240	 999000	 999	 4.657259e+02	 666.67	 666.67	 78.00	 31	 0.14	 
bfer_167	 1	 4	 1216.jpg	 4.687124e+02	 12	 999000	 120	 999000	 999	 4.697305e+02	 666.67	 666.67	 17.00	 37	 0.53	 
bfer_167	 1	 4	 2102.jpg	 4.727168e+02	 24	 999000	 240	 999000	 999	 4.737350e+02	 666.67	 666.67	 61.00	 2	 0.54	 
bfer_167	 1	 4	 1209.jpg	 4.747191e+02	 11	 9.195128e+02	 110	 6.666960e+02	 98	 4.757372e+02	 683.33	 666.67	 12.00	 30	 0.60	 
bfer_167	 1	 4	 2110.jpg	 4.767046e+02	 22	 8.859596e+02	 220	 6.666841e+02	 98	 4.777228e+02	 683.33	 683.33	 47.00	 10	 0.66	 
bfer_167	 1	 4	 2114.jpg	 4.787070e+02	 24	 999000	 240	 999000	 999	 4.797251e+02	 683.33	 683.33	 56.00	 14	 0.60	 
bfer_167	 1	 4	 2108.jpg	 4.807092e+02	 24	 999000	 240	 999000	 999	 4.817272e+02	 683.33	 683.33	 62.00	 8	 0.54	 
bfer_167	 1	 4	 1115.jpg	 4.867159e+02	 12	 999000	 120	 999000	 999	 4.877342e+02	 683.33	 683.33	 14.00	 15	 0.59	 
bfer_167	 1	 4	 1203.jpg	 4.887183e+02	 12	 999000	 120	 999000	 999	 4.897364e+02	 683.33	 683.33	 22.00	 24	 0.48	 
