subjectID	 order	 runNum	 itemName	 onsetTime	 shuff_trialType	 RT	 respInTime	 AudioTime	 response	 fixationTime	 ladder1	 ladder2	 bidIndex	 itemNameIndex	 bidValue	 
bfer_126	 2	 16	 1217.jpg	 6.356351e+02	 12	 7.960765e+02	 12	 999000	 98	 6.366532e+02	 850.00	 783.33	 20.00	 38	 0.52	 
bfer_126	 2	 16	 2109.jpg	 6.406240e+02	 24	 999000	 240	 999000	 999	 6.416422e+02	 850.00	 783.33	 52.00	 9	 0.66	 
bfer_126	 2	 16	 2211.jpg	 6.426263e+02	 22	 1.020852e+03	 2200	 7.833567e+02	 98	 6.436444e+02	 850.00	 733.33	 48.00	 32	 0.72	 
bfer_126	 2	 16	 2201.jpg	 6.446285e+02	 22	 6.506666e+02	 22	 7.333638e+02	 98	 6.456467e+02	 850.00	 750.00	 56.00	 22	 0.58	 
bfer_126	 2	 16	 2206.jpg	 6.506186e+02	 24	 999000	 240	 999000	 999	 6.516366e+02	 850.00	 750.00	 43.00	 27	 0.86	 
bfer_126	 2	 16	 2104.jpg	 6.526207e+02	 24	 999000	 240	 999000	 999	 6.536389e+02	 850.00	 750.00	 61.00	 4	 0.48	 
bfer_126	 2	 16	 1208.jpg	 6.556242e+02	 12	 999000	 120	 999000	 999	 6.566423e+02	 850.00	 750.00	 10.00	 29	 0.63	 
bfer_126	 2	 16	 1105.jpg	 6.576264e+02	 12	 999000	 120	 999000	 999	 6.586446e+02	 850.00	 750.00	 37.00	 5	 0.22	 
bfer_126	 2	 16	 2218.jpg	 6.616138e+02	 24	 5.772802e+02	 24	 999000	 98	 6.626323e+02	 850.00	 750.00	 50.00	 39	 0.70	 
bfer_126	 2	 16	 1106.jpg	 6.636165e+02	 11	 6.306466e+02	 11	 8.500332e+02	 98	 6.646513e+02	 866.67	 750.00	 16.00	 6	 0.57	 
bfer_126	 2	 16	 1218.jpg	 6.686220e+02	 11	 6.170921e+02	 11	 8.666928e+02	 98	 6.696735e+02	 883.33	 750.00	 11.00	 39	 0.62	 
bfer_126	 2	 16	 1210.jpg	 6.756300e+02	 12	 999000	 120	 999000	 999	 6.766480e+02	 883.33	 750.00	 38.00	 31	 0.20	 
bfer_126	 2	 16	 2103.jpg	 6.776155e+02	 22	 6.156430e+02	 22	 7.500141e+02	 98	 6.786336e+02	 883.33	 766.67	 49.00	 3	 0.72	 
bfer_126	 2	 16	 2204.jpg	 6.806188e+02	 24	 999000	 240	 999000	 999	 6.816369e+02	 883.33	 766.67	 60.00	 25	 0.50	 
bfer_126	 2	 16	 1119.jpg	 6.836222e+02	 12	 999000	 120	 999000	 999	 6.846403e+02	 883.33	 766.67	 21.00	 19	 0.51	 
bfer_126	 2	 16	 1120.jpg	 6.876267e+02	 12	 999000	 120	 999000	 999	 6.886448e+02	 883.33	 766.67	 13.00	 20	 0.59	 
bfer_126	 2	 16	 2205.jpg	 6.916142e+02	 24	 999000	 240	 999000	 999	 6.926327e+02	 883.33	 766.67	 59.00	 26	 0.51	 
bfer_126	 2	 16	 1216.jpg	 6.956190e+02	 11	 1.148110e+03	 1100	 8.833591e+02	 98	 6.966872e+02	 833.33	 766.67	 9.00	 37	 0.66	 
bfer_126	 2	 16	 1202.jpg	 6.986223e+02	 12	 999000	 120	 999000	 999	 6.996405e+02	 833.33	 766.67	 18.00	 23	 0.56	 
bfer_126	 2	 16	 1113.jpg	 7.046290e+02	 12	 999000	 120	 999000	 999	 7.056472e+02	 833.33	 766.67	 15.00	 13	 0.58	 
bfer_126	 2	 16	 2216.jpg	 7.066144e+02	 24	 999000	 240	 999000	 999	 7.076328e+02	 833.33	 766.67	 47.00	 37	 0.75	 
bfer_126	 2	 16	 2117.jpg	 7.096180e+02	 24	 999000	 240	 999000	 999	 7.106361e+02	 833.33	 766.67	 77.00	 17	 0.24	 
bfer_126	 2	 16	 2219.jpg	 7.116202e+02	 24	 999000	 240	 999000	 999	 7.126384e+02	 833.33	 766.67	 55.00	 40	 0.60	 
bfer_126	 2	 16	 2212.jpg	 7.136225e+02	 24	 999000	 240	 999000	 999	 7.146407e+02	 833.33	 766.67	 78.00	 33	 0.22	 
bfer_126	 2	 16	 2209.jpg	 7.156248e+02	 24	 999000	 240	 999000	 999	 7.166429e+02	 833.33	 766.67	 44.00	 30	 0.82	 
bfer_126	 2	 16	 2110.jpg	 7.186281e+02	 22	 5.470399e+02	 22	 7.667064e+02	 98	 7.196463e+02	 833.33	 783.33	 54.00	 10	 0.60	 
bfer_126	 2	 16	 2208.jpg	 7.226159e+02	 24	 999000	 240	 999000	 999	 7.236341e+02	 833.33	 783.33	 62.00	 29	 0.47	 
bfer_126	 2	 16	 2107.jpg	 7.246182e+02	 22	 6.609044e+02	 22	 7.833579e+02	 98	 7.256363e+02	 833.33	 800.00	 51.00	 7	 0.68	 
bfer_126	 2	 16	 1215.jpg	 7.266205e+02	 11	 6.426090e+02	 11	 8.333639e+02	 98	 7.276386e+02	 850.00	 800.00	 8.00	 36	 0.67	 
bfer_126	 2	 16	 2111.jpg	 7.286227e+02	 24	 999000	 240	 999000	 999	 7.296409e+02	 850.00	 800.00	 53.00	 11	 0.64	 
bfer_126	 2	 16	 2202.jpg	 7.306250e+02	 22	 6.381413e+02	 22	 8.000141e+02	 98	 7.316430e+02	 850.00	 816.67	 57.00	 23	 0.58	 
bfer_126	 2	 16	 1115.jpg	 7.326272e+02	 12	 999000	 120	 999000	 999	 7.336453e+02	 850.00	 816.67	 22.00	 15	 0.48	 
bfer_126	 2	 16	 1212.jpg	 7.366150e+02	 11	 6.560983e+02	 11	 8.500314e+02	 98	 7.376498e+02	 866.67	 816.67	 17.00	 33	 0.57	 
bfer_126	 2	 16	 1214.jpg	 7.406195e+02	 12	 999000	 120	 999000	 999	 7.416376e+02	 866.67	 816.67	 4.00	 35	 0.74	 
bfer_126	 2	 16	 1209.jpg	 7.426218e+02	 12	 7.053726e+02	 12	 999000	 98	 7.436399e+02	 866.67	 816.67	 12.00	 30	 0.59	 
bfer_126	 2	 16	 1107.jpg	 7.446240e+02	 11	 5.591217e+02	 11	 8.666836e+02	 98	 7.456756e+02	 883.33	 816.67	 14.00	 7	 0.58	 
bfer_126	 2	 16	 1102.jpg	 7.466263e+02	 12	 999000	 120	 999000	 999	 7.476444e+02	 883.33	 816.67	 19.00	 2	 0.55	 
bfer_126	 2	 16	 1109.jpg	 7.486285e+02	 12	 999000	 120	 999000	 999	 7.496467e+02	 883.33	 816.67	 7.00	 9	 0.67	 
bfer_126	 2	 16	 1103.jpg	 7.546185e+02	 12	 5.485843e+02	 12	 999000	 98	 7.556366e+02	 883.33	 816.67	 3.00	 3	 0.75	 
bfer_126	 2	 16	 2101.jpg	 7.566207e+02	 24	 999000	 240	 999000	 999	 7.576389e+02	 883.33	 816.67	 58.00	 1	 0.57	 
