subjectID	 order	 runNum	 itemName	 onsetTime	 shuff_trialType	 RT	 respInTime	 AudioTime	 response	 fixationTime	 ladder1	 ladder2	 bidIndex	 itemNameIndex	 bidValue	 
bfer_123	 1	 3	 1110.jpg	 3.128281e+02	 12	 999000	 120	 999000	 999	 3.138465e+02	 683.33	 683.33	 8.00	 10	 0.68	 
bfer_123	 1	 3	 2109.jpg	 3.178340e+02	 24	 999000	 240	 999000	 999	 3.188521e+02	 683.33	 683.33	 60.00	 9	 0.51	 
bfer_123	 1	 3	 2115.jpg	 3.198193e+02	 22	 9.555106e+02	 220	 6.833525e+02	 98	 3.208377e+02	 683.33	 700.00	 55.00	 15	 0.57	 
bfer_123	 1	 3	 1216.jpg	 3.218218e+02	 12	 999000	 120	 999000	 999	 3.228402e+02	 683.33	 700.00	 14.00	 37	 0.64	 
bfer_123	 1	 3	 1119.jpg	 3.278286e+02	 12	 999000	 120	 999000	 999	 3.288468e+02	 683.33	 700.00	 19.00	 19	 0.54	 
bfer_123	 1	 3	 2120.jpg	 3.298309e+02	 24	 999000	 240	 999000	 999	 3.308489e+02	 683.33	 700.00	 44.00	 20	 0.82	 
bfer_123	 1	 3	 1120.jpg	 3.328342e+02	 11	 5.326611e+02	 11	 6.833521e+02	 98	 3.338523e+02	 700.00	 700.00	 15.00	 20	 0.64	 
bfer_123	 1	 3	 2206.jpg	 3.348195e+02	 22	 6.353604e+02	 22	 7.000297e+02	 98	 3.358379e+02	 700.00	 716.67	 58.00	 27	 0.56	 
bfer_123	 1	 3	 2114.jpg	 3.388242e+02	 24	 5.986049e+02	 24	 999000	 98	 3.398424e+02	 700.00	 716.67	 49.00	 14	 0.70	 
bfer_123	 1	 3	 1102.jpg	 3.408265e+02	 12	 999000	 120	 999000	 999	 3.418446e+02	 700.00	 716.67	 37.00	 2	 0.20	 
bfer_123	 1	 3	 2119.jpg	 3.458322e+02	 24	 999000	 240	 999000	 999	 3.468503e+02	 700.00	 716.67	 54.00	 19	 0.62	 
bfer_123	 1	 3	 2101.jpg	 3.528233e+02	 22	 9.595418e+02	 220	 7.166921e+02	 98	 3.538414e+02	 700.00	 733.33	 52.00	 1	 0.64	 
bfer_123	 1	 3	 1215.jpg	 3.548257e+02	 11	 6.531428e+02	 11	 7.000237e+02	 98	 3.558437e+02	 716.67	 733.33	 10.00	 36	 0.66	 
bfer_123	 1	 3	 1207.jpg	 3.578289e+02	 12	 999000	 120	 999000	 999	 3.588470e+02	 716.67	 733.33	 9.00	 28	 0.67	 
bfer_123	 1	 3	 1115.jpg	 3.608323e+02	 12	 999000	 120	 999000	 999	 3.618504e+02	 716.67	 733.33	 21.00	 15	 0.50	 
bfer_123	 1	 3	 2205.jpg	 3.648198e+02	 24	 999000	 240	 999000	 999	 3.658382e+02	 716.67	 733.33	 48.00	 26	 0.70	 
bfer_123	 1	 3	 1121.jpg	 3.688246e+02	 12	 999000	 120	 999000	 999	 3.698427e+02	 716.67	 733.33	 11.00	 21	 0.66	 
bfer_123	 1	 3	 2207.jpg	 3.728291e+02	 24	 999000	 240	 999000	 999	 3.738472e+02	 716.67	 733.33	 59.00	 28	 0.56	 
bfer_123	 1	 3	 1117.jpg	 3.758324e+02	 11	 8.944035e+02	 110	 7.166900e+02	 98	 3.768506e+02	 733.33	 733.33	 18.00	 17	 0.57	 
bfer_123	 1	 3	 1213.jpg	 3.818226e+02	 12	 999000	 120	 999000	 999	 3.828408e+02	 733.33	 733.33	 20.00	 34	 0.51	 
bfer_123	 1	 3	 2219.jpg	 3.838248e+02	 24	 999000	 240	 999000	 999	 3.848429e+02	 733.33	 733.33	 51.00	 40	 0.65	 
bfer_123	 1	 3	 2105.jpg	 3.868282e+02	 24	 999000	 240	 999000	 999	 3.878463e+02	 733.33	 733.33	 77.00	 5	 0.22	 
bfer_123	 1	 3	 1219.jpg	 3.888304e+02	 12	 999000	 120	 999000	 999	 3.898485e+02	 733.33	 733.33	 3.00	 40	 0.82	 
bfer_123	 1	 3	 2113.jpg	 3.908326e+02	 24	 999000	 240	 999000	 999	 3.918508e+02	 733.33	 733.33	 78.00	 13	 0.21	 
bfer_123	 1	 3	 2216.jpg	 3.928350e+02	 22	 9.158817e+02	 220	 7.333528e+02	 98	 3.938531e+02	 733.33	 750.00	 47.00	 37	 0.78	 
bfer_123	 1	 3	 1211.jpg	 3.958216e+02	 11	 9.292408e+02	 110	 7.333551e+02	 98	 3.968398e+02	 750.00	 750.00	 7.00	 32	 0.71	 
bfer_123	 1	 3	 1217.jpg	 3.998262e+02	 12	 7.966978e+02	 12	 999000	 98	 4.008443e+02	 750.00	 750.00	 17.00	 38	 0.60	 
bfer_123	 1	 3	 2209.jpg	 4.018283e+02	 24	 999000	 240	 999000	 999	 4.028465e+02	 750.00	 750.00	 57.00	 30	 0.56	 
bfer_123	 1	 3	 1206.jpg	 4.038306e+02	 12	 999000	 120	 999000	 999	 4.048487e+02	 750.00	 750.00	 16.00	 27	 0.63	 
bfer_123	 1	 3	 2201.jpg	 4.058328e+02	 24	 999000	 240	 999000	 999	 4.068509e+02	 750.00	 750.00	 56.00	 22	 0.56	 
bfer_123	 1	 3	 2215.jpg	 4.078180e+02	 24	 5.728465e+02	 24	 999000	 98	 4.088365e+02	 750.00	 750.00	 43.00	 36	 0.86	 
bfer_123	 1	 3	 1203.jpg	 4.098207e+02	 12	 999000	 120	 999000	 999	 4.108387e+02	 750.00	 750.00	 38.00	 24	 0.18	 
bfer_123	 1	 3	 2111.jpg	 4.138252e+02	 24	 999000	 240	 999000	 999	 4.148432e+02	 750.00	 750.00	 62.00	 11	 0.47	 
bfer_123	 1	 3	 2214.jpg	 4.178296e+02	 24	 999000	 240	 999000	 999	 4.188477e+02	 750.00	 750.00	 61.00	 35	 0.50	 
bfer_123	 1	 3	 1101.jpg	 4.198319e+02	 12	 999000	 120	 999000	 999	 4.208499e+02	 750.00	 750.00	 4.00	 1	 0.76	 
bfer_123	 1	 3	 1201.jpg	 4.218341e+02	 11	 1.036769e+03	 1100	 7.500184e+02	 98	 4.228522e+02	 700.00	 750.00	 12.00	 22	 0.66	 
bfer_123	 1	 3	 1106.jpg	 4.238197e+02	 12	 999000	 120	 999000	 999	 4.248377e+02	 700.00	 750.00	 22.00	 6	 0.45	 
bfer_123	 1	 3	 2217.jpg	 4.258218e+02	 22	 9.690248e+02	 220	 7.500275e+02	 98	 4.268401e+02	 700.00	 766.67	 50.00	 38	 0.65	 
bfer_123	 1	 3	 1114.jpg	 4.318287e+02	 11	 9.221784e+02	 110	 7.000198e+02	 98	 4.328469e+02	 716.67	 766.67	 13.00	 14	 0.64	 
bfer_123	 1	 3	 2213.jpg	 4.338309e+02	 22	 1.039924e+03	 2200	 7.666895e+02	 98	 4.348491e+02	 716.67	 716.67	 53.00	 34	 0.64	 
