subjectID	 order	 runNum	 itemName	 onsetTime	 shuff_trialType	 RT	 respInTime	 AudioTime	 response	 fixationTime	 ladder1	 ladder2	 bidIndex	 itemNameIndex	 bidValue	 
bfer_115	 1	 4	 1208.jpg	 4.287388e+02	 11	 6.361678e+02	 1	 3.833473e+02	 118	 4.297573e+02	 333.33	 383.33	 10.00	 29	 0.65	 
bfer_115	 1	 4	 2218.jpg	 4.337447e+02	 24	 999000	 240	 999000	 999	 4.347629e+02	 333.33	 383.33	 61.00	 39	 0.54	 
bfer_115	 1	 4	 1106.jpg	 4.357471e+02	 12	 999000	 120	 999000	 999	 4.367652e+02	 333.33	 383.33	 14.00	 6	 0.62	 
bfer_115	 1	 4	 2114.jpg	 4.377323e+02	 24	 999000	 240	 999000	 999	 4.387507e+02	 333.33	 383.33	 57.00	 14	 0.57	 
bfer_115	 1	 4	 2207.jpg	 4.437393e+02	 22	 6.356354e+02	 2	 3.833464e+02	 118	 4.447575e+02	 333.33	 333.33	 53.00	 28	 0.62	 
bfer_115	 1	 4	 2109.jpg	 4.457416e+02	 24	 999000	 240	 999000	 999	 4.467598e+02	 333.33	 333.33	 48.00	 9	 0.71	 
bfer_115	 1	 4	 2108.jpg	 4.487449e+02	 24	 999000	 240	 999000	 999	 4.497631e+02	 333.33	 333.33	 78.00	 8	 0.18	 
bfer_115	 1	 4	 2205.jpg	 4.507473e+02	 22	 6.676643e+02	 2	 3.333487e+02	 118	 4.517654e+02	 333.33	 283.33	 50.00	 26	 0.68	 
bfer_115	 1	 4	 2106.jpg	 4.547351e+02	 22	 6.238316e+02	 2	 2.833585e+02	 118	 4.557531e+02	 333.33	 233.33	 58.00	 6	 0.56	 
bfer_115	 1	 4	 1115.jpg	 4.567373e+02	 12	 999000	 120	 999000	 999	 4.577553e+02	 333.33	 233.33	 8.00	 15	 0.69	 
bfer_115	 1	 4	 2115.jpg	 4.617429e+02	 24	 999000	 240	 999000	 999	 4.627610e+02	 333.33	 233.33	 54.00	 15	 0.60	 
bfer_115	 1	 4	 1204.jpg	 4.687341e+02	 11	 5.608264e+02	 1	 3.333591e+02	 118	 4.697522e+02	 283.33	 233.33	 7.00	 25	 0.69	 
bfer_115	 1	 4	 2111.jpg	 4.707363e+02	 24	 999000	 240	 999000	 999	 4.717544e+02	 283.33	 233.33	 49.00	 11	 0.68	 
bfer_115	 1	 4	 2201.jpg	 4.737397e+02	 22	 5.232177e+02	 2	 2.333554e+02	 118	 4.747579e+02	 283.33	 183.33	 52.00	 22	 0.63	 
bfer_115	 1	 4	 1109.jpg	 4.767431e+02	 12	 999000	 120	 999000	 999	 4.777614e+02	 283.33	 183.33	 9.00	 9	 0.66	 
bfer_115	 1	 4	 1209.jpg	 4.807475e+02	 12	 999000	 120	 999000	 999	 4.817656e+02	 283.33	 183.33	 3.00	 30	 0.81	 
bfer_115	 1	 4	 1103.jpg	 4.847353e+02	 12	 999000	 120	 999000	 999	 4.857536e+02	 283.33	 183.33	 11.00	 3	 0.64	 
bfer_115	 1	 4	 1213.jpg	 4.887400e+02	 12	 999000	 120	 999000	 999	 4.897580e+02	 283.33	 183.33	 20.00	 34	 0.52	 
bfer_115	 1	 4	 1219.jpg	 4.917433e+02	 12	 999000	 120	 999000	 999	 4.927614e+02	 283.33	 183.33	 4.00	 40	 0.78	 
bfer_115	 1	 4	 2212.jpg	 4.977334e+02	 24	 999000	 240	 999000	 999	 4.987515e+02	 283.33	 183.33	 60.00	 33	 0.54	 
bfer_115	 1	 4	 1218.jpg	 4.997355e+02	 11	 5.673958e+02	 1	 2.833564e+02	 118	 5.007538e+02	 233.33	 183.33	 18.00	 39	 0.54	 
bfer_115	 1	 4	 1214.jpg	 5.027390e+02	 11	 5.399422e+02	 1	 2.333628e+02	 118	 5.037571e+02	 183.33	 183.33	 15.00	 35	 0.56	 
bfer_115	 1	 4	 1211.jpg	 5.047412e+02	 11	 4.577226e+02	 1	 1.833468e+02	 118	 5.057594e+02	 133.33	 183.33	 12.00	 32	 0.63	 
bfer_115	 1	 4	 2204.jpg	 5.067434e+02	 24	 999000	 240	 999000	 999	 5.077616e+02	 133.33	 183.33	 62.00	 25	 0.53	 
bfer_115	 1	 4	 1111.jpg	 5.087457e+02	 12	 999000	 120	 999000	 999	 5.097638e+02	 133.33	 183.33	 21.00	 11	 0.51	 
bfer_115	 1	 4	 1102.jpg	 5.117321e+02	 12	 999000	 120	 999000	 999	 5.127505e+02	 133.33	 183.33	 22.00	 2	 0.51	 
bfer_115	 1	 4	 2210.jpg	 5.157369e+02	 24	 999000	 240	 999000	 999	 5.167550e+02	 133.33	 183.33	 59.00	 31	 0.55	 
bfer_115	 1	 4	 1107.jpg	 5.177392e+02	 12	 999000	 120	 999000	 999	 5.187573e+02	 133.33	 183.33	 17.00	 7	 0.55	 
bfer_115	 1	 4	 2208.jpg	 5.197416e+02	 22	 4.493771e+02	 2	 1.833623e+02	 118	 5.207595e+02	 133.33	 133.33	 55.00	 29	 0.59	 
bfer_115	 1	 4	 2211.jpg	 5.217437e+02	 22	 3.272877e+02	 2	 1.333588e+02	 118	 5.227618e+02	 133.33	 83.33	 47.00	 32	 0.73	 
bfer_115	 1	 4	 2121.jpg	 5.237460e+02	 24	 2.289925e+02	 240	 999000	 118	 5.247640e+02	 133.33	 83.33	 44.00	 21	 0.84	 
bfer_115	 1	 4	 2102.jpg	 5.257481e+02	 24	 999000	 240	 999000	 999	 5.267664e+02	 133.33	 83.33	 77.00	 2	 0.20	 
bfer_115	 1	 4	 1108.jpg	 5.297361e+02	 12	 999000	 120	 999000	 999	 5.307541e+02	 133.33	 83.33	 38.00	 8	 0.19	 
bfer_115	 1	 4	 2209.jpg	 5.337405e+02	 24	 999000	 240	 999000	 999	 5.347586e+02	 133.33	 83.33	 56.00	 30	 0.58	 
bfer_115	 1	 4	 2214.jpg	 5.357427e+02	 24	 999000	 240	 999000	 999	 5.367609e+02	 133.33	 83.33	 51.00	 35	 0.64	 
bfer_115	 1	 4	 1120.jpg	 5.377449e+02	 12	 999000	 120	 999000	 999	 5.387631e+02	 133.33	 83.33	 19.00	 20	 0.52	 
bfer_115	 1	 4	 1217.jpg	 5.397472e+02	 12	 999000	 120	 999000	 999	 5.407654e+02	 133.33	 83.33	 16.00	 38	 0.56	 
bfer_115	 1	 4	 1117.jpg	 5.417325e+02	 12	 999000	 120	 999000	 999	 5.427510e+02	 133.33	 83.33	 37.00	 17	 0.19	 
bfer_115	 1	 4	 2219.jpg	 5.477396e+02	 24	 999000	 240	 999000	 999	 5.487576e+02	 133.33	 83.33	 43.00	 40	 0.91	 
bfer_115	 1	 4	 1207.jpg	 5.497418e+02	 11	 4.011473e+02	 1	 1.333878e+02	 118	 5.507599e+02	 83.33	 83.33	 13.00	 28	 0.63	 
