subjectID	 order	 runNum	 itemName	 onsetTime	 shuff_trialType	 RT	 respInTime	 AudioTime	 response	 fixationTime	 ladder1	 ladder2	 bidIndex	 itemNameIndex	 bidValue	 
bfer_103	 1	 17	 1115.jpg	 7.606691e+02	 11	 6.578304e+02	 11	 9.166944e+02	 98	 7.617707e+02	 916.67	 916.67	 18.00	 15	 0.53	 
bfer_103	 1	 17	 2112.jpg	 7.626714e+02	 24	 999000	 240	 999000	 999	 7.636896e+02	 916.67	 916.67	 77.00	 12	 0.22	 
bfer_103	 1	 17	 2201.jpg	 7.666589e+02	 22	 8.920993e+02	 22	 9.166816e+02	 98	 7.677608e+02	 916.67	 916.67	 50.00	 22	 0.63	 
bfer_103	 1	 17	 1105.jpg	 7.696626e+02	 12	 999000	 120	 999000	 999	 7.706808e+02	 916.67	 916.67	 22.00	 5	 0.45	 
bfer_103	 1	 17	 1203.jpg	 7.716648e+02	 12	 999000	 120	 999000	 999	 7.726829e+02	 916.67	 916.67	 38.00	 24	 0.20	 
bfer_103	 1	 17	 1118.jpg	 7.746682e+02	 11	 5.228117e+02	 11	 9.166794e+02	 98	 7.757698e+02	 916.67	 916.67	 12.00	 18	 0.59	 
bfer_103	 1	 17	 2117.jpg	 7.786727e+02	 24	 999000	 240	 999000	 999	 7.796908e+02	 916.67	 916.67	 56.00	 17	 0.56	 
bfer_103	 1	 17	 1207.jpg	 7.826606e+02	 12	 999000	 120	 999000	 999	 7.836787e+02	 916.67	 916.67	 17.00	 28	 0.54	 
bfer_103	 1	 17	 2217.jpg	 7.846628e+02	 24	 999000	 240	 999000	 999	 7.856808e+02	 916.67	 916.67	 44.00	 38	 0.85	 
bfer_103	 1	 17	 2213.jpg	 7.896684e+02	 24	 999000	 240	 999000	 999	 7.906865e+02	 916.67	 916.67	 61.00	 34	 0.52	 
bfer_103	 1	 17	 1103.jpg	 7.916706e+02	 12	 999000	 120	 999000	 999	 7.926888e+02	 916.67	 916.67	 11.00	 3	 0.64	 
bfer_103	 1	 17	 1101.jpg	 7.936729e+02	 11	 5.260517e+02	 11	 9.166814e+02	 98	 7.947745e+02	 916.67	 916.67	 15.00	 1	 0.56	 
bfer_103	 1	 17	 1211.jpg	 7.996629e+02	 12	 999000	 120	 999000	 999	 8.006811e+02	 916.67	 916.67	 8.00	 32	 0.73	 
bfer_103	 1	 17	 2111.jpg	 8.016652e+02	 24	 999000	 240	 999000	 999	 8.026833e+02	 916.67	 916.67	 59.00	 11	 0.54	 
bfer_103	 1	 17	 1209.jpg	 8.036674e+02	 11	 5.476138e+02	 11	 9.166941e+02	 98	 8.047687e+02	 916.67	 916.67	 13.00	 30	 0.57	 
bfer_103	 1	 17	 2101.jpg	 8.056697e+02	 22	 6.573456e+02	 22	 9.166906e+02	 98	 8.067712e+02	 916.67	 916.67	 55.00	 1	 0.57	 
bfer_103	 1	 17	 2116.jpg	 8.096573e+02	 22	 7.097312e+02	 22	 9.166924e+02	 98	 8.107591e+02	 916.67	 916.67	 52.00	 16	 0.59	 
bfer_103	 1	 17	 2115.jpg	 8.136620e+02	 24	 999000	 240	 999000	 999	 8.146801e+02	 916.67	 916.67	 57.00	 15	 0.56	 
bfer_103	 1	 17	 1204.jpg	 8.166653e+02	 12	 999000	 120	 999000	 999	 8.176835e+02	 916.67	 916.67	 19.00	 25	 0.53	 
bfer_103	 1	 17	 1107.jpg	 8.206698e+02	 12	 999000	 120	 999000	 999	 8.216880e+02	 916.67	 916.67	 21.00	 7	 0.47	 
bfer_103	 1	 17	 2104.jpg	 8.236733e+02	 24	 999000	 240	 999000	 999	 8.246915e+02	 916.67	 916.67	 62.00	 4	 0.51	 
bfer_103	 1	 17	 2205.jpg	 8.256588e+02	 24	 999000	 240	 999000	 999	 8.266769e+02	 916.67	 916.67	 49.00	 26	 0.65	 
bfer_103	 1	 17	 2202.jpg	 8.296633e+02	 22	 5.677249e+02	 22	 9.166895e+02	 98	 8.307649e+02	 916.67	 916.67	 58.00	 23	 0.55	 
bfer_103	 1	 17	 1216.jpg	 8.316655e+02	 12	 999000	 120	 999000	 999	 8.326837e+02	 916.67	 916.67	 9.00	 37	 0.68	 
bfer_103	 1	 17	 2118.jpg	 8.336679e+02	 24	 999000	 240	 999000	 999	 8.346859e+02	 916.67	 916.67	 54.00	 18	 0.58	 
bfer_103	 1	 17	 2121.jpg	 8.376723e+02	 22	 6.947051e+02	 22	 9.166905e+02	 98	 8.387738e+02	 916.67	 916.67	 53.00	 21	 0.58	 
bfer_103	 1	 17	 1206.jpg	 8.396746e+02	 12	 999000	 120	 999000	 999	 8.406927e+02	 916.67	 916.67	 4.00	 27	 0.77	 
bfer_103	 1	 17	 2207.jpg	 8.436623e+02	 24	 999000	 240	 999000	 999	 8.446805e+02	 916.67	 916.67	 60.00	 28	 0.52	 
bfer_103	 1	 17	 2208.jpg	 8.476669e+02	 24	 999000	 240	 999000	 999	 8.486850e+02	 916.67	 916.67	 43.00	 29	 0.87	 
bfer_103	 1	 17	 1201.jpg	 8.506703e+02	 11	 5.286761e+02	 11	 9.167085e+02	 98	 8.517715e+02	 916.67	 916.67	 7.00	 22	 0.74	 
bfer_103	 1	 17	 1213.jpg	 8.566603e+02	 12	 999000	 120	 999000	 999	 8.576785e+02	 916.67	 916.67	 14.00	 34	 0.57	 
bfer_103	 1	 17	 2110.jpg	 8.586625e+02	 24	 999000	 240	 999000	 999	 8.596807e+02	 916.67	 916.67	 78.00	 10	 0.21	 
bfer_103	 1	 17	 1121.jpg	 8.626670e+02	 12	 999000	 120	 999000	 999	 8.636851e+02	 916.67	 916.67	 3.00	 21	 0.78	 
bfer_103	 1	 17	 1120.jpg	 8.646693e+02	 12	 999000	 120	 999000	 999	 8.656875e+02	 916.67	 916.67	 37.00	 20	 0.23	 
bfer_103	 1	 17	 2218.jpg	 8.666716e+02	 24	 999000	 240	 999000	 999	 8.676897e+02	 916.67	 916.67	 51.00	 39	 0.61	 
bfer_103	 1	 17	 2107.jpg	 8.686737e+02	 22	 8.292452e+02	 22	 9.166813e+02	 98	 8.697753e+02	 916.67	 916.67	 47.00	 7	 0.76	 
bfer_103	 1	 17	 1214.jpg	 8.736627e+02	 11	 6.242694e+02	 11	 9.166893e+02	 98	 8.747643e+02	 916.67	 916.67	 10.00	 35	 0.66	 
bfer_103	 1	 17	 2103.jpg	 8.756649e+02	 24	 999000	 240	 999000	 999	 8.766831e+02	 916.67	 916.67	 48.00	 3	 0.76	 
bfer_103	 1	 17	 1104.jpg	 8.776672e+02	 12	 999000	 120	 999000	 999	 8.786854e+02	 916.67	 916.67	 20.00	 4	 0.47	 
bfer_103	 1	 17	 1218.jpg	 8.806706e+02	 12	 999000	 120	 999000	 999	 8.816887e+02	 916.67	 916.67	 16.00	 39	 0.55	 
