subjectID	 order	 runNum	 itemName	 onsetTime	 shuff_trialType	 RT	 respInTime	 AudioTime	 response	 fixationTime	 ladder1	 ladder2	 bidIndex	 itemNameIndex	 bidValue	 
bfer_158	 2	 3	 2203.jpg	 2.831183e+02	 24	 999000	 240	 999000	 999	 2.841364e+02	 616.67	 483.33	 44.00	 24	 0.82	 
bfer_158	 2	 3	 1114.jpg	 2.861217e+02	 12	 999000	 120	 999000	 999	 2.871398e+02	 616.67	 483.33	 38.00	 14	 0.24	 
bfer_158	 2	 3	 1205.jpg	 2.881070e+02	 12	 999000	 120	 999000	 999	 2.891255e+02	 616.67	 483.33	 19.00	 26	 0.55	 
bfer_158	 2	 3	 2114.jpg	 2.901096e+02	 24	 999000	 240	 999000	 999	 2.911278e+02	 616.67	 483.33	 61.00	 14	 0.52	 
bfer_158	 2	 3	 2103.jpg	 2.921118e+02	 22	 8.308639e+02	 220	 4.833548e+02	 98	 2.931298e+02	 616.67	 500.00	 54.00	 3	 0.65	 
bfer_158	 2	 3	 2120.jpg	 2.951152e+02	 24	 999000	 240	 999000	 999	 2.961332e+02	 616.67	 500.00	 78.00	 20	 0.27	 
bfer_158	 2	 3	 2105.jpg	 2.971174e+02	 24	 999000	 240	 999000	 999	 2.981355e+02	 616.67	 500.00	 52.00	 5	 0.66	 
bfer_158	 2	 3	 1110.jpg	 3.011219e+02	 12	 999000	 120	 999000	 999	 3.021400e+02	 616.67	 500.00	 18.00	 10	 0.57	 
bfer_158	 2	 3	 2202.jpg	 3.031071e+02	 24	 999000	 240	 999000	 999	 3.041256e+02	 616.67	 500.00	 62.00	 23	 0.52	 
bfer_158	 2	 3	 2117.jpg	 3.081131e+02	 22	 8.614972e+02	 220	 5.000184e+02	 98	 3.091312e+02	 616.67	 516.67	 51.00	 17	 0.67	 
bfer_158	 2	 3	 2111.jpg	 3.101153e+02	 24	 999000	 240	 999000	 999	 3.111335e+02	 616.67	 516.67	 77.00	 11	 0.35	 
bfer_158	 2	 3	 2104.jpg	 3.141199e+02	 24	 999000	 240	 999000	 999	 3.151379e+02	 616.67	 516.67	 59.00	 4	 0.57	 
bfer_158	 2	 3	 2214.jpg	 3.161220e+02	 24	 999000	 240	 999000	 999	 3.171402e+02	 616.67	 516.67	 58.00	 35	 0.59	 
bfer_158	 2	 3	 1213.jpg	 3.191087e+02	 12	 999000	 120	 999000	 999	 3.201268e+02	 616.67	 516.67	 13.00	 34	 0.62	 
bfer_158	 2	 3	 1101.jpg	 3.241143e+02	 11	 1.060256e+03	 1100	 6.167075e+02	 98	 3.251324e+02	 566.67	 516.67	 11.00	 1	 0.63	 
bfer_158	 2	 3	 1219.jpg	 3.261166e+02	 11	 8.740442e+02	 110	 5.666867e+02	 98	 3.271347e+02	 583.33	 516.67	 14.00	 40	 0.59	 
bfer_158	 2	 3	 2216.jpg	 3.281188e+02	 22	 7.598297e+02	 220	 5.166890e+02	 98	 3.291370e+02	 583.33	 533.33	 49.00	 37	 0.68	 
bfer_158	 2	 3	 2206.jpg	 3.321233e+02	 24	 999000	 240	 999000	 999	 3.331415e+02	 583.33	 533.33	 43.00	 27	 0.85	 
bfer_158	 2	 3	 1111.jpg	 3.361111e+02	 11	 9.194979e+02	 110	 5.833481e+02	 98	 3.371293e+02	 600.00	 533.33	 17.00	 11	 0.58	 
bfer_158	 2	 3	 2109.jpg	 3.401157e+02	 24	 999000	 240	 999000	 999	 3.411337e+02	 600.00	 533.33	 47.00	 9	 0.78	 
bfer_158	 2	 3	 2113.jpg	 3.421178e+02	 24	 999000	 240	 999000	 999	 3.431360e+02	 600.00	 533.33	 60.00	 13	 0.54	 
bfer_158	 2	 3	 1211.jpg	 3.441201e+02	 12	 999000	 120	 999000	 999	 3.451382e+02	 600.00	 533.33	 20.00	 32	 0.55	 
bfer_158	 2	 3	 1218.jpg	 3.461224e+02	 12	 999000	 120	 999000	 999	 3.471404e+02	 600.00	 533.33	 10.00	 39	 0.63	 
bfer_158	 2	 3	 1214.jpg	 3.481077e+02	 12	 999000	 120	 999000	 999	 3.491261e+02	 600.00	 533.33	 4.00	 35	 0.76	 
bfer_158	 2	 3	 1203.jpg	 3.541148e+02	 11	 1.299849e+03	 1100	 6.000286e+02	 98	 3.551327e+02	 550.00	 533.33	 9.00	 24	 0.65	 
bfer_158	 2	 3	 2204.jpg	 3.571180e+02	 24	 999000	 240	 999000	 999	 3.581362e+02	 550.00	 533.33	 55.00	 25	 0.64	 
bfer_158	 2	 3	 2101.jpg	 3.591204e+02	 22	 8.382587e+02	 220	 5.333744e+02	 98	 3.601384e+02	 550.00	 550.00	 57.00	 1	 0.59	 
bfer_158	 2	 3	 1105.jpg	 3.611225e+02	 12	 999000	 120	 999000	 999	 3.621407e+02	 550.00	 550.00	 12.00	 5	 0.62	 
bfer_158	 2	 3	 2205.jpg	 3.641093e+02	 22	 1.129343e+03	 2200	 5.500285e+02	 98	 3.651273e+02	 550.00	 500.00	 56.00	 26	 0.62	 
bfer_158	 2	 3	 1117.jpg	 3.661114e+02	 12	 999000	 120	 999000	 999	 3.671296e+02	 550.00	 500.00	 7.00	 17	 0.70	 
bfer_158	 2	 3	 2121.jpg	 3.681138e+02	 22	 1.212841e+03	 2200	 5.000385e+02	 98	 3.691318e+02	 550.00	 450.00	 48.00	 21	 0.74	 
bfer_158	 2	 3	 1201.jpg	 3.701160e+02	 11	 9.545551e+02	 110	 5.500284e+02	 98	 3.711341e+02	 566.67	 450.00	 8.00	 22	 0.66	 
bfer_158	 2	 3	 1121.jpg	 3.731194e+02	 11	 9.032069e+02	 110	 5.666805e+02	 98	 3.741376e+02	 583.33	 450.00	 16.00	 21	 0.58	 
bfer_158	 2	 3	 1207.jpg	 3.751216e+02	 12	 999000	 120	 999000	 999	 3.761398e+02	 583.33	 450.00	 21.00	 28	 0.55	 
bfer_158	 2	 3	 2102.jpg	 3.771238e+02	 24	 999000	 240	 999000	 999	 3.781420e+02	 583.33	 450.00	 53.00	 2	 0.65	 
bfer_158	 2	 3	 1204.jpg	 3.791094e+02	 12	 999000	 120	 999000	 999	 3.801276e+02	 583.33	 450.00	 15.00	 25	 0.58	 
bfer_158	 2	 3	 1209.jpg	 3.811116e+02	 12	 999000	 120	 999000	 999	 3.821298e+02	 583.33	 450.00	 37.00	 30	 0.24	 
bfer_158	 2	 3	 2211.jpg	 3.871183e+02	 24	 999000	 240	 999000	 999	 3.881365e+02	 583.33	 450.00	 50.00	 32	 0.68	 
bfer_158	 2	 3	 1103.jpg	 3.901218e+02	 12	 999000	 120	 999000	 999	 3.911398e+02	 583.33	 450.00	 3.00	 3	 0.77	 
bfer_158	 2	 3	 1208.jpg	 3.941096e+02	 12	 999000	 120	 999000	 999	 3.951276e+02	 583.33	 450.00	 22.00	 29	 0.55	 
