subjectID	 order	 runNum	 itemName	 onsetTime	 shuff_trialType	 RT	 respInTime	 AudioTime	 response	 fixationTime	 ladder1	 ladder2	 bidIndex	 itemNameIndex	 bidValue	 
bfer_140	 2	 13	 1214.jpg	 2.642215e+02	 11	 9.531334e+02	 110	 6.837522e+02	 98	 2.652402e+02	 700.00	 683.33	 16.00	 35	 0.56	 
bfer_140	 2	 13	 2205.jpg	 2.672252e+02	 22	 9.014711e+02	 220	 6.835300e+02	 98	 2.682434e+02	 700.00	 700.00	 49.00	 26	 0.73	 
bfer_140	 2	 13	 2103.jpg	 2.712297e+02	 24	 999000	 240	 999000	 999	 2.722477e+02	 700.00	 700.00	 59.00	 3	 0.52	 
bfer_140	 2	 13	 2119.jpg	 2.732150e+02	 24	 999000	 240	 999000	 999	 2.742335e+02	 700.00	 700.00	 77.00	 19	 0.24	 
bfer_140	 2	 13	 1202.jpg	 2.752174e+02	 12	 999000	 120	 999000	 999	 2.762356e+02	 700.00	 700.00	 21.00	 23	 0.50	 
bfer_140	 2	 13	 1213.jpg	 2.792219e+02	 11	 9.926966e+02	 110	 7.000458e+02	 98	 2.802401e+02	 716.67	 700.00	 11.00	 34	 0.69	 
bfer_140	 2	 13	 2210.jpg	 2.812242e+02	 24	 999000	 240	 999000	 999	 2.822423e+02	 716.67	 700.00	 62.00	 31	 0.47	 
bfer_140	 2	 13	 2204.jpg	 2.862298e+02	 22	 1.216841e+03	 2200	 7.000501e+02	 98	 2.872481e+02	 716.67	 650.00	 57.00	 25	 0.59	 
bfer_140	 2	 13	 1106.jpg	 2.882151e+02	 11	 1.031515e+03	 1100	 7.166930e+02	 98	 2.892335e+02	 666.67	 650.00	 17.00	 6	 0.54	 
bfer_140	 2	 13	 2219.jpg	 2.912187e+02	 24	 999000	 240	 999000	 999	 2.922369e+02	 666.67	 650.00	 53.00	 40	 0.64	 
bfer_140	 2	 13	 2202.jpg	 2.942221e+02	 24	 999000	 240	 999000	 999	 2.952403e+02	 666.67	 650.00	 52.00	 23	 0.65	 
bfer_140	 2	 13	 2111.jpg	 2.982266e+02	 24	 999000	 240	 999000	 999	 2.992448e+02	 666.67	 650.00	 60.00	 11	 0.51	 
bfer_140	 2	 13	 1219.jpg	 3.012299e+02	 12	 999000	 120	 999000	 999	 3.022482e+02	 666.67	 650.00	 7.00	 40	 0.77	 
bfer_140	 2	 13	 2215.jpg	 3.032153e+02	 24	 999000	 240	 999000	 999	 3.042337e+02	 666.67	 650.00	 50.00	 36	 0.69	 
bfer_140	 2	 13	 1218.jpg	 3.062189e+02	 12	 999000	 120	 999000	 999	 3.072370e+02	 666.67	 650.00	 10.00	 39	 0.70	 
bfer_140	 2	 13	 1109.jpg	 3.102234e+02	 11	 9.912635e+02	 110	 6.666961e+02	 98	 3.112415e+02	 683.33	 650.00	 9.00	 9	 0.74	 
bfer_140	 2	 13	 2201.jpg	 3.132274e+02	 22	 8.991898e+02	 220	 6.500303e+02	 98	 3.142449e+02	 683.33	 666.67	 48.00	 22	 0.74	 
bfer_140	 2	 13	 1217.jpg	 3.152290e+02	 12	 999000	 120	 999000	 999	 3.162471e+02	 683.33	 666.67	 13.00	 38	 0.61	 
bfer_140	 2	 13	 1207.jpg	 3.172143e+02	 12	 999000	 120	 999000	 999	 3.182326e+02	 683.33	 666.67	 4.00	 28	 0.78	 
bfer_140	 2	 13	 2217.jpg	 3.222202e+02	 24	 999000	 240	 999000	 999	 3.232383e+02	 683.33	 666.67	 44.00	 38	 0.77	 
bfer_140	 2	 13	 1204.jpg	 3.262247e+02	 12	 999000	 120	 999000	 999	 3.272429e+02	 683.33	 666.67	 12.00	 25	 0.64	 
bfer_140	 2	 13	 2114.jpg	 3.302292e+02	 24	 999000	 240	 999000	 999	 3.312473e+02	 683.33	 666.67	 61.00	 14	 0.49	 
bfer_140	 2	 13	 1121.jpg	 3.362192e+02	 12	 999000	 120	 999000	 999	 3.372374e+02	 683.33	 666.67	 22.00	 21	 0.50	 
bfer_140	 2	 13	 1120.jpg	 3.382215e+02	 11	 9.851323e+02	 110	 6.833585e+02	 98	 3.392396e+02	 700.00	 666.67	 14.00	 20	 0.57	 
bfer_140	 2	 13	 1216.jpg	 3.402238e+02	 12	 999000	 120	 999000	 999	 3.412419e+02	 700.00	 666.67	 20.00	 37	 0.51	 
bfer_140	 2	 13	 2212.jpg	 3.422260e+02	 24	 999000	 240	 999000	 999	 3.432441e+02	 700.00	 666.67	 55.00	 33	 0.61	 
bfer_140	 2	 13	 2203.jpg	 3.442283e+02	 24	 999000	 240	 999000	 999	 3.452466e+02	 700.00	 666.67	 78.00	 24	 0.24	 
bfer_140	 2	 13	 1103.jpg	 3.482161e+02	 12	 999000	 120	 999000	 999	 3.492341e+02	 700.00	 666.67	 15.00	 3	 0.57	 
bfer_140	 2	 13	 1209.jpg	 3.502183e+02	 12	 999000	 120	 999000	 999	 3.512364e+02	 700.00	 666.67	 3.00	 30	 0.87	 
bfer_140	 2	 13	 1111.jpg	 3.542228e+02	 12	 999000	 120	 999000	 999	 3.552409e+02	 700.00	 666.67	 18.00	 11	 0.52	 
bfer_140	 2	 13	 2109.jpg	 3.562250e+02	 24	 999000	 240	 999000	 999	 3.572432e+02	 700.00	 666.67	 58.00	 9	 0.59	 
bfer_140	 2	 13	 1108.jpg	 3.582273e+02	 12	 999000	 120	 999000	 999	 3.592454e+02	 700.00	 666.67	 38.00	 8	 0.14	 
bfer_140	 2	 13	 1205.jpg	 3.602295e+02	 11	 9.851380e+02	 110	 7.000263e+02	 98	 3.612476e+02	 716.67	 666.67	 8.00	 26	 0.76	 
bfer_140	 2	 13	 1102.jpg	 3.652185e+02	 12	 999000	 120	 999000	 999	 3.662366e+02	 716.67	 666.67	 19.00	 2	 0.52	 
bfer_140	 2	 13	 2207.jpg	 3.672206e+02	 24	 999000	 240	 999000	 999	 3.682388e+02	 716.67	 666.67	 43.00	 28	 0.79	 
bfer_140	 2	 13	 2218.jpg	 3.692231e+02	 24	 9.355263e+02	 24	 999000	 98	 3.702411e+02	 716.67	 666.67	 47.00	 39	 0.74	 
bfer_140	 2	 13	 2214.jpg	 3.722263e+02	 22	 1.020355e+03	 2200	 6.666933e+02	 98	 3.732446e+02	 716.67	 616.67	 51.00	 35	 0.67	 
bfer_140	 2	 13	 2216.jpg	 3.792175e+02	 22	 9.651642e+02	 220	 6.166979e+02	 98	 3.802356e+02	 716.67	 633.33	 54.00	 37	 0.64	 
bfer_140	 2	 13	 2121.jpg	 3.832219e+02	 22	 9.287408e+02	 220	 6.333571e+02	 98	 3.842401e+02	 716.67	 650.00	 56.00	 21	 0.60	 
bfer_140	 2	 13	 1117.jpg	 3.902298e+02	 12	 999000	 120	 999000	 999	 3.912479e+02	 716.67	 650.00	 37.00	 17	 0.16	 
