subjectID	 order	 runNum	 itemName	 onsetTime	 shuff_trialType	 RT	 respInTime	 AudioTime	 response	 fixationTime	 ladder1	 ladder2	 bidIndex	 itemNameIndex	 bidValue	 
bfer_154	 2	 17	 2121.jpg	 7.381871e+02	 22	 8.677841e+02	 220	 6.166850e+02	 98	 7.392049e+02	 750.00	 633.33	 49.00	 21	 0.69	 
bfer_154	 2	 17	 2205.jpg	 7.431758e+02	 24	 999000	 240	 999000	 999	 7.441938e+02	 750.00	 633.33	 60.00	 26	 0.53	 
bfer_154	 2	 17	 2117.jpg	 7.451782e+02	 24	 999000	 240	 999000	 999	 7.461961e+02	 750.00	 633.33	 78.00	 17	 0.20	 
bfer_154	 2	 17	 2107.jpg	 7.471805e+02	 24	 999000	 240	 999000	 999	 7.481983e+02	 750.00	 633.33	 55.00	 7	 0.57	 
bfer_154	 2	 17	 1111.jpg	 7.531873e+02	 12	 999000	 120	 999000	 999	 7.542051e+02	 750.00	 633.33	 13.00	 11	 0.59	 
bfer_154	 2	 17	 2111.jpg	 7.551895e+02	 22	 9.053686e+02	 220	 6.333584e+02	 98	 7.562073e+02	 750.00	 650.00	 54.00	 11	 0.60	 
bfer_154	 2	 17	 1121.jpg	 7.581761e+02	 11	 1.038797e+03	 1100	 7.500276e+02	 98	 7.591940e+02	 700.00	 650.00	 17.00	 21	 0.53	 
bfer_154	 2	 17	 1112.jpg	 7.601786e+02	 12	 999000	 120	 999000	 999	 7.611963e+02	 700.00	 650.00	 37.00	 12	 0.20	 
bfer_154	 2	 17	 1210.jpg	 7.641829e+02	 12	 2.879214e+02	 12	 999000	 98	 7.652009e+02	 700.00	 650.00	 22.00	 31	 0.46	 
bfer_154	 2	 17	 2115.jpg	 7.661852e+02	 24	 999000	 240	 999000	 999	 7.672030e+02	 700.00	 650.00	 62.00	 15	 0.45	 
bfer_154	 2	 17	 1106.jpg	 7.711909e+02	 11	 9.999389e+02	 110	 7.000150e+02	 98	 7.722087e+02	 716.67	 650.00	 16.00	 6	 0.54	 
bfer_154	 2	 17	 1102.jpg	 7.781820e+02	 12	 999000	 120	 999000	 999	 7.791997e+02	 716.67	 650.00	 15.00	 2	 0.55	 
bfer_154	 2	 17	 1219.jpg	 7.801842e+02	 12	 999000	 120	 999000	 999	 7.812021e+02	 716.67	 650.00	 7.00	 40	 0.77	 
bfer_154	 2	 17	 1103.jpg	 7.831877e+02	 12	 999000	 120	 999000	 999	 7.842054e+02	 716.67	 650.00	 3.00	 3	 0.82	 
bfer_154	 2	 17	 1201.jpg	 7.861910e+02	 11	 9.518427e+02	 110	 7.167039e+02	 98	 7.872088e+02	 733.33	 650.00	 9.00	 22	 0.69	 
bfer_154	 2	 17	 1218.jpg	 7.901788e+02	 12	 999000	 120	 999000	 999	 7.911966e+02	 733.33	 650.00	 21.00	 39	 0.47	 
bfer_154	 2	 17	 2105.jpg	 7.941833e+02	 24	 999000	 240	 999000	 999	 7.952011e+02	 733.33	 650.00	 58.00	 5	 0.55	 
bfer_154	 2	 17	 1214.jpg	 7.981880e+02	 12	 999000	 120	 999000	 999	 7.992057e+02	 733.33	 650.00	 18.00	 35	 0.50	 
bfer_154	 2	 17	 2207.jpg	 8.011911e+02	 24	 999000	 240	 999000	 999	 8.022089e+02	 733.33	 650.00	 50.00	 28	 0.68	 
bfer_154	 2	 17	 2109.jpg	 8.071812e+02	 24	 999000	 240	 999000	 999	 8.081991e+02	 733.33	 650.00	 53.00	 9	 0.63	 
bfer_154	 2	 17	 1207.jpg	 8.091836e+02	 12	 999000	 120	 999000	 999	 8.102012e+02	 733.33	 650.00	 12.00	 28	 0.60	 
bfer_154	 2	 17	 2104.jpg	 8.121869e+02	 24	 999000	 240	 999000	 999	 8.132047e+02	 733.33	 650.00	 61.00	 4	 0.53	 
bfer_154	 2	 17	 1120.jpg	 8.141891e+02	 12	 999000	 120	 999000	 999	 8.152069e+02	 733.33	 650.00	 38.00	 20	 0.16	 
bfer_154	 2	 17	 2211.jpg	 8.161914e+02	 24	 999000	 240	 999000	 999	 8.172091e+02	 733.33	 650.00	 52.00	 32	 0.64	 
bfer_154	 2	 17	 1110.jpg	 8.181770e+02	 12	 999000	 120	 999000	 999	 8.191948e+02	 733.33	 650.00	 19.00	 10	 0.50	 
bfer_154	 2	 17	 2114.jpg	 8.211803e+02	 22	 9.545408e+02	 220	 6.500231e+02	 98	 8.221981e+02	 733.33	 666.67	 57.00	 14	 0.56	 
bfer_154	 2	 17	 1107.jpg	 8.251849e+02	 11	 9.099251e+02	 110	 7.333624e+02	 98	 8.262027e+02	 750.00	 666.67	 14.00	 7	 0.57	 
bfer_154	 2	 17	 2219.jpg	 8.271871e+02	 24	 3.877375e+02	 24	 999000	 98	 8.282049e+02	 750.00	 666.67	 59.00	 40	 0.53	 
bfer_154	 2	 17	 1205.jpg	 8.291893e+02	 12	 999000	 120	 999000	 999	 8.302072e+02	 750.00	 666.67	 10.00	 26	 0.67	 
bfer_154	 2	 17	 2108.jpg	 8.311916e+02	 24	 999000	 240	 999000	 999	 8.322094e+02	 750.00	 666.67	 77.00	 8	 0.22	 
bfer_154	 2	 17	 1215.jpg	 8.331772e+02	 11	 9.896733e+02	 110	 7.500171e+02	 98	 8.341950e+02	 766.67	 666.67	 8.00	 36	 0.69	 
bfer_154	 2	 17	 2212.jpg	 8.351794e+02	 22	 1.075470e+03	 2200	 6.666916e+02	 98	 8.361972e+02	 766.67	 616.67	 56.00	 33	 0.56	 
bfer_154	 2	 17	 2110.jpg	 8.391839e+02	 22	 7.989635e+02	 220	 6.166833e+02	 98	 8.402016e+02	 766.67	 633.33	 48.00	 10	 0.69	 
bfer_154	 2	 17	 2216.jpg	 8.431884e+02	 22	 7.224404e+02	 220	 6.333526e+02	 98	 8.442062e+02	 766.67	 650.00	 51.00	 37	 0.67	 
bfer_154	 2	 17	 1212.jpg	 8.451906e+02	 12	 999000	 120	 999000	 999	 8.462085e+02	 766.67	 650.00	 20.00	 33	 0.47	 
bfer_154	 2	 17	 1216.jpg	 8.471763e+02	 12	 8.385720e+02	 12	 999000	 98	 8.481940e+02	 766.67	 650.00	 4.00	 37	 0.80	 
bfer_154	 2	 17	 2201.jpg	 8.491784e+02	 24	 999000	 240	 999000	 999	 8.501962e+02	 766.67	 650.00	 44.00	 22	 0.83	 
bfer_154	 2	 17	 2106.jpg	 8.511808e+02	 24	 999000	 240	 999000	 999	 8.521985e+02	 766.67	 650.00	 43.00	 6	 0.85	 
bfer_154	 2	 17	 1203.jpg	 8.571875e+02	 11	 1.003355e+03	 1100	 7.666889e+02	 98	 8.582052e+02	 716.67	 650.00	 11.00	 24	 0.66	 
bfer_154	 2	 17	 2214.jpg	 8.591897e+02	 24	 999000	 240	 999000	 999	 8.602076e+02	 716.67	 650.00	 47.00	 35	 0.72	 
