subjectID	 order	 runNum	 itemName	 onsetTime	 shuff_trialType	 RT	 respInTime	 AudioTime	 response	 fixationTime	 ladder1	 ladder2	 bidIndex	 itemNameIndex	 bidValue	 
bfer_158	 2	 20	 2204.jpg	 1.164759e+03	 24	 999000	 240	 999000	 999	 1.165777e+03	 583.33	 516.67	 55.00	 25	 0.64	 
bfer_158	 2	 20	 1204.jpg	 1.166762e+03	 12	 999000	 120	 999000	 999	 1.167780e+03	 583.33	 516.67	 15.00	 25	 0.58	 
bfer_158	 2	 20	 1111.jpg	 1.170749e+03	 11	 9.935757e+02	 110	 5.833553e+02	 98	 1.171767e+03	 600.00	 516.67	 17.00	 11	 0.58	 
bfer_158	 2	 20	 2203.jpg	 1.173753e+03	 24	 999000	 240	 999000	 999	 1.174771e+03	 600.00	 516.67	 44.00	 24	 0.82	 
bfer_158	 2	 20	 2216.jpg	 1.175755e+03	 22	 9.477958e+02	 220	 5.166824e+02	 98	 1.176773e+03	 600.00	 533.33	 49.00	 37	 0.68	 
bfer_158	 2	 20	 1211.jpg	 1.178758e+03	 12	 999000	 120	 999000	 999	 1.179777e+03	 600.00	 533.33	 20.00	 32	 0.55	 
bfer_158	 2	 20	 1114.jpg	 1.182763e+03	 12	 999000	 120	 999000	 999	 1.183781e+03	 600.00	 533.33	 38.00	 14	 0.24	 
bfer_158	 2	 20	 2202.jpg	 1.186751e+03	 24	 999000	 240	 999000	 999	 1.187769e+03	 600.00	 533.33	 62.00	 23	 0.52	 
bfer_158	 2	 20	 2103.jpg	 1.188753e+03	 22	 8.699003e+02	 220	 5.333500e+02	 98	 1.189771e+03	 600.00	 550.00	 54.00	 3	 0.65	 
bfer_158	 2	 20	 1103.jpg	 1.193759e+03	 12	 999000	 120	 999000	 999	 1.194777e+03	 600.00	 550.00	 3.00	 3	 0.77	 
bfer_158	 2	 20	 1218.jpg	 1.195761e+03	 12	 999000	 120	 999000	 999	 1.196779e+03	 600.00	 550.00	 10.00	 39	 0.63	 
bfer_158	 2	 20	 1207.jpg	 1.197763e+03	 12	 999000	 120	 999000	 999	 1.198781e+03	 600.00	 550.00	 21.00	 28	 0.55	 
bfer_158	 2	 20	 2120.jpg	 1.203753e+03	 24	 999000	 240	 999000	 999	 1.204771e+03	 600.00	 550.00	 78.00	 20	 0.27	 
bfer_158	 2	 20	 2102.jpg	 1.205755e+03	 24	 999000	 240	 999000	 999	 1.206773e+03	 600.00	 550.00	 53.00	 2	 0.65	 
bfer_158	 2	 20	 2114.jpg	 1.207758e+03	 24	 999000	 240	 999000	 999	 1.208776e+03	 600.00	 550.00	 61.00	 14	 0.52	 
bfer_158	 2	 20	 1219.jpg	 1.209760e+03	 11	 1.006986e+03	 1100	 6.000158e+02	 98	 1.210778e+03	 550.00	 550.00	 14.00	 40	 0.59	 
bfer_158	 2	 20	 1208.jpg	 1.213764e+03	 12	 999000	 120	 999000	 999	 1.214782e+03	 550.00	 550.00	 22.00	 29	 0.55	 
bfer_158	 2	 20	 1105.jpg	 1.217752e+03	 12	 999000	 120	 999000	 999	 1.218770e+03	 550.00	 550.00	 12.00	 5	 0.62	 
bfer_158	 2	 20	 1209.jpg	 1.220755e+03	 12	 999000	 120	 999000	 999	 1.221774e+03	 550.00	 550.00	 37.00	 30	 0.24	 
bfer_158	 2	 20	 1201.jpg	 1.224760e+03	 11	 9.827580e+02	 110	 5.500232e+02	 98	 1.225778e+03	 566.67	 550.00	 8.00	 22	 0.66	 
bfer_158	 2	 20	 2105.jpg	 1.227763e+03	 24	 999000	 240	 999000	 999	 1.228782e+03	 566.67	 550.00	 52.00	 5	 0.66	 
bfer_158	 2	 20	 1110.jpg	 1.229766e+03	 12	 999000	 120	 999000	 999	 1.230784e+03	 566.67	 550.00	 18.00	 10	 0.57	 
bfer_158	 2	 20	 2104.jpg	 1.233753e+03	 24	 999000	 240	 999000	 999	 1.234772e+03	 566.67	 550.00	 59.00	 4	 0.57	 
bfer_158	 2	 20	 1205.jpg	 1.235756e+03	 12	 999000	 120	 999000	 999	 1.236774e+03	 566.67	 550.00	 19.00	 26	 0.55	 
bfer_158	 2	 20	 2101.jpg	 1.237758e+03	 22	 9.768392e+02	 220	 5.500370e+02	 98	 1.238776e+03	 566.67	 566.67	 57.00	 1	 0.59	 
bfer_158	 2	 20	 2117.jpg	 1.241762e+03	 22	 8.762766e+02	 220	 5.666931e+02	 98	 1.242781e+03	 566.67	 583.33	 51.00	 17	 0.67	 
bfer_158	 2	 20	 2205.jpg	 1.243765e+03	 22	 9.381192e+02	 220	 5.833520e+02	 98	 1.244783e+03	 566.67	 600.00	 56.00	 26	 0.62	 
bfer_158	 2	 20	 2111.jpg	 1.247752e+03	 24	 999000	 240	 999000	 999	 1.248771e+03	 566.67	 600.00	 77.00	 11	 0.35	 
bfer_158	 2	 20	 2113.jpg	 1.251757e+03	 24	 999000	 240	 999000	 999	 1.252775e+03	 566.67	 600.00	 60.00	 13	 0.54	 
bfer_158	 2	 20	 2206.jpg	 1.254760e+03	 24	 999000	 240	 999000	 999	 1.255778e+03	 566.67	 600.00	 43.00	 27	 0.85	 
bfer_158	 2	 20	 1101.jpg	 1.260750e+03	 11	 8.566588e+02	 110	 5.666958e+02	 98	 1.261769e+03	 583.33	 600.00	 11.00	 1	 0.63	 
bfer_158	 2	 20	 2109.jpg	 1.262753e+03	 24	 999000	 240	 999000	 999	 1.263771e+03	 583.33	 600.00	 47.00	 9	 0.78	 
bfer_158	 2	 20	 1213.jpg	 1.266757e+03	 12	 999000	 120	 999000	 999	 1.267775e+03	 583.33	 600.00	 13.00	 34	 0.62	 
bfer_158	 2	 20	 1214.jpg	 1.268759e+03	 12	 999000	 120	 999000	 999	 1.269777e+03	 583.33	 600.00	 4.00	 35	 0.76	 
bfer_158	 2	 20	 1117.jpg	 1.270762e+03	 12	 999000	 120	 999000	 999	 1.271780e+03	 583.33	 600.00	 7.00	 17	 0.70	 
bfer_158	 2	 20	 1121.jpg	 1.272764e+03	 11	 9.068126e+02	 110	 5.833602e+02	 98	 1.273782e+03	 600.00	 600.00	 16.00	 21	 0.58	 
bfer_158	 2	 20	 2211.jpg	 1.277753e+03	 24	 999000	 240	 999000	 999	 1.278771e+03	 600.00	 600.00	 50.00	 32	 0.68	 
bfer_158	 2	 20	 2121.jpg	 1.279755e+03	 22	 9.796979e+02	 220	 6.000307e+02	 98	 1.280773e+03	 600.00	 616.67	 48.00	 21	 0.74	 
bfer_158	 2	 20	 2214.jpg	 1.281757e+03	 24	 4.254439e+02	 24	 999000	 98	 1.282775e+03	 600.00	 616.67	 58.00	 35	 0.59	 
bfer_158	 2	 20	 1203.jpg	 1.284761e+03	 11	 9.740874e+02	 110	 6.000156e+02	 98	 1.285779e+03	 616.67	 616.67	 9.00	 24	 0.65	 
