subjectID	 order	 runNum	 itemName	 onsetTime	 shuff_trialType	 RT	 respInTime	 AudioTime	 response	 fixationTime	 ladder1	 ladder2	 bidIndex	 itemNameIndex	 bidValue	 
bfer_123	 1	 14	 2207.jpg	 3.974381e+02	 24	 999000	 240	 999000	 999	 3.984563e+02	 916.67	 850.00	 59.00	 28	 0.56	 
bfer_123	 1	 14	 1119.jpg	 4.004248e+02	 12	 999000	 120	 999000	 999	 4.014430e+02	 916.67	 850.00	 19.00	 19	 0.54	 
bfer_123	 1	 14	 2113.jpg	 4.024270e+02	 24	 999000	 240	 999000	 999	 4.034451e+02	 916.67	 850.00	 78.00	 13	 0.21	 
bfer_123	 1	 14	 2216.jpg	 4.044294e+02	 22	 8.096060e+02	 22	 8.500215e+02	 98	 4.054641e+02	 916.67	 866.67	 47.00	 37	 0.78	 
bfer_123	 1	 14	 2213.jpg	 4.064316e+02	 22	 1.119412e+03	 2200	 8.666921e+02	 98	 4.074831e+02	 916.67	 816.67	 53.00	 34	 0.64	 
bfer_123	 1	 14	 2201.jpg	 4.094349e+02	 24	 999000	 240	 999000	 999	 4.104531e+02	 916.67	 816.67	 56.00	 22	 0.56	 
bfer_123	 1	 14	 1115.jpg	 4.114371e+02	 12	 8.898811e+02	 12	 999000	 98	 4.124553e+02	 916.67	 816.67	 21.00	 15	 0.50	 
bfer_123	 1	 14	 2115.jpg	 4.154250e+02	 22	 5.819740e+02	 22	 8.166950e+02	 98	 4.164430e+02	 916.67	 833.33	 55.00	 15	 0.57	 
bfer_123	 1	 14	 2111.jpg	 4.174273e+02	 24	 999000	 240	 999000	 999	 4.184454e+02	 916.67	 833.33	 62.00	 11	 0.47	 
bfer_123	 1	 14	 1117.jpg	 4.224329e+02	 11	 5.901161e+02	 11	 9.166919e+02	 98	 4.235344e+02	 916.67	 833.33	 18.00	 17	 0.57	 
bfer_123	 1	 14	 1110.jpg	 4.244350e+02	 12	 999000	 120	 999000	 999	 4.254532e+02	 916.67	 833.33	 8.00	 10	 0.68	 
bfer_123	 1	 14	 2105.jpg	 4.284396e+02	 24	 999000	 240	 999000	 999	 4.294577e+02	 916.67	 833.33	 77.00	 5	 0.22	 
bfer_123	 1	 14	 1114.jpg	 4.304248e+02	 11	 6.541241e+02	 11	 9.166822e+02	 98	 4.315267e+02	 916.67	 833.33	 13.00	 14	 0.64	 
bfer_123	 1	 14	 1101.jpg	 4.334284e+02	 12	 6.745172e+02	 12	 999000	 98	 4.344466e+02	 916.67	 833.33	 4.00	 1	 0.76	 
bfer_123	 1	 14	 2217.jpg	 4.384340e+02	 22	 7.089134e+02	 22	 8.333473e+02	 98	 4.394522e+02	 916.67	 850.00	 50.00	 38	 0.65	 
bfer_123	 1	 14	 1219.jpg	 4.404363e+02	 12	 999000	 120	 999000	 999	 4.414545e+02	 916.67	 850.00	 3.00	 40	 0.82	 
bfer_123	 1	 14	 2209.jpg	 4.424386e+02	 24	 999000	 240	 999000	 999	 4.434567e+02	 916.67	 850.00	 57.00	 30	 0.56	 
bfer_123	 1	 14	 1206.jpg	 4.464264e+02	 12	 8.605577e+02	 12	 999000	 98	 4.474446e+02	 916.67	 850.00	 16.00	 27	 0.63	 
bfer_123	 1	 14	 1201.jpg	 4.504309e+02	 11	 1.040093e+03	 1100	 9.166881e+02	 98	 4.515325e+02	 866.67	 850.00	 12.00	 22	 0.66	 
bfer_123	 1	 14	 1121.jpg	 4.544354e+02	 12	 999000	 120	 999000	 999	 4.554535e+02	 866.67	 850.00	 11.00	 21	 0.66	 
bfer_123	 1	 14	 2215.jpg	 4.564376e+02	 24	 6.653703e+02	 24	 999000	 98	 4.574558e+02	 866.67	 850.00	 43.00	 36	 0.86	 
bfer_123	 1	 14	 1213.jpg	 4.584399e+02	 12	 8.471027e+02	 12	 999000	 98	 4.594581e+02	 866.67	 850.00	 20.00	 34	 0.51	 
bfer_123	 1	 14	 2205.jpg	 4.604251e+02	 24	 999000	 240	 999000	 999	 4.614436e+02	 866.67	 850.00	 48.00	 26	 0.70	 
bfer_123	 1	 14	 2114.jpg	 4.624277e+02	 24	 999000	 240	 999000	 999	 4.634458e+02	 866.67	 850.00	 49.00	 14	 0.70	 
bfer_123	 1	 14	 1207.jpg	 4.684344e+02	 12	 999000	 120	 999000	 999	 4.694526e+02	 866.67	 850.00	 9.00	 28	 0.67	 
bfer_123	 1	 14	 1216.jpg	 4.714378e+02	 12	 8.011656e+02	 12	 999000	 98	 4.724559e+02	 866.67	 850.00	 14.00	 37	 0.64	 
bfer_123	 1	 14	 2119.jpg	 4.734401e+02	 24	 999000	 240	 999000	 999	 4.744582e+02	 866.67	 850.00	 54.00	 19	 0.62	 
bfer_123	 1	 14	 2109.jpg	 4.754256e+02	 24	 999000	 240	 999000	 999	 4.764439e+02	 866.67	 850.00	 60.00	 9	 0.51	 
bfer_123	 1	 14	 1102.jpg	 4.784290e+02	 12	 999000	 120	 999000	 999	 4.794472e+02	 866.67	 850.00	 37.00	 2	 0.20	 
bfer_123	 1	 14	 2101.jpg	 4.804312e+02	 22	 5.438006e+02	 22	 8.500230e+02	 98	 4.814661e+02	 866.67	 866.67	 52.00	 1	 0.64	 
bfer_123	 1	 14	 2219.jpg	 4.824335e+02	 24	 999000	 240	 999000	 999	 4.834516e+02	 866.67	 866.67	 51.00	 40	 0.65	 
bfer_123	 1	 14	 2120.jpg	 4.844357e+02	 24	 5.072604e+02	 24	 999000	 98	 4.854538e+02	 866.67	 866.67	 44.00	 20	 0.82	 
bfer_123	 1	 14	 1215.jpg	 4.874390e+02	 11	 6.319386e+02	 11	 8.666859e+02	 98	 4.884908e+02	 883.33	 866.67	 10.00	 36	 0.66	 
bfer_123	 1	 14	 1211.jpg	 4.894243e+02	 11	 6.626619e+02	 11	 8.833495e+02	 98	 4.904929e+02	 900.00	 866.67	 7.00	 32	 0.71	 
bfer_123	 1	 14	 1203.jpg	 4.914436e+02	 12	 999000	 120	 999000	 999	 4.924617e+02	 900.00	 866.67	 38.00	 24	 0.18	 
bfer_123	 1	 14	 2214.jpg	 4.934291e+02	 24	 999000	 240	 999000	 999	 4.944473e+02	 900.00	 866.67	 61.00	 35	 0.50	 
bfer_123	 1	 14	 1106.jpg	 4.954313e+02	 12	 999000	 120	 999000	 999	 4.964495e+02	 900.00	 866.67	 22.00	 6	 0.45	 
bfer_123	 1	 14	 1217.jpg	 5.014382e+02	 12	 999000	 120	 999000	 999	 5.024563e+02	 900.00	 866.67	 17.00	 38	 0.60	 
bfer_123	 1	 14	 2206.jpg	 5.044246e+02	 22	 6.543270e+02	 22	 8.666802e+02	 98	 5.054764e+02	 900.00	 883.33	 58.00	 27	 0.56	 
bfer_123	 1	 14	 1120.jpg	 5.084293e+02	 11	 5.537074e+02	 11	 9.000255e+02	 98	 5.095142e+02	 916.67	 883.33	 15.00	 20	 0.64	 
