subjectID	 order	 runNum	 itemName	 onsetTime	 shuff_trialType	 RT	 respInTime	 AudioTime	 response	 fixationTime	 ladder1	 ladder2	 bidIndex	 itemNameIndex	 bidValue	 
bfer_103	 1	 14	 2121.jpg	 3.677108e+02	 22	 5.921999e+02	 22	 9.166795e+02	 98	 3.688127e+02	 916.67	 916.67	 53.00	 21	 0.58	 
bfer_103	 1	 14	 2217.jpg	 3.707145e+02	 24	 999000	 240	 999000	 999	 3.717326e+02	 916.67	 916.67	 44.00	 38	 0.85	 
bfer_103	 1	 14	 1101.jpg	 3.726997e+02	 11	 5.313068e+02	 11	 9.166876e+02	 98	 3.738016e+02	 916.67	 916.67	 15.00	 1	 0.56	 
bfer_103	 1	 14	 2115.jpg	 3.747023e+02	 24	 999000	 240	 999000	 999	 3.757204e+02	 916.67	 916.67	 57.00	 15	 0.56	 
bfer_103	 1	 14	 1201.jpg	 3.767046e+02	 11	 5.903583e+02	 11	 9.166954e+02	 98	 3.778061e+02	 916.67	 916.67	 7.00	 22	 0.74	 
bfer_103	 1	 14	 2207.jpg	 3.797079e+02	 24	 999000	 240	 999000	 999	 3.807261e+02	 916.67	 916.67	 60.00	 28	 0.52	 
bfer_103	 1	 14	 2117.jpg	 3.817101e+02	 24	 999000	 240	 999000	 999	 3.827283e+02	 916.67	 916.67	 56.00	 17	 0.56	 
bfer_103	 1	 14	 1105.jpg	 3.857147e+02	 12	 999000	 120	 999000	 999	 3.867328e+02	 916.67	 916.67	 22.00	 5	 0.45	 
bfer_103	 1	 14	 2218.jpg	 3.876999e+02	 24	 999000	 240	 999000	 999	 3.887184e+02	 916.67	 916.67	 51.00	 39	 0.61	 
bfer_103	 1	 14	 1103.jpg	 3.927058e+02	 12	 999000	 120	 999000	 999	 3.937240e+02	 916.67	 916.67	 11.00	 3	 0.64	 
bfer_103	 1	 14	 1214.jpg	 3.947081e+02	 11	 5.548807e+02	 11	 9.166842e+02	 98	 3.958097e+02	 916.67	 916.67	 10.00	 35	 0.66	 
bfer_103	 1	 14	 1209.jpg	 3.987126e+02	 11	 5.983717e+02	 11	 9.166802e+02	 98	 3.998162e+02	 916.67	 916.67	 13.00	 30	 0.57	 
bfer_103	 1	 14	 1207.jpg	 4.007148e+02	 12	 999000	 120	 999000	 999	 4.017330e+02	 916.67	 916.67	 17.00	 28	 0.54	 
bfer_103	 1	 14	 1216.jpg	 4.037016e+02	 12	 999000	 120	 999000	 999	 4.047196e+02	 916.67	 916.67	 9.00	 37	 0.68	 
bfer_103	 1	 14	 2112.jpg	 4.087071e+02	 24	 999000	 240	 999000	 999	 4.097253e+02	 916.67	 916.67	 77.00	 12	 0.22	 
bfer_103	 1	 14	 1204.jpg	 4.107093e+02	 12	 999000	 120	 999000	 999	 4.117277e+02	 916.67	 916.67	 19.00	 25	 0.53	 
bfer_103	 1	 14	 1118.jpg	 4.127117e+02	 11	 6.553391e+02	 11	 9.166793e+02	 98	 4.138133e+02	 916.67	 916.67	 12.00	 18	 0.59	 
bfer_103	 1	 14	 2202.jpg	 4.167162e+02	 22	 6.267518e+02	 22	 9.166886e+02	 98	 4.178177e+02	 916.67	 916.67	 58.00	 23	 0.55	 
bfer_103	 1	 14	 1121.jpg	 4.207039e+02	 12	 999000	 120	 999000	 999	 4.217221e+02	 916.67	 916.67	 3.00	 21	 0.78	 
bfer_103	 1	 14	 1218.jpg	 4.247084e+02	 12	 999000	 120	 999000	 999	 4.257266e+02	 916.67	 916.67	 16.00	 39	 0.55	 
bfer_103	 1	 14	 2118.jpg	 4.267106e+02	 24	 999000	 240	 999000	 999	 4.277289e+02	 916.67	 916.67	 54.00	 18	 0.58	 
bfer_103	 1	 14	 1115.jpg	 4.287130e+02	 11	 6.779882e+02	 11	 9.167238e+02	 98	 4.298145e+02	 916.67	 916.67	 18.00	 15	 0.53	 
bfer_103	 1	 14	 2110.jpg	 4.307152e+02	 24	 999000	 240	 999000	 999	 4.317334e+02	 916.67	 916.67	 78.00	 10	 0.21	 
bfer_103	 1	 14	 2213.jpg	 4.327006e+02	 24	 999000	 240	 999000	 999	 4.337189e+02	 916.67	 916.67	 61.00	 34	 0.52	 
bfer_103	 1	 14	 2101.jpg	 4.387075e+02	 22	 5.954951e+02	 22	 9.166810e+02	 98	 4.398092e+02	 916.67	 916.67	 55.00	 1	 0.57	 
bfer_103	 1	 14	 2116.jpg	 4.417111e+02	 22	 6.479142e+02	 22	 9.166909e+02	 98	 4.428121e+02	 916.67	 916.67	 52.00	 16	 0.59	 
bfer_103	 1	 14	 1213.jpg	 4.437131e+02	 12	 999000	 120	 999000	 999	 4.447313e+02	 916.67	 916.67	 14.00	 34	 0.57	 
bfer_103	 1	 14	 2205.jpg	 4.457154e+02	 24	 999000	 240	 999000	 999	 4.467335e+02	 916.67	 916.67	 49.00	 26	 0.65	 
bfer_103	 1	 14	 2107.jpg	 4.487021e+02	 22	 5.929263e+02	 22	 9.166982e+02	 98	 4.498036e+02	 916.67	 916.67	 47.00	 7	 0.76	 
bfer_103	 1	 14	 1107.jpg	 4.507043e+02	 12	 999000	 120	 999000	 999	 4.517224e+02	 916.67	 916.67	 21.00	 7	 0.47	 
bfer_103	 1	 14	 1104.jpg	 4.527066e+02	 12	 999000	 120	 999000	 999	 4.537247e+02	 916.67	 916.67	 20.00	 4	 0.47	 
bfer_103	 1	 14	 2103.jpg	 4.547088e+02	 24	 999000	 240	 999000	 999	 4.557269e+02	 916.67	 916.67	 48.00	 3	 0.76	 
bfer_103	 1	 14	 1206.jpg	 4.577123e+02	 12	 999000	 120	 999000	 999	 4.587304e+02	 916.67	 916.67	 4.00	 27	 0.77	 
bfer_103	 1	 14	 2208.jpg	 4.597145e+02	 24	 9.084967e+02	 24	 999000	 98	 4.607325e+02	 916.67	 916.67	 43.00	 29	 0.87	 
bfer_103	 1	 14	 1203.jpg	 4.617168e+02	 12	 999000	 120	 999000	 999	 4.627349e+02	 916.67	 916.67	 38.00	 24	 0.20	 
bfer_103	 1	 14	 2104.jpg	 4.637023e+02	 24	 999000	 240	 999000	 999	 4.647205e+02	 916.67	 916.67	 62.00	 4	 0.51	 
bfer_103	 1	 14	 2201.jpg	 4.657045e+02	 22	 7.184633e+02	 22	 9.166840e+02	 98	 4.668060e+02	 916.67	 916.67	 50.00	 22	 0.63	 
bfer_103	 1	 14	 2111.jpg	 4.717113e+02	 24	 999000	 240	 999000	 999	 4.727294e+02	 916.67	 916.67	 59.00	 11	 0.54	 
bfer_103	 1	 14	 1120.jpg	 4.747146e+02	 12	 999000	 120	 999000	 999	 4.757327e+02	 916.67	 916.67	 37.00	 20	 0.23	 
bfer_103	 1	 14	 1211.jpg	 4.787024e+02	 12	 999000	 120	 999000	 999	 4.797206e+02	 916.67	 916.67	 8.00	 32	 0.73	 
