subjectID	 order	 runNum	 itemName	 onsetTime	 shuff_trialType	 RT	 respInTime	 AudioTime	 response	 fixationTime	 ladder1	 ladder2	 bidIndex	 itemNameIndex	 bidValue	 
bfer_103	 1	 2	 2107.jpg	 1.312949e+02	 22	 1.135635e+03	 2200	 7.166792e+02	 98	 1.323133e+02	 716.67	 666.67	 47.00	 7	 0.76	 
bfer_103	 1	 2	 2112.jpg	 1.342986e+02	 24	 999000	 240	 999000	 999	 1.353168e+02	 716.67	 666.67	 77.00	 12	 0.22	 
bfer_103	 1	 2	 2116.jpg	 1.382862e+02	 22	 8.562943e+02	 220	 6.666876e+02	 98	 1.393045e+02	 716.67	 683.33	 52.00	 16	 0.59	 
bfer_103	 1	 2	 1101.jpg	 1.402886e+02	 11	 6.138991e+02	 11	 7.166814e+02	 98	 1.413068e+02	 733.33	 683.33	 15.00	 1	 0.56	 
bfer_103	 1	 2	 1121.jpg	 1.422909e+02	 12	 999000	 120	 999000	 999	 1.433091e+02	 733.33	 683.33	 3.00	 21	 0.78	 
bfer_103	 1	 2	 1206.jpg	 1.462954e+02	 12	 999000	 120	 999000	 999	 1.473136e+02	 733.33	 683.33	 4.00	 27	 0.77	 
bfer_103	 1	 2	 1218.jpg	 1.482976e+02	 12	 999000	 120	 999000	 999	 1.493158e+02	 733.33	 683.33	 16.00	 39	 0.55	 
bfer_103	 1	 2	 1204.jpg	 1.532864e+02	 12	 999000	 120	 999000	 999	 1.543047e+02	 733.33	 683.33	 19.00	 25	 0.53	 
bfer_103	 1	 2	 1103.jpg	 1.552888e+02	 12	 999000	 120	 999000	 999	 1.563069e+02	 733.33	 683.33	 11.00	 3	 0.64	 
bfer_103	 1	 2	 2208.jpg	 1.582922e+02	 24	 999000	 240	 999000	 999	 1.593103e+02	 733.33	 683.33	 43.00	 29	 0.87	 
bfer_103	 1	 2	 1120.jpg	 1.612956e+02	 12	 999000	 120	 999000	 999	 1.623136e+02	 733.33	 683.33	 37.00	 20	 0.23	 
bfer_103	 1	 2	 2118.jpg	 1.653001e+02	 24	 999000	 240	 999000	 999	 1.663182e+02	 733.33	 683.33	 54.00	 18	 0.58	 
bfer_103	 1	 2	 2117.jpg	 1.682865e+02	 24	 999000	 240	 999000	 999	 1.693049e+02	 733.33	 683.33	 56.00	 17	 0.56	 
bfer_103	 1	 2	 1214.jpg	 1.702890e+02	 11	 9.335011e+02	 110	 7.333582e+02	 98	 1.713072e+02	 750.00	 683.33	 10.00	 35	 0.66	 
bfer_103	 1	 2	 2110.jpg	 1.732924e+02	 24	 999000	 240	 999000	 999	 1.743106e+02	 750.00	 683.33	 78.00	 10	 0.21	 
bfer_103	 1	 2	 2121.jpg	 1.772970e+02	 22	 9.815395e+02	 220	 6.833667e+02	 98	 1.783151e+02	 750.00	 700.00	 53.00	 21	 0.58	 
bfer_103	 1	 2	 2207.jpg	 1.803003e+02	 24	 999000	 240	 999000	 999	 1.813183e+02	 750.00	 700.00	 60.00	 28	 0.52	 
bfer_103	 1	 2	 1105.jpg	 1.822856e+02	 12	 999000	 120	 999000	 999	 1.833039e+02	 750.00	 700.00	 22.00	 5	 0.45	 
bfer_103	 1	 2	 1203.jpg	 1.842881e+02	 12	 999000	 120	 999000	 999	 1.853062e+02	 750.00	 700.00	 38.00	 24	 0.20	 
bfer_103	 1	 2	 2115.jpg	 1.892938e+02	 24	 999000	 240	 999000	 999	 1.903118e+02	 750.00	 700.00	 57.00	 15	 0.56	 
bfer_103	 1	 2	 1118.jpg	 1.932982e+02	 11	 1.052348e+03	 1100	 7.500283e+02	 98	 1.943162e+02	 700.00	 700.00	 12.00	 18	 0.59	 
bfer_103	 1	 2	 1104.jpg	 1.973027e+02	 12	 999000	 120	 999000	 999	 1.983208e+02	 700.00	 700.00	 20.00	 4	 0.47	 
bfer_103	 1	 2	 2205.jpg	 2.032927e+02	 24	 999000	 240	 999000	 999	 2.043109e+02	 700.00	 700.00	 49.00	 26	 0.65	 
bfer_103	 1	 2	 1201.jpg	 2.052950e+02	 11	 1.127469e+03	 1100	 7.000283e+02	 98	 2.063130e+02	 650.00	 700.00	 7.00	 22	 0.74	 
bfer_103	 1	 2	 2103.jpg	 2.072972e+02	 24	 999000	 240	 999000	 999	 2.083155e+02	 650.00	 700.00	 48.00	 3	 0.76	 
bfer_103	 1	 2	 1115.jpg	 2.092995e+02	 11	 9.550190e+02	 110	 6.500156e+02	 98	 2.103176e+02	 666.67	 700.00	 18.00	 15	 0.53	 
bfer_103	 1	 2	 1216.jpg	 2.113017e+02	 12	 999000	 120	 999000	 999	 2.123199e+02	 666.67	 700.00	 9.00	 37	 0.68	 
bfer_103	 1	 2	 1211.jpg	 2.152896e+02	 12	 999000	 120	 999000	 999	 2.163076e+02	 666.67	 700.00	 8.00	 32	 0.73	 
bfer_103	 1	 2	 2218.jpg	 2.172917e+02	 24	 999000	 240	 999000	 999	 2.183099e+02	 666.67	 700.00	 51.00	 39	 0.61	 
bfer_103	 1	 2	 1213.jpg	 2.212979e+02	 12	 999000	 120	 999000	 999	 2.223144e+02	 666.67	 700.00	 14.00	 34	 0.57	 
bfer_103	 1	 2	 2104.jpg	 2.232985e+02	 24	 999000	 240	 999000	 999	 2.243167e+02	 666.67	 700.00	 62.00	 4	 0.51	 
bfer_103	 1	 2	 2213.jpg	 2.253008e+02	 24	 999000	 240	 999000	 999	 2.263190e+02	 666.67	 700.00	 61.00	 34	 0.52	 
bfer_103	 1	 2	 2217.jpg	 2.272862e+02	 24	 999000	 240	 999000	 999	 2.283045e+02	 666.67	 700.00	 44.00	 38	 0.85	 
bfer_103	 1	 2	 2101.jpg	 2.322920e+02	 22	 1.082544e+03	 2200	 7.000207e+02	 98	 2.333100e+02	 666.67	 650.00	 55.00	 1	 0.57	 
bfer_103	 1	 2	 2202.jpg	 2.342944e+02	 22	 999000	 2	 6.500257e+02	 999	 2.353124e+02	 666.67	 600.00	 58.00	 23	 0.55	 
bfer_103	 1	 2	 2201.jpg	 2.362966e+02	 22	 1.005990e+03	 2200	 6.000269e+02	 98	 2.373157e+02	 666.67	 550.00	 50.00	 22	 0.63	 
bfer_103	 1	 2	 1107.jpg	 2.393000e+02	 12	 999000	 120	 999000	 999	 2.403180e+02	 666.67	 550.00	 21.00	 7	 0.47	 
bfer_103	 1	 2	 1207.jpg	 2.462910e+02	 12	 999000	 120	 999000	 999	 2.473092e+02	 666.67	 550.00	 17.00	 28	 0.54	 
bfer_103	 1	 2	 1209.jpg	 2.502956e+02	 11	 1.158944e+03	 1100	 6.666921e+02	 98	 2.513138e+02	 616.67	 550.00	 13.00	 30	 0.57	 
bfer_103	 1	 2	 2111.jpg	 2.572864e+02	 24	 999000	 240	 999000	 999	 2.583048e+02	 616.67	 550.00	 59.00	 11	 0.54	 
