subjectID	 order	 runNum	 itemName	 onsetTime	 shuff_trialType	 RT	 respInTime	 AudioTime	 response	 fixationTime	 ladder1	 ladder2	 bidIndex	 itemNameIndex	 bidValue	 
bfer_158	 2	 8	 2204.jpg	 9.793830e+02	 24	 999000	 240	 999000	 999	 9.804012e+02	 316.67	 16.67	 55.00	 25	 0.64	 
bfer_158	 2	 8	 2111.jpg	 9.843721e+02	 24	 999000	 240	 999000	 999	 9.853900e+02	 316.67	 16.67	 77.00	 11	 0.35	 
bfer_158	 2	 8	 2109.jpg	 9.863742e+02	 24	 999000	 240	 999000	 999	 9.873924e+02	 316.67	 16.67	 47.00	 9	 0.78	 
bfer_158	 2	 8	 2103.jpg	 9.883765e+02	 22	 6.221016e+02	 220	 1.669372e+01	 98	 9.893946e+02	 316.67	 33.33	 54.00	 3	 0.65	 
bfer_158	 2	 8	 1110.jpg	 9.943833e+02	 12	 999000	 120	 999000	 999	 9.954013e+02	 316.67	 33.33	 18.00	 10	 0.57	 
bfer_158	 2	 8	 1213.jpg	 9.963855e+02	 12	 999000	 120	 999000	 999	 9.974036e+02	 316.67	 33.33	 13.00	 34	 0.62	 
bfer_158	 2	 8	 1103.jpg	 9.993722e+02	 12	 999000	 120	 999000	 999	 1.000390e+03	 316.67	 33.33	 3.00	 3	 0.77	 
bfer_158	 2	 8	 1205.jpg	 1.001375e+03	 12	 999000	 120	 999000	 999	 1.002392e+03	 316.67	 33.33	 19.00	 26	 0.55	 
bfer_158	 2	 8	 2102.jpg	 1.005379e+03	 24	 999000	 240	 999000	 999	 1.006397e+03	 316.67	 33.33	 53.00	 2	 0.65	 
bfer_158	 2	 8	 1105.jpg	 1.007381e+03	 12	 999000	 120	 999000	 999	 1.008399e+03	 316.67	 33.33	 12.00	 5	 0.62	 
bfer_158	 2	 8	 2206.jpg	 1.012387e+03	 24	 999000	 240	 999000	 999	 1.013405e+03	 316.67	 33.33	 43.00	 27	 0.85	 
bfer_158	 2	 8	 1201.jpg	 1.019378e+03	 11	 8.047028e+02	 110	 3.166839e+02	 98	 1.020396e+03	 333.33	 33.33	 8.00	 22	 0.66	 
bfer_158	 2	 8	 1219.jpg	 1.021380e+03	 11	 8.903717e+02	 110	 3.333459e+02	 98	 1.022398e+03	 350.00	 33.33	 14.00	 40	 0.59	 
bfer_158	 2	 8	 1203.jpg	 1.024384e+03	 11	 999000	 1	 3.500133e+02	 999	 1.025402e+03	 300.00	 33.33	 9.00	 24	 0.65	 
bfer_158	 2	 8	 1209.jpg	 1.027387e+03	 12	 999000	 120	 999000	 999	 1.028405e+03	 300.00	 33.33	 37.00	 30	 0.24	 
bfer_158	 2	 8	 1214.jpg	 1.031375e+03	 12	 999000	 120	 999000	 999	 1.032393e+03	 300.00	 33.33	 4.00	 35	 0.76	 
bfer_158	 2	 8	 1114.jpg	 1.035379e+03	 12	 999000	 120	 999000	 999	 1.036397e+03	 300.00	 33.33	 38.00	 14	 0.24	 
bfer_158	 2	 8	 2202.jpg	 1.039384e+03	 24	 999000	 240	 999000	 999	 1.040402e+03	 300.00	 33.33	 62.00	 23	 0.52	 
bfer_158	 2	 8	 2101.jpg	 1.042387e+03	 22	 3.795563e+02	 220	 3.334843e+01	 98	 1.043405e+03	 300.00	 50.00	 57.00	 1	 0.59	 
bfer_158	 2	 8	 1218.jpg	 1.048377e+03	 12	 999000	 120	 999000	 999	 1.049395e+03	 300.00	 50.00	 10.00	 39	 0.63	 
bfer_158	 2	 8	 1211.jpg	 1.050379e+03	 12	 999000	 120	 999000	 999	 1.051397e+03	 300.00	 50.00	 20.00	 32	 0.55	 
bfer_158	 2	 8	 2214.jpg	 1.053383e+03	 24	 999000	 240	 999000	 999	 1.054401e+03	 300.00	 50.00	 58.00	 35	 0.59	 
bfer_158	 2	 8	 2105.jpg	 1.055385e+03	 24	 999000	 240	 999000	 999	 1.056403e+03	 300.00	 50.00	 52.00	 5	 0.66	 
bfer_158	 2	 8	 2114.jpg	 1.057387e+03	 24	 999000	 240	 999000	 999	 1.058405e+03	 300.00	 50.00	 61.00	 14	 0.52	 
bfer_158	 2	 8	 1204.jpg	 1.059373e+03	 12	 999000	 120	 999000	 999	 1.060391e+03	 300.00	 50.00	 15.00	 25	 0.58	 
bfer_158	 2	 8	 1111.jpg	 1.062376e+03	 11	 6.223280e+02	 110	 3.000246e+02	 98	 1.063394e+03	 316.67	 50.00	 17.00	 11	 0.58	 
bfer_158	 2	 8	 1117.jpg	 1.066381e+03	 12	 999000	 120	 999000	 999	 1.067399e+03	 316.67	 50.00	 7.00	 17	 0.70	 
bfer_158	 2	 8	 2104.jpg	 1.068383e+03	 24	 999000	 240	 999000	 999	 1.069401e+03	 316.67	 50.00	 59.00	 4	 0.57	 
bfer_158	 2	 8	 1121.jpg	 1.070385e+03	 11	 1.429416e+03	 1100	 3.166903e+02	 98	 1.071403e+03	 266.67	 50.00	 16.00	 21	 0.58	 
bfer_158	 2	 8	 2216.jpg	 1.072387e+03	 22	 4.911362e+02	 220	 5.001517e+01	 98	 1.073406e+03	 266.67	 66.67	 49.00	 37	 0.68	 
bfer_158	 2	 8	 1101.jpg	 1.074373e+03	 11	 6.735596e+02	 110	 2.667065e+02	 98	 1.075391e+03	 283.33	 66.67	 11.00	 1	 0.63	 
bfer_158	 2	 8	 1208.jpg	 1.076375e+03	 12	 999000	 120	 999000	 999	 1.077393e+03	 283.33	 66.67	 22.00	 29	 0.55	 
bfer_158	 2	 8	 2205.jpg	 1.080380e+03	 22	 3.388154e+02	 220	 6.669185e+01	 98	 1.081398e+03	 283.33	 83.33	 56.00	 26	 0.62	 
bfer_158	 2	 8	 1207.jpg	 1.084384e+03	 12	 999000	 120	 999000	 999	 1.085402e+03	 283.33	 83.33	 21.00	 28	 0.55	 
bfer_158	 2	 8	 2120.jpg	 1.086387e+03	 24	 999000	 240	 999000	 999	 1.087405e+03	 283.33	 83.33	 78.00	 20	 0.27	 
bfer_158	 2	 8	 2113.jpg	 1.088372e+03	 24	 999000	 240	 999000	 999	 1.089390e+03	 283.33	 83.33	 60.00	 13	 0.54	 
bfer_158	 2	 8	 2121.jpg	 1.090374e+03	 22	 3.362846e+02	 220	 8.335935e+01	 98	 1.091392e+03	 283.33	 100.00	 48.00	 21	 0.74	 
bfer_158	 2	 8	 2211.jpg	 1.092377e+03	 24	 999000	 240	 999000	 999	 1.093395e+03	 283.33	 100.00	 50.00	 32	 0.68	 
bfer_158	 2	 8	 2203.jpg	 1.098383e+03	 24	 999000	 240	 999000	 999	 1.099401e+03	 283.33	 100.00	 44.00	 24	 0.82	 
bfer_158	 2	 8	 2117.jpg	 1.100386e+03	 22	 1.181086e+03	 2200	 1.000139e+02	 98	 1.101404e+03	 283.33	 50.00	 51.00	 17	 0.67	 
