subjectID	 order	 runNum	 itemName	 onsetTime	 shuff_trialType	 RT	 respInTime	 AudioTime	 response	 fixationTime	 ladder1	 ladder2	 bidIndex	 itemNameIndex	 bidValue	 
bfer_154	 2	 20	 2216.jpg	 1.105083e+03	 22	 8.441417e+02	 220	 6.500170e+02	 98	 1.106100e+03	 716.67	 666.67	 51.00	 37	 0.67	 
bfer_154	 2	 20	 1102.jpg	 1.108086e+03	 12	 999000	 120	 999000	 999	 1.109104e+03	 716.67	 666.67	 15.00	 2	 0.55	 
bfer_154	 2	 20	 1210.jpg	 1.112074e+03	 12	 999000	 120	 999000	 999	 1.113092e+03	 716.67	 666.67	 22.00	 31	 0.46	 
bfer_154	 2	 20	 2121.jpg	 1.114076e+03	 22	 8.027592e+02	 220	 6.666819e+02	 98	 1.115094e+03	 716.67	 683.33	 49.00	 21	 0.69	 
bfer_154	 2	 20	 1215.jpg	 1.116078e+03	 11	 9.924669e+02	 110	 7.167131e+02	 98	 1.117096e+03	 733.33	 683.33	 8.00	 36	 0.69	 
bfer_154	 2	 20	 2219.jpg	 1.120083e+03	 24	 8.838751e+02	 24	 999000	 98	 1.121101e+03	 733.33	 683.33	 59.00	 40	 0.53	 
bfer_154	 2	 20	 1110.jpg	 1.122085e+03	 12	 999000	 120	 999000	 999	 1.123103e+03	 733.33	 683.33	 19.00	 10	 0.50	 
bfer_154	 2	 20	 2205.jpg	 1.127074e+03	 24	 999000	 240	 999000	 999	 1.128092e+03	 733.33	 683.33	 60.00	 26	 0.53	 
bfer_154	 2	 20	 1218.jpg	 1.129076e+03	 12	 999000	 120	 999000	 999	 1.130094e+03	 733.33	 683.33	 21.00	 39	 0.47	 
bfer_154	 2	 20	 2201.jpg	 1.132080e+03	 24	 999000	 240	 999000	 999	 1.133097e+03	 733.33	 683.33	 44.00	 22	 0.83	 
bfer_154	 2	 20	 1201.jpg	 1.135083e+03	 11	 9.957722e+02	 110	 7.333616e+02	 98	 1.136101e+03	 750.00	 683.33	 9.00	 22	 0.69	 
bfer_154	 2	 20	 1103.jpg	 1.139071e+03	 12	 999000	 120	 999000	 999	 1.140089e+03	 750.00	 683.33	 3.00	 3	 0.82	 
bfer_154	 2	 20	 1203.jpg	 1.142074e+03	 11	 1.116621e+03	 1100	 7.500263e+02	 98	 1.143092e+03	 700.00	 683.33	 11.00	 24	 0.66	 
bfer_154	 2	 20	 2212.jpg	 1.144077e+03	 22	 8.503397e+02	 220	 6.833582e+02	 98	 1.145094e+03	 700.00	 700.00	 56.00	 33	 0.56	 
bfer_154	 2	 20	 2110.jpg	 1.147080e+03	 22	 8.709733e+02	 220	 7.000225e+02	 98	 1.148098e+03	 700.00	 716.67	 48.00	 10	 0.69	 
bfer_154	 2	 20	 2111.jpg	 1.151085e+03	 22	 9.622955e+02	 220	 7.166896e+02	 98	 1.152102e+03	 700.00	 733.33	 54.00	 11	 0.60	 
bfer_154	 2	 20	 1216.jpg	 1.154071e+03	 12	 6.638197e+02	 12	 999000	 98	 1.155089e+03	 700.00	 733.33	 4.00	 37	 0.80	 
bfer_154	 2	 20	 2105.jpg	 1.156073e+03	 24	 999000	 240	 999000	 999	 1.157091e+03	 700.00	 733.33	 58.00	 5	 0.55	 
bfer_154	 2	 20	 2211.jpg	 1.158076e+03	 24	 999000	 240	 999000	 999	 1.159093e+03	 700.00	 733.33	 52.00	 32	 0.64	 
bfer_154	 2	 20	 1207.jpg	 1.163081e+03	 12	 999000	 120	 999000	 999	 1.164099e+03	 700.00	 733.33	 12.00	 28	 0.60	 
bfer_154	 2	 20	 1212.jpg	 1.167086e+03	 12	 999000	 120	 999000	 999	 1.168103e+03	 700.00	 733.33	 20.00	 33	 0.47	 
bfer_154	 2	 20	 2109.jpg	 1.171073e+03	 24	 999000	 240	 999000	 999	 1.172091e+03	 700.00	 733.33	 53.00	 9	 0.63	 
bfer_154	 2	 20	 2107.jpg	 1.177080e+03	 24	 999000	 240	 999000	 999	 1.178098e+03	 700.00	 733.33	 55.00	 7	 0.57	 
bfer_154	 2	 20	 1106.jpg	 1.179083e+03	 11	 9.723392e+02	 110	 7.000179e+02	 98	 1.180100e+03	 716.67	 733.33	 16.00	 6	 0.54	 
bfer_154	 2	 20	 2106.jpg	 1.181085e+03	 24	 999000	 240	 999000	 999	 1.182103e+03	 716.67	 733.33	 43.00	 6	 0.85	 
bfer_154	 2	 20	 2207.jpg	 1.183088e+03	 24	 999000	 240	 999000	 999	 1.184105e+03	 716.67	 733.33	 50.00	 28	 0.68	 
bfer_154	 2	 20	 1111.jpg	 1.185073e+03	 12	 999000	 120	 999000	 999	 1.186090e+03	 716.67	 733.33	 13.00	 11	 0.59	 
bfer_154	 2	 20	 1107.jpg	 1.189077e+03	 11	 1.113760e+03	 1100	 7.166878e+02	 98	 1.190095e+03	 666.67	 733.33	 14.00	 7	 0.57	 
bfer_154	 2	 20	 2114.jpg	 1.191079e+03	 22	 1.167526e+03	 2200	 7.333573e+02	 98	 1.192097e+03	 666.67	 683.33	 57.00	 14	 0.56	 
bfer_154	 2	 20	 1120.jpg	 1.195084e+03	 12	 999000	 120	 999000	 999	 1.196102e+03	 666.67	 683.33	 38.00	 20	 0.16	 
bfer_154	 2	 20	 1205.jpg	 1.197086e+03	 12	 999000	 120	 999000	 999	 1.198104e+03	 666.67	 683.33	 10.00	 26	 0.67	 
bfer_154	 2	 20	 1112.jpg	 1.199071e+03	 12	 999000	 120	 999000	 999	 1.200089e+03	 666.67	 683.33	 37.00	 12	 0.20	 
bfer_154	 2	 20	 1121.jpg	 1.201074e+03	 11	 1.004960e+03	 1100	 6.666923e+02	 98	 1.202092e+03	 616.67	 683.33	 17.00	 21	 0.53	 
bfer_154	 2	 20	 1219.jpg	 1.206080e+03	 12	 999000	 120	 999000	 999	 1.207097e+03	 616.67	 683.33	 7.00	 40	 0.77	 
bfer_154	 2	 20	 2104.jpg	 1.208082e+03	 24	 999000	 240	 999000	 999	 1.209100e+03	 616.67	 683.33	 61.00	 4	 0.53	 
bfer_154	 2	 20	 2214.jpg	 1.210084e+03	 24	 999000	 240	 999000	 999	 1.211102e+03	 616.67	 683.33	 47.00	 35	 0.72	 
bfer_154	 2	 20	 2108.jpg	 1.213070e+03	 24	 999000	 240	 999000	 999	 1.214088e+03	 616.67	 683.33	 77.00	 8	 0.22	 
bfer_154	 2	 20	 2115.jpg	 1.220079e+03	 24	 999000	 240	 999000	 999	 1.221096e+03	 616.67	 683.33	 62.00	 15	 0.45	 
bfer_154	 2	 20	 2117.jpg	 1.224083e+03	 24	 999000	 240	 999000	 999	 1.225101e+03	 616.67	 683.33	 78.00	 17	 0.20	 
bfer_154	 2	 20	 1214.jpg	 1.231074e+03	 12	 999000	 120	 999000	 999	 1.232092e+03	 616.67	 683.33	 18.00	 35	 0.50	 
