subjectID	 order	 runNum	 itemName	 onsetTime	 shuff_trialType	 RT	 respInTime	 AudioTime	 response	 fixationTime	 ladder1	 ladder2	 bidIndex	 itemNameIndex	 bidValue	 
bfer_126	 2	 9	 1105.jpg	 9.834050e+02	 12	 999000	 120	 999000	 999	 9.844235e+02	 816.67	 816.67	 37.00	 5	 0.22	 
bfer_126	 2	 9	 2209.jpg	 9.854076e+02	 24	 999000	 240	 999000	 999	 9.864257e+02	 816.67	 816.67	 44.00	 30	 0.82	 
bfer_126	 2	 9	 1215.jpg	 9.893951e+02	 11	 1.059597e+03	 1100	 8.166830e+02	 98	 9.904135e+02	 766.67	 816.67	 8.00	 36	 0.67	 
bfer_126	 2	 9	 1210.jpg	 9.923988e+02	 12	 999000	 120	 999000	 999	 9.934170e+02	 766.67	 816.67	 38.00	 31	 0.20	 
bfer_126	 2	 9	 1102.jpg	 9.944010e+02	 12	 999000	 120	 999000	 999	 9.954193e+02	 766.67	 816.67	 19.00	 2	 0.55	 
bfer_126	 2	 9	 1214.jpg	 9.974045e+02	 12	 999000	 120	 999000	 999	 9.984225e+02	 766.67	 816.67	 4.00	 35	 0.74	 
bfer_126	 2	 9	 1217.jpg	 1.001409e+03	 12	 999000	 120	 999000	 999	 1.002427e+03	 766.67	 816.67	 20.00	 38	 0.52	 
bfer_126	 2	 9	 2218.jpg	 1.005397e+03	 24	 999000	 240	 999000	 999	 1.006415e+03	 766.67	 816.67	 50.00	 39	 0.70	 
bfer_126	 2	 9	 2211.jpg	 1.007399e+03	 22	 1.079713e+03	 2200	 8.166866e+02	 98	 1.008417e+03	 766.67	 766.67	 48.00	 32	 0.72	 
bfer_126	 2	 9	 1107.jpg	 1.012405e+03	 11	 7.940957e+02	 110	 7.666830e+02	 98	 1.013423e+03	 783.33	 766.67	 14.00	 7	 0.58	 
bfer_126	 2	 9	 1115.jpg	 1.014407e+03	 12	 999000	 120	 999000	 999	 1.015425e+03	 783.33	 766.67	 22.00	 15	 0.48	 
bfer_126	 2	 9	 2110.jpg	 1.016409e+03	 22	 5.896661e+02	 22	 7.666847e+02	 98	 1.017427e+03	 783.33	 783.33	 54.00	 10	 0.60	 
bfer_126	 2	 9	 2205.jpg	 1.022399e+03	 24	 999000	 240	 999000	 999	 1.023417e+03	 783.33	 783.33	 59.00	 26	 0.51	 
bfer_126	 2	 9	 2109.jpg	 1.024401e+03	 24	 999000	 240	 999000	 999	 1.025420e+03	 783.33	 783.33	 52.00	 9	 0.66	 
bfer_126	 2	 9	 1119.jpg	 1.026404e+03	 12	 999000	 120	 999000	 999	 1.027422e+03	 783.33	 783.33	 21.00	 19	 0.51	 
bfer_126	 2	 9	 2208.jpg	 1.028406e+03	 24	 999000	 240	 999000	 999	 1.029424e+03	 783.33	 783.33	 62.00	 29	 0.47	 
bfer_126	 2	 9	 1209.jpg	 1.032410e+03	 12	 999000	 120	 999000	 999	 1.033428e+03	 783.33	 783.33	 12.00	 30	 0.59	 
bfer_126	 2	 9	 2206.jpg	 1.036398e+03	 24	 999000	 240	 999000	 999	 1.037416e+03	 783.33	 783.33	 43.00	 27	 0.86	 
bfer_126	 2	 9	 1109.jpg	 1.039402e+03	 12	 999000	 120	 999000	 999	 1.040420e+03	 783.33	 783.33	 7.00	 9	 0.67	 
bfer_126	 2	 9	 1202.jpg	 1.043406e+03	 12	 999000	 120	 999000	 999	 1.044424e+03	 783.33	 783.33	 18.00	 23	 0.56	 
bfer_126	 2	 9	 2111.jpg	 1.046409e+03	 24	 999000	 240	 999000	 999	 1.047428e+03	 783.33	 783.33	 53.00	 11	 0.64	 
bfer_126	 2	 9	 1218.jpg	 1.048412e+03	 11	 1.091087e+03	 1100	 7.833520e+02	 98	 1.049430e+03	 733.33	 783.33	 11.00	 39	 0.62	 
bfer_126	 2	 9	 2107.jpg	 1.052400e+03	 22	 7.191704e+02	 22	 7.833483e+02	 98	 1.053418e+03	 733.33	 800.00	 51.00	 7	 0.68	 
bfer_126	 2	 9	 2212.jpg	 1.054402e+03	 24	 999000	 240	 999000	 999	 1.055420e+03	 733.33	 800.00	 78.00	 33	 0.22	 
bfer_126	 2	 9	 2101.jpg	 1.056404e+03	 24	 999000	 240	 999000	 999	 1.057422e+03	 733.33	 800.00	 58.00	 1	 0.57	 
bfer_126	 2	 9	 1113.jpg	 1.060408e+03	 12	 999000	 120	 999000	 999	 1.061427e+03	 733.33	 800.00	 15.00	 13	 0.58	 
bfer_126	 2	 9	 2104.jpg	 1.062411e+03	 24	 999000	 240	 999000	 999	 1.063429e+03	 733.33	 800.00	 61.00	 4	 0.48	 
bfer_126	 2	 9	 2204.jpg	 1.066398e+03	 24	 999000	 240	 999000	 999	 1.067417e+03	 733.33	 800.00	 60.00	 25	 0.50	 
bfer_126	 2	 9	 2202.jpg	 1.070403e+03	 22	 1.011766e+03	 2200	 8.000250e+02	 98	 1.071421e+03	 733.33	 750.00	 57.00	 23	 0.58	 
bfer_126	 2	 9	 1208.jpg	 1.073406e+03	 12	 999000	 120	 999000	 999	 1.074424e+03	 733.33	 750.00	 10.00	 29	 0.63	 
bfer_126	 2	 9	 1216.jpg	 1.079396e+03	 11	 5.143139e+02	 11	 7.333575e+02	 98	 1.080415e+03	 750.00	 750.00	 9.00	 37	 0.66	 
bfer_126	 2	 9	 2219.jpg	 1.081399e+03	 24	 999000	 240	 999000	 999	 1.082417e+03	 750.00	 750.00	 55.00	 40	 0.60	 
bfer_126	 2	 9	 1103.jpg	 1.085403e+03	 12	 5.876358e+02	 12	 999000	 98	 1.086421e+03	 750.00	 750.00	 3.00	 3	 0.75	 
bfer_126	 2	 9	 2201.jpg	 1.087405e+03	 22	 8.173079e+02	 220	 7.500244e+02	 98	 1.088423e+03	 750.00	 766.67	 56.00	 22	 0.58	 
bfer_126	 2	 9	 2103.jpg	 1.089408e+03	 22	 9.350578e+02	 220	 7.666942e+02	 98	 1.090426e+03	 750.00	 783.33	 49.00	 3	 0.72	 
bfer_126	 2	 9	 1120.jpg	 1.091410e+03	 12	 999000	 120	 999000	 999	 1.092428e+03	 750.00	 783.33	 13.00	 20	 0.59	 
bfer_126	 2	 9	 2216.jpg	 1.096399e+03	 24	 7.599306e+02	 24	 999000	 98	 1.097417e+03	 750.00	 783.33	 47.00	 37	 0.75	 
bfer_126	 2	 9	 1106.jpg	 1.098401e+03	 11	 9.257336e+02	 110	 7.500268e+02	 98	 1.099419e+03	 766.67	 783.33	 16.00	 6	 0.57	 
bfer_126	 2	 9	 2117.jpg	 1.100403e+03	 24	 999000	 240	 999000	 999	 1.101421e+03	 766.67	 783.33	 77.00	 17	 0.24	 
bfer_126	 2	 9	 1212.jpg	 1.103407e+03	 11	 9.360731e+02	 110	 7.666815e+02	 98	 1.104425e+03	 783.33	 783.33	 17.00	 33	 0.57	 
