subjectID	 order	 runNum	 itemName	 onsetTime	 shuff_trialType	 RT	 respInTime	 AudioTime	 response	 fixationTime	 ladder1	 ladder2	 bidIndex	 itemNameIndex	 bidValue	 
bfer_167	 1	 12	 1206.jpg	 1.312610e+02	 12	 999000	 120	 999000	 999	 1.322793e+02	 716.67	 583.33	 20.00	 27	 0.48	 
bfer_167	 1	 12	 2206.jpg	 1.362668e+02	 22	 9.400418e+02	 220	 5.833562e+02	 98	 1.372850e+02	 716.67	 600.00	 50.00	 27	 0.63	 
bfer_167	 1	 12	 2114.jpg	 1.382692e+02	 24	 999000	 240	 999000	 999	 1.392872e+02	 716.67	 600.00	 56.00	 14	 0.60	 
bfer_167	 1	 12	 2213.jpg	 1.402545e+02	 24	 999000	 240	 999000	 999	 1.412728e+02	 716.67	 600.00	 44.00	 34	 0.73	 
bfer_167	 1	 12	 2109.jpg	 1.462614e+02	 24	 999000	 240	 999000	 999	 1.472796e+02	 716.67	 600.00	 48.00	 9	 0.64	 
bfer_167	 1	 12	 1205.jpg	 1.482637e+02	 11	 9.992264e+02	 110	 7.166831e+02	 98	 1.492818e+02	 733.33	 600.00	 7.00	 26	 0.67	 
bfer_167	 1	 12	 2121.jpg	 1.512671e+02	 24	 999000	 240	 999000	 999	 1.522852e+02	 733.33	 600.00	 43.00	 21	 0.73	 
bfer_167	 1	 12	 1117.jpg	 1.532695e+02	 12	 999000	 120	 999000	 999	 1.542875e+02	 733.33	 600.00	 38.00	 17	 0.25	 
bfer_167	 1	 12	 1219.jpg	 1.572571e+02	 12	 999000	 120	 999000	 999	 1.582753e+02	 733.33	 600.00	 11.00	 40	 0.63	 
bfer_167	 1	 12	 1115.jpg	 1.592593e+02	 12	 999000	 120	 999000	 999	 1.602775e+02	 733.33	 600.00	 14.00	 15	 0.59	 
bfer_167	 1	 12	 2107.jpg	 1.642649e+02	 22	 8.379413e+02	 220	 6.000179e+02	 98	 1.652831e+02	 733.33	 616.67	 53.00	 7	 0.61	 
bfer_167	 1	 12	 1216.jpg	 1.712559e+02	 12	 999000	 120	 999000	 999	 1.722744e+02	 733.33	 616.67	 17.00	 37	 0.53	 
bfer_167	 1	 12	 1104.jpg	 1.732584e+02	 12	 999000	 120	 999000	 999	 1.742765e+02	 733.33	 616.67	 19.00	 4	 0.49	 
bfer_167	 1	 12	 1113.jpg	 1.762618e+02	 11	 9.850934e+02	 110	 7.333494e+02	 98	 1.772799e+02	 750.00	 616.67	 18.00	 13	 0.52	 
bfer_167	 1	 12	 2113.jpg	 1.792652e+02	 22	 3.976586e+02	 22	 6.166914e+02	 98	 1.802834e+02	 750.00	 633.33	 55.00	 13	 0.61	 
bfer_167	 1	 12	 2217.jpg	 1.832697e+02	 24	 999000	 240	 999000	 999	 1.842878e+02	 750.00	 633.33	 60.00	 38	 0.55	 
bfer_167	 1	 12	 1102.jpg	 1.872575e+02	 11	 9.813536e+02	 110	 7.500239e+02	 98	 1.882758e+02	 766.67	 633.33	 13.00	 2	 0.60	 
bfer_167	 1	 12	 2215.jpg	 1.912619e+02	 24	 999000	 240	 999000	 999	 1.922802e+02	 766.67	 633.33	 77.00	 36	 0.17	 
bfer_167	 1	 12	 2102.jpg	 1.942654e+02	 24	 999000	 240	 999000	 999	 1.952835e+02	 766.67	 633.33	 61.00	 2	 0.54	 
bfer_167	 1	 12	 1203.jpg	 2.002552e+02	 12	 999000	 120	 999000	 999	 2.012735e+02	 766.67	 633.33	 22.00	 24	 0.48	 
bfer_167	 1	 12	 1101.jpg	 2.022577e+02	 12	 999000	 120	 999000	 999	 2.032759e+02	 766.67	 633.33	 37.00	 1	 0.32	 
bfer_167	 1	 12	 2120.jpg	 2.052611e+02	 24	 999000	 240	 999000	 999	 2.062791e+02	 766.67	 633.33	 54.00	 20	 0.61	 
bfer_167	 1	 12	 1204.jpg	 2.072633e+02	 12	 999000	 120	 999000	 999	 2.082814e+02	 766.67	 633.33	 4.00	 25	 0.70	 
bfer_167	 1	 12	 2118.jpg	 2.092656e+02	 24	 999000	 240	 999000	 999	 2.102837e+02	 766.67	 633.33	 57.00	 18	 0.59	 
bfer_167	 1	 12	 2106.jpg	 2.112678e+02	 24	 999000	 240	 999000	 999	 2.122859e+02	 766.67	 633.33	 51.00	 6	 0.63	 
bfer_167	 1	 12	 2110.jpg	 2.142542e+02	 22	 9.047076e+02	 220	 6.333597e+02	 98	 2.152726e+02	 766.67	 650.00	 47.00	 10	 0.66	 
bfer_167	 1	 12	 1118.jpg	 2.182589e+02	 11	 1.059949e+03	 1100	 7.666885e+02	 98	 2.192771e+02	 716.67	 650.00	 15.00	 18	 0.59	 
bfer_167	 1	 12	 1114.jpg	 2.202612e+02	 12	 999000	 120	 999000	 999	 2.212793e+02	 716.67	 650.00	 16.00	 14	 0.54	 
bfer_167	 1	 12	 2210.jpg	 2.222634e+02	 24	 999000	 240	 999000	 999	 2.232816e+02	 716.67	 650.00	 78.00	 31	 0.14	 
bfer_167	 1	 12	 1209.jpg	 2.242657e+02	 11	 1.093167e+03	 1100	 7.166860e+02	 98	 2.252837e+02	 666.67	 650.00	 12.00	 30	 0.60	 
bfer_167	 1	 12	 2214.jpg	 2.262679e+02	 24	 999000	 240	 999000	 999	 2.272862e+02	 666.67	 650.00	 59.00	 35	 0.56	 
bfer_167	 1	 12	 2219.jpg	 2.282702e+02	 24	 999000	 240	 999000	 999	 2.292884e+02	 666.67	 650.00	 49.00	 40	 0.64	 
bfer_167	 1	 12	 1120.jpg	 2.322581e+02	 12	 999000	 120	 999000	 999	 2.332762e+02	 666.67	 650.00	 8.00	 20	 0.65	 
bfer_167	 1	 12	 2201.jpg	 2.362625e+02	 22	 9.203737e+02	 220	 6.500257e+02	 98	 2.372807e+02	 666.67	 666.67	 52.00	 22	 0.63	 
bfer_167	 1	 12	 1106.jpg	 2.382648e+02	 12	 999000	 120	 999000	 999	 2.392829e+02	 666.67	 666.67	 9.00	 6	 0.64	 
bfer_167	 1	 12	 1217.jpg	 2.402670e+02	 12	 999000	 120	 999000	 999	 2.412853e+02	 666.67	 666.67	 21.00	 38	 0.48	 
bfer_167	 1	 12	 1202.jpg	 2.422694e+02	 12	 999000	 120	 999000	 999	 2.432874e+02	 666.67	 666.67	 3.00	 23	 0.70	 
bfer_167	 1	 12	 2108.jpg	 2.442546e+02	 24	 4.483144e+02	 24	 999000	 98	 2.452729e+02	 666.67	 666.67	 62.00	 8	 0.54	 
bfer_167	 1	 12	 1121.jpg	 2.502617e+02	 11	 3.452277e+02	 11	 6.666922e+02	 98	 2.512797e+02	 683.33	 666.67	 10.00	 21	 0.63	 
bfer_167	 1	 12	 2204.jpg	 2.522638e+02	 22	 9.751251e+02	 220	 6.666983e+02	 98	 2.532819e+02	 683.33	 683.33	 58.00	 25	 0.57	 
