subjectID	 order	 runNum	 itemName	 onsetTime	 shuff_trialType	 RT	 respInTime	 AudioTime	 response	 fixationTime	 ladder1	 ladder2	 bidIndex	 itemNameIndex	 bidValue	 
bfer_126	 2	 18	 2206.jpg	 8.882014e+02	 24	 999000	 240	 999000	 999	 8.892198e+02	 783.33	 850.00	 43.00	 27	 0.86	 
bfer_126	 2	 18	 2109.jpg	 8.912051e+02	 24	 999000	 240	 999000	 999	 8.922232e+02	 783.33	 850.00	 52.00	 9	 0.66	 
bfer_126	 2	 18	 1210.jpg	 8.932073e+02	 12	 999000	 120	 999000	 999	 8.942254e+02	 783.33	 850.00	 38.00	 31	 0.20	 
bfer_126	 2	 18	 2219.jpg	 8.951930e+02	 24	 999000	 240	 999000	 999	 8.962110e+02	 783.33	 850.00	 55.00	 40	 0.60	 
bfer_126	 2	 18	 1106.jpg	 8.971951e+02	 11	 5.640220e+02	 11	 7.833564e+02	 98	 8.982132e+02	 800.00	 850.00	 16.00	 6	 0.57	 
bfer_126	 2	 18	 1202.jpg	 9.001985e+02	 12	 6.646232e+02	 12	 999000	 98	 9.012166e+02	 800.00	 850.00	 18.00	 23	 0.56	 
bfer_126	 2	 18	 2117.jpg	 9.022008e+02	 24	 999000	 240	 999000	 999	 9.032188e+02	 800.00	 850.00	 77.00	 17	 0.24	 
bfer_126	 2	 18	 2209.jpg	 9.062053e+02	 24	 999000	 240	 999000	 999	 9.072234e+02	 800.00	 850.00	 44.00	 30	 0.82	 
bfer_126	 2	 18	 2111.jpg	 9.081907e+02	 24	 999000	 240	 999000	 999	 9.092089e+02	 800.00	 850.00	 53.00	 11	 0.64	 
bfer_126	 2	 18	 2107.jpg	 9.131964e+02	 22	 5.307229e+02	 22	 8.500139e+02	 98	 9.142313e+02	 800.00	 866.67	 51.00	 7	 0.68	 
bfer_126	 2	 18	 1218.jpg	 9.151986e+02	 11	 7.845089e+02	 11	 8.000182e+02	 98	 9.162167e+02	 816.67	 866.67	 11.00	 39	 0.62	 
bfer_126	 2	 18	 2101.jpg	 9.192031e+02	 24	 999000	 240	 999000	 999	 9.202213e+02	 816.67	 866.67	 58.00	 1	 0.57	 
bfer_126	 2	 18	 1109.jpg	 9.212053e+02	 12	 999000	 120	 999000	 999	 9.222235e+02	 816.67	 866.67	 7.00	 9	 0.67	 
bfer_126	 2	 18	 1214.jpg	 9.241917e+02	 12	 999000	 120	 999000	 999	 9.252102e+02	 816.67	 866.67	 4.00	 35	 0.74	 
bfer_126	 2	 18	 1208.jpg	 9.291977e+02	 12	 999000	 120	 999000	 999	 9.302158e+02	 816.67	 866.67	 10.00	 29	 0.63	 
bfer_126	 2	 18	 2202.jpg	 9.311999e+02	 22	 6.952108e+02	 22	 8.666923e+02	 98	 9.322514e+02	 816.67	 883.33	 57.00	 23	 0.58	 
bfer_126	 2	 18	 2216.jpg	 9.332021e+02	 24	 7.969829e+02	 24	 999000	 98	 9.342203e+02	 816.67	 883.33	 47.00	 37	 0.75	 
bfer_126	 2	 18	 1119.jpg	 9.372067e+02	 12	 999000	 120	 999000	 999	 9.382249e+02	 816.67	 883.33	 21.00	 19	 0.51	 
bfer_126	 2	 18	 2212.jpg	 9.411947e+02	 24	 7.244700e+02	 24	 999000	 98	 9.422126e+02	 816.67	 883.33	 78.00	 33	 0.22	 
bfer_126	 2	 18	 2110.jpg	 9.451990e+02	 22	 2.801639e+02	 22	 8.833528e+02	 98	 9.462672e+02	 816.67	 900.00	 54.00	 10	 0.60	 
bfer_126	 2	 18	 1115.jpg	 9.472012e+02	 12	 999000	 120	 999000	 999	 9.482193e+02	 816.67	 900.00	 22.00	 15	 0.48	 
bfer_126	 2	 18	 1212.jpg	 9.492035e+02	 11	 7.956514e+02	 11	 8.166835e+02	 98	 9.502217e+02	 833.33	 900.00	 17.00	 33	 0.57	 
bfer_126	 2	 18	 2201.jpg	 9.512057e+02	 22	 6.654064e+02	 22	 9.000189e+02	 98	 9.522907e+02	 833.33	 916.67	 56.00	 22	 0.58	 
bfer_126	 2	 18	 2104.jpg	 9.532079e+02	 24	 999000	 240	 999000	 999	 9.542261e+02	 833.33	 916.67	 61.00	 4	 0.48	 
bfer_126	 2	 18	 1102.jpg	 9.591979e+02	 12	 999000	 120	 999000	 999	 9.602161e+02	 833.33	 916.67	 19.00	 2	 0.55	 
bfer_126	 2	 18	 1217.jpg	 9.622015e+02	 12	 999000	 120	 999000	 999	 9.632196e+02	 833.33	 916.67	 20.00	 38	 0.52	 
bfer_126	 2	 18	 2204.jpg	 9.642036e+02	 24	 999000	 240	 999000	 999	 9.652217e+02	 833.33	 916.67	 60.00	 25	 0.50	 
bfer_126	 2	 18	 1103.jpg	 9.662059e+02	 12	 999000	 120	 999000	 999	 9.672240e+02	 833.33	 916.67	 3.00	 3	 0.75	 
bfer_126	 2	 18	 1120.jpg	 9.691926e+02	 12	 999000	 120	 999000	 999	 9.702107e+02	 833.33	 916.67	 13.00	 20	 0.59	 
bfer_126	 2	 18	 1107.jpg	 9.711948e+02	 11	 5.403360e+02	 11	 8.333531e+02	 98	 9.722129e+02	 850.00	 916.67	 14.00	 7	 0.58	 
bfer_126	 2	 18	 2205.jpg	 9.731970e+02	 24	 999000	 240	 999000	 999	 9.742151e+02	 850.00	 916.67	 59.00	 26	 0.51	 
bfer_126	 2	 18	 1105.jpg	 9.751993e+02	 12	 999000	 120	 999000	 999	 9.762174e+02	 850.00	 916.67	 37.00	 5	 0.22	 
bfer_126	 2	 18	 2218.jpg	 9.782027e+02	 24	 8.684529e+02	 24	 999000	 98	 9.792207e+02	 850.00	 916.67	 50.00	 39	 0.70	 
bfer_126	 2	 18	 1216.jpg	 9.802049e+02	 11	 1.018246e+03	 1100	 8.500277e+02	 98	 9.812398e+02	 800.00	 916.67	 9.00	 37	 0.66	 
bfer_126	 2	 18	 2103.jpg	 9.822071e+02	 22	 8.240464e+02	 22	 9.166837e+02	 98	 9.833087e+02	 800.00	 916.67	 49.00	 3	 0.72	 
bfer_126	 2	 18	 2211.jpg	 9.841927e+02	 22	 1.190423e+03	 2200	 9.166891e+02	 98	 9.852943e+02	 800.00	 866.67	 48.00	 32	 0.72	 
bfer_126	 2	 18	 1113.jpg	 9.861949e+02	 12	 999000	 120	 999000	 999	 9.872131e+02	 800.00	 866.67	 15.00	 13	 0.58	 
bfer_126	 2	 18	 1209.jpg	 9.922018e+02	 12	 999000	 120	 999000	 999	 9.932198e+02	 800.00	 866.67	 12.00	 30	 0.59	 
bfer_126	 2	 18	 2208.jpg	 9.952050e+02	 24	 999000	 240	 999000	 999	 9.962232e+02	 800.00	 866.67	 62.00	 29	 0.47	 
bfer_126	 2	 18	 1215.jpg	 9.991929e+02	 11	 7.262235e+02	 11	 8.000233e+02	 98	 1.000211e+03	 816.67	 866.67	 8.00	 36	 0.67	 
