subjectID	 order	 runNum	 itemName	 onsetTime	 shuff_trialType	 RT	 respInTime	 AudioTime	 response	 fixationTime	 ladder1	 ladder2	 bidIndex	 itemNameIndex	 bidValue	 
bfer_126	 2	 17	 2204.jpg	 7.643794e+02	 24	 999000	 240	 999000	 999	 7.653976e+02	 883.33	 816.67	 60.00	 25	 0.50	 
bfer_126	 2	 17	 1106.jpg	 7.663817e+02	 11	 6.493753e+02	 11	 8.833605e+02	 98	 7.674499e+02	 900.00	 816.67	 16.00	 6	 0.57	 
bfer_126	 2	 17	 1107.jpg	 7.703697e+02	 11	 4.614382e+02	 11	 9.000290e+02	 98	 7.714542e+02	 916.67	 816.67	 14.00	 7	 0.58	 
bfer_126	 2	 17	 2218.jpg	 7.733729e+02	 24	 9.062131e+02	 24	 999000	 98	 7.743910e+02	 916.67	 816.67	 50.00	 39	 0.70	 
bfer_126	 2	 17	 2110.jpg	 7.753752e+02	 22	 5.838977e+02	 22	 8.166880e+02	 98	 7.763933e+02	 916.67	 833.33	 54.00	 10	 0.60	 
bfer_126	 2	 17	 2201.jpg	 7.783786e+02	 22	 7.885132e+02	 22	 8.333525e+02	 98	 7.793967e+02	 916.67	 850.00	 56.00	 22	 0.58	 
bfer_126	 2	 17	 1209.jpg	 7.823830e+02	 12	 999000	 120	 999000	 999	 7.834011e+02	 916.67	 850.00	 12.00	 30	 0.59	 
bfer_126	 2	 17	 2219.jpg	 7.863708e+02	 24	 999000	 240	 999000	 999	 7.873890e+02	 916.67	 850.00	 55.00	 40	 0.60	 
bfer_126	 2	 17	 2208.jpg	 7.883730e+02	 24	 999000	 240	 999000	 999	 7.893911e+02	 916.67	 850.00	 62.00	 29	 0.47	 
bfer_126	 2	 17	 1109.jpg	 7.933788e+02	 12	 999000	 120	 999000	 999	 7.943968e+02	 916.67	 850.00	 7.00	 9	 0.67	 
bfer_126	 2	 17	 1103.jpg	 7.953809e+02	 12	 4.982368e+02	 12	 999000	 98	 7.963992e+02	 916.67	 850.00	 3.00	 3	 0.75	 
bfer_126	 2	 17	 2109.jpg	 7.973832e+02	 24	 999000	 240	 999000	 999	 7.984013e+02	 916.67	 850.00	 52.00	 9	 0.66	 
bfer_126	 2	 17	 1113.jpg	 8.033731e+02	 12	 999000	 120	 999000	 999	 8.043915e+02	 916.67	 850.00	 15.00	 13	 0.58	 
bfer_126	 2	 17	 1217.jpg	 8.053755e+02	 12	 999000	 120	 999000	 999	 8.063935e+02	 916.67	 850.00	 20.00	 38	 0.52	 
bfer_126	 2	 17	 1214.jpg	 8.073777e+02	 12	 999000	 120	 999000	 999	 8.083958e+02	 916.67	 850.00	 4.00	 35	 0.74	 
bfer_126	 2	 17	 2212.jpg	 8.093800e+02	 24	 999000	 240	 999000	 999	 8.103982e+02	 916.67	 850.00	 78.00	 33	 0.22	 
bfer_126	 2	 17	 1215.jpg	 8.133845e+02	 11	 1.198671e+03	 1100	 9.166931e+02	 98	 8.144861e+02	 866.67	 850.00	 8.00	 36	 0.67	 
bfer_126	 2	 17	 1218.jpg	 8.173724e+02	 11	 1.042814e+03	 1100	 8.666916e+02	 98	 8.184245e+02	 816.67	 850.00	 11.00	 39	 0.62	 
bfer_126	 2	 17	 1120.jpg	 8.203757e+02	 12	 999000	 120	 999000	 999	 8.213937e+02	 816.67	 850.00	 13.00	 20	 0.59	 
bfer_126	 2	 17	 1216.jpg	 8.243801e+02	 11	 6.189818e+02	 11	 8.166955e+02	 98	 8.253983e+02	 833.33	 850.00	 9.00	 37	 0.66	 
bfer_126	 2	 17	 1202.jpg	 8.273835e+02	 12	 999000	 120	 999000	 999	 8.284016e+02	 833.33	 850.00	 18.00	 23	 0.56	 
bfer_126	 2	 17	 2206.jpg	 8.293687e+02	 24	 999000	 240	 999000	 999	 8.303872e+02	 833.33	 850.00	 43.00	 27	 0.86	 
bfer_126	 2	 17	 2104.jpg	 8.333736e+02	 24	 999000	 240	 999000	 999	 8.343917e+02	 833.33	 850.00	 61.00	 4	 0.48	 
bfer_126	 2	 17	 1102.jpg	 8.353758e+02	 12	 999000	 120	 999000	 999	 8.363939e+02	 833.33	 850.00	 19.00	 2	 0.55	 
bfer_126	 2	 17	 2103.jpg	 8.373780e+02	 22	 4.371161e+02	 22	 8.500260e+02	 98	 8.384130e+02	 833.33	 866.67	 49.00	 3	 0.72	 
bfer_126	 2	 17	 1212.jpg	 8.413825e+02	 11	 1.056621e+03	 1100	 8.333471e+02	 98	 8.424007e+02	 783.33	 866.67	 17.00	 33	 0.57	 
bfer_126	 2	 17	 2216.jpg	 8.433848e+02	 24	 8.063451e+02	 24	 999000	 98	 8.444029e+02	 783.33	 866.67	 47.00	 37	 0.75	 
bfer_126	 2	 17	 2107.jpg	 8.473725e+02	 22	 5.705965e+02	 22	 8.666942e+02	 98	 8.484241e+02	 783.33	 883.33	 51.00	 7	 0.68	 
bfer_126	 2	 17	 2101.jpg	 8.513771e+02	 24	 999000	 240	 999000	 999	 8.523952e+02	 783.33	 883.33	 58.00	 1	 0.57	 
bfer_126	 2	 17	 2117.jpg	 8.543805e+02	 24	 999000	 240	 999000	 999	 8.553986e+02	 783.33	 883.33	 77.00	 17	 0.24	 
bfer_126	 2	 17	 2211.jpg	 8.603705e+02	 22	 1.140657e+03	 2200	 8.833586e+02	 98	 8.614387e+02	 783.33	 833.33	 48.00	 32	 0.72	 
bfer_126	 2	 17	 2209.jpg	 8.623728e+02	 24	 9.383659e+02	 24	 999000	 98	 8.633909e+02	 783.33	 833.33	 44.00	 30	 0.82	 
bfer_126	 2	 17	 2202.jpg	 8.663772e+02	 22	 7.579146e+02	 22	 8.333583e+02	 98	 8.673953e+02	 783.33	 850.00	 57.00	 23	 0.58	 
bfer_126	 2	 17	 1210.jpg	 8.683795e+02	 12	 999000	 120	 999000	 999	 8.693976e+02	 783.33	 850.00	 38.00	 31	 0.20	 
bfer_126	 2	 17	 1105.jpg	 8.703817e+02	 12	 999000	 120	 999000	 999	 8.713999e+02	 783.33	 850.00	 37.00	 5	 0.22	 
bfer_126	 2	 17	 1119.jpg	 8.723839e+02	 12	 999000	 120	 999000	 999	 8.734021e+02	 783.33	 850.00	 21.00	 19	 0.51	 
bfer_126	 2	 17	 1115.jpg	 8.773729e+02	 12	 999000	 120	 999000	 999	 8.783910e+02	 783.33	 850.00	 22.00	 15	 0.48	 
bfer_126	 2	 17	 2111.jpg	 8.793752e+02	 24	 999000	 240	 999000	 999	 8.803933e+02	 783.33	 850.00	 53.00	 11	 0.64	 
bfer_126	 2	 17	 1208.jpg	 8.813773e+02	 12	 999000	 120	 999000	 999	 8.823955e+02	 783.33	 850.00	 10.00	 29	 0.63	 
bfer_126	 2	 17	 2205.jpg	 8.843808e+02	 24	 8.423630e+02	 24	 999000	 98	 8.853988e+02	 783.33	 850.00	 59.00	 26	 0.51	 
