subjectID	 order	 runNum	 itemName	 onsetTime	 shuff_trialType	 RT	 respInTime	 AudioTime	 response	 fixationTime	 ladder1	 ladder2	 bidIndex	 itemNameIndex	 bidValue	 
bfer_126	 2	 11	 2216.jpg	 1.390440e+00	 24	 6.167001e+02	 24	 999000	 98	 2.408852e+00	 750.00	 750.00	 47.00	 37	 0.75	 
bfer_126	 2	 11	 1209.jpg	 4.377065e+00	 12	 999000	 120	 999000	 999	 5.395093e+00	 750.00	 750.00	 12.00	 30	 0.59	 
bfer_126	 2	 11	 2117.jpg	 6.379224e+00	 24	 999000	 240	 999000	 999	 7.397676e+00	 750.00	 750.00	 77.00	 17	 0.24	 
bfer_126	 2	 11	 2206.jpg	 8.381421e+00	 24	 999000	 240	 999000	 999	 9.399510e+00	 750.00	 750.00	 43.00	 27	 0.86	 
bfer_126	 2	 11	 2209.jpg	 1.038375e+01	 24	 999000	 240	 999000	 999	 1.140176e+01	 750.00	 750.00	 44.00	 30	 0.82	 
bfer_126	 2	 11	 2107.jpg	 1.337038e+01	 22	 9.727458e+02	 220	 7.501463e+02	 98	 1.438850e+01	 750.00	 766.67	 51.00	 7	 0.68	 
bfer_126	 2	 11	 2208.jpg	 1.537266e+01	 24	 999000	 240	 999000	 999	 1.639072e+01	 750.00	 766.67	 62.00	 29	 0.47	 
bfer_126	 2	 11	 2205.jpg	 1.937711e+01	 24	 999000	 240	 999000	 999	 2.039531e+01	 750.00	 766.67	 59.00	 26	 0.51	 
bfer_126	 2	 11	 1119.jpg	 2.137938e+01	 12	 999000	 120	 999000	 999	 2.239749e+01	 750.00	 766.67	 21.00	 19	 0.51	 
bfer_126	 2	 11	 2103.jpg	 2.636796e+01	 22	 8.071582e+02	 220	 7.667175e+02	 98	 2.738644e+01	 750.00	 783.33	 49.00	 3	 0.72	 
bfer_126	 2	 11	 2202.jpg	 2.837052e+01	 22	 1.052597e+03	 2200	 7.833542e+02	 98	 2.938866e+01	 750.00	 733.33	 57.00	 23	 0.58	 
bfer_126	 2	 11	 2219.jpg	 3.237504e+01	 24	 6.400821e+02	 24	 999000	 98	 3.339328e+01	 750.00	 733.33	 55.00	 40	 0.60	 
bfer_126	 2	 11	 2204.jpg	 3.437722e+01	 24	 999000	 240	 999000	 999	 3.539547e+01	 750.00	 733.33	 60.00	 25	 0.50	 
bfer_126	 2	 11	 1208.jpg	 3.738058e+01	 12	 999000	 120	 999000	 999	 3.839871e+01	 750.00	 733.33	 10.00	 29	 0.63	 
bfer_126	 2	 11	 1105.jpg	 4.236954e+01	 12	 999000	 120	 999000	 999	 4.338762e+01	 750.00	 733.33	 37.00	 5	 0.22	 
bfer_126	 2	 11	 2110.jpg	 4.437177e+01	 22	 6.673596e+02	 22	 7.333533e+02	 98	 4.538993e+01	 750.00	 750.00	 54.00	 10	 0.60	 
bfer_126	 2	 11	 1212.jpg	 4.637404e+01	 11	 1.001145e+03	 1100	 7.501283e+02	 98	 4.739226e+01	 700.00	 750.00	 17.00	 33	 0.57	 
bfer_126	 2	 11	 2212.jpg	 5.037855e+01	 24	 4.285664e+02	 24	 999000	 98	 5.139661e+01	 700.00	 750.00	 78.00	 33	 0.22	 
bfer_126	 2	 11	 1218.jpg	 5.438306e+01	 11	 7.680610e+02	 110	 7.000445e+02	 98	 5.540113e+01	 716.67	 750.00	 11.00	 39	 0.62	 
bfer_126	 2	 11	 1210.jpg	 5.837084e+01	 12	 999000	 120	 999000	 999	 5.938894e+01	 716.67	 750.00	 38.00	 31	 0.20	 
bfer_126	 2	 11	 2109.jpg	 6.037302e+01	 24	 999000	 240	 999000	 999	 6.139118e+01	 716.67	 750.00	 52.00	 9	 0.66	 
bfer_126	 2	 11	 1214.jpg	 6.237535e+01	 12	 999000	 120	 999000	 999	 6.339342e+01	 716.67	 750.00	 4.00	 35	 0.74	 
bfer_126	 2	 11	 1217.jpg	 6.437751e+01	 12	 999000	 120	 999000	 999	 6.539586e+01	 716.67	 750.00	 20.00	 38	 0.52	 
bfer_126	 2	 11	 1109.jpg	 6.637976e+01	 12	 999000	 120	 999000	 999	 6.739800e+01	 716.67	 750.00	 7.00	 9	 0.67	 
bfer_126	 2	 11	 1120.jpg	 7.236995e+01	 12	 999000	 120	 999000	 999	 7.338804e+01	 716.67	 750.00	 13.00	 20	 0.59	 
bfer_126	 2	 11	 1216.jpg	 7.537324e+01	 11	 8.498802e+02	 110	 7.166814e+02	 98	 7.639142e+01	 733.33	 750.00	 9.00	 37	 0.66	 
bfer_126	 2	 11	 1202.jpg	 7.737545e+01	 12	 999000	 120	 999000	 999	 7.839361e+01	 733.33	 750.00	 18.00	 23	 0.56	 
bfer_126	 2	 11	 2111.jpg	 7.937769e+01	 24	 999000	 240	 999000	 999	 8.039588e+01	 733.33	 750.00	 53.00	 11	 0.64	 
bfer_126	 2	 11	 2201.jpg	 8.238113e+01	 22	 5.379898e+02	 22	 7.500189e+02	 98	 8.339924e+01	 733.33	 766.67	 56.00	 22	 0.58	 
bfer_126	 2	 11	 2211.jpg	 8.438336e+01	 22	 1.063762e+03	 2200	 7.666902e+02	 98	 8.540170e+01	 733.33	 716.67	 48.00	 32	 0.72	 
bfer_126	 2	 11	 2218.jpg	 8.636892e+01	 24	 9.582191e+02	 24	 999000	 98	 8.738705e+01	 733.33	 716.67	 50.00	 39	 0.70	 
bfer_126	 2	 11	 1113.jpg	 8.837113e+01	 12	 999000	 120	 999000	 999	 8.938930e+01	 733.33	 716.67	 15.00	 13	 0.58	 
bfer_126	 2	 11	 2101.jpg	 9.137454e+01	 24	 999000	 240	 999000	 999	 9.239262e+01	 733.33	 716.67	 58.00	 1	 0.57	 
bfer_126	 2	 11	 1115.jpg	 9.337680e+01	 12	 999000	 120	 999000	 999	 9.439493e+01	 733.33	 716.67	 22.00	 15	 0.48	 
bfer_126	 2	 11	 1215.jpg	 9.537911e+01	 11	 8.680137e+02	 110	 7.333548e+02	 98	 9.639718e+01	 750.00	 716.67	 8.00	 36	 0.67	 
bfer_126	 2	 11	 1102.jpg	 9.738126e+01	 12	 999000	 120	 999000	 999	 9.839939e+01	 750.00	 716.67	 19.00	 2	 0.55	 
bfer_126	 2	 11	 2104.jpg	 9.938352e+01	 24	 999000	 240	 999000	 999	 1.004018e+02	 750.00	 716.67	 61.00	 4	 0.48	 
bfer_126	 2	 11	 1107.jpg	 1.053736e+02	 11	 5.455163e+02	 11	 7.500224e+02	 98	 1.063916e+02	 766.67	 716.67	 14.00	 7	 0.58	 
bfer_126	 2	 11	 1106.jpg	 1.083769e+02	 11	 8.462120e+02	 110	 7.666954e+02	 98	 1.093951e+02	 783.33	 716.67	 16.00	 6	 0.57	 
bfer_126	 2	 11	 1103.jpg	 1.123814e+02	 12	 3.697506e+02	 12	 999000	 98	 1.133996e+02	 783.33	 716.67	 3.00	 3	 0.75	 
