subjectID	 order	 runNum	 itemName	 onsetTime	 shuff_trialType	 RT	 respInTime	 AudioTime	 response	 fixationTime	 ladder1	 ladder2	 bidIndex	 itemNameIndex	 bidValue	 
bfer_158	 2	 10	 1201.jpg	 1.230281e+03	 11	 6.376317e+02	 110	 2.500241e+02	 98	 1.231299e+03	 266.67	 83.33	 8.00	 22	 0.66	 
bfer_158	 2	 10	 1205.jpg	 1.235287e+03	 12	 999000	 120	 999000	 999	 1.236305e+03	 266.67	 83.33	 19.00	 26	 0.55	 
bfer_158	 2	 10	 2103.jpg	 1.237273e+03	 22	 999000	 2	 8.336311e+01	 999	 1.238291e+03	 266.67	 33.33	 54.00	 3	 0.65	 
bfer_158	 2	 10	 1203.jpg	 1.239275e+03	 11	 999000	 1	 2.666880e+02	 999	 1.240293e+03	 216.67	 33.33	 9.00	 24	 0.65	 
bfer_158	 2	 10	 2109.jpg	 1.245281e+03	 24	 999000	 240	 999000	 999	 1.246300e+03	 216.67	 33.33	 47.00	 9	 0.78	 
bfer_158	 2	 10	 2104.jpg	 1.247284e+03	 24	 999000	 240	 999000	 999	 1.248302e+03	 216.67	 33.33	 59.00	 4	 0.57	 
bfer_158	 2	 10	 2211.jpg	 1.250270e+03	 24	 999000	 240	 999000	 999	 1.251289e+03	 216.67	 33.33	 50.00	 32	 0.68	 
bfer_158	 2	 10	 1218.jpg	 1.252273e+03	 12	 999000	 120	 999000	 999	 1.253291e+03	 216.67	 33.33	 10.00	 39	 0.63	 
bfer_158	 2	 10	 1103.jpg	 1.256277e+03	 12	 999000	 120	 999000	 999	 1.257295e+03	 216.67	 33.33	 3.00	 3	 0.77	 
bfer_158	 2	 10	 2206.jpg	 1.258279e+03	 24	 999000	 240	 999000	 999	 1.259298e+03	 216.67	 33.33	 43.00	 27	 0.85	 
bfer_158	 2	 10	 1121.jpg	 1.263285e+03	 11	 1.073536e+03	 1100	 2.166884e+02	 98	 1.264303e+03	 166.67	 33.33	 16.00	 21	 0.58	 
bfer_158	 2	 10	 1110.jpg	 1.270276e+03	 12	 999000	 120	 999000	 999	 1.271294e+03	 166.67	 33.33	 18.00	 10	 0.57	 
bfer_158	 2	 10	 1207.jpg	 1.272278e+03	 12	 999000	 120	 999000	 999	 1.273297e+03	 166.67	 33.33	 21.00	 28	 0.55	 
bfer_158	 2	 10	 2113.jpg	 1.275282e+03	 24	 999000	 240	 999000	 999	 1.276300e+03	 166.67	 33.33	 60.00	 13	 0.54	 
bfer_158	 2	 10	 1111.jpg	 1.278285e+03	 11	 999000	 1	 1.666883e+02	 999	 1.279303e+03	 116.67	 33.33	 17.00	 11	 0.58	 
bfer_158	 2	 10	 1105.jpg	 1.282273e+03	 12	 2.935334e+02	 12	 999000	 98	 1.283291e+03	 116.67	 33.33	 12.00	 5	 0.62	 
bfer_158	 2	 10	 2114.jpg	 1.286277e+03	 24	 999000	 240	 999000	 999	 1.287296e+03	 116.67	 33.33	 61.00	 14	 0.52	 
bfer_158	 2	 10	 2202.jpg	 1.290282e+03	 24	 999000	 240	 999000	 999	 1.291300e+03	 116.67	 33.33	 62.00	 23	 0.52	 
bfer_158	 2	 10	 2111.jpg	 1.293285e+03	 24	 999000	 240	 999000	 999	 1.294304e+03	 116.67	 33.33	 77.00	 11	 0.35	 
bfer_158	 2	 10	 2102.jpg	 1.299275e+03	 24	 999000	 240	 999000	 999	 1.300293e+03	 116.67	 33.33	 53.00	 2	 0.65	 
bfer_158	 2	 10	 2117.jpg	 1.301278e+03	 22	 4.169783e+02	 220	 3.335565e+01	 98	 1.302296e+03	 116.67	 50.00	 51.00	 17	 0.67	 
bfer_158	 2	 10	 2205.jpg	 1.304281e+03	 22	 999000	 2	 5.004829e+01	 999	 1.305299e+03	 116.67	 -0.00	 56.00	 26	 0.62	 
bfer_158	 2	 10	 2105.jpg	 1.306283e+03	 24	 999000	 240	 999000	 999	 1.307301e+03	 116.67	 -0.00	 52.00	 5	 0.66	 
bfer_158	 2	 10	 1211.jpg	 1.308286e+03	 12	 999000	 120	 999000	 999	 1.309304e+03	 116.67	 -0.00	 20.00	 32	 0.55	 
bfer_158	 2	 10	 2101.jpg	 1.310271e+03	 22	 9.034071e+02	 2	 5.876661e-01	 115	 1.311289e+03	 116.67	 -0.00	 57.00	 1	 0.59	 
bfer_158	 2	 10	 2120.jpg	 1.313275e+03	 24	 999000	 240	 999000	 999	 1.314293e+03	 116.67	 -0.00	 78.00	 20	 0.27	 
bfer_158	 2	 10	 1117.jpg	 1.317279e+03	 12	 999000	 120	 999000	 999	 1.318297e+03	 116.67	 -0.00	 7.00	 17	 0.70	 
bfer_158	 2	 10	 2204.jpg	 1.319281e+03	 24	 999000	 240	 999000	 999	 1.320299e+03	 116.67	 -0.00	 55.00	 25	 0.64	 
bfer_158	 2	 10	 2203.jpg	 1.321283e+03	 24	 999000	 240	 999000	 999	 1.322301e+03	 116.67	 -0.00	 44.00	 24	 0.82	 
bfer_158	 2	 10	 1204.jpg	 1.323286e+03	 12	 999000	 120	 999000	 999	 1.324304e+03	 116.67	 -0.00	 15.00	 25	 0.58	 
bfer_158	 2	 10	 2216.jpg	 1.325271e+03	 22	 3.033329e+02	 2	 6.050030e-01	 115	 1.326289e+03	 116.67	 -0.00	 49.00	 37	 0.68	 
bfer_158	 2	 10	 1101.jpg	 1.327273e+03	 11	 999000	 1	 1.167131e+02	 999	 1.328292e+03	 66.67	 -0.00	 11.00	 1	 0.63	 
bfer_158	 2	 10	 1114.jpg	 1.331278e+03	 12	 999000	 120	 999000	 999	 1.332296e+03	 66.67	 -0.00	 38.00	 14	 0.24	 
bfer_158	 2	 10	 1213.jpg	 1.335282e+03	 12	 999000	 120	 999000	 999	 1.336301e+03	 66.67	 -0.00	 13.00	 34	 0.62	 
bfer_158	 2	 10	 2214.jpg	 1.337285e+03	 24	 999000	 240	 999000	 999	 1.338303e+03	 66.67	 -0.00	 58.00	 35	 0.59	 
bfer_158	 2	 10	 1208.jpg	 1.339270e+03	 12	 999000	 120	 999000	 999	 1.340288e+03	 66.67	 -0.00	 22.00	 29	 0.55	 
bfer_158	 2	 10	 1214.jpg	 1.341273e+03	 12	 999000	 120	 999000	 999	 1.342291e+03	 66.67	 -0.00	 4.00	 35	 0.76	 
bfer_158	 2	 10	 1219.jpg	 1.343275e+03	 11	 4.118553e+02	 1	 6.669432e+01	 115	 1.344293e+03	 16.67	 -0.00	 14.00	 40	 0.59	 
bfer_158	 2	 10	 1209.jpg	 1.349282e+03	 12	 999000	 120	 999000	 999	 1.350300e+03	 16.67	 -0.00	 37.00	 30	 0.24	 
bfer_158	 2	 10	 2121.jpg	 1.351284e+03	 22	 4.988732e+02	 2	 5.149500e-01	 118	 1.352302e+03	 16.67	 -0.00	 48.00	 21	 0.74	 
