subjectID	 order	 runNum	 itemName	 onsetTime	 shuff_trialType	 RT	 respInTime	 AudioTime	 response	 fixationTime	 ladder1	 ladder2	 bidIndex	 itemNameIndex	 bidValue	 
bfer_103	 1	 8	 2104.jpg	 9.384184e+02	 24	 999000	 240	 999000	 999	 9.394365e+02	 916.67	 716.67	 62.00	 4	 0.51	 
bfer_103	 1	 8	 1213.jpg	 9.434071e+02	 12	 999000	 120	 999000	 999	 9.444254e+02	 916.67	 716.67	 14.00	 34	 0.57	 
bfer_103	 1	 8	 1218.jpg	 9.454096e+02	 12	 999000	 120	 999000	 999	 9.464278e+02	 916.67	 716.67	 16.00	 39	 0.55	 
bfer_103	 1	 8	 1207.jpg	 9.474118e+02	 12	 999000	 120	 999000	 999	 9.484300e+02	 916.67	 716.67	 17.00	 28	 0.54	 
bfer_103	 1	 8	 2205.jpg	 9.534186e+02	 24	 999000	 240	 999000	 999	 9.544368e+02	 916.67	 716.67	 49.00	 26	 0.65	 
bfer_103	 1	 8	 1204.jpg	 9.554209e+02	 12	 999000	 120	 999000	 999	 9.564389e+02	 916.67	 716.67	 19.00	 25	 0.53	 
bfer_103	 1	 8	 2110.jpg	 9.584076e+02	 24	 999000	 240	 999000	 999	 9.594257e+02	 916.67	 716.67	 78.00	 10	 0.21	 
bfer_103	 1	 8	 2218.jpg	 9.604097e+02	 24	 999000	 240	 999000	 999	 9.614279e+02	 916.67	 716.67	 51.00	 39	 0.61	 
bfer_103	 1	 8	 1121.jpg	 9.644143e+02	 12	 999000	 120	 999000	 999	 9.654324e+02	 916.67	 716.67	 3.00	 21	 0.78	 
bfer_103	 1	 8	 2208.jpg	 9.664165e+02	 24	 999000	 240	 999000	 999	 9.674346e+02	 916.67	 716.67	 43.00	 29	 0.87	 
bfer_103	 1	 8	 1120.jpg	 9.714221e+02	 12	 999000	 120	 999000	 999	 9.724403e+02	 916.67	 716.67	 37.00	 20	 0.23	 
bfer_103	 1	 8	 1214.jpg	 9.784134e+02	 11	 6.011123e+02	 11	 9.166846e+02	 98	 9.795149e+02	 916.67	 716.67	 10.00	 35	 0.66	 
bfer_103	 1	 8	 1107.jpg	 9.804155e+02	 12	 999000	 120	 999000	 999	 9.814337e+02	 916.67	 716.67	 21.00	 7	 0.47	 
bfer_103	 1	 8	 1203.jpg	 9.834190e+02	 12	 999000	 120	 999000	 999	 9.844371e+02	 916.67	 716.67	 38.00	 24	 0.20	 
bfer_103	 1	 8	 2213.jpg	 9.864057e+02	 24	 999000	 240	 999000	 999	 9.874238e+02	 916.67	 716.67	 61.00	 34	 0.52	 
bfer_103	 1	 8	 2115.jpg	 9.904102e+02	 24	 999000	 240	 999000	 999	 9.914282e+02	 916.67	 716.67	 57.00	 15	 0.56	 
bfer_103	 1	 8	 2112.jpg	 9.944147e+02	 24	 999000	 240	 999000	 999	 9.954327e+02	 916.67	 716.67	 77.00	 12	 0.22	 
bfer_103	 1	 8	 1211.jpg	 9.984192e+02	 12	 999000	 120	 999000	 999	 9.994372e+02	 916.67	 716.67	 8.00	 32	 0.73	 
bfer_103	 1	 8	 2118.jpg	 1.001406e+03	 24	 5.929377e+02	 24	 999000	 98	 1.002424e+03	 916.67	 716.67	 54.00	 18	 0.58	 
bfer_103	 1	 8	 1104.jpg	 1.007413e+03	 12	 999000	 120	 999000	 999	 1.008431e+03	 916.67	 716.67	 20.00	 4	 0.47	 
bfer_103	 1	 8	 2107.jpg	 1.009415e+03	 22	 7.357211e+02	 220	 7.166918e+02	 98	 1.010433e+03	 916.67	 733.33	 47.00	 7	 0.76	 
bfer_103	 1	 8	 2101.jpg	 1.012418e+03	 22	 4.763648e+02	 22	 7.333510e+02	 98	 1.013436e+03	 916.67	 750.00	 55.00	 1	 0.57	 
bfer_103	 1	 8	 2117.jpg	 1.014420e+03	 24	 999000	 240	 999000	 999	 1.015439e+03	 916.67	 750.00	 56.00	 17	 0.56	 
bfer_103	 1	 8	 1216.jpg	 1.016406e+03	 12	 999000	 120	 999000	 999	 1.017424e+03	 916.67	 750.00	 9.00	 37	 0.68	 
bfer_103	 1	 8	 2217.jpg	 1.018408e+03	 24	 999000	 240	 999000	 999	 1.019426e+03	 916.67	 750.00	 44.00	 38	 0.85	 
bfer_103	 1	 8	 1118.jpg	 1.021412e+03	 11	 6.588699e+02	 11	 9.166846e+02	 98	 1.022513e+03	 916.67	 750.00	 12.00	 18	 0.59	 
bfer_103	 1	 8	 2116.jpg	 1.025416e+03	 22	 6.623674e+02	 22	 7.500219e+02	 98	 1.026434e+03	 916.67	 766.67	 52.00	 16	 0.59	 
bfer_103	 1	 8	 1103.jpg	 1.027418e+03	 12	 999000	 120	 999000	 999	 1.028436e+03	 916.67	 766.67	 11.00	 3	 0.64	 
bfer_103	 1	 8	 1201.jpg	 1.029421e+03	 11	 5.379358e+02	 11	 9.166819e+02	 98	 1.030522e+03	 916.67	 766.67	 7.00	 22	 0.74	 
bfer_103	 1	 8	 1206.jpg	 1.031406e+03	 12	 999000	 120	 999000	 999	 1.032424e+03	 916.67	 766.67	 4.00	 27	 0.77	 
bfer_103	 1	 8	 2207.jpg	 1.033408e+03	 24	 999000	 240	 999000	 999	 1.034427e+03	 916.67	 766.67	 60.00	 28	 0.52	 
bfer_103	 1	 8	 2121.jpg	 1.035411e+03	 22	 8.358064e+02	 220	 7.666900e+02	 98	 1.036429e+03	 916.67	 783.33	 53.00	 21	 0.58	 
bfer_103	 1	 8	 1101.jpg	 1.039415e+03	 11	 4.873783e+02	 11	 9.166923e+02	 98	 1.040517e+03	 916.67	 783.33	 15.00	 1	 0.56	 
bfer_103	 1	 8	 1209.jpg	 1.043420e+03	 11	 1.162844e+03	 1100	 9.166951e+02	 98	 1.044521e+03	 866.67	 783.33	 13.00	 30	 0.57	 
bfer_103	 1	 8	 2202.jpg	 1.045422e+03	 22	 5.926054e+02	 22	 7.833524e+02	 98	 1.046440e+03	 866.67	 800.00	 58.00	 23	 0.55	 
bfer_103	 1	 8	 2201.jpg	 1.047408e+03	 22	 9.349751e+02	 220	 8.000271e+02	 98	 1.048426e+03	 866.67	 816.67	 50.00	 22	 0.63	 
bfer_103	 1	 8	 2111.jpg	 1.049410e+03	 24	 9.327646e+02	 24	 999000	 98	 1.050428e+03	 866.67	 816.67	 59.00	 11	 0.54	 
bfer_103	 1	 8	 2103.jpg	 1.051412e+03	 24	 999000	 240	 999000	 999	 1.052430e+03	 866.67	 816.67	 48.00	 3	 0.76	 
bfer_103	 1	 8	 1115.jpg	 1.057419e+03	 11	 1.059805e+03	 1100	 8.666897e+02	 98	 1.058470e+03	 816.67	 816.67	 18.00	 15	 0.53	 
bfer_103	 1	 8	 1105.jpg	 1.059421e+03	 12	 999000	 120	 999000	 999	 1.060439e+03	 816.67	 816.67	 22.00	 5	 0.45	 
