subjectID	 order	 runNum	 itemName	 onsetTime	 shuff_trialType	 RT	 respInTime	 AudioTime	 response	 fixationTime	 ladder1	 ladder2	 bidIndex	 itemNameIndex	 bidValue	 
bfer_115	 1	 1	 2218.jpg	 1.459201e+00	 24	 999000	 240	 999000	 999	 2.477467e+00	 750.00	 750.00	 61.00	 39	 0.54	 
bfer_115	 1	 1	 1107.jpg	 3.444788e+00	 12	 999000	 120	 999000	 999	 4.463080e+00	 750.00	 750.00	 17.00	 7	 0.55	 
bfer_115	 1	 1	 2212.jpg	 7.449241e+00	 24	 999000	 240	 999000	 999	 8.467657e+00	 750.00	 750.00	 60.00	 33	 0.54	 
bfer_115	 1	 1	 1204.jpg	 1.045257e+01	 11	 9.463742e+02	 110	 7.502739e+02	 98	 1.147106e+01	 766.67	 750.00	 7.00	 25	 0.69	 
bfer_115	 1	 1	 1111.jpg	 1.245501e+01	 12	 999000	 120	 999000	 999	 1.347367e+01	 766.67	 750.00	 21.00	 11	 0.51	 
bfer_115	 1	 1	 2111.jpg	 1.545819e+01	 24	 999000	 240	 999000	 999	 1.647644e+01	 766.67	 750.00	 49.00	 11	 0.68	 
bfer_115	 1	 1	 2208.jpg	 1.944605e+01	 22	 1.000921e+03	 2200	 7.502597e+02	 98	 2.046413e+01	 766.67	 700.00	 55.00	 29	 0.59	 
bfer_115	 1	 1	 1218.jpg	 2.345052e+01	 11	 1.052419e+03	 1100	 7.667475e+02	 98	 2.446884e+01	 716.67	 700.00	 18.00	 39	 0.54	 
bfer_115	 1	 1	 1117.jpg	 2.545256e+01	 12	 999000	 120	 999000	 999	 2.647083e+01	 716.67	 700.00	 37.00	 17	 0.19	 
bfer_115	 1	 1	 2209.jpg	 3.045838e+01	 24	 999000	 240	 999000	 999	 3.147657e+01	 716.67	 700.00	 56.00	 30	 0.58	 
bfer_115	 1	 1	 1102.jpg	 3.244369e+01	 12	 3.232561e+02	 12	 999000	 98	 3.346217e+01	 716.67	 700.00	 22.00	 2	 0.51	 
bfer_115	 1	 1	 2121.jpg	 3.444617e+01	 24	 999000	 240	 999000	 999	 3.546449e+01	 716.67	 700.00	 44.00	 21	 0.84	 
bfer_115	 1	 1	 1120.jpg	 4.045274e+01	 12	 999000	 120	 999000	 999	 4.147104e+01	 716.67	 700.00	 19.00	 20	 0.52	 
bfer_115	 1	 1	 2207.jpg	 4.245523e+01	 22	 9.757126e+02	 220	 7.000861e+02	 98	 4.347326e+01	 716.67	 716.67	 53.00	 28	 0.62	 
bfer_115	 1	 1	 1209.jpg	 4.445717e+01	 12	 999000	 120	 999000	 999	 4.547556e+01	 716.67	 716.67	 3.00	 30	 0.81	 
bfer_115	 1	 1	 1108.jpg	 4.645980e+01	 12	 999000	 120	 999000	 999	 4.747780e+01	 716.67	 716.67	 38.00	 8	 0.19	 
bfer_115	 1	 1	 1211.jpg	 5.044750e+01	 11	 9.914353e+02	 110	 7.167586e+02	 98	 5.146572e+01	 733.33	 716.67	 12.00	 32	 0.63	 
bfer_115	 1	 1	 2204.jpg	 5.445200e+01	 24	 999000	 240	 999000	 999	 5.547015e+01	 733.33	 716.67	 62.00	 25	 0.53	 
bfer_115	 1	 1	 2114.jpg	 5.745533e+01	 24	 999000	 240	 999000	 999	 5.847355e+01	 733.33	 716.67	 57.00	 14	 0.57	 
bfer_115	 1	 1	 1214.jpg	 6.144308e+01	 11	 9.878592e+02	 110	 7.334086e+02	 98	 6.246126e+01	 750.00	 716.67	 15.00	 35	 0.56	 
bfer_115	 1	 1	 2205.jpg	 6.444658e+01	 22	 1.032367e+03	 2200	 7.167419e+02	 98	 6.546489e+01	 750.00	 666.67	 50.00	 26	 0.68	 
bfer_115	 1	 1	 1115.jpg	 6.644881e+01	 12	 999000	 120	 999000	 999	 6.746696e+01	 750.00	 666.67	 8.00	 15	 0.69	 
bfer_115	 1	 1	 2210.jpg	 7.045338e+01	 24	 999000	 240	 999000	 999	 7.147141e+01	 750.00	 666.67	 59.00	 31	 0.55	 
bfer_115	 1	 1	 2219.jpg	 7.245561e+01	 24	 999000	 240	 999000	 999	 7.347365e+01	 750.00	 666.67	 43.00	 40	 0.91	 
bfer_115	 1	 1	 1109.jpg	 7.445792e+01	 12	 999000	 120	 999000	 999	 7.547597e+01	 750.00	 666.67	 9.00	 9	 0.66	 
bfer_115	 1	 1	 1208.jpg	 7.844569e+01	 11	 1.033256e+03	 1100	 7.503422e+02	 98	 7.946374e+01	 700.00	 666.67	 10.00	 29	 0.65	 
bfer_115	 1	 1	 1217.jpg	 8.044785e+01	 12	 999000	 120	 999000	 999	 8.146603e+01	 700.00	 666.67	 16.00	 38	 0.56	 
bfer_115	 1	 1	 2115.jpg	 8.445237e+01	 24	 999000	 240	 999000	 999	 8.547047e+01	 700.00	 666.67	 54.00	 15	 0.60	 
bfer_115	 1	 1	 1207.jpg	 8.845668e+01	 11	 9.822594e+02	 110	 7.001355e+02	 98	 8.947496e+01	 716.67	 666.67	 13.00	 28	 0.63	 
bfer_115	 1	 1	 2214.jpg	 9.144547e+01	 24	 999000	 240	 999000	 999	 9.246143e+01	 716.67	 666.67	 51.00	 35	 0.64	 
bfer_115	 1	 1	 1219.jpg	 9.745034e+01	 12	 999000	 120	 999000	 999	 9.846847e+01	 716.67	 666.67	 4.00	 40	 0.78	 
bfer_115	 1	 1	 2201.jpg	 9.945256e+01	 22	 9.463946e+02	 220	 6.667399e+02	 98	 1.004707e+02	 716.67	 683.33	 52.00	 22	 0.63	 
bfer_115	 1	 1	 2108.jpg	 1.034571e+02	 24	 999000	 240	 999000	 999	 1.044752e+02	 716.67	 683.33	 78.00	 8	 0.18	 
bfer_115	 1	 1	 1103.jpg	 1.054593e+02	 12	 999000	 120	 999000	 999	 1.064775e+02	 716.67	 683.33	 11.00	 3	 0.64	 
bfer_115	 1	 1	 2102.jpg	 1.074446e+02	 24	 999000	 240	 999000	 999	 1.084630e+02	 716.67	 683.33	 77.00	 2	 0.20	 
bfer_115	 1	 1	 1106.jpg	 1.094471e+02	 12	 999000	 120	 999000	 999	 1.104651e+02	 716.67	 683.33	 14.00	 6	 0.62	 
bfer_115	 1	 1	 2211.jpg	 1.144527e+02	 22	 9.142360e+02	 220	 6.836222e+02	 98	 1.154706e+02	 716.67	 700.00	 47.00	 32	 0.73	 
bfer_115	 1	 1	 1213.jpg	 1.164550e+02	 12	 999000	 120	 999000	 999	 1.174731e+02	 716.67	 700.00	 20.00	 34	 0.52	 
bfer_115	 1	 1	 2106.jpg	 1.184572e+02	 22	 9.817499e+02	 220	 7.000357e+02	 98	 1.194753e+02	 716.67	 716.67	 58.00	 6	 0.56	 
bfer_115	 1	 1	 2109.jpg	 1.214437e+02	 24	 999000	 240	 999000	 999	 1.224621e+02	 716.67	 716.67	 48.00	 9	 0.71	 
