subjectID	 order	 runNum	 itemName	 onsetTime	 shuff_trialType	 RT	 respInTime	 AudioTime	 response	 fixationTime	 ladder1	 ladder2	 bidIndex	 itemNameIndex	 bidValue	 
bfer_126	 2	 20	 1113.jpg	 1.123699e+03	 12	 999000	 120	 999000	 999	 1.124717e+03	 850.00	 883.33	 15.00	 13	 0.58	 
bfer_126	 2	 20	 1214.jpg	 1.128688e+03	 12	 999000	 120	 999000	 999	 1.129706e+03	 850.00	 883.33	 4.00	 35	 0.74	 
bfer_126	 2	 20	 1105.jpg	 1.130690e+03	 12	 999000	 120	 999000	 999	 1.131709e+03	 850.00	 883.33	 37.00	 5	 0.22	 
bfer_126	 2	 20	 1202.jpg	 1.132693e+03	 12	 6.745133e+02	 12	 999000	 98	 1.133711e+03	 850.00	 883.33	 18.00	 23	 0.56	 
bfer_126	 2	 20	 1216.jpg	 1.138699e+03	 11	 4.677826e+02	 11	 8.500251e+02	 98	 1.139734e+03	 866.67	 883.33	 9.00	 37	 0.66	 
bfer_126	 2	 20	 2216.jpg	 1.140702e+03	 24	 999000	 240	 999000	 999	 1.141720e+03	 866.67	 883.33	 47.00	 37	 0.75	 
bfer_126	 2	 20	 1209.jpg	 1.143688e+03	 12	 1.015081e+03	 12	 999000	 98	 1.144707e+03	 866.67	 883.33	 12.00	 30	 0.59	 
bfer_126	 2	 20	 1102.jpg	 1.145691e+03	 12	 999000	 120	 999000	 999	 1.146709e+03	 866.67	 883.33	 19.00	 2	 0.55	 
bfer_126	 2	 20	 1107.jpg	 1.149695e+03	 11	 7.760138e+02	 11	 8.667025e+02	 98	 1.150746e+03	 883.33	 883.33	 14.00	 7	 0.58	 
bfer_126	 2	 20	 1120.jpg	 1.151697e+03	 12	 999000	 120	 999000	 999	 1.152715e+03	 883.33	 883.33	 13.00	 20	 0.59	 
bfer_126	 2	 20	 1106.jpg	 1.156703e+03	 11	 7.441746e+02	 11	 8.833621e+02	 98	 1.157771e+03	 900.00	 883.33	 16.00	 6	 0.57	 
bfer_126	 2	 20	 2211.jpg	 1.163694e+03	 22	 9.690441e+02	 220	 8.833637e+02	 98	 1.164762e+03	 900.00	 900.00	 48.00	 32	 0.72	 
bfer_126	 2	 20	 2218.jpg	 1.165696e+03	 24	 999000	 240	 999000	 999	 1.166714e+03	 900.00	 900.00	 50.00	 39	 0.70	 
bfer_126	 2	 20	 1215.jpg	 1.168700e+03	 11	 8.834453e+02	 11	 9.000159e+02	 98	 1.169785e+03	 916.67	 900.00	 8.00	 36	 0.67	 
bfer_126	 2	 20	 1212.jpg	 1.171703e+03	 11	 9.440084e+02	 110	 9.166936e+02	 98	 1.172804e+03	 916.67	 900.00	 17.00	 33	 0.57	 
bfer_126	 2	 20	 2206.jpg	 1.175691e+03	 24	 999000	 240	 999000	 999	 1.176709e+03	 916.67	 900.00	 43.00	 27	 0.86	 
bfer_126	 2	 20	 2204.jpg	 1.179697e+03	 24	 999000	 240	 999000	 999	 1.180713e+03	 916.67	 900.00	 60.00	 25	 0.50	 
bfer_126	 2	 20	 2212.jpg	 1.183700e+03	 24	 999000	 240	 999000	 999	 1.184718e+03	 916.67	 900.00	 78.00	 33	 0.22	 
bfer_126	 2	 20	 2205.jpg	 1.186703e+03	 24	 999000	 240	 999000	 999	 1.187721e+03	 916.67	 900.00	 59.00	 26	 0.51	 
bfer_126	 2	 20	 1115.jpg	 1.192693e+03	 12	 999000	 120	 999000	 999	 1.193711e+03	 916.67	 900.00	 22.00	 15	 0.48	 
bfer_126	 2	 20	 2219.jpg	 1.194696e+03	 24	 999000	 240	 999000	 999	 1.195714e+03	 916.67	 900.00	 55.00	 40	 0.60	 
bfer_126	 2	 20	 2109.jpg	 1.197699e+03	 24	 999000	 240	 999000	 999	 1.198717e+03	 916.67	 900.00	 52.00	 9	 0.66	 
bfer_126	 2	 20	 1119.jpg	 1.199701e+03	 12	 999000	 120	 999000	 999	 1.200719e+03	 916.67	 900.00	 21.00	 19	 0.51	 
bfer_126	 2	 20	 1208.jpg	 1.201703e+03	 12	 999000	 120	 999000	 999	 1.202722e+03	 916.67	 900.00	 10.00	 29	 0.63	 
bfer_126	 2	 20	 2209.jpg	 1.203689e+03	 24	 999000	 240	 999000	 999	 1.204707e+03	 916.67	 900.00	 44.00	 30	 0.82	 
bfer_126	 2	 20	 2201.jpg	 1.206692e+03	 22	 1.130774e+03	 2200	 9.000213e+02	 98	 1.207777e+03	 916.67	 850.00	 56.00	 22	 0.58	 
bfer_126	 2	 20	 2110.jpg	 1.210697e+03	 22	 6.303163e+02	 22	 8.500245e+02	 98	 1.211732e+03	 916.67	 866.67	 54.00	 10	 0.60	 
bfer_126	 2	 20	 1210.jpg	 1.212699e+03	 12	 999000	 120	 999000	 999	 1.213717e+03	 916.67	 866.67	 38.00	 31	 0.20	 
bfer_126	 2	 20	 2111.jpg	 1.214701e+03	 24	 999000	 240	 999000	 999	 1.215719e+03	 916.67	 866.67	 53.00	 11	 0.64	 
bfer_126	 2	 20	 2208.jpg	 1.216704e+03	 24	 999000	 240	 999000	 999	 1.217722e+03	 916.67	 866.67	 62.00	 29	 0.47	 
bfer_126	 2	 20	 2202.jpg	 1.218689e+03	 22	 1.165996e+03	 2200	 8.666959e+02	 98	 1.219741e+03	 916.67	 816.67	 57.00	 23	 0.58	 
bfer_126	 2	 20	 2101.jpg	 1.220691e+03	 24	 999000	 240	 999000	 999	 1.221710e+03	 916.67	 816.67	 58.00	 1	 0.57	 
bfer_126	 2	 20	 2104.jpg	 1.224696e+03	 24	 999000	 240	 999000	 999	 1.225714e+03	 916.67	 816.67	 61.00	 4	 0.48	 
bfer_126	 2	 20	 1109.jpg	 1.228700e+03	 12	 999000	 120	 999000	 999	 1.229719e+03	 916.67	 816.67	 7.00	 9	 0.67	 
bfer_126	 2	 20	 2117.jpg	 1.230703e+03	 24	 999000	 240	 999000	 999	 1.231721e+03	 916.67	 816.67	 77.00	 17	 0.24	 
bfer_126	 2	 20	 1218.jpg	 1.232688e+03	 11	 6.149781e+02	 11	 9.166859e+02	 98	 1.233790e+03	 916.67	 816.67	 11.00	 39	 0.62	 
bfer_126	 2	 20	 1103.jpg	 1.234691e+03	 12	 999000	 120	 999000	 999	 1.235709e+03	 916.67	 816.67	 3.00	 3	 0.75	 
bfer_126	 2	 20	 2107.jpg	 1.236693e+03	 22	 4.984639e+02	 22	 8.166951e+02	 98	 1.237711e+03	 916.67	 833.33	 51.00	 7	 0.68	 
bfer_126	 2	 20	 1217.jpg	 1.242699e+03	 12	 999000	 120	 999000	 999	 1.243717e+03	 916.67	 833.33	 20.00	 38	 0.52	 
bfer_126	 2	 20	 2103.jpg	 1.244702e+03	 22	 6.894706e+02	 22	 8.333621e+02	 98	 1.245720e+03	 916.67	 850.00	 49.00	 3	 0.72	 
