subjectID	 order	 runNum	 itemName	 onsetTime	 shuff_trialType	 RT	 respInTime	 AudioTime	 response	 fixationTime	 ladder1	 ladder2	 bidIndex	 itemNameIndex	 bidValue	 
bfer_115	 1	 18	 2108.jpg	 9.669829e+02	 24	 999000	 240	 999000	 999	 9.680010e+02	 716.67	 716.67	 78.00	 8	 0.18	 
bfer_115	 1	 18	 1103.jpg	 9.689855e+02	 12	 999000	 120	 999000	 999	 9.700033e+02	 716.67	 716.67	 11.00	 3	 0.64	 
bfer_115	 1	 18	 2209.jpg	 9.729734e+02	 24	 999000	 240	 999000	 999	 9.739911e+02	 716.67	 716.67	 56.00	 30	 0.58	 
bfer_115	 1	 18	 2115.jpg	 9.759767e+02	 24	 999000	 240	 999000	 999	 9.769944e+02	 716.67	 716.67	 54.00	 15	 0.60	 
bfer_115	 1	 18	 2214.jpg	 9.779790e+02	 24	 999000	 240	 999000	 999	 9.789967e+02	 716.67	 716.67	 51.00	 35	 0.64	 
bfer_115	 1	 18	 2201.jpg	 9.809823e+02	 22	 1.088411e+03	 2200	 7.166837e+02	 98	 9.820001e+02	 716.67	 666.67	 52.00	 22	 0.63	 
bfer_115	 1	 18	 1209.jpg	 9.849868e+02	 12	 999000	 120	 999000	 999	 9.860046e+02	 716.67	 666.67	 3.00	 30	 0.81	 
bfer_115	 1	 18	 1214.jpg	 9.889746e+02	 11	 1.032145e+03	 1100	 7.166837e+02	 98	 9.899924e+02	 666.67	 666.67	 15.00	 35	 0.56	 
bfer_115	 1	 18	 2204.jpg	 9.909769e+02	 24	 999000	 240	 999000	 999	 9.919947e+02	 666.67	 666.67	 62.00	 25	 0.53	 
bfer_115	 1	 18	 1120.jpg	 9.959825e+02	 12	 999000	 120	 999000	 999	 9.970002e+02	 666.67	 666.67	 19.00	 20	 0.52	 
bfer_115	 1	 18	 2114.jpg	 9.979847e+02	 24	 999000	 240	 999000	 999	 9.990025e+02	 666.67	 666.67	 57.00	 14	 0.57	 
bfer_115	 1	 18	 1117.jpg	 9.999870e+02	 12	 999000	 120	 999000	 999	 1.001005e+03	 666.67	 666.67	 37.00	 17	 0.19	 
bfer_115	 1	 18	 1107.jpg	 1.005977e+03	 12	 3.656966e+02	 12	 999000	 98	 1.006995e+03	 666.67	 666.67	 17.00	 7	 0.55	 
bfer_115	 1	 18	 1108.jpg	 1.007979e+03	 12	 999000	 120	 999000	 999	 1.008997e+03	 666.67	 666.67	 38.00	 8	 0.19	 
bfer_115	 1	 18	 1109.jpg	 1.009981e+03	 12	 999000	 120	 999000	 999	 1.010999e+03	 666.67	 666.67	 9.00	 9	 0.66	 
bfer_115	 1	 18	 1204.jpg	 1.011984e+03	 11	 9.429771e+02	 110	 6.667240e+02	 98	 1.013002e+03	 683.33	 666.67	 7.00	 25	 0.69	 
bfer_115	 1	 18	 2111.jpg	 1.015988e+03	 24	 999000	 240	 999000	 999	 1.017006e+03	 683.33	 666.67	 49.00	 11	 0.68	 
bfer_115	 1	 18	 2205.jpg	 1.019976e+03	 22	 9.505819e+02	 220	 6.666920e+02	 98	 1.020994e+03	 683.33	 683.33	 50.00	 26	 0.68	 
bfer_115	 1	 18	 1217.jpg	 1.022979e+03	 12	 999000	 120	 999000	 999	 1.023997e+03	 683.33	 683.33	 16.00	 38	 0.56	 
bfer_115	 1	 18	 1115.jpg	 1.026984e+03	 12	 999000	 120	 999000	 999	 1.028002e+03	 683.33	 683.33	 8.00	 15	 0.69	 
bfer_115	 1	 18	 2219.jpg	 1.029987e+03	 24	 999000	 240	 999000	 999	 1.031005e+03	 683.33	 683.33	 43.00	 40	 0.91	 
bfer_115	 1	 18	 1219.jpg	 1.031973e+03	 12	 999000	 120	 999000	 999	 1.032991e+03	 683.33	 683.33	 4.00	 40	 0.78	 
bfer_115	 1	 18	 2109.jpg	 1.035977e+03	 24	 999000	 240	 999000	 999	 1.036995e+03	 683.33	 683.33	 48.00	 9	 0.71	 
bfer_115	 1	 18	 1218.jpg	 1.037980e+03	 11	 1.018990e+03	 1100	 6.833600e+02	 98	 1.038997e+03	 633.33	 683.33	 18.00	 39	 0.54	 
bfer_115	 1	 18	 1207.jpg	 1.039982e+03	 11	 8.646820e+02	 110	 6.333632e+02	 98	 1.041000e+03	 650.00	 683.33	 13.00	 28	 0.63	 
bfer_115	 1	 18	 1213.jpg	 1.043986e+03	 12	 999000	 120	 999000	 999	 1.045004e+03	 650.00	 683.33	 20.00	 34	 0.52	 
bfer_115	 1	 18	 2212.jpg	 1.045989e+03	 24	 999000	 240	 999000	 999	 1.047006e+03	 650.00	 683.33	 60.00	 33	 0.54	 
bfer_115	 1	 18	 2106.jpg	 1.049976e+03	 22	 1.038252e+03	 2200	 6.833542e+02	 98	 1.050994e+03	 650.00	 633.33	 58.00	 6	 0.56	 
bfer_115	 1	 18	 1211.jpg	 1.053981e+03	 11	 1.081771e+03	 1100	 6.500152e+02	 98	 1.054999e+03	 600.00	 633.33	 12.00	 32	 0.63	 
bfer_115	 1	 18	 2121.jpg	 1.056984e+03	 24	 999000	 240	 999000	 999	 1.058002e+03	 600.00	 633.33	 44.00	 21	 0.84	 
bfer_115	 1	 18	 1106.jpg	 1.062974e+03	 12	 999000	 120	 999000	 999	 1.063992e+03	 600.00	 633.33	 14.00	 6	 0.62	 
bfer_115	 1	 18	 2208.jpg	 1.064977e+03	 22	 9.020072e+02	 220	 6.333568e+02	 98	 1.065994e+03	 600.00	 650.00	 55.00	 29	 0.59	 
bfer_115	 1	 18	 2210.jpg	 1.068981e+03	 24	 999000	 240	 999000	 999	 1.069999e+03	 600.00	 650.00	 59.00	 31	 0.55	 
bfer_115	 1	 18	 2211.jpg	 1.070983e+03	 22	 9.353175e+02	 220	 6.500483e+02	 98	 1.072001e+03	 600.00	 666.67	 47.00	 32	 0.73	 
bfer_115	 1	 18	 2218.jpg	 1.072986e+03	 24	 999000	 240	 999000	 999	 1.074003e+03	 600.00	 666.67	 61.00	 39	 0.54	 
bfer_115	 1	 18	 1111.jpg	 1.074971e+03	 12	 999000	 120	 999000	 999	 1.075989e+03	 600.00	 666.67	 21.00	 11	 0.51	 
bfer_115	 1	 18	 2102.jpg	 1.079977e+03	 24	 999000	 240	 999000	 999	 1.080995e+03	 600.00	 666.67	 77.00	 2	 0.20	 
bfer_115	 1	 18	 2207.jpg	 1.081979e+03	 22	 1.019629e+03	 2200	 6.666955e+02	 98	 1.082999e+03	 600.00	 616.67	 53.00	 28	 0.62	 
bfer_115	 1	 18	 1102.jpg	 1.083981e+03	 12	 999000	 120	 999000	 999	 1.084999e+03	 600.00	 616.67	 22.00	 2	 0.51	 
bfer_115	 1	 18	 1208.jpg	 1.086985e+03	 11	 8.699643e+02	 110	 6.000306e+02	 98	 1.088002e+03	 616.67	 616.67	 10.00	 29	 0.65	 
