subjectID	 order	 runNum	 itemName	 onsetTime	 shuff_trialType	 RT	 respInTime	 AudioTime	 response	 fixationTime	 ladder1	 ladder2	 bidIndex	 itemNameIndex	 bidValue	 
bfer_103	 1	 7	 1120.jpg	 8.135949e+02	 12	 999000	 120	 999000	 999	 8.146130e+02	 883.33	 750.00	 37.00	 20	 0.23	 
bfer_103	 1	 7	 1203.jpg	 8.186006e+02	 12	 999000	 120	 999000	 999	 8.196187e+02	 883.33	 750.00	 38.00	 24	 0.20	 
bfer_103	 1	 7	 1104.jpg	 8.205861e+02	 12	 999000	 120	 999000	 999	 8.216043e+02	 883.33	 750.00	 20.00	 4	 0.47	 
bfer_103	 1	 7	 1214.jpg	 8.225883e+02	 11	 9.062480e+02	 110	 8.833561e+02	 98	 8.236566e+02	 900.00	 750.00	 10.00	 35	 0.66	 
bfer_103	 1	 7	 2217.jpg	 8.285950e+02	 24	 999000	 240	 999000	 999	 8.296132e+02	 900.00	 750.00	 44.00	 38	 0.85	 
bfer_103	 1	 7	 2207.jpg	 8.305973e+02	 24	 999000	 240	 999000	 999	 8.316155e+02	 900.00	 750.00	 60.00	 28	 0.52	 
bfer_103	 1	 7	 1107.jpg	 8.335837e+02	 12	 5.667840e+02	 12	 999000	 98	 8.346021e+02	 900.00	 750.00	 21.00	 7	 0.47	 
bfer_103	 1	 7	 1213.jpg	 8.355862e+02	 12	 7.082950e+02	 12	 999000	 98	 8.366043e+02	 900.00	 750.00	 14.00	 34	 0.57	 
bfer_103	 1	 7	 2121.jpg	 8.395908e+02	 22	 8.957202e+02	 220	 7.500138e+02	 98	 8.406088e+02	 900.00	 766.67	 53.00	 21	 0.58	 
bfer_103	 1	 7	 1121.jpg	 8.415930e+02	 12	 999000	 120	 999000	 999	 8.426112e+02	 900.00	 766.67	 3.00	 21	 0.78	 
bfer_103	 1	 7	 1201.jpg	 8.465986e+02	 11	 5.998996e+02	 11	 9.000152e+02	 98	 8.476835e+02	 916.67	 766.67	 7.00	 22	 0.74	 
bfer_103	 1	 7	 1103.jpg	 8.535898e+02	 12	 999000	 120	 999000	 999	 8.546080e+02	 916.67	 766.67	 11.00	 3	 0.64	 
bfer_103	 1	 7	 2118.jpg	 8.555920e+02	 24	 999000	 240	 999000	 999	 8.566102e+02	 916.67	 766.67	 54.00	 18	 0.58	 
bfer_103	 1	 7	 1105.jpg	 8.585954e+02	 12	 999000	 120	 999000	 999	 8.596135e+02	 916.67	 766.67	 22.00	 5	 0.45	 
bfer_103	 1	 7	 1209.jpg	 8.615988e+02	 11	 6.876558e+02	 11	 9.166939e+02	 98	 8.627000e+02	 916.67	 766.67	 13.00	 30	 0.57	 
bfer_103	 1	 7	 2101.jpg	 8.655866e+02	 22	 5.718849e+02	 22	 7.666901e+02	 98	 8.666047e+02	 916.67	 783.33	 55.00	 1	 0.57	 
bfer_103	 1	 7	 1216.jpg	 8.695911e+02	 12	 999000	 120	 999000	 999	 8.706092e+02	 916.67	 783.33	 9.00	 37	 0.68	 
bfer_103	 1	 7	 2112.jpg	 8.735956e+02	 24	 999000	 240	 999000	 999	 8.746138e+02	 916.67	 783.33	 77.00	 12	 0.22	 
bfer_103	 1	 7	 2104.jpg	 8.765990e+02	 24	 999000	 240	 999000	 999	 8.776171e+02	 916.67	 783.33	 62.00	 4	 0.51	 
bfer_103	 1	 7	 2202.jpg	 8.825891e+02	 22	 6.414178e+02	 22	 7.833703e+02	 98	 8.836071e+02	 916.67	 800.00	 58.00	 23	 0.55	 
bfer_103	 1	 7	 2213.jpg	 8.845912e+02	 24	 999000	 240	 999000	 999	 8.856094e+02	 916.67	 800.00	 61.00	 34	 0.52	 
bfer_103	 1	 7	 2201.jpg	 8.875946e+02	 22	 6.279017e+02	 22	 8.000214e+02	 98	 8.886128e+02	 916.67	 816.67	 50.00	 22	 0.63	 
bfer_103	 1	 7	 2218.jpg	 8.895969e+02	 24	 999000	 240	 999000	 999	 8.906150e+02	 916.67	 816.67	 51.00	 39	 0.61	 
bfer_103	 1	 7	 2103.jpg	 8.915991e+02	 24	 999000	 240	 999000	 999	 8.926173e+02	 916.67	 816.67	 48.00	 3	 0.76	 
bfer_103	 1	 7	 1207.jpg	 8.935847e+02	 12	 999000	 120	 999000	 999	 8.946029e+02	 916.67	 816.67	 17.00	 28	 0.54	 
bfer_103	 1	 7	 1118.jpg	 8.965881e+02	 11	 6.423958e+02	 11	 9.166930e+02	 98	 8.976897e+02	 916.67	 816.67	 12.00	 18	 0.59	 
bfer_103	 1	 7	 2115.jpg	 9.005926e+02	 24	 999000	 240	 999000	 999	 9.016107e+02	 916.67	 816.67	 57.00	 15	 0.56	 
bfer_103	 1	 7	 2205.jpg	 9.025948e+02	 24	 6.356716e+02	 24	 999000	 98	 9.036130e+02	 916.67	 816.67	 49.00	 26	 0.65	 
bfer_103	 1	 7	 1115.jpg	 9.045971e+02	 11	 7.133680e+02	 11	 9.166814e+02	 98	 9.056988e+02	 916.67	 816.67	 18.00	 15	 0.53	 
bfer_103	 1	 7	 1204.jpg	 9.065994e+02	 12	 999000	 120	 999000	 999	 9.076175e+02	 916.67	 816.67	 19.00	 25	 0.53	 
bfer_103	 1	 7	 1211.jpg	 9.085849e+02	 12	 4.856282e+02	 12	 999000	 98	 9.096030e+02	 916.67	 816.67	 8.00	 32	 0.73	 
bfer_103	 1	 7	 1218.jpg	 9.105873e+02	 12	 999000	 120	 999000	 999	 9.116054e+02	 916.67	 816.67	 16.00	 39	 0.55	 
bfer_103	 1	 7	 2117.jpg	 9.145916e+02	 24	 999000	 240	 999000	 999	 9.156098e+02	 916.67	 816.67	 56.00	 17	 0.56	 
bfer_103	 1	 7	 2111.jpg	 9.185961e+02	 24	 999000	 240	 999000	 999	 9.196143e+02	 916.67	 816.67	 59.00	 11	 0.54	 
bfer_103	 1	 7	 1101.jpg	 9.205984e+02	 11	 5.761093e+02	 11	 9.166869e+02	 98	 9.217000e+02	 916.67	 816.67	 15.00	 1	 0.56	 
bfer_103	 1	 7	 1206.jpg	 9.225837e+02	 12	 999000	 120	 999000	 999	 9.236021e+02	 916.67	 816.67	 4.00	 27	 0.77	 
bfer_103	 1	 7	 2110.jpg	 9.245862e+02	 24	 999000	 240	 999000	 999	 9.256043e+02	 916.67	 816.67	 78.00	 10	 0.21	 
bfer_103	 1	 7	 2208.jpg	 9.265884e+02	 24	 999000	 240	 999000	 999	 9.276066e+02	 916.67	 816.67	 43.00	 29	 0.87	 
bfer_103	 1	 7	 2107.jpg	 9.325952e+02	 22	 1.003343e+03	 2200	 8.166903e+02	 98	 9.336135e+02	 916.67	 766.67	 47.00	 7	 0.76	 
bfer_103	 1	 7	 2116.jpg	 9.345975e+02	 22	 1.089040e+03	 2200	 7.666843e+02	 98	 9.356156e+02	 916.67	 716.67	 52.00	 16	 0.59	 
