subjectID	 order	 runNum	 itemName	 onsetTime	 shuff_trialType	 RT	 respInTime	 AudioTime	 response	 fixationTime	 ladder1	 ladder2	 bidIndex	 itemNameIndex	 bidValue	 
bfer_140	 2	 15	 2214.jpg	 5.481570e+02	 22	 7.616307e+02	 220	 5.500170e+02	 98	 5.491751e+02	 616.67	 566.67	 51.00	 35	 0.67	 
bfer_140	 2	 15	 1111.jpg	 5.501593e+02	 12	 999000	 120	 999000	 999	 5.511773e+02	 616.67	 566.67	 18.00	 11	 0.52	 
bfer_140	 2	 15	 2114.jpg	 5.541470e+02	 24	 999000	 240	 999000	 999	 5.551652e+02	 616.67	 566.67	 61.00	 14	 0.49	 
bfer_140	 2	 15	 1108.jpg	 5.571503e+02	 12	 999000	 120	 999000	 999	 5.581686e+02	 616.67	 566.67	 38.00	 8	 0.14	 
bfer_140	 2	 15	 1121.jpg	 5.591526e+02	 12	 999000	 120	 999000	 999	 5.601707e+02	 616.67	 566.67	 22.00	 21	 0.50	 
bfer_140	 2	 15	 1219.jpg	 5.621560e+02	 12	 999000	 120	 999000	 999	 5.631741e+02	 616.67	 566.67	 7.00	 40	 0.77	 
bfer_140	 2	 15	 1209.jpg	 5.661604e+02	 12	 999000	 120	 999000	 999	 5.671787e+02	 616.67	 566.67	 3.00	 30	 0.87	 
bfer_140	 2	 15	 1102.jpg	 5.701483e+02	 12	 999000	 120	 999000	 999	 5.711664e+02	 616.67	 566.67	 19.00	 2	 0.52	 
bfer_140	 2	 15	 2219.jpg	 5.721506e+02	 24	 999000	 240	 999000	 999	 5.731687e+02	 616.67	 566.67	 53.00	 40	 0.64	 
bfer_140	 2	 15	 2121.jpg	 5.771562e+02	 22	 8.104362e+02	 220	 5.666832e+02	 98	 5.781743e+02	 616.67	 583.33	 56.00	 21	 0.60	 
bfer_140	 2	 15	 2210.jpg	 5.791585e+02	 24	 999000	 240	 999000	 999	 5.801765e+02	 616.67	 583.33	 62.00	 31	 0.47	 
bfer_140	 2	 15	 1214.jpg	 5.811607e+02	 11	 8.779433e+02	 110	 6.166859e+02	 98	 5.821788e+02	 633.33	 583.33	 16.00	 35	 0.56	 
bfer_140	 2	 15	 1103.jpg	 5.871507e+02	 12	 999000	 120	 999000	 999	 5.881688e+02	 633.33	 583.33	 15.00	 3	 0.57	 
bfer_140	 2	 15	 1217.jpg	 5.891530e+02	 12	 999000	 120	 999000	 999	 5.901710e+02	 633.33	 583.33	 13.00	 38	 0.61	 
bfer_140	 2	 15	 2103.jpg	 5.911553e+02	 24	 999000	 240	 999000	 999	 5.921735e+02	 633.33	 583.33	 59.00	 3	 0.52	 
bfer_140	 2	 15	 2201.jpg	 5.931575e+02	 22	 9.451652e+02	 220	 5.833478e+02	 98	 5.941756e+02	 633.33	 600.00	 48.00	 22	 0.74	 
bfer_140	 2	 15	 1106.jpg	 5.971454e+02	 11	 9.652780e+02	 110	 6.333505e+02	 98	 5.981634e+02	 650.00	 600.00	 17.00	 6	 0.54	 
bfer_140	 2	 15	 1216.jpg	 6.011498e+02	 12	 999000	 120	 999000	 999	 6.021679e+02	 650.00	 600.00	 20.00	 37	 0.51	 
bfer_140	 2	 15	 2205.jpg	 6.041531e+02	 22	 9.095449e+02	 220	 6.000163e+02	 98	 6.051715e+02	 650.00	 616.67	 49.00	 26	 0.73	 
bfer_140	 2	 15	 2216.jpg	 6.081577e+02	 22	 9.769554e+02	 220	 6.166916e+02	 98	 6.091758e+02	 650.00	 633.33	 54.00	 37	 0.64	 
bfer_140	 2	 15	 1213.jpg	 6.111443e+02	 11	 9.423480e+02	 110	 6.500263e+02	 98	 6.121624e+02	 666.67	 633.33	 11.00	 34	 0.69	 
bfer_140	 2	 15	 1204.jpg	 6.131465e+02	 12	 999000	 120	 999000	 999	 6.141648e+02	 666.67	 633.33	 12.00	 25	 0.64	 
bfer_140	 2	 15	 1109.jpg	 6.171510e+02	 11	 9.756043e+02	 110	 6.666856e+02	 98	 6.181691e+02	 683.33	 633.33	 9.00	 9	 0.74	 
bfer_140	 2	 15	 2218.jpg	 6.191533e+02	 24	 8.293673e+02	 24	 999000	 98	 6.201714e+02	 683.33	 633.33	 47.00	 39	 0.74	 
bfer_140	 2	 15	 1117.jpg	 6.211555e+02	 12	 999000	 120	 999000	 999	 6.221738e+02	 683.33	 633.33	 37.00	 17	 0.16	 
bfer_140	 2	 15	 2217.jpg	 6.251601e+02	 24	 8.945270e+02	 24	 999000	 98	 6.261782e+02	 683.33	 633.33	 44.00	 38	 0.77	 
bfer_140	 2	 15	 1120.jpg	 6.271457e+02	 11	 1.100948e+03	 1100	 6.833514e+02	 98	 6.281637e+02	 633.33	 633.33	 14.00	 20	 0.57	 
bfer_140	 2	 15	 2202.jpg	 6.311501e+02	 24	 999000	 240	 999000	 999	 6.321682e+02	 633.33	 633.33	 52.00	 23	 0.65	 
bfer_140	 2	 15	 2212.jpg	 6.351545e+02	 24	 999000	 240	 999000	 999	 6.361728e+02	 633.33	 633.33	 55.00	 33	 0.61	 
bfer_140	 2	 15	 1205.jpg	 6.381579e+02	 11	 8.726912e+02	 110	 6.333567e+02	 98	 6.391761e+02	 650.00	 633.33	 8.00	 26	 0.76	 
bfer_140	 2	 15	 2204.jpg	 6.441480e+02	 22	 9.306649e+02	 220	 6.333539e+02	 98	 6.451662e+02	 650.00	 650.00	 57.00	 25	 0.59	 
bfer_140	 2	 15	 1202.jpg	 6.461503e+02	 12	 999000	 120	 999000	 999	 6.471684e+02	 650.00	 650.00	 21.00	 23	 0.50	 
bfer_140	 2	 15	 2111.jpg	 6.501547e+02	 24	 999000	 240	 999000	 999	 6.511729e+02	 650.00	 650.00	 60.00	 11	 0.51	 
bfer_140	 2	 15	 1218.jpg	 6.521569e+02	 12	 6.977131e+02	 12	 999000	 98	 6.531751e+02	 650.00	 650.00	 10.00	 39	 0.70	 
bfer_140	 2	 15	 2215.jpg	 6.541592e+02	 24	 999000	 240	 999000	 999	 6.551773e+02	 650.00	 650.00	 50.00	 36	 0.69	 
bfer_140	 2	 15	 2203.jpg	 6.561446e+02	 24	 999000	 240	 999000	 999	 6.571629e+02	 650.00	 650.00	 78.00	 24	 0.24	 
bfer_140	 2	 15	 1207.jpg	 6.611504e+02	 12	 999000	 120	 999000	 999	 6.621685e+02	 650.00	 650.00	 4.00	 28	 0.78	 
bfer_140	 2	 15	 2207.jpg	 6.631527e+02	 24	 999000	 240	 999000	 999	 6.641708e+02	 650.00	 650.00	 43.00	 28	 0.79	 
bfer_140	 2	 15	 2119.jpg	 6.651549e+02	 24	 999000	 240	 999000	 999	 6.661731e+02	 650.00	 650.00	 77.00	 19	 0.24	 
bfer_140	 2	 15	 2109.jpg	 6.681583e+02	 24	 999000	 240	 999000	 999	 6.691763e+02	 650.00	 650.00	 58.00	 9	 0.59	 
