subjectID	 order	 runNum	 itemName	 onsetTime	 shuff_trialType	 RT	 respInTime	 AudioTime	 response	 fixationTime	 ladder1	 ladder2	 bidIndex	 itemNameIndex	 bidValue	 
bfer_154	 2	 5	 1110.jpg	 5.204640e+02	 12	 999000	 120	 999000	 999	 5.214819e+02	 616.67	 683.33	 19.00	 10	 0.50	 
bfer_154	 2	 5	 1121.jpg	 5.234675e+02	 11	 7.949834e+02	 110	 6.166917e+02	 98	 5.244852e+02	 633.33	 683.33	 17.00	 21	 0.53	 
bfer_154	 2	 5	 1219.jpg	 5.274550e+02	 12	 999000	 120	 999000	 999	 5.284730e+02	 633.33	 683.33	 7.00	 40	 0.77	 
bfer_154	 2	 5	 2205.jpg	 5.294577e+02	 24	 999000	 240	 999000	 999	 5.304753e+02	 633.33	 683.33	 60.00	 26	 0.53	 
bfer_154	 2	 5	 1103.jpg	 5.314597e+02	 12	 999000	 120	 999000	 999	 5.324775e+02	 633.33	 683.33	 3.00	 3	 0.82	 
bfer_154	 2	 5	 2201.jpg	 5.354642e+02	 24	 999000	 240	 999000	 999	 5.364820e+02	 633.33	 683.33	 44.00	 22	 0.83	 
bfer_154	 2	 5	 2104.jpg	 5.374664e+02	 24	 999000	 240	 999000	 999	 5.384842e+02	 633.33	 683.33	 61.00	 4	 0.53	 
bfer_154	 2	 5	 2105.jpg	 5.424551e+02	 24	 999000	 240	 999000	 999	 5.434732e+02	 633.33	 683.33	 58.00	 5	 0.55	 
bfer_154	 2	 5	 1112.jpg	 5.444577e+02	 12	 999000	 120	 999000	 999	 5.454755e+02	 633.33	 683.33	 37.00	 12	 0.20	 
bfer_154	 2	 5	 1218.jpg	 5.474611e+02	 12	 999000	 120	 999000	 999	 5.484788e+02	 633.33	 683.33	 21.00	 39	 0.47	 
bfer_154	 2	 5	 2211.jpg	 5.504644e+02	 24	 999000	 240	 999000	 999	 5.514822e+02	 633.33	 683.33	 52.00	 32	 0.64	 
bfer_154	 2	 5	 2109.jpg	 5.544689e+02	 24	 999000	 240	 999000	 999	 5.554866e+02	 633.33	 683.33	 53.00	 9	 0.63	 
bfer_154	 2	 5	 1120.jpg	 5.574554e+02	 12	 999000	 120	 999000	 999	 5.584734e+02	 633.33	 683.33	 38.00	 20	 0.16	 
bfer_154	 2	 5	 2216.jpg	 5.594579e+02	 22	 8.605882e+02	 220	 6.833618e+02	 98	 5.604756e+02	 633.33	 700.00	 51.00	 37	 0.67	 
bfer_154	 2	 5	 2110.jpg	 5.624612e+02	 22	 1.233265e+03	 2200	 7.000209e+02	 98	 5.634790e+02	 633.33	 650.00	 48.00	 10	 0.69	 
bfer_154	 2	 5	 2121.jpg	 5.664657e+02	 22	 8.767557e+02	 220	 6.500274e+02	 98	 5.674835e+02	 633.33	 666.67	 49.00	 21	 0.69	 
bfer_154	 2	 5	 1111.jpg	 5.694688e+02	 12	 999000	 120	 999000	 999	 5.704869e+02	 633.33	 666.67	 13.00	 11	 0.59	 
bfer_154	 2	 5	 1212.jpg	 5.714713e+02	 12	 999000	 120	 999000	 999	 5.724891e+02	 633.33	 666.67	 20.00	 33	 0.47	 
bfer_154	 2	 5	 2214.jpg	 5.734569e+02	 24	 999000	 240	 999000	 999	 5.744747e+02	 633.33	 666.67	 47.00	 35	 0.72	 
bfer_154	 2	 5	 1201.jpg	 5.784625e+02	 11	 8.639772e+02	 110	 6.333522e+02	 98	 5.794803e+02	 650.00	 666.67	 9.00	 22	 0.69	 
bfer_154	 2	 5	 1210.jpg	 5.824671e+02	 12	 999000	 120	 999000	 999	 5.834848e+02	 650.00	 666.67	 22.00	 31	 0.46	 
bfer_154	 2	 5	 2106.jpg	 5.864547e+02	 24	 999000	 240	 999000	 999	 5.874727e+02	 650.00	 666.67	 43.00	 6	 0.85	 
bfer_154	 2	 5	 2219.jpg	 5.924616e+02	 24	 8.808419e+02	 24	 999000	 98	 5.934793e+02	 650.00	 666.67	 59.00	 40	 0.53	 
bfer_154	 2	 5	 1214.jpg	 5.944638e+02	 12	 999000	 120	 999000	 999	 5.954816e+02	 650.00	 666.67	 18.00	 35	 0.50	 
bfer_154	 2	 5	 1107.jpg	 5.964661e+02	 11	 1.060356e+03	 1100	 6.500170e+02	 98	 5.974840e+02	 600.00	 666.67	 14.00	 7	 0.57	 
bfer_154	 2	 5	 2108.jpg	 5.984683e+02	 24	 999000	 240	 999000	 999	 5.994862e+02	 600.00	 666.67	 77.00	 8	 0.22	 
bfer_154	 2	 5	 1106.jpg	 6.004706e+02	 11	 1.007848e+03	 1100	 6.000208e+02	 98	 6.014887e+02	 550.00	 666.67	 16.00	 6	 0.54	 
bfer_154	 2	 5	 2114.jpg	 6.044584e+02	 22	 9.160287e+02	 220	 6.666808e+02	 98	 6.054762e+02	 550.00	 683.33	 57.00	 14	 0.56	 
bfer_154	 2	 5	 2212.jpg	 6.064606e+02	 22	 8.978374e+02	 220	 6.833490e+02	 98	 6.074785e+02	 550.00	 700.00	 56.00	 33	 0.56	 
bfer_154	 2	 5	 2107.jpg	 6.104651e+02	 24	 999000	 240	 999000	 999	 6.114829e+02	 550.00	 700.00	 55.00	 7	 0.57	 
bfer_154	 2	 5	 2207.jpg	 6.124674e+02	 24	 999000	 240	 999000	 999	 6.134852e+02	 550.00	 700.00	 50.00	 28	 0.68	 
bfer_154	 2	 5	 1102.jpg	 6.144697e+02	 12	 999000	 120	 999000	 999	 6.154874e+02	 550.00	 700.00	 15.00	 2	 0.55	 
bfer_154	 2	 5	 1215.jpg	 6.164549e+02	 11	 8.635572e+02	 110	 5.500278e+02	 98	 6.174730e+02	 566.67	 700.00	 8.00	 36	 0.69	 
bfer_154	 2	 5	 2117.jpg	 6.214609e+02	 24	 999000	 240	 999000	 999	 6.224786e+02	 566.67	 700.00	 78.00	 17	 0.20	 
bfer_154	 2	 5	 1203.jpg	 6.234631e+02	 11	 8.073723e+02	 110	 5.666927e+02	 98	 6.244808e+02	 583.33	 700.00	 11.00	 24	 0.66	 
bfer_154	 2	 5	 2111.jpg	 6.254654e+02	 22	 9.810703e+02	 220	 7.000196e+02	 98	 6.264832e+02	 583.33	 716.67	 54.00	 11	 0.60	 
bfer_154	 2	 5	 1205.jpg	 6.284688e+02	 12	 999000	 120	 999000	 999	 6.294865e+02	 583.33	 716.67	 10.00	 26	 0.67	 
bfer_154	 2	 5	 1216.jpg	 6.354598e+02	 12	 7.946324e+02	 12	 999000	 98	 6.364778e+02	 583.33	 716.67	 4.00	 37	 0.80	 
bfer_154	 2	 5	 2115.jpg	 6.394644e+02	 24	 999000	 240	 999000	 999	 6.404822e+02	 583.33	 716.67	 62.00	 15	 0.45	 
bfer_154	 2	 5	 1207.jpg	 6.464552e+02	 12	 999000	 120	 999000	 999	 6.474733e+02	 583.33	 716.67	 12.00	 28	 0.60	 
