subjectID	 order	 runNum	 itemName	 onsetTime	 shuff_trialType	 RT	 respInTime	 AudioTime	 response	 fixationTime	 ladder1	 ladder2	 bidIndex	 itemNameIndex	 bidValue	 
bfer_154	 2	 1	 2201.jpg	 1.330830e+00	 24	 4.196626e+02	 24	 999000	 98	 2.348854e+00	 750.00	 750.00	 44.00	 22	 0.83	 
bfer_154	 2	 1	 1107.jpg	 6.319891e+00	 11	 9.185748e+02	 110	 7.505436e+02	 98	 7.337683e+00	 766.67	 750.00	 14.00	 7	 0.57	 
bfer_154	 2	 1	 2121.jpg	 8.322109e+00	 22	 9.643699e+02	 220	 7.502184e+02	 98	 9.339875e+00	 766.67	 766.67	 49.00	 21	 0.69	 
bfer_154	 2	 1	 1214.jpg	 1.032432e+01	 12	 999000	 120	 999000	 999	 1.134207e+01	 766.67	 766.67	 18.00	 35	 0.50	 
bfer_154	 2	 1	 2219.jpg	 1.631454e+01	 24	 999000	 240	 999000	 999	 1.733223e+01	 766.67	 766.67	 59.00	 40	 0.53	 
bfer_154	 2	 1	 1216.jpg	 1.831659e+01	 12	 999000	 120	 999000	 999	 1.933445e+01	 766.67	 766.67	 4.00	 37	 0.80	 
bfer_154	 2	 1	 1218.jpg	 2.131996e+01	 12	 999000	 120	 999000	 999	 2.233771e+01	 766.67	 766.67	 21.00	 39	 0.47	 
bfer_154	 2	 1	 1111.jpg	 2.332225e+01	 12	 999000	 120	 999000	 999	 2.434006e+01	 766.67	 766.67	 13.00	 11	 0.59	 
bfer_154	 2	 1	 2108.jpg	 2.732675e+01	 24	 999000	 240	 999000	 999	 2.834450e+01	 766.67	 766.67	 77.00	 8	 0.22	 
bfer_154	 2	 1	 2115.jpg	 2.931214e+01	 24	 999000	 240	 999000	 999	 3.033012e+01	 766.67	 766.67	 62.00	 15	 0.45	 
bfer_154	 2	 1	 1112.jpg	 3.431796e+01	 12	 999000	 120	 999000	 999	 3.533569e+01	 766.67	 766.67	 37.00	 12	 0.20	 
bfer_154	 2	 1	 1121.jpg	 4.132582e+01	 11	 1.128640e+03	 1100	 7.667500e+02	 98	 4.234370e+01	 716.67	 766.67	 17.00	 21	 0.53	 
bfer_154	 2	 1	 1102.jpg	 4.332821e+01	 12	 999000	 120	 999000	 999	 4.434579e+01	 716.67	 766.67	 15.00	 2	 0.55	 
bfer_154	 2	 1	 2105.jpg	 4.631470e+01	 24	 999000	 240	 999000	 999	 4.733251e+01	 716.67	 766.67	 58.00	 5	 0.55	 
bfer_154	 2	 1	 2111.jpg	 4.931810e+01	 22	 1.072383e+03	 2200	 7.667475e+02	 98	 5.033586e+01	 716.67	 716.67	 54.00	 11	 0.60	 
bfer_154	 2	 1	 2110.jpg	 5.332258e+01	 22	 9.638774e+02	 220	 7.167315e+02	 98	 5.434044e+01	 716.67	 733.33	 48.00	 10	 0.69	 
bfer_154	 2	 1	 1201.jpg	 5.732711e+01	 11	 9.433659e+02	 110	 7.167346e+02	 98	 5.834487e+01	 733.33	 733.33	 9.00	 22	 0.69	 
bfer_154	 2	 1	 1210.jpg	 6.131490e+01	 12	 999000	 120	 999000	 999	 6.233271e+01	 733.33	 733.33	 22.00	 31	 0.46	 
bfer_154	 2	 1	 2104.jpg	 6.431832e+01	 24	 999000	 240	 999000	 999	 6.533637e+01	 733.33	 733.33	 61.00	 4	 0.53	 
bfer_154	 2	 1	 2216.jpg	 7.032509e+01	 22	 9.213749e+02	 220	 7.334131e+02	 98	 7.134286e+01	 733.33	 750.00	 51.00	 37	 0.67	 
bfer_154	 2	 1	 1110.jpg	 7.232733e+01	 12	 999000	 120	 999000	 999	 7.334507e+01	 733.33	 750.00	 19.00	 10	 0.50	 
bfer_154	 2	 1	 2207.jpg	 7.531406e+01	 24	 999000	 240	 999000	 999	 7.633169e+01	 733.33	 750.00	 50.00	 28	 0.68	 
bfer_154	 2	 1	 1215.jpg	 7.731616e+01	 11	 1.098305e+03	 1100	 7.334075e+02	 98	 7.833401e+01	 683.33	 750.00	 8.00	 36	 0.69	 
bfer_154	 2	 1	 1212.jpg	 7.931842e+01	 12	 999000	 120	 999000	 999	 8.033624e+01	 683.33	 750.00	 20.00	 33	 0.47	 
bfer_154	 2	 1	 2212.jpg	 8.132066e+01	 22	 1.093803e+03	 2200	 7.503219e+02	 98	 8.233848e+01	 683.33	 700.00	 56.00	 33	 0.56	 
bfer_154	 2	 1	 1103.jpg	 8.432412e+01	 12	 999000	 120	 999000	 999	 8.534188e+01	 683.33	 700.00	 3.00	 3	 0.82	 
bfer_154	 2	 1	 2214.jpg	 8.832861e+01	 24	 999000	 240	 999000	 999	 8.934642e+01	 683.33	 700.00	 47.00	 35	 0.72	 
bfer_154	 2	 1	 2109.jpg	 9.031421e+01	 24	 999000	 240	 999000	 999	 9.133188e+01	 683.33	 700.00	 53.00	 9	 0.63	 
bfer_154	 2	 1	 1205.jpg	 9.231639e+01	 12	 999000	 120	 999000	 999	 9.333416e+01	 683.33	 700.00	 10.00	 26	 0.67	 
bfer_154	 2	 1	 1106.jpg	 9.431860e+01	 11	 9.838612e+02	 110	 6.836207e+02	 98	 9.533647e+01	 700.00	 700.00	 16.00	 6	 0.54	 
bfer_154	 2	 1	 1203.jpg	 9.632087e+01	 11	 9.495875e+02	 110	 7.001797e+02	 98	 9.733871e+01	 716.67	 700.00	 11.00	 24	 0.66	 
bfer_154	 2	 1	 2211.jpg	 9.832309e+01	 24	 999000	 240	 999000	 999	 9.934101e+01	 716.67	 700.00	 52.00	 32	 0.64	 
bfer_154	 2	 1	 2117.jpg	 1.023276e+02	 24	 999000	 240	 999000	 999	 1.033454e+02	 716.67	 700.00	 78.00	 17	 0.20	 
bfer_154	 2	 1	 2106.jpg	 1.063155e+02	 24	 999000	 240	 999000	 999	 1.073333e+02	 716.67	 700.00	 43.00	 6	 0.85	 
bfer_154	 2	 1	 2205.jpg	 1.083178e+02	 24	 999000	 240	 999000	 999	 1.093354e+02	 716.67	 700.00	 60.00	 26	 0.53	 
bfer_154	 2	 1	 2107.jpg	 1.103199e+02	 24	 999000	 240	 999000	 999	 1.113378e+02	 716.67	 700.00	 55.00	 7	 0.57	 
bfer_154	 2	 1	 1207.jpg	 1.123222e+02	 12	 999000	 120	 999000	 999	 1.133400e+02	 716.67	 700.00	 12.00	 28	 0.60	 
bfer_154	 2	 1	 1219.jpg	 1.143245e+02	 12	 999000	 120	 999000	 999	 1.153423e+02	 716.67	 700.00	 7.00	 40	 0.77	 
bfer_154	 2	 1	 1120.jpg	 1.203146e+02	 12	 999000	 120	 999000	 999	 1.213324e+02	 716.67	 700.00	 38.00	 20	 0.16	 
bfer_154	 2	 1	 2114.jpg	 1.223168e+02	 22	 8.576542e+02	 220	 7.000504e+02	 98	 1.233346e+02	 716.67	 716.67	 57.00	 14	 0.56	 
