subjectID	 order	 runNum	 itemName	 onsetTime	 shuff_trialType	 RT	 respInTime	 AudioTime	 response	 fixationTime	 ladder1	 ladder2	 bidIndex	 itemNameIndex	 bidValue	 
bfer_140	 2	 18	 1106.jpg	 9.187557e+02	 11	 8.189231e+02	 110	 5.166808e+02	 98	 9.197742e+02	 533.33	 650.00	 17.00	 6	 0.54	 
bfer_140	 2	 18	 2215.jpg	 9.217594e+02	 24	 999000	 240	 999000	 999	 9.227776e+02	 533.33	 650.00	 50.00	 36	 0.69	 
bfer_140	 2	 18	 1103.jpg	 9.237448e+02	 12	 999000	 120	 999000	 999	 9.247631e+02	 533.33	 650.00	 15.00	 3	 0.57	 
bfer_140	 2	 18	 2201.jpg	 9.257472e+02	 22	 9.634133e+02	 220	 6.500174e+02	 98	 9.267653e+02	 533.33	 666.67	 48.00	 22	 0.74	 
bfer_140	 2	 18	 1109.jpg	 9.277495e+02	 11	 8.171731e+02	 110	 5.333510e+02	 98	 9.287676e+02	 550.00	 666.67	 9.00	 9	 0.74	 
bfer_140	 2	 18	 1213.jpg	 9.307529e+02	 11	 7.897456e+02	 110	 5.500155e+02	 98	 9.317711e+02	 566.67	 666.67	 11.00	 34	 0.69	 
bfer_140	 2	 18	 2210.jpg	 9.327551e+02	 24	 999000	 240	 999000	 999	 9.337732e+02	 566.67	 666.67	 62.00	 31	 0.47	 
bfer_140	 2	 18	 2202.jpg	 9.367595e+02	 24	 999000	 240	 999000	 999	 9.377778e+02	 566.67	 666.67	 52.00	 23	 0.65	 
bfer_140	 2	 18	 2203.jpg	 9.387448e+02	 24	 999000	 240	 999000	 999	 9.397633e+02	 566.67	 666.67	 78.00	 24	 0.24	 
bfer_140	 2	 18	 2207.jpg	 9.437508e+02	 24	 999000	 240	 999000	 999	 9.447690e+02	 566.67	 666.67	 43.00	 28	 0.79	 
bfer_140	 2	 18	 1121.jpg	 9.457531e+02	 12	 999000	 120	 999000	 999	 9.467713e+02	 566.67	 666.67	 22.00	 21	 0.50	 
bfer_140	 2	 18	 1205.jpg	 9.497575e+02	 11	 8.411516e+02	 110	 5.667112e+02	 98	 9.507758e+02	 583.33	 666.67	 8.00	 26	 0.76	 
bfer_140	 2	 18	 1202.jpg	 9.517597e+02	 12	 999000	 120	 999000	 999	 9.527778e+02	 583.33	 666.67	 21.00	 23	 0.50	 
bfer_140	 2	 18	 1219.jpg	 9.547465e+02	 12	 999000	 120	 999000	 999	 9.557645e+02	 583.33	 666.67	 7.00	 40	 0.77	 
bfer_140	 2	 18	 1108.jpg	 9.597520e+02	 12	 999000	 120	 999000	 999	 9.607702e+02	 583.33	 666.67	 38.00	 8	 0.14	 
bfer_140	 2	 18	 1218.jpg	 9.617543e+02	 12	 999000	 120	 999000	 999	 9.627724e+02	 583.33	 666.67	 10.00	 39	 0.70	 
bfer_140	 2	 18	 1204.jpg	 9.637565e+02	 12	 999000	 120	 999000	 999	 9.647746e+02	 583.33	 666.67	 12.00	 25	 0.64	 
bfer_140	 2	 18	 1207.jpg	 9.677611e+02	 12	 999000	 120	 999000	 999	 9.687792e+02	 583.33	 666.67	 4.00	 28	 0.78	 
bfer_140	 2	 18	 2216.jpg	 9.717488e+02	 22	 9.537920e+02	 220	 6.666816e+02	 98	 9.727669e+02	 583.33	 683.33	 54.00	 37	 0.64	 
bfer_140	 2	 18	 1117.jpg	 9.757534e+02	 12	 999000	 120	 999000	 999	 9.767714e+02	 583.33	 683.33	 37.00	 17	 0.16	 
bfer_140	 2	 18	 2103.jpg	 9.777557e+02	 24	 999000	 240	 999000	 999	 9.787737e+02	 583.33	 683.33	 59.00	 3	 0.52	 
bfer_140	 2	 18	 2214.jpg	 9.797578e+02	 22	 9.047892e+02	 220	 6.833564e+02	 98	 9.807761e+02	 583.33	 700.00	 51.00	 35	 0.67	 
bfer_140	 2	 18	 2111.jpg	 9.817601e+02	 24	 999000	 240	 999000	 999	 9.827782e+02	 583.33	 700.00	 60.00	 11	 0.51	 
bfer_140	 2	 18	 2119.jpg	 9.837453e+02	 24	 999000	 240	 999000	 999	 9.847637e+02	 583.33	 700.00	 77.00	 19	 0.24	 
bfer_140	 2	 18	 1214.jpg	 9.897524e+02	 11	 999000	 1	 5.833502e+02	 999	 9.907706e+02	 533.33	 700.00	 16.00	 35	 0.56	 
bfer_140	 2	 18	 2109.jpg	 9.927558e+02	 24	 999000	 240	 999000	 999	 9.937739e+02	 533.33	 700.00	 58.00	 9	 0.59	 
bfer_140	 2	 18	 2212.jpg	 9.947580e+02	 24	 999000	 240	 999000	 999	 9.957762e+02	 533.33	 700.00	 55.00	 33	 0.61	 
bfer_140	 2	 18	 2205.jpg	 9.967603e+02	 22	 6.234919e+01	 22	 7.000258e+02	 98	 9.977785e+02	 533.33	 716.67	 49.00	 26	 0.73	 
bfer_140	 2	 18	 1217.jpg	 9.997469e+02	 12	 999000	 120	 999000	 999	 1.000765e+03	 533.33	 716.67	 13.00	 38	 0.61	 
bfer_140	 2	 18	 2219.jpg	 1.001749e+03	 24	 999000	 240	 999000	 999	 1.002767e+03	 533.33	 716.67	 53.00	 40	 0.64	 
bfer_140	 2	 18	 1111.jpg	 1.003751e+03	 12	 999000	 120	 999000	 999	 1.004770e+03	 533.33	 716.67	 18.00	 11	 0.52	 
bfer_140	 2	 18	 1120.jpg	 1.005754e+03	 11	 1.044993e+03	 1100	 5.333551e+02	 98	 1.006772e+03	 483.33	 716.67	 14.00	 20	 0.57	 
bfer_140	 2	 18	 2114.jpg	 1.008757e+03	 24	 6.495458e+02	 24	 999000	 98	 1.009775e+03	 483.33	 716.67	 61.00	 14	 0.49	 
bfer_140	 2	 18	 1216.jpg	 1.010759e+03	 12	 999000	 120	 999000	 999	 1.011777e+03	 483.33	 716.67	 20.00	 37	 0.51	 
bfer_140	 2	 18	 2121.jpg	 1.012761e+03	 22	 1.173150e+03	 2200	 7.166812e+02	 98	 1.013780e+03	 483.33	 666.67	 56.00	 21	 0.60	 
bfer_140	 2	 18	 1102.jpg	 1.014747e+03	 12	 999000	 120	 999000	 999	 1.015765e+03	 483.33	 666.67	 19.00	 2	 0.52	 
bfer_140	 2	 18	 2204.jpg	 1.016749e+03	 22	 9.932972e+02	 220	 6.666857e+02	 98	 1.017767e+03	 483.33	 683.33	 57.00	 25	 0.59	 
bfer_140	 2	 18	 2217.jpg	 1.022756e+03	 24	 999000	 240	 999000	 999	 1.023774e+03	 483.33	 683.33	 44.00	 38	 0.77	 
bfer_140	 2	 18	 2218.jpg	 1.025759e+03	 24	 5.591863e+02	 24	 999000	 98	 1.026778e+03	 483.33	 683.33	 47.00	 39	 0.74	 
bfer_140	 2	 18	 1209.jpg	 1.029747e+03	 12	 999000	 120	 999000	 999	 1.030765e+03	 483.33	 683.33	 3.00	 30	 0.87	 
