subjectID	 order	 runNum	 itemName	 onsetTime	 shuff_trialType	 RT	 respInTime	 AudioTime	 response	 fixationTime	 ladder1	 ladder2	 bidIndex	 itemNameIndex	 bidValue	 
bfer_158	 2	 11	 1209.jpg	 1.369954e+00	 12	 999000	 120	 999000	 999	 2.388508e+00	 750.00	 750.00	 37.00	 30	 0.24	 
bfer_158	 2	 11	 2114.jpg	 4.373577e+00	 24	 999000	 240	 999000	 999	 5.391875e+00	 750.00	 750.00	 61.00	 14	 0.52	 
bfer_158	 2	 11	 1201.jpg	 8.378050e+00	 11	 1.340710e+03	 1100	 7.501986e+02	 98	 9.396055e+00	 700.00	 750.00	 8.00	 22	 0.66	 
bfer_158	 2	 11	 1203.jpg	 1.036341e+01	 11	 1.123344e+03	 1100	 7.002571e+02	 98	 1.138196e+01	 650.00	 750.00	 9.00	 24	 0.65	 
bfer_158	 2	 11	 2120.jpg	 1.236584e+01	 24	 999000	 240	 999000	 999	 1.338395e+01	 650.00	 750.00	 78.00	 20	 0.27	 
bfer_158	 2	 11	 1111.jpg	 1.637027e+01	 11	 1.028483e+03	 1100	 6.500208e+02	 98	 1.738841e+01	 600.00	 750.00	 17.00	 11	 0.58	 
bfer_158	 2	 11	 1213.jpg	 1.837265e+01	 12	 999000	 120	 999000	 999	 1.939065e+01	 600.00	 750.00	 13.00	 34	 0.62	 
bfer_158	 2	 11	 1103.jpg	 2.337815e+01	 12	 999000	 120	 999000	 999	 2.439632e+01	 600.00	 750.00	 3.00	 3	 0.77	 
bfer_158	 2	 11	 2121.jpg	 2.536351e+01	 22	 1.139249e+03	 2200	 7.501723e+02	 98	 2.638193e+01	 600.00	 700.00	 48.00	 21	 0.74	 
bfer_158	 2	 11	 2214.jpg	 2.836710e+01	 24	 999000	 240	 999000	 999	 2.938520e+01	 600.00	 700.00	 58.00	 35	 0.59	 
bfer_158	 2	 11	 2216.jpg	 3.137045e+01	 22	 1.052308e+03	 2200	 7.000912e+02	 98	 3.238859e+01	 600.00	 650.00	 49.00	 37	 0.68	 
bfer_158	 2	 11	 1117.jpg	 3.537510e+01	 12	 999000	 120	 999000	 999	 3.639316e+01	 600.00	 650.00	 7.00	 17	 0.70	 
bfer_158	 2	 11	 1114.jpg	 3.837855e+01	 12	 999000	 120	 999000	 999	 3.939656e+01	 600.00	 650.00	 38.00	 14	 0.24	 
bfer_158	 2	 11	 1105.jpg	 4.036388e+01	 12	 999000	 120	 999000	 999	 4.138205e+01	 600.00	 650.00	 12.00	 5	 0.62	 
bfer_158	 2	 11	 1204.jpg	 4.336728e+01	 12	 999000	 120	 999000	 999	 4.438539e+01	 600.00	 650.00	 15.00	 25	 0.58	 
bfer_158	 2	 11	 1121.jpg	 4.737180e+01	 11	 1.010960e+03	 1100	 6.000297e+02	 98	 4.838996e+01	 550.00	 650.00	 16.00	 21	 0.58	 
bfer_158	 2	 11	 2204.jpg	 5.037516e+01	 24	 999000	 240	 999000	 999	 5.139326e+01	 550.00	 650.00	 55.00	 25	 0.64	 
bfer_158	 2	 11	 1211.jpg	 5.237743e+01	 12	 999000	 120	 999000	 999	 5.339563e+01	 550.00	 650.00	 20.00	 32	 0.55	 
bfer_158	 2	 11	 2111.jpg	 5.436264e+01	 24	 999000	 240	 999000	 999	 5.538109e+01	 550.00	 650.00	 77.00	 11	 0.35	 
bfer_158	 2	 11	 2101.jpg	 5.936858e+01	 22	 1.134173e+03	 2200	 6.500597e+02	 98	 6.038657e+01	 550.00	 600.00	 57.00	 1	 0.59	 
bfer_158	 2	 11	 2205.jpg	 6.337313e+01	 22	 9.696310e+02	 220	 6.000201e+02	 98	 6.439116e+01	 550.00	 616.67	 56.00	 26	 0.62	 
bfer_158	 2	 11	 2104.jpg	 6.737754e+01	 24	 999000	 240	 999000	 999	 6.839565e+01	 550.00	 616.67	 59.00	 4	 0.57	 
bfer_158	 2	 11	 2103.jpg	 7.336760e+01	 22	 9.031667e+02	 220	 6.166917e+02	 98	 7.438578e+01	 550.00	 633.33	 54.00	 3	 0.65	 
bfer_158	 2	 11	 1205.jpg	 7.536989e+01	 12	 4.528631e+02	 12	 999000	 98	 7.638801e+01	 550.00	 633.33	 19.00	 26	 0.55	 
bfer_158	 2	 11	 2206.jpg	 7.737225e+01	 24	 999000	 240	 999000	 999	 7.839037e+01	 550.00	 633.33	 43.00	 27	 0.85	 
bfer_158	 2	 11	 2202.jpg	 7.937433e+01	 24	 999000	 240	 999000	 999	 8.039261e+01	 550.00	 633.33	 62.00	 23	 0.52	 
bfer_158	 2	 11	 1207.jpg	 8.137664e+01	 12	 999000	 120	 999000	 999	 8.239475e+01	 550.00	 633.33	 21.00	 28	 0.55	 
bfer_158	 2	 11	 1110.jpg	 8.536443e+01	 12	 999000	 120	 999000	 999	 8.638249e+01	 550.00	 633.33	 18.00	 10	 0.57	 
bfer_158	 2	 11	 1101.jpg	 8.736672e+01	 11	 9.920427e+02	 110	 5.500199e+02	 98	 8.838495e+01	 566.67	 633.33	 11.00	 1	 0.63	 
bfer_158	 2	 11	 1218.jpg	 9.137123e+01	 12	 999000	 120	 999000	 999	 9.238934e+01	 566.67	 633.33	 10.00	 39	 0.63	 
bfer_158	 2	 11	 2117.jpg	 9.337345e+01	 22	 1.001331e+03	 2200	 6.333580e+02	 98	 9.439172e+01	 566.67	 583.33	 51.00	 17	 0.67	 
bfer_158	 2	 11	 2109.jpg	 9.537582e+01	 24	 999000	 240	 999000	 999	 9.639378e+01	 566.67	 583.33	 47.00	 9	 0.78	 
bfer_158	 2	 11	 1219.jpg	 9.737793e+01	 11	 8.528307e+02	 110	 5.666906e+02	 98	 9.839601e+01	 583.33	 583.33	 14.00	 40	 0.59	 
bfer_158	 2	 11	 2203.jpg	 1.023669e+02	 24	 999000	 240	 999000	 999	 1.033850e+02	 583.33	 583.33	 44.00	 24	 0.82	 
bfer_158	 2	 11	 2113.jpg	 1.043691e+02	 24	 999000	 240	 999000	 999	 1.053872e+02	 583.33	 583.33	 60.00	 13	 0.54	 
bfer_158	 2	 11	 2105.jpg	 1.063714e+02	 24	 999000	 240	 999000	 999	 1.073895e+02	 583.33	 583.33	 52.00	 5	 0.66	 
bfer_158	 2	 11	 1208.jpg	 1.093747e+02	 12	 999000	 120	 999000	 999	 1.103929e+02	 583.33	 583.33	 22.00	 29	 0.55	 
bfer_158	 2	 11	 2211.jpg	 1.163659e+02	 24	 999000	 240	 999000	 999	 1.173840e+02	 583.33	 583.33	 50.00	 32	 0.68	 
bfer_158	 2	 11	 1214.jpg	 1.203704e+02	 12	 999000	 120	 999000	 999	 1.213885e+02	 583.33	 583.33	 4.00	 35	 0.76	 
bfer_158	 2	 11	 2102.jpg	 1.273783e+02	 24	 999000	 240	 999000	 999	 1.283964e+02	 583.33	 583.33	 53.00	 2	 0.65	 
