subjectID	 order	 runNum	 itemName	 onsetTime	 shuff_trialType	 RT	 respInTime	 AudioTime	 response	 fixationTime	 ladder1	 ladder2	 bidIndex	 itemNameIndex	 bidValue	 
bfer_167	 1	 19	 2215.jpg	 1.023013e+03	 24	 999000	 240	 999000	 999	 1.024031e+03	 683.33	 683.33	 77.00	 36	 0.17	 
bfer_167	 1	 19	 1217.jpg	 1.026017e+03	 12	 999000	 120	 999000	 999	 1.027035e+03	 683.33	 683.33	 21.00	 38	 0.48	 
bfer_167	 1	 19	 2108.jpg	 1.028002e+03	 24	 999000	 240	 999000	 999	 1.029020e+03	 683.33	 683.33	 62.00	 8	 0.54	 
bfer_167	 1	 19	 1121.jpg	 1.030004e+03	 11	 9.385543e+02	 110	 6.833486e+02	 98	 1.031022e+03	 700.00	 683.33	 10.00	 21	 0.63	 
bfer_167	 1	 19	 1209.jpg	 1.032007e+03	 11	 9.763700e+02	 110	 7.000226e+02	 98	 1.033025e+03	 716.67	 683.33	 12.00	 30	 0.60	 
bfer_167	 1	 19	 2113.jpg	 1.035010e+03	 22	 1.340982e+03	 2200	 6.833674e+02	 98	 1.036028e+03	 716.67	 633.33	 55.00	 13	 0.61	 
bfer_167	 1	 19	 1101.jpg	 1.037012e+03	 12	 999000	 120	 999000	 999	 1.038030e+03	 716.67	 633.33	 37.00	 1	 0.32	 
bfer_167	 1	 19	 2114.jpg	 1.041017e+03	 24	 999000	 240	 999000	 999	 1.042035e+03	 716.67	 633.33	 56.00	 14	 0.60	 
bfer_167	 1	 19	 1204.jpg	 1.043002e+03	 12	 999000	 120	 999000	 999	 1.044020e+03	 716.67	 633.33	 4.00	 25	 0.70	 
bfer_167	 1	 19	 2210.jpg	 1.048008e+03	 24	 999000	 240	 999000	 999	 1.049026e+03	 716.67	 633.33	 78.00	 31	 0.14	 
bfer_167	 1	 19	 1102.jpg	 1.050010e+03	 11	 1.036733e+03	 1100	 7.166849e+02	 98	 1.051028e+03	 666.67	 633.33	 13.00	 2	 0.60	 
bfer_167	 1	 19	 2102.jpg	 1.054015e+03	 24	 999000	 240	 999000	 999	 1.055033e+03	 666.67	 633.33	 61.00	 2	 0.54	 
bfer_167	 1	 19	 1106.jpg	 1.056017e+03	 12	 999000	 120	 999000	 999	 1.057035e+03	 666.67	 633.33	 9.00	 6	 0.64	 
bfer_167	 1	 19	 1115.jpg	 1.059004e+03	 12	 999000	 120	 999000	 999	 1.060022e+03	 666.67	 633.33	 14.00	 15	 0.59	 
bfer_167	 1	 19	 2214.jpg	 1.064009e+03	 24	 999000	 240	 999000	 999	 1.065027e+03	 666.67	 633.33	 59.00	 35	 0.56	 
bfer_167	 1	 19	 1114.jpg	 1.066011e+03	 12	 999000	 120	 999000	 999	 1.067029e+03	 666.67	 633.33	 16.00	 14	 0.54	 
bfer_167	 1	 19	 1216.jpg	 1.068014e+03	 12	 999000	 120	 999000	 999	 1.069032e+03	 666.67	 633.33	 17.00	 37	 0.53	 
bfer_167	 1	 19	 2219.jpg	 1.072018e+03	 24	 999000	 240	 999000	 999	 1.073036e+03	 666.67	 633.33	 49.00	 40	 0.64	 
bfer_167	 1	 19	 2107.jpg	 1.076006e+03	 22	 8.408986e+02	 220	 6.333475e+02	 98	 1.077024e+03	 666.67	 650.00	 53.00	 7	 0.61	 
bfer_167	 1	 19	 1206.jpg	 1.080010e+03	 12	 999000	 120	 999000	 999	 1.081029e+03	 666.67	 650.00	 20.00	 27	 0.48	 
bfer_167	 1	 19	 2110.jpg	 1.082013e+03	 22	 8.901648e+02	 220	 6.500287e+02	 98	 1.083031e+03	 666.67	 666.67	 47.00	 10	 0.66	 
bfer_167	 1	 19	 1104.jpg	 1.084015e+03	 12	 999000	 120	 999000	 999	 1.085033e+03	 666.67	 666.67	 19.00	 4	 0.49	 
bfer_167	 1	 19	 1203.jpg	 1.086017e+03	 12	 999000	 120	 999000	 999	 1.087035e+03	 666.67	 666.67	 22.00	 24	 0.48	 
bfer_167	 1	 19	 2217.jpg	 1.088003e+03	 24	 999000	 240	 999000	 999	 1.089021e+03	 666.67	 666.67	 60.00	 38	 0.55	 
bfer_167	 1	 19	 1120.jpg	 1.094010e+03	 12	 999000	 120	 999000	 999	 1.095028e+03	 666.67	 666.67	 8.00	 20	 0.65	 
bfer_167	 1	 19	 1219.jpg	 1.097013e+03	 12	 999000	 120	 999000	 999	 1.098031e+03	 666.67	 666.67	 11.00	 40	 0.63	 
bfer_167	 1	 19	 1117.jpg	 1.099015e+03	 12	 999000	 120	 999000	 999	 1.100033e+03	 666.67	 666.67	 38.00	 17	 0.25	 
bfer_167	 1	 19	 2204.jpg	 1.101017e+03	 22	 1.085464e+03	 2200	 6.666890e+02	 98	 1.102035e+03	 666.67	 616.67	 58.00	 25	 0.57	 
bfer_167	 1	 19	 1205.jpg	 1.104004e+03	 11	 9.707338e+02	 110	 6.666936e+02	 98	 1.105022e+03	 683.33	 616.67	 7.00	 26	 0.67	 
bfer_167	 1	 19	 1113.jpg	 1.106006e+03	 11	 4.404844e+02	 11	 6.833461e+02	 98	 1.107024e+03	 700.00	 616.67	 18.00	 13	 0.52	 
bfer_167	 1	 19	 1118.jpg	 1.108009e+03	 11	 9.102660e+02	 110	 7.000562e+02	 98	 1.109027e+03	 716.67	 616.67	 15.00	 18	 0.59	 
bfer_167	 1	 19	 1202.jpg	 1.110011e+03	 12	 999000	 120	 999000	 999	 1.111029e+03	 716.67	 616.67	 3.00	 23	 0.70	 
bfer_167	 1	 19	 2118.jpg	 1.113014e+03	 24	 999000	 240	 999000	 999	 1.114032e+03	 716.67	 616.67	 57.00	 18	 0.59	 
bfer_167	 1	 19	 2121.jpg	 1.115016e+03	 24	 1.350484e+03	 240	 999000	 106	 1.116035e+03	 716.67	 616.67	 43.00	 21	 0.73	 
bfer_167	 1	 19	 2206.jpg	 1.117002e+03	 22	 7.970472e+02	 220	 6.166971e+02	 98	 1.118020e+03	 716.67	 633.33	 50.00	 27	 0.63	 
bfer_167	 1	 19	 2109.jpg	 1.119004e+03	 24	 999000	 240	 999000	 999	 1.120022e+03	 716.67	 633.33	 48.00	 9	 0.64	 
bfer_167	 1	 19	 2213.jpg	 1.121007e+03	 24	 999000	 240	 999000	 999	 1.122025e+03	 716.67	 633.33	 44.00	 34	 0.73	 
bfer_167	 1	 19	 2120.jpg	 1.127013e+03	 24	 999000	 240	 999000	 999	 1.128031e+03	 716.67	 633.33	 54.00	 20	 0.61	 
bfer_167	 1	 19	 2201.jpg	 1.130017e+03	 22	 9.342096e+02	 220	 6.333709e+02	 98	 1.131035e+03	 716.67	 650.00	 52.00	 22	 0.63	 
bfer_167	 1	 19	 2106.jpg	 1.134004e+03	 24	 999000	 240	 999000	 999	 1.135023e+03	 716.67	 650.00	 51.00	 6	 0.63	 
