subjectID	 order	 runNum	 itemName	 onsetTime	 shuff_trialType	 RT	 respInTime	 AudioTime	 response	 fixationTime	 ladder1	 ladder2	 bidIndex	 itemNameIndex	 bidValue	 
bfer_140	 2	 10	 1121.jpg	 1.216992e+03	 12	 999000	 120	 999000	 999	 1.218010e+03	 650.00	 583.33	 22.00	 21	 0.50	 
bfer_140	 2	 10	 2216.jpg	 1.219996e+03	 22	 8.907806e+02	 220	 5.833646e+02	 98	 1.221014e+03	 650.00	 600.00	 54.00	 37	 0.64	 
bfer_140	 2	 10	 2205.jpg	 1.221981e+03	 22	 8.175981e+02	 220	 6.000188e+02	 98	 1.222999e+03	 650.00	 616.67	 49.00	 26	 0.73	 
bfer_140	 2	 10	 2203.jpg	 1.223983e+03	 24	 999000	 240	 999000	 999	 1.225002e+03	 650.00	 616.67	 78.00	 24	 0.24	 
bfer_140	 2	 10	 2218.jpg	 1.225986e+03	 24	 999000	 240	 999000	 999	 1.227004e+03	 650.00	 616.67	 47.00	 39	 0.74	 
bfer_140	 2	 10	 1219.jpg	 1.228989e+03	 12	 999000	 120	 999000	 999	 1.230007e+03	 650.00	 616.67	 7.00	 40	 0.77	 
bfer_140	 2	 10	 2210.jpg	 1.230991e+03	 24	 999000	 240	 999000	 999	 1.232009e+03	 650.00	 616.67	 62.00	 31	 0.47	 
bfer_140	 2	 10	 1217.jpg	 1.234996e+03	 12	 999000	 120	 999000	 999	 1.236014e+03	 650.00	 616.67	 13.00	 38	 0.61	 
bfer_140	 2	 10	 2214.jpg	 1.236981e+03	 22	 9.214112e+02	 220	 6.166969e+02	 98	 1.238000e+03	 650.00	 633.33	 51.00	 35	 0.67	 
bfer_140	 2	 10	 1205.jpg	 1.241987e+03	 11	 1.019465e+03	 1100	 6.500175e+02	 98	 1.243005e+03	 600.00	 633.33	 8.00	 26	 0.76	 
bfer_140	 2	 10	 1102.jpg	 1.243989e+03	 12	 999000	 120	 999000	 999	 1.245007e+03	 600.00	 633.33	 19.00	 2	 0.52	 
bfer_140	 2	 10	 1111.jpg	 1.247994e+03	 12	 999000	 120	 999000	 999	 1.249012e+03	 600.00	 633.33	 18.00	 11	 0.52	 
bfer_140	 2	 10	 2114.jpg	 1.249996e+03	 24	 2.825307e+02	 24	 999000	 98	 1.251014e+03	 600.00	 633.33	 61.00	 14	 0.49	 
bfer_140	 2	 10	 1120.jpg	 1.252983e+03	 11	 9.598834e+02	 110	 6.000229e+02	 98	 1.254001e+03	 616.67	 633.33	 14.00	 20	 0.57	 
bfer_140	 2	 10	 2207.jpg	 1.257988e+03	 24	 999000	 240	 999000	 999	 1.259006e+03	 616.67	 633.33	 43.00	 28	 0.79	 
bfer_140	 2	 10	 2217.jpg	 1.259991e+03	 24	 999000	 240	 999000	 999	 1.261009e+03	 616.67	 633.33	 44.00	 38	 0.77	 
bfer_140	 2	 10	 2109.jpg	 1.261993e+03	 24	 999000	 240	 999000	 999	 1.263011e+03	 616.67	 633.33	 58.00	 9	 0.59	 
bfer_140	 2	 10	 2111.jpg	 1.265980e+03	 24	 999000	 240	 999000	 999	 1.266999e+03	 616.67	 633.33	 60.00	 11	 0.51	 
bfer_140	 2	 10	 1109.jpg	 1.269985e+03	 11	 9.734421e+02	 110	 6.166969e+02	 98	 1.271003e+03	 633.33	 633.33	 9.00	 9	 0.74	 
bfer_140	 2	 10	 1218.jpg	 1.273990e+03	 12	 8.649188e+02	 12	 999000	 98	 1.275008e+03	 633.33	 633.33	 10.00	 39	 0.70	 
bfer_140	 2	 10	 2103.jpg	 1.275992e+03	 24	 999000	 240	 999000	 999	 1.277010e+03	 633.33	 633.33	 59.00	 3	 0.52	 
bfer_140	 2	 10	 2121.jpg	 1.277994e+03	 22	 9.803819e+02	 220	 6.333635e+02	 98	 1.279012e+03	 633.33	 650.00	 56.00	 21	 0.60	 
bfer_140	 2	 10	 2201.jpg	 1.279996e+03	 22	 9.542194e+02	 220	 6.500218e+02	 98	 1.281015e+03	 633.33	 666.67	 48.00	 22	 0.74	 
bfer_140	 2	 10	 1103.jpg	 1.281982e+03	 12	 999000	 120	 999000	 999	 1.283000e+03	 633.33	 666.67	 15.00	 3	 0.57	 
bfer_140	 2	 10	 1207.jpg	 1.287989e+03	 12	 999000	 120	 999000	 999	 1.289007e+03	 633.33	 666.67	 4.00	 28	 0.78	 
bfer_140	 2	 10	 1202.jpg	 1.290992e+03	 12	 999000	 120	 999000	 999	 1.292010e+03	 633.33	 666.67	 21.00	 23	 0.50	 
bfer_140	 2	 10	 2204.jpg	 1.292994e+03	 22	 9.563257e+02	 220	 6.666940e+02	 98	 1.294012e+03	 633.33	 683.33	 57.00	 25	 0.59	 
bfer_140	 2	 10	 1117.jpg	 1.294996e+03	 12	 999000	 120	 999000	 999	 1.296015e+03	 633.33	 683.33	 37.00	 17	 0.16	 
bfer_140	 2	 10	 1213.jpg	 1.297983e+03	 11	 1.023368e+03	 1100	 6.333494e+02	 98	 1.299001e+03	 583.33	 683.33	 11.00	 34	 0.69	 
bfer_140	 2	 10	 1108.jpg	 1.299985e+03	 12	 999000	 120	 999000	 999	 1.301004e+03	 583.33	 683.33	 38.00	 8	 0.14	 
bfer_140	 2	 10	 2219.jpg	 1.301988e+03	 24	 999000	 240	 999000	 999	 1.303006e+03	 583.33	 683.33	 53.00	 40	 0.64	 
bfer_140	 2	 10	 2215.jpg	 1.303990e+03	 24	 999000	 240	 999000	 999	 1.305008e+03	 583.33	 683.33	 50.00	 36	 0.69	 
bfer_140	 2	 10	 2202.jpg	 1.306993e+03	 24	 999000	 240	 999000	 999	 1.308011e+03	 583.33	 683.33	 52.00	 23	 0.65	 
bfer_140	 2	 10	 2212.jpg	 1.308995e+03	 24	 999000	 240	 999000	 999	 1.310014e+03	 583.33	 683.33	 55.00	 33	 0.61	 
bfer_140	 2	 10	 1214.jpg	 1.310981e+03	 11	 8.736176e+02	 110	 5.833655e+02	 98	 1.311999e+03	 600.00	 683.33	 16.00	 35	 0.56	 
bfer_140	 2	 10	 1216.jpg	 1.312983e+03	 12	 999000	 120	 999000	 999	 1.314001e+03	 600.00	 683.33	 20.00	 37	 0.51	 
bfer_140	 2	 10	 2119.jpg	 1.314986e+03	 24	 999000	 240	 999000	 999	 1.316004e+03	 600.00	 683.33	 77.00	 19	 0.24	 
bfer_140	 2	 10	 1204.jpg	 1.320992e+03	 12	 999000	 120	 999000	 999	 1.322010e+03	 600.00	 683.33	 12.00	 25	 0.64	 
bfer_140	 2	 10	 1106.jpg	 1.323996e+03	 11	 9.788501e+02	 110	 6.000202e+02	 98	 1.325014e+03	 616.67	 683.33	 17.00	 6	 0.54	 
bfer_140	 2	 10	 1209.jpg	 1.327983e+03	 12	 999000	 120	 999000	 999	 1.329002e+03	 616.67	 683.33	 3.00	 30	 0.87	 
