subjectID	 order	 runNum	 itemName	 onsetTime	 shuff_trialType	 RT	 respInTime	 AudioTime	 response	 fixationTime	 ladder1	 ladder2	 bidIndex	 itemNameIndex	 bidValue	 
bfer_123	 1	 7	 2213.jpg	 9.474239e+02	 22	 6.709536e+02	 220	 6.166825e+02	 98	 9.484420e+02	 816.67	 633.33	 53.00	 34	 0.64	 
bfer_123	 1	 7	 1211.jpg	 9.504272e+02	 11	 6.756499e+02	 11	 8.166815e+02	 98	 9.514455e+02	 833.33	 633.33	 7.00	 32	 0.71	 
bfer_123	 1	 7	 2216.jpg	 9.544150e+02	 22	 999000	 2	 6.333529e+02	 999	 9.554332e+02	 833.33	 583.33	 47.00	 37	 0.78	 
bfer_123	 1	 7	 1215.jpg	 9.564173e+02	 11	 5.895452e+02	 11	 8.333568e+02	 98	 9.574355e+02	 850.00	 583.33	 10.00	 36	 0.66	 
bfer_123	 1	 7	 2119.jpg	 9.584195e+02	 24	 999000	 240	 999000	 999	 9.594377e+02	 850.00	 583.33	 54.00	 19	 0.62	 
bfer_123	 1	 7	 1201.jpg	 9.624240e+02	 11	 5.828384e+02	 11	 8.500221e+02	 98	 9.634588e+02	 866.67	 583.33	 12.00	 22	 0.66	 
bfer_123	 1	 7	 1101.jpg	 9.644263e+02	 12	 999000	 120	 999000	 999	 9.654444e+02	 866.67	 583.33	 4.00	 1	 0.76	 
bfer_123	 1	 7	 2113.jpg	 9.694153e+02	 24	 999000	 240	 999000	 999	 9.704334e+02	 866.67	 583.33	 78.00	 13	 0.21	 
bfer_123	 1	 7	 2207.jpg	 9.714174e+02	 24	 999000	 240	 999000	 999	 9.724356e+02	 866.67	 583.33	 59.00	 28	 0.56	 
bfer_123	 1	 7	 2214.jpg	 9.744208e+02	 24	 999000	 240	 999000	 999	 9.754390e+02	 866.67	 583.33	 61.00	 35	 0.50	 
bfer_123	 1	 7	 2201.jpg	 9.774242e+02	 24	 999000	 240	 999000	 999	 9.784424e+02	 866.67	 583.33	 56.00	 22	 0.56	 
bfer_123	 1	 7	 1207.jpg	 9.814287e+02	 12	 999000	 120	 999000	 999	 9.824469e+02	 866.67	 583.33	 9.00	 28	 0.67	 
bfer_123	 1	 7	 2217.jpg	 9.844155e+02	 22	 7.993785e+02	 220	 5.833529e+02	 98	 9.854337e+02	 866.67	 600.00	 50.00	 38	 0.65	 
bfer_123	 1	 7	 1120.jpg	 9.864176e+02	 11	 5.332096e+02	 11	 8.666935e+02	 98	 9.874689e+02	 883.33	 600.00	 15.00	 20	 0.64	 
bfer_123	 1	 7	 2114.jpg	 9.894209e+02	 24	 4.979028e+02	 24	 999000	 98	 9.904392e+02	 883.33	 600.00	 49.00	 14	 0.70	 
bfer_123	 1	 7	 1110.jpg	 9.934255e+02	 12	 999000	 120	 999000	 999	 9.944437e+02	 883.33	 600.00	 8.00	 10	 0.68	 
bfer_123	 1	 7	 2101.jpg	 9.964288e+02	 22	 5.620369e+02	 22	 6.000263e+02	 98	 9.974470e+02	 883.33	 616.67	 52.00	 1	 0.64	 
bfer_123	 1	 7	 2215.jpg	 9.984141e+02	 24	 5.927262e+02	 24	 999000	 98	 9.994325e+02	 883.33	 616.67	 43.00	 36	 0.86	 
bfer_123	 1	 7	 2105.jpg	 1.000417e+03	 24	 999000	 240	 999000	 999	 1.001435e+03	 883.33	 616.67	 77.00	 5	 0.22	 
bfer_123	 1	 7	 1219.jpg	 1.005422e+03	 12	 999000	 120	 999000	 999	 1.006440e+03	 883.33	 616.67	 3.00	 40	 0.82	 
bfer_123	 1	 7	 1119.jpg	 1.009427e+03	 12	 999000	 120	 999000	 999	 1.010445e+03	 883.33	 616.67	 19.00	 19	 0.54	 
bfer_123	 1	 7	 1203.jpg	 1.013415e+03	 12	 999000	 120	 999000	 999	 1.014433e+03	 883.33	 616.67	 38.00	 24	 0.18	 
bfer_123	 1	 7	 1102.jpg	 1.019421e+03	 12	 999000	 120	 999000	 999	 1.020439e+03	 883.33	 616.67	 37.00	 2	 0.20	 
bfer_123	 1	 7	 1217.jpg	 1.021424e+03	 12	 5.593032e+02	 12	 999000	 98	 1.022442e+03	 883.33	 616.67	 17.00	 38	 0.60	 
bfer_123	 1	 7	 2120.jpg	 1.023426e+03	 24	 999000	 240	 999000	 999	 1.024444e+03	 883.33	 616.67	 44.00	 20	 0.82	 
bfer_123	 1	 7	 2115.jpg	 1.025428e+03	 22	 9.227693e+02	 220	 6.166871e+02	 98	 1.026446e+03	 883.33	 633.33	 55.00	 15	 0.57	 
bfer_123	 1	 7	 1216.jpg	 1.027414e+03	 12	 7.131310e+02	 12	 999000	 98	 1.028432e+03	 883.33	 633.33	 14.00	 37	 0.64	 
bfer_123	 1	 7	 2205.jpg	 1.031418e+03	 24	 999000	 240	 999000	 999	 1.032436e+03	 883.33	 633.33	 48.00	 26	 0.70	 
bfer_123	 1	 7	 2109.jpg	 1.033420e+03	 24	 999000	 240	 999000	 999	 1.034439e+03	 883.33	 633.33	 60.00	 9	 0.51	 
bfer_123	 1	 7	 2111.jpg	 1.037425e+03	 24	 999000	 240	 999000	 999	 1.038443e+03	 883.33	 633.33	 62.00	 11	 0.47	 
bfer_123	 1	 7	 2219.jpg	 1.039427e+03	 24	 999000	 240	 999000	 999	 1.040445e+03	 883.33	 633.33	 51.00	 40	 0.65	 
bfer_123	 1	 7	 1213.jpg	 1.041412e+03	 12	 9.304089e+02	 12	 999000	 98	 1.042431e+03	 883.33	 633.33	 20.00	 34	 0.51	 
bfer_123	 1	 7	 1121.jpg	 1.043415e+03	 12	 999000	 120	 999000	 999	 1.044433e+03	 883.33	 633.33	 11.00	 21	 0.66	 
bfer_123	 1	 7	 1114.jpg	 1.048421e+03	 11	 6.103120e+02	 11	 8.833480e+02	 98	 1.049489e+03	 900.00	 633.33	 13.00	 14	 0.64	 
bfer_123	 1	 7	 2209.jpg	 1.050423e+03	 24	 7.203673e+02	 24	 999000	 98	 1.051441e+03	 900.00	 633.33	 57.00	 30	 0.56	 
bfer_123	 1	 7	 1206.jpg	 1.052425e+03	 12	 7.339241e+02	 12	 999000	 98	 1.053443e+03	 900.00	 633.33	 16.00	 27	 0.63	 
bfer_123	 1	 7	 1117.jpg	 1.055428e+03	 11	 6.185236e+02	 11	 9.000482e+02	 98	 1.056513e+03	 916.67	 633.33	 18.00	 17	 0.57	 
bfer_123	 1	 7	 2206.jpg	 1.062420e+03	 22	 7.472794e+02	 220	 6.333640e+02	 98	 1.063438e+03	 916.67	 650.00	 58.00	 27	 0.56	 
bfer_123	 1	 7	 1115.jpg	 1.066424e+03	 12	 999000	 120	 999000	 999	 1.067442e+03	 916.67	 650.00	 21.00	 15	 0.50	 
bfer_123	 1	 7	 1106.jpg	 1.073415e+03	 12	 999000	 120	 999000	 999	 1.074433e+03	 916.67	 650.00	 22.00	 6	 0.45	 
