subjectID	 order	 runNum	 itemName	 onsetTime	 shuff_trialType	 RT	 respInTime	 AudioTime	 response	 fixationTime	 ladder1	 ladder2	 bidIndex	 itemNameIndex	 bidValue	 
bfer_123	 1	 20	 1211.jpg	 1.230239e+03	 11	 6.316212e+02	 11	 9.000212e+02	 98	 1.231324e+03	 916.67	 883.33	 7.00	 32	 0.71	 
bfer_123	 1	 20	 1120.jpg	 1.233226e+03	 11	 5.409283e+02	 11	 9.166869e+02	 98	 1.234327e+03	 916.67	 883.33	 15.00	 20	 0.64	 
bfer_123	 1	 20	 2114.jpg	 1.237231e+03	 24	 999000	 240	 999000	 999	 1.238249e+03	 916.67	 883.33	 49.00	 14	 0.70	 
bfer_123	 1	 20	 2109.jpg	 1.239233e+03	 24	 999000	 240	 999000	 999	 1.240251e+03	 916.67	 883.33	 60.00	 9	 0.51	 
bfer_123	 1	 20	 2219.jpg	 1.241218e+03	 24	 999000	 240	 999000	 999	 1.242236e+03	 916.67	 883.33	 51.00	 40	 0.65	 
bfer_123	 1	 20	 1101.jpg	 1.245223e+03	 12	 999000	 120	 999000	 999	 1.246241e+03	 916.67	 883.33	 4.00	 1	 0.76	 
bfer_123	 1	 20	 2119.jpg	 1.247225e+03	 24	 999000	 240	 999000	 999	 1.248243e+03	 916.67	 883.33	 54.00	 19	 0.62	 
bfer_123	 1	 20	 1215.jpg	 1.252231e+03	 11	 8.483138e+02	 11	 9.166820e+02	 98	 1.253332e+03	 916.67	 883.33	 10.00	 36	 0.66	 
bfer_123	 1	 20	 1114.jpg	 1.254233e+03	 11	 6.060300e+02	 11	 9.166917e+02	 98	 1.255334e+03	 916.67	 883.33	 13.00	 14	 0.64	 
bfer_123	 1	 20	 2113.jpg	 1.257220e+03	 24	 5.930688e+01	 240	 999000	 115	 1.258238e+03	 916.67	 883.33	 78.00	 13	 0.21	 
bfer_123	 1	 20	 1102.jpg	 1.260223e+03	 12	 999000	 120	 999000	 999	 1.261241e+03	 916.67	 883.33	 37.00	 2	 0.20	 
bfer_123	 1	 20	 1219.jpg	 1.264227e+03	 12	 999000	 120	 999000	 999	 1.265246e+03	 916.67	 883.33	 3.00	 40	 0.82	 
bfer_123	 1	 20	 2120.jpg	 1.267231e+03	 24	 999000	 240	 999000	 999	 1.268249e+03	 916.67	 883.33	 44.00	 20	 0.82	 
bfer_123	 1	 20	 1121.jpg	 1.269233e+03	 12	 999000	 120	 999000	 999	 1.270251e+03	 916.67	 883.33	 11.00	 21	 0.66	 
bfer_123	 1	 20	 2213.jpg	 1.272220e+03	 22	 7.232345e+02	 22	 8.833575e+02	 98	 1.273288e+03	 916.67	 900.00	 53.00	 34	 0.64	 
bfer_123	 1	 20	 1206.jpg	 1.276224e+03	 12	 8.467395e+02	 12	 999000	 98	 1.277242e+03	 916.67	 900.00	 16.00	 27	 0.63	 
bfer_123	 1	 20	 1115.jpg	 1.279228e+03	 12	 7.153155e+02	 12	 999000	 98	 1.280246e+03	 916.67	 900.00	 21.00	 15	 0.50	 
bfer_123	 1	 20	 2201.jpg	 1.281230e+03	 24	 999000	 240	 999000	 999	 1.282248e+03	 916.67	 900.00	 56.00	 22	 0.56	 
bfer_123	 1	 20	 2115.jpg	 1.283232e+03	 22	 7.748817e+02	 22	 9.000208e+02	 98	 1.284317e+03	 916.67	 916.67	 55.00	 15	 0.57	 
bfer_123	 1	 20	 2215.jpg	 1.288221e+03	 24	 999000	 240	 999000	 999	 1.289239e+03	 916.67	 916.67	 43.00	 36	 0.86	 
bfer_123	 1	 20	 1119.jpg	 1.292226e+03	 12	 999000	 120	 999000	 999	 1.293244e+03	 916.67	 916.67	 19.00	 19	 0.54	 
bfer_123	 1	 20	 2209.jpg	 1.296230e+03	 24	 999000	 240	 999000	 999	 1.297248e+03	 916.67	 916.67	 57.00	 30	 0.56	 
bfer_123	 1	 20	 2206.jpg	 1.302220e+03	 22	 7.868616e+02	 22	 9.166967e+02	 98	 1.303322e+03	 916.67	 916.67	 58.00	 27	 0.56	 
bfer_123	 1	 20	 1106.jpg	 1.304222e+03	 12	 999000	 120	 999000	 999	 1.305240e+03	 916.67	 916.67	 22.00	 6	 0.45	 
bfer_123	 1	 20	 2111.jpg	 1.306225e+03	 24	 999000	 240	 999000	 999	 1.307243e+03	 916.67	 916.67	 62.00	 11	 0.47	 
bfer_123	 1	 20	 2207.jpg	 1.308227e+03	 24	 999000	 240	 999000	 999	 1.309245e+03	 916.67	 916.67	 59.00	 28	 0.56	 
bfer_123	 1	 20	 1217.jpg	 1.310229e+03	 12	 8.739521e+02	 12	 999000	 98	 1.311247e+03	 916.67	 916.67	 17.00	 38	 0.60	 
bfer_123	 1	 20	 1110.jpg	 1.314234e+03	 12	 999000	 120	 999000	 999	 1.315252e+03	 916.67	 916.67	 8.00	 10	 0.68	 
bfer_123	 1	 20	 1213.jpg	 1.316219e+03	 12	 7.077293e+02	 12	 999000	 98	 1.317237e+03	 916.67	 916.67	 20.00	 34	 0.51	 
bfer_123	 1	 20	 1207.jpg	 1.320224e+03	 12	 999000	 120	 999000	 999	 1.321242e+03	 916.67	 916.67	 9.00	 28	 0.67	 
bfer_123	 1	 20	 2217.jpg	 1.322226e+03	 22	 6.930753e+02	 22	 9.166876e+02	 98	 1.323327e+03	 916.67	 916.67	 50.00	 38	 0.65	 
bfer_123	 1	 20	 1216.jpg	 1.324228e+03	 12	 7.549220e+02	 12	 999000	 98	 1.325246e+03	 916.67	 916.67	 14.00	 37	 0.64	 
bfer_123	 1	 20	 2105.jpg	 1.326230e+03	 24	 999000	 240	 999000	 999	 1.327249e+03	 916.67	 916.67	 77.00	 5	 0.22	 
bfer_123	 1	 20	 1203.jpg	 1.331219e+03	 12	 999000	 120	 999000	 999	 1.332237e+03	 916.67	 916.67	 38.00	 24	 0.18	 
bfer_123	 1	 20	 2216.jpg	 1.333222e+03	 22	 6.414015e+02	 22	 9.166917e+02	 98	 1.334323e+03	 916.67	 916.67	 47.00	 37	 0.78	 
bfer_123	 1	 20	 2214.jpg	 1.335224e+03	 24	 999000	 240	 999000	 999	 1.336242e+03	 916.67	 916.67	 61.00	 35	 0.50	 
bfer_123	 1	 20	 2205.jpg	 1.338227e+03	 24	 999000	 240	 999000	 999	 1.339245e+03	 916.67	 916.67	 48.00	 26	 0.70	 
bfer_123	 1	 20	 1201.jpg	 1.345218e+03	 11	 8.929646e+02	 11	 9.166809e+02	 98	 1.346320e+03	 916.67	 916.67	 12.00	 22	 0.66	 
bfer_123	 1	 20	 1117.jpg	 1.349223e+03	 11	 7.281380e+02	 11	 9.166850e+02	 98	 1.350324e+03	 916.67	 916.67	 18.00	 17	 0.57	 
bfer_123	 1	 20	 2101.jpg	 1.356231e+03	 22	 5.522425e+02	 22	 9.166906e+02	 98	 1.357332e+03	 916.67	 916.67	 52.00	 1	 0.64	 
