subjectID	 order	 runNum	 itemName	 onsetTime	 shuff_trialType	 RT	 respInTime	 AudioTime	 response	 fixationTime	 ladder1	 ladder2	 bidIndex	 itemNameIndex	 bidValue	 
bfer_126	 2	 5	 2206.jpg	 4.896349e+02	 24	 999000	 240	 999000	 999	 4.906532e+02	 683.33	 750.00	 43.00	 27	 0.86	 
bfer_126	 2	 5	 1107.jpg	 4.916371e+02	 11	 8.416142e+02	 110	 6.833519e+02	 98	 4.926553e+02	 700.00	 750.00	 14.00	 7	 0.58	 
bfer_126	 2	 5	 2103.jpg	 4.956417e+02	 22	 5.090533e+02	 22	 7.500131e+02	 98	 4.966599e+02	 700.00	 766.67	 49.00	 3	 0.72	 
bfer_126	 2	 5	 2204.jpg	 4.986283e+02	 24	 999000	 240	 999000	 999	 4.996463e+02	 700.00	 766.67	 60.00	 25	 0.50	 
bfer_126	 2	 5	 1216.jpg	 5.006305e+02	 11	 5.681544e+02	 11	 7.000219e+02	 98	 5.016486e+02	 716.67	 766.67	 9.00	 37	 0.66	 
bfer_126	 2	 5	 2219.jpg	 5.036338e+02	 24	 999000	 240	 999000	 999	 5.046521e+02	 716.67	 766.67	 55.00	 40	 0.60	 
bfer_126	 2	 5	 1215.jpg	 5.076383e+02	 11	 6.003819e+02	 11	 7.166945e+02	 98	 5.086565e+02	 733.33	 766.67	 8.00	 36	 0.67	 
bfer_126	 2	 5	 2212.jpg	 5.116428e+02	 24	 999000	 240	 999000	 999	 5.126610e+02	 733.33	 766.67	 78.00	 33	 0.22	 
bfer_126	 2	 5	 2208.jpg	 5.136284e+02	 24	 999000	 240	 999000	 999	 5.146465e+02	 733.33	 766.67	 62.00	 29	 0.47	 
bfer_126	 2	 5	 2218.jpg	 5.186340e+02	 24	 999000	 240	 999000	 999	 5.196522e+02	 733.33	 766.67	 50.00	 39	 0.70	 
bfer_126	 2	 5	 2109.jpg	 5.206362e+02	 24	 999000	 240	 999000	 999	 5.216544e+02	 733.33	 766.67	 52.00	 9	 0.66	 
bfer_126	 2	 5	 1105.jpg	 5.226386e+02	 12	 999000	 120	 999000	 999	 5.236567e+02	 733.33	 766.67	 37.00	 5	 0.22	 
bfer_126	 2	 5	 1214.jpg	 5.286286e+02	 12	 6.740654e+02	 12	 999000	 98	 5.296467e+02	 733.33	 766.67	 4.00	 35	 0.74	 
bfer_126	 2	 5	 2216.jpg	 5.306308e+02	 24	 999000	 240	 999000	 999	 5.316489e+02	 733.33	 766.67	 47.00	 37	 0.75	 
bfer_126	 2	 5	 1120.jpg	 5.326331e+02	 12	 999000	 120	 999000	 999	 5.336513e+02	 733.33	 766.67	 13.00	 20	 0.59	 
bfer_126	 2	 5	 2110.jpg	 5.346353e+02	 22	 1.075351e+03	 2200	 7.666833e+02	 98	 5.356535e+02	 733.33	 716.67	 54.00	 10	 0.60	 
bfer_126	 2	 5	 1113.jpg	 5.386399e+02	 12	 999000	 120	 999000	 999	 5.396579e+02	 733.33	 716.67	 15.00	 13	 0.58	 
bfer_126	 2	 5	 2107.jpg	 5.426278e+02	 22	 7.148979e+02	 22	 7.167233e+02	 98	 5.436457e+02	 733.33	 733.33	 51.00	 7	 0.68	 
bfer_126	 2	 5	 1102.jpg	 5.456311e+02	 12	 999000	 120	 999000	 999	 5.466492e+02	 733.33	 733.33	 19.00	 2	 0.55	 
bfer_126	 2	 5	 2209.jpg	 5.496355e+02	 24	 4.911846e+02	 24	 999000	 98	 5.506536e+02	 733.33	 733.33	 44.00	 30	 0.82	 
bfer_126	 2	 5	 2104.jpg	 5.526389e+02	 24	 999000	 240	 999000	 999	 5.536570e+02	 733.33	 733.33	 61.00	 4	 0.48	 
bfer_126	 2	 5	 1212.jpg	 5.546410e+02	 11	 7.256743e+02	 11	 7.333527e+02	 98	 5.556593e+02	 750.00	 733.33	 17.00	 33	 0.57	 
bfer_126	 2	 5	 1209.jpg	 5.586288e+02	 12	 4.578628e+02	 12	 999000	 98	 5.596471e+02	 750.00	 733.33	 12.00	 30	 0.59	 
bfer_126	 2	 5	 1115.jpg	 5.606311e+02	 12	 999000	 120	 999000	 999	 5.616493e+02	 750.00	 733.33	 22.00	 15	 0.48	 
bfer_126	 2	 5	 1106.jpg	 5.626335e+02	 11	 9.731998e+02	 110	 7.500177e+02	 98	 5.636515e+02	 766.67	 733.33	 16.00	 6	 0.57	 
bfer_126	 2	 5	 2201.jpg	 5.666378e+02	 22	 1.016853e+03	 2200	 7.333636e+02	 98	 5.676561e+02	 766.67	 683.33	 56.00	 22	 0.58	 
bfer_126	 2	 5	 1218.jpg	 5.686402e+02	 11	 9.425461e+02	 110	 7.666831e+02	 98	 5.696582e+02	 783.33	 683.33	 11.00	 39	 0.62	 
bfer_126	 2	 5	 1119.jpg	 5.726280e+02	 12	 999000	 120	 999000	 999	 5.736462e+02	 783.33	 683.33	 21.00	 19	 0.51	 
bfer_126	 2	 5	 2101.jpg	 5.766324e+02	 24	 999000	 240	 999000	 999	 5.776506e+02	 783.33	 683.33	 58.00	 1	 0.57	 
bfer_126	 2	 5	 2211.jpg	 5.796358e+02	 22	 5.869156e+02	 22	 6.833594e+02	 98	 5.806539e+02	 783.33	 700.00	 48.00	 32	 0.72	 
bfer_126	 2	 5	 1208.jpg	 5.856256e+02	 12	 999000	 120	 999000	 999	 5.866440e+02	 783.33	 700.00	 10.00	 29	 0.63	 
bfer_126	 2	 5	 2111.jpg	 5.876281e+02	 24	 999000	 240	 999000	 999	 5.886463e+02	 783.33	 700.00	 53.00	 11	 0.64	 
bfer_126	 2	 5	 1210.jpg	 5.916326e+02	 12	 999000	 120	 999000	 999	 5.926507e+02	 783.33	 700.00	 38.00	 31	 0.20	 
bfer_126	 2	 5	 1103.jpg	 5.936349e+02	 12	 4.277894e+02	 12	 999000	 98	 5.946529e+02	 783.33	 700.00	 3.00	 3	 0.75	 
bfer_126	 2	 5	 1202.jpg	 5.956371e+02	 12	 999000	 120	 999000	 999	 5.966552e+02	 783.33	 700.00	 18.00	 23	 0.56	 
bfer_126	 2	 5	 2205.jpg	 5.976393e+02	 24	 999000	 240	 999000	 999	 5.986575e+02	 783.33	 700.00	 59.00	 26	 0.51	 
bfer_126	 2	 5	 1109.jpg	 6.026283e+02	 12	 999000	 120	 999000	 999	 6.036464e+02	 783.33	 700.00	 7.00	 9	 0.67	 
bfer_126	 2	 5	 2202.jpg	 6.046305e+02	 22	 9.441919e+02	 220	 7.000215e+02	 98	 6.056486e+02	 783.33	 716.67	 57.00	 23	 0.58	 
bfer_126	 2	 5	 2117.jpg	 6.066327e+02	 24	 999000	 240	 999000	 999	 6.076509e+02	 783.33	 716.67	 77.00	 17	 0.24	 
bfer_126	 2	 5	 1217.jpg	 6.096361e+02	 12	 999000	 120	 999000	 999	 6.106542e+02	 783.33	 716.67	 20.00	 38	 0.52	 
