subjectID	 order	 runNum	 itemName	 onsetTime	 shuff_trialType	 RT	 respInTime	 AudioTime	 response	 fixationTime	 ladder1	 ladder2	 bidIndex	 itemNameIndex	 bidValue	 
bfer_158	 2	 15	 1211.jpg	 5.174328e+02	 12	 999000	 120	 999000	 999	 5.184508e+02	 616.67	 550.00	 20.00	 32	 0.55	 
bfer_158	 2	 15	 2101.jpg	 5.224215e+02	 22	 1.017337e+03	 2200	 5.500241e+02	 98	 5.234399e+02	 616.67	 500.00	 57.00	 1	 0.59	 
bfer_158	 2	 15	 2102.jpg	 5.244239e+02	 24	 999000	 240	 999000	 999	 5.254421e+02	 616.67	 500.00	 53.00	 2	 0.65	 
bfer_158	 2	 15	 1121.jpg	 5.264263e+02	 11	 9.004816e+02	 110	 6.166829e+02	 98	 5.274443e+02	 633.33	 500.00	 16.00	 21	 0.58	 
bfer_158	 2	 15	 1117.jpg	 5.324330e+02	 12	 999000	 120	 999000	 999	 5.334510e+02	 633.33	 500.00	 7.00	 17	 0.70	 
bfer_158	 2	 15	 2206.jpg	 5.344352e+02	 24	 999000	 240	 999000	 999	 5.354533e+02	 633.33	 500.00	 43.00	 27	 0.85	 
bfer_158	 2	 15	 1204.jpg	 5.374218e+02	 12	 999000	 120	 999000	 999	 5.384400e+02	 633.33	 500.00	 15.00	 25	 0.58	 
bfer_158	 2	 15	 1219.jpg	 5.394241e+02	 11	 9.506697e+02	 110	 6.333517e+02	 98	 5.404422e+02	 650.00	 500.00	 14.00	 40	 0.59	 
bfer_158	 2	 15	 2117.jpg	 5.434286e+02	 22	 7.701115e+02	 220	 5.000141e+02	 98	 5.444468e+02	 650.00	 516.67	 51.00	 17	 0.67	 
bfer_158	 2	 15	 2211.jpg	 5.454308e+02	 24	 999000	 240	 999000	 999	 5.464490e+02	 650.00	 516.67	 50.00	 32	 0.68	 
bfer_158	 2	 15	 1213.jpg	 5.504365e+02	 12	 999000	 120	 999000	 999	 5.514547e+02	 650.00	 516.67	 13.00	 34	 0.62	 
bfer_158	 2	 15	 1203.jpg	 5.574276e+02	 11	 9.951463e+02	 110	 6.500254e+02	 98	 5.584458e+02	 666.67	 516.67	 9.00	 24	 0.65	 
bfer_158	 2	 15	 1101.jpg	 5.594299e+02	 11	 1.000852e+03	 1100	 6.667051e+02	 98	 5.604482e+02	 616.67	 516.67	 11.00	 1	 0.63	 
bfer_158	 2	 15	 1209.jpg	 5.624332e+02	 12	 999000	 120	 999000	 999	 5.634514e+02	 616.67	 516.67	 37.00	 30	 0.24	 
bfer_158	 2	 15	 1110.jpg	 5.654366e+02	 12	 999000	 120	 999000	 999	 5.664548e+02	 616.67	 516.67	 18.00	 10	 0.57	 
bfer_158	 2	 15	 2114.jpg	 5.694245e+02	 24	 4.862868e+02	 24	 999000	 98	 5.704427e+02	 616.67	 516.67	 61.00	 14	 0.52	 
bfer_158	 2	 15	 2204.jpg	 5.734289e+02	 24	 999000	 240	 999000	 999	 5.744471e+02	 616.67	 516.67	 55.00	 25	 0.64	 
bfer_158	 2	 15	 1208.jpg	 5.774334e+02	 12	 999000	 120	 999000	 999	 5.784515e+02	 616.67	 516.67	 22.00	 29	 0.55	 
bfer_158	 2	 15	 2104.jpg	 5.804368e+02	 24	 999000	 240	 999000	 999	 5.814550e+02	 616.67	 516.67	 59.00	 4	 0.57	 
bfer_158	 2	 15	 1103.jpg	 5.864269e+02	 12	 999000	 120	 999000	 999	 5.874451e+02	 616.67	 516.67	 3.00	 3	 0.77	 
bfer_158	 2	 15	 2202.jpg	 5.884292e+02	 24	 999000	 240	 999000	 999	 5.894472e+02	 616.67	 516.67	 62.00	 23	 0.52	 
bfer_158	 2	 15	 1105.jpg	 5.914325e+02	 12	 999000	 120	 999000	 999	 5.924506e+02	 616.67	 516.67	 12.00	 5	 0.62	 
bfer_158	 2	 15	 1214.jpg	 5.934348e+02	 12	 999000	 120	 999000	 999	 5.944529e+02	 616.67	 516.67	 4.00	 35	 0.76	 
bfer_158	 2	 15	 2216.jpg	 5.954371e+02	 22	 1.065661e+03	 2200	 5.166817e+02	 98	 5.964551e+02	 616.67	 466.67	 49.00	 37	 0.68	 
bfer_158	 2	 15	 1111.jpg	 5.974226e+02	 11	 9.042054e+02	 110	 6.166838e+02	 98	 5.984409e+02	 633.33	 466.67	 17.00	 11	 0.58	 
bfer_158	 2	 15	 1218.jpg	 6.004260e+02	 12	 999000	 120	 999000	 999	 6.014440e+02	 633.33	 466.67	 10.00	 39	 0.63	 
bfer_158	 2	 15	 2109.jpg	 6.044304e+02	 24	 999000	 240	 999000	 999	 6.054486e+02	 633.33	 466.67	 47.00	 9	 0.78	 
bfer_158	 2	 15	 2105.jpg	 6.064326e+02	 24	 999000	 240	 999000	 999	 6.074507e+02	 633.33	 466.67	 52.00	 5	 0.66	 
bfer_158	 2	 15	 1201.jpg	 6.084350e+02	 11	 1.027786e+03	 1100	 6.333609e+02	 98	 6.094530e+02	 583.33	 466.67	 8.00	 22	 0.66	 
bfer_158	 2	 15	 1205.jpg	 6.104371e+02	 12	 999000	 120	 999000	 999	 6.114553e+02	 583.33	 466.67	 19.00	 26	 0.55	 
bfer_158	 2	 15	 2214.jpg	 6.124227e+02	 24	 999000	 240	 999000	 999	 6.134409e+02	 583.33	 466.67	 58.00	 35	 0.59	 
bfer_158	 2	 15	 2111.jpg	 6.144250e+02	 24	 999000	 240	 999000	 999	 6.154432e+02	 583.33	 466.67	 77.00	 11	 0.35	 
bfer_158	 2	 15	 2113.jpg	 6.184296e+02	 24	 999000	 240	 999000	 999	 6.194476e+02	 583.33	 466.67	 60.00	 13	 0.54	 
bfer_158	 2	 15	 2103.jpg	 6.224339e+02	 22	 8.368327e+02	 220	 4.666841e+02	 98	 6.234520e+02	 583.33	 483.33	 54.00	 3	 0.65	 
bfer_158	 2	 15	 1207.jpg	 6.244363e+02	 12	 999000	 120	 999000	 999	 6.254543e+02	 583.33	 483.33	 21.00	 28	 0.55	 
bfer_158	 2	 15	 2120.jpg	 6.264215e+02	 24	 999000	 240	 999000	 999	 6.274398e+02	 583.33	 483.33	 78.00	 20	 0.27	 
bfer_158	 2	 15	 2205.jpg	 6.284239e+02	 22	 8.948101e+02	 220	 4.833469e+02	 98	 6.294421e+02	 583.33	 500.00	 56.00	 26	 0.62	 
bfer_158	 2	 15	 2203.jpg	 6.304263e+02	 24	 999000	 240	 999000	 999	 6.314445e+02	 583.33	 500.00	 44.00	 24	 0.82	 
bfer_158	 2	 15	 2121.jpg	 6.364330e+02	 22	 8.217885e+02	 220	 5.000190e+02	 98	 6.374512e+02	 583.33	 516.67	 48.00	 21	 0.74	 
bfer_158	 2	 15	 1114.jpg	 6.384352e+02	 12	 999000	 120	 999000	 999	 6.394534e+02	 583.33	 516.67	 38.00	 14	 0.24	 
