subjectID	 order	 runNum	 itemName	 onsetTime	 shuff_trialType	 RT	 respInTime	 AudioTime	 response	 fixationTime	 ladder1	 ladder2	 bidIndex	 itemNameIndex	 bidValue	 
bfer_103	 1	 5	 2217.jpg	 5.625960e+02	 24	 999000	 240	 999000	 999	 5.636144e+02	 750.00	 750.00	 44.00	 38	 0.85	 
bfer_103	 1	 5	 2205.jpg	 5.655997e+02	 24	 999000	 240	 999000	 999	 5.666178e+02	 750.00	 750.00	 49.00	 26	 0.65	 
bfer_103	 1	 5	 2201.jpg	 5.696042e+02	 22	 1.018311e+03	 2200	 7.500127e+02	 98	 5.706223e+02	 750.00	 700.00	 50.00	 22	 0.63	 
bfer_103	 1	 5	 1103.jpg	 5.715895e+02	 12	 999000	 120	 999000	 999	 5.726080e+02	 750.00	 700.00	 11.00	 3	 0.64	 
bfer_103	 1	 5	 1120.jpg	 5.735920e+02	 12	 999000	 120	 999000	 999	 5.746102e+02	 750.00	 700.00	 37.00	 20	 0.23	 
bfer_103	 1	 5	 2101.jpg	 5.775964e+02	 22	 8.420659e+02	 220	 7.000236e+02	 98	 5.786147e+02	 750.00	 716.67	 55.00	 1	 0.57	 
bfer_103	 1	 5	 1213.jpg	 5.795988e+02	 12	 999000	 120	 999000	 999	 5.806168e+02	 750.00	 716.67	 14.00	 34	 0.57	 
bfer_103	 1	 5	 2208.jpg	 5.846044e+02	 24	 999000	 240	 999000	 999	 5.856224e+02	 750.00	 716.67	 43.00	 29	 0.87	 
bfer_103	 1	 5	 1201.jpg	 5.865896e+02	 11	 4.729026e+02	 11	 7.500369e+02	 98	 5.876080e+02	 766.67	 716.67	 7.00	 22	 0.74	 
bfer_103	 1	 5	 2213.jpg	 5.895933e+02	 24	 999000	 240	 999000	 999	 5.906113e+02	 766.67	 716.67	 61.00	 34	 0.52	 
bfer_103	 1	 5	 2112.jpg	 5.925967e+02	 24	 999000	 240	 999000	 999	 5.936148e+02	 766.67	 716.67	 77.00	 12	 0.22	 
bfer_103	 1	 5	 1206.jpg	 5.966011e+02	 12	 999000	 120	 999000	 999	 5.976193e+02	 766.67	 716.67	 4.00	 27	 0.77	 
bfer_103	 1	 5	 1211.jpg	 5.996045e+02	 12	 999000	 120	 999000	 999	 6.006227e+02	 766.67	 716.67	 8.00	 32	 0.73	 
bfer_103	 1	 5	 1203.jpg	 6.015897e+02	 12	 999000	 120	 999000	 999	 6.026083e+02	 766.67	 716.67	 38.00	 24	 0.20	 
bfer_103	 1	 5	 1105.jpg	 6.045935e+02	 12	 999000	 120	 999000	 999	 6.056115e+02	 766.67	 716.67	 22.00	 5	 0.45	 
bfer_103	 1	 5	 2110.jpg	 6.085980e+02	 24	 999000	 240	 999000	 999	 6.096161e+02	 766.67	 716.67	 78.00	 10	 0.21	 
bfer_103	 1	 5	 1104.jpg	 6.116014e+02	 12	 999000	 120	 999000	 999	 6.126195e+02	 766.67	 716.67	 20.00	 4	 0.47	 
bfer_103	 1	 5	 1214.jpg	 6.136036e+02	 11	 4.909255e+02	 11	 7.666879e+02	 98	 6.146217e+02	 783.33	 716.67	 10.00	 35	 0.66	 
bfer_103	 1	 5	 1107.jpg	 6.156059e+02	 12	 999000	 120	 999000	 999	 6.166241e+02	 783.33	 716.67	 21.00	 7	 0.47	 
bfer_103	 1	 5	 2218.jpg	 6.205948e+02	 24	 999000	 240	 999000	 999	 6.216130e+02	 783.33	 716.67	 51.00	 39	 0.61	 
bfer_103	 1	 5	 2117.jpg	 6.245993e+02	 24	 999000	 240	 999000	 999	 6.256175e+02	 783.33	 716.67	 56.00	 17	 0.56	 
bfer_103	 1	 5	 1121.jpg	 6.286037e+02	 12	 1.010733e+03	 12	 999000	 98	 6.296229e+02	 783.33	 716.67	 3.00	 21	 0.78	 
bfer_103	 1	 5	 2111.jpg	 6.345938e+02	 24	 999000	 240	 999000	 999	 6.356120e+02	 783.33	 716.67	 59.00	 11	 0.54	 
bfer_103	 1	 5	 1216.jpg	 6.365960e+02	 12	 999000	 120	 999000	 999	 6.376142e+02	 783.33	 716.67	 9.00	 37	 0.68	 
bfer_103	 1	 5	 1101.jpg	 6.385983e+02	 11	 7.041664e+02	 11	 7.833580e+02	 98	 6.396165e+02	 800.00	 716.67	 15.00	 1	 0.56	 
bfer_103	 1	 5	 2202.jpg	 6.406006e+02	 22	 9.418897e+02	 220	 7.166841e+02	 98	 6.416187e+02	 800.00	 733.33	 58.00	 23	 0.55	 
bfer_103	 1	 5	 1118.jpg	 6.426028e+02	 11	 7.957095e+02	 11	 8.000229e+02	 98	 6.436210e+02	 816.67	 733.33	 12.00	 18	 0.59	 
bfer_103	 1	 5	 1115.jpg	 6.465904e+02	 11	 6.081003e+02	 11	 8.166908e+02	 98	 6.476088e+02	 833.33	 733.33	 18.00	 15	 0.53	 
bfer_103	 1	 5	 2115.jpg	 6.485930e+02	 24	 999000	 240	 999000	 999	 6.496110e+02	 833.33	 733.33	 57.00	 15	 0.56	 
bfer_103	 1	 5	 1204.jpg	 6.525974e+02	 12	 999000	 120	 999000	 999	 6.536156e+02	 833.33	 733.33	 19.00	 25	 0.53	 
bfer_103	 1	 5	 1207.jpg	 6.545996e+02	 12	 999000	 120	 999000	 999	 6.556179e+02	 833.33	 733.33	 17.00	 28	 0.54	 
bfer_103	 1	 5	 2104.jpg	 6.566019e+02	 24	 999000	 240	 999000	 999	 6.576201e+02	 833.33	 733.33	 62.00	 4	 0.51	 
bfer_103	 1	 5	 2207.jpg	 6.586041e+02	 24	 999000	 240	 999000	 999	 6.596223e+02	 833.33	 733.33	 60.00	 28	 0.52	 
bfer_103	 1	 5	 1218.jpg	 6.635931e+02	 12	 999000	 120	 999000	 999	 6.646112e+02	 833.33	 733.33	 16.00	 39	 0.55	 
bfer_103	 1	 5	 2103.jpg	 6.655953e+02	 24	 999000	 240	 999000	 999	 6.666135e+02	 833.33	 733.33	 48.00	 3	 0.76	 
bfer_103	 1	 5	 1209.jpg	 6.675976e+02	 11	 1.152855e+03	 1100	 8.333579e+02	 98	 6.686157e+02	 783.33	 733.33	 13.00	 30	 0.57	 
bfer_103	 1	 5	 2118.jpg	 6.706009e+02	 24	 999000	 240	 999000	 999	 6.716191e+02	 783.33	 733.33	 54.00	 18	 0.58	 
bfer_103	 1	 5	 2107.jpg	 6.775921e+02	 22	 9.663563e+02	 220	 7.333524e+02	 98	 6.786104e+02	 783.33	 750.00	 47.00	 7	 0.76	 
bfer_103	 1	 5	 2116.jpg	 6.815966e+02	 22	 9.538695e+02	 220	 7.500266e+02	 98	 6.826148e+02	 783.33	 766.67	 52.00	 16	 0.59	 
bfer_103	 1	 5	 2121.jpg	 6.886045e+02	 22	 9.859567e+02	 220	 7.666994e+02	 98	 6.896226e+02	 783.33	 783.33	 53.00	 21	 0.58	 
