subjectID	 order	 runNum	 itemName	 onsetTime	 shuff_trialType	 RT	 respInTime	 AudioTime	 response	 fixationTime	 ladder1	 ladder2	 bidIndex	 itemNameIndex	 bidValue	 
bfer_154	 2	 16	 2110.jpg	 6.126957e+02	 22	 7.431091e+02	 220	 5.833782e+02	 98	 6.137139e+02	 716.67	 600.00	 48.00	 10	 0.69	 
bfer_154	 2	 16	 1106.jpg	 6.146983e+02	 11	 8.845897e+02	 110	 7.166895e+02	 98	 6.157161e+02	 733.33	 600.00	 16.00	 6	 0.54	 
bfer_154	 2	 16	 1219.jpg	 6.187028e+02	 12	 999000	 120	 999000	 999	 6.197205e+02	 733.33	 600.00	 7.00	 40	 0.77	 
bfer_154	 2	 16	 1120.jpg	 6.216895e+02	 12	 999000	 120	 999000	 999	 6.227072e+02	 733.33	 600.00	 38.00	 20	 0.16	 
bfer_154	 2	 16	 2219.jpg	 6.236918e+02	 24	 9.150819e+02	 24	 999000	 98	 6.247096e+02	 733.33	 600.00	 59.00	 40	 0.53	 
bfer_154	 2	 16	 2117.jpg	 6.266951e+02	 24	 999000	 240	 999000	 999	 6.277129e+02	 733.33	 600.00	 78.00	 17	 0.20	 
bfer_154	 2	 16	 2109.jpg	 6.306996e+02	 24	 999000	 240	 999000	 999	 6.317173e+02	 733.33	 600.00	 53.00	 9	 0.63	 
bfer_154	 2	 16	 1215.jpg	 6.346872e+02	 11	 1.055690e+03	 1100	 7.333536e+02	 98	 6.357051e+02	 683.33	 600.00	 8.00	 36	 0.69	 
bfer_154	 2	 16	 2105.jpg	 6.366898e+02	 24	 999000	 240	 999000	 999	 6.377075e+02	 683.33	 600.00	 58.00	 5	 0.55	 
bfer_154	 2	 16	 1110.jpg	 6.416953e+02	 12	 999000	 120	 999000	 999	 6.427131e+02	 683.33	 600.00	 19.00	 10	 0.50	 
bfer_154	 2	 16	 2212.jpg	 6.436975e+02	 22	 9.013294e+02	 220	 6.000169e+02	 98	 6.447154e+02	 683.33	 616.67	 56.00	 33	 0.56	 
bfer_154	 2	 16	 2216.jpg	 6.456998e+02	 22	 8.270526e+02	 220	 6.166918e+02	 98	 6.467176e+02	 683.33	 633.33	 51.00	 37	 0.67	 
bfer_154	 2	 16	 1203.jpg	 6.516898e+02	 11	 8.530289e+02	 110	 6.833578e+02	 98	 6.527076e+02	 700.00	 633.33	 11.00	 24	 0.66	 
bfer_154	 2	 16	 1201.jpg	 6.536922e+02	 11	 8.986637e+02	 110	 7.000192e+02	 98	 6.547099e+02	 716.67	 633.33	 9.00	 22	 0.69	 
bfer_154	 2	 16	 1111.jpg	 6.556944e+02	 12	 999000	 120	 999000	 999	 6.567122e+02	 716.67	 633.33	 13.00	 11	 0.59	 
bfer_154	 2	 16	 2214.jpg	 6.576967e+02	 24	 999000	 240	 999000	 999	 6.587144e+02	 716.67	 633.33	 47.00	 35	 0.72	 
bfer_154	 2	 16	 2121.jpg	 6.617011e+02	 22	 8.897323e+02	 220	 6.333552e+02	 98	 6.627189e+02	 716.67	 650.00	 49.00	 21	 0.69	 
bfer_154	 2	 16	 1107.jpg	 6.656891e+02	 11	 9.737785e+02	 110	 7.166825e+02	 98	 6.667067e+02	 733.33	 650.00	 14.00	 7	 0.57	 
bfer_154	 2	 16	 2207.jpg	 6.686924e+02	 24	 999000	 240	 999000	 999	 6.697101e+02	 733.33	 650.00	 50.00	 28	 0.68	 
bfer_154	 2	 16	 1212.jpg	 6.726968e+02	 12	 999000	 120	 999000	 999	 6.737145e+02	 733.33	 650.00	 20.00	 33	 0.47	 
bfer_154	 2	 16	 1216.jpg	 6.757002e+02	 12	 999000	 120	 999000	 999	 6.767180e+02	 733.33	 650.00	 4.00	 37	 0.80	 
bfer_154	 2	 16	 2114.jpg	 6.777024e+02	 22	 9.924223e+02	 220	 6.500140e+02	 98	 6.787202e+02	 733.33	 666.67	 57.00	 14	 0.56	 
bfer_154	 2	 16	 1102.jpg	 6.816903e+02	 12	 999000	 120	 999000	 999	 6.827080e+02	 733.33	 666.67	 15.00	 2	 0.55	 
bfer_154	 2	 16	 1214.jpg	 6.836925e+02	 12	 999000	 120	 999000	 999	 6.847103e+02	 733.33	 666.67	 18.00	 35	 0.50	 
bfer_154	 2	 16	 1210.jpg	 6.856947e+02	 12	 999000	 120	 999000	 999	 6.867125e+02	 733.33	 666.67	 22.00	 31	 0.46	 
bfer_154	 2	 16	 1103.jpg	 6.896993e+02	 12	 999000	 120	 999000	 999	 6.907170e+02	 733.33	 666.67	 3.00	 3	 0.82	 
bfer_154	 2	 16	 1207.jpg	 6.917015e+02	 12	 999000	 120	 999000	 999	 6.927193e+02	 733.33	 666.67	 12.00	 28	 0.60	 
bfer_154	 2	 16	 2115.jpg	 6.956893e+02	 24	 999000	 240	 999000	 999	 6.967071e+02	 733.33	 666.67	 62.00	 15	 0.45	 
bfer_154	 2	 16	 2106.jpg	 6.996938e+02	 24	 999000	 240	 999000	 999	 7.007115e+02	 733.33	 666.67	 43.00	 6	 0.85	 
bfer_154	 2	 16	 2104.jpg	 7.026974e+02	 24	 1.061482e+03	 24	 999000	 98	 7.037150e+02	 733.33	 666.67	 61.00	 4	 0.53	 
bfer_154	 2	 16	 2205.jpg	 7.086870e+02	 24	 999000	 240	 999000	 999	 7.097050e+02	 733.33	 666.67	 60.00	 26	 0.53	 
bfer_154	 2	 16	 2111.jpg	 7.106894e+02	 22	 1.029399e+03	 2200	 6.666855e+02	 98	 7.117072e+02	 733.33	 616.67	 54.00	 11	 0.60	 
bfer_154	 2	 16	 2211.jpg	 7.146940e+02	 24	 999000	 240	 999000	 999	 7.157118e+02	 733.33	 616.67	 52.00	 32	 0.64	 
bfer_154	 2	 16	 1218.jpg	 7.166963e+02	 12	 999000	 120	 999000	 999	 7.177140e+02	 733.33	 616.67	 21.00	 39	 0.47	 
bfer_154	 2	 16	 1112.jpg	 7.186985e+02	 12	 999000	 120	 999000	 999	 7.197162e+02	 733.33	 616.67	 37.00	 12	 0.20	 
bfer_154	 2	 16	 1121.jpg	 7.207007e+02	 11	 9.860985e+02	 110	 7.333639e+02	 98	 7.217186e+02	 750.00	 616.67	 17.00	 21	 0.53	 
bfer_154	 2	 16	 2107.jpg	 7.256898e+02	 24	 999000	 240	 999000	 999	 7.267074e+02	 750.00	 616.67	 55.00	 7	 0.57	 
bfer_154	 2	 16	 2108.jpg	 7.276920e+02	 24	 999000	 240	 999000	 999	 7.287098e+02	 750.00	 616.67	 77.00	 8	 0.22	 
bfer_154	 2	 16	 1205.jpg	 7.296941e+02	 12	 999000	 120	 999000	 999	 7.307120e+02	 750.00	 616.67	 10.00	 26	 0.67	 
bfer_154	 2	 16	 2201.jpg	 7.326976e+02	 24	 999000	 240	 999000	 999	 7.337154e+02	 750.00	 616.67	 44.00	 22	 0.83	 
