subjectID	 order	 runNum	 itemName	 onsetTime	 shuff_trialType	 RT	 respInTime	 AudioTime	 response	 fixationTime	 ladder1	 ladder2	 bidIndex	 itemNameIndex	 bidValue	 
bfer_140	 2	 16	 2121.jpg	 6.719791e+02	 22	 1.019489e+03	 2200	 6.500169e+02	 98	 6.729973e+02	 650.00	 600.00	 56.00	 21	 0.60	 
bfer_140	 2	 16	 1207.jpg	 6.749657e+02	 12	 999000	 120	 999000	 999	 6.759840e+02	 650.00	 600.00	 4.00	 28	 0.78	 
bfer_140	 2	 16	 2217.jpg	 6.769681e+02	 24	 999000	 240	 999000	 999	 6.779863e+02	 650.00	 600.00	 44.00	 38	 0.77	 
bfer_140	 2	 16	 2218.jpg	 6.789704e+02	 24	 999000	 240	 999000	 999	 6.799885e+02	 650.00	 600.00	 47.00	 39	 0.74	 
bfer_140	 2	 16	 1219.jpg	 6.809726e+02	 12	 999000	 120	 999000	 999	 6.819908e+02	 650.00	 600.00	 7.00	 40	 0.77	 
bfer_140	 2	 16	 1213.jpg	 6.839760e+02	 11	 1.126652e+03	 1100	 6.500299e+02	 98	 6.849942e+02	 600.00	 600.00	 11.00	 34	 0.69	 
bfer_140	 2	 16	 2202.jpg	 6.859782e+02	 24	 999000	 240	 999000	 999	 6.869963e+02	 600.00	 600.00	 52.00	 23	 0.65	 
bfer_140	 2	 16	 1102.jpg	 6.899658e+02	 12	 999000	 120	 999000	 999	 6.909842e+02	 600.00	 600.00	 19.00	 2	 0.52	 
bfer_140	 2	 16	 1120.jpg	 6.919683e+02	 11	 9.983343e+02	 110	 6.000303e+02	 98	 6.929865e+02	 616.67	 600.00	 14.00	 20	 0.57	 
bfer_140	 2	 16	 2215.jpg	 6.969739e+02	 24	 999000	 240	 999000	 999	 6.979920e+02	 616.67	 600.00	 50.00	 36	 0.69	 
bfer_140	 2	 16	 1106.jpg	 6.989761e+02	 11	 9.745101e+02	 110	 6.166839e+02	 98	 6.999944e+02	 633.33	 600.00	 17.00	 6	 0.54	 
bfer_140	 2	 16	 1216.jpg	 7.029807e+02	 12	 999000	 120	 999000	 999	 7.039988e+02	 633.33	 600.00	 20.00	 37	 0.51	 
bfer_140	 2	 16	 1218.jpg	 7.049659e+02	 12	 6.327319e+02	 12	 999000	 98	 7.059843e+02	 633.33	 600.00	 10.00	 39	 0.70	 
bfer_140	 2	 16	 1121.jpg	 7.079696e+02	 12	 999000	 120	 999000	 999	 7.089879e+02	 633.33	 600.00	 22.00	 21	 0.50	 
bfer_140	 2	 16	 2103.jpg	 7.129752e+02	 24	 999000	 240	 999000	 999	 7.139933e+02	 633.33	 600.00	 59.00	 3	 0.52	 
bfer_140	 2	 16	 1217.jpg	 7.149774e+02	 12	 999000	 120	 999000	 999	 7.159956e+02	 633.33	 600.00	 13.00	 38	 0.61	 
bfer_140	 2	 16	 2210.jpg	 7.169797e+02	 24	 999000	 240	 999000	 999	 7.179980e+02	 633.33	 600.00	 62.00	 31	 0.47	 
bfer_140	 2	 16	 2203.jpg	 7.209675e+02	 24	 999000	 240	 999000	 999	 7.219856e+02	 633.33	 600.00	 78.00	 24	 0.24	 
bfer_140	 2	 16	 2119.jpg	 7.249721e+02	 24	 999000	 240	 999000	 999	 7.259901e+02	 633.33	 600.00	 77.00	 19	 0.24	 
bfer_140	 2	 16	 1214.jpg	 7.289765e+02	 11	 9.741211e+02	 110	 6.333632e+02	 98	 7.299947e+02	 650.00	 600.00	 16.00	 35	 0.56	 
bfer_140	 2	 16	 2109.jpg	 7.309788e+02	 24	 999000	 240	 999000	 999	 7.319968e+02	 650.00	 600.00	 58.00	 9	 0.59	 
bfer_140	 2	 16	 1109.jpg	 7.329810e+02	 11	 9.456499e+02	 110	 6.500239e+02	 98	 7.339991e+02	 666.67	 600.00	 9.00	 9	 0.74	 
bfer_140	 2	 16	 2219.jpg	 7.349664e+02	 24	 999000	 240	 999000	 999	 7.359847e+02	 666.67	 600.00	 53.00	 40	 0.64	 
bfer_140	 2	 16	 1209.jpg	 7.369687e+02	 12	 999000	 120	 999000	 999	 7.379869e+02	 666.67	 600.00	 3.00	 30	 0.87	 
bfer_140	 2	 16	 1111.jpg	 7.429755e+02	 12	 999000	 120	 999000	 999	 7.439936e+02	 666.67	 600.00	 18.00	 11	 0.52	 
bfer_140	 2	 16	 2111.jpg	 7.459789e+02	 24	 999000	 240	 999000	 999	 7.469971e+02	 666.67	 600.00	 60.00	 11	 0.51	 
bfer_140	 2	 16	 1103.jpg	 7.479812e+02	 12	 999000	 120	 999000	 999	 7.489994e+02	 666.67	 600.00	 15.00	 3	 0.57	 
bfer_140	 2	 16	 2114.jpg	 7.499665e+02	 24	 999000	 240	 999000	 999	 7.509848e+02	 666.67	 600.00	 61.00	 14	 0.49	 
bfer_140	 2	 16	 1202.jpg	 7.529701e+02	 12	 999000	 120	 999000	 999	 7.539882e+02	 666.67	 600.00	 21.00	 23	 0.50	 
bfer_140	 2	 16	 2212.jpg	 7.549722e+02	 24	 999000	 240	 999000	 999	 7.559904e+02	 666.67	 600.00	 55.00	 33	 0.61	 
bfer_140	 2	 16	 2216.jpg	 7.569746e+02	 22	 8.960517e+02	 220	 6.000198e+02	 98	 7.579927e+02	 666.67	 616.67	 54.00	 37	 0.64	 
bfer_140	 2	 16	 2207.jpg	 7.589769e+02	 24	 999000	 240	 999000	 999	 7.599949e+02	 666.67	 616.67	 43.00	 28	 0.79	 
bfer_140	 2	 16	 1204.jpg	 7.619801e+02	 12	 999000	 120	 999000	 999	 7.629983e+02	 666.67	 616.67	 12.00	 25	 0.64	 
bfer_140	 2	 16	 1205.jpg	 7.639657e+02	 11	 1.080954e+03	 1100	 6.667023e+02	 98	 7.649839e+02	 616.67	 616.67	 8.00	 26	 0.76	 
bfer_140	 2	 16	 1117.jpg	 7.659680e+02	 12	 999000	 120	 999000	 999	 7.669861e+02	 616.67	 616.67	 37.00	 17	 0.16	 
bfer_140	 2	 16	 2205.jpg	 7.679702e+02	 22	 9.964350e+02	 220	 6.166903e+02	 98	 7.689883e+02	 616.67	 633.33	 49.00	 26	 0.73	 
bfer_140	 2	 16	 2204.jpg	 7.699725e+02	 22	 9.621286e+02	 220	 6.333498e+02	 98	 7.709906e+02	 616.67	 650.00	 57.00	 25	 0.59	 
bfer_140	 2	 16	 2214.jpg	 7.759792e+02	 22	 1.051457e+03	 2200	 6.500228e+02	 98	 7.769975e+02	 616.67	 600.00	 51.00	 35	 0.67	 
bfer_140	 2	 16	 1108.jpg	 7.789826e+02	 12	 999000	 120	 999000	 999	 7.800007e+02	 616.67	 600.00	 38.00	 8	 0.14	 
bfer_140	 2	 16	 2201.jpg	 7.829705e+02	 22	 9.481750e+02	 220	 6.000272e+02	 98	 7.839886e+02	 616.67	 616.67	 48.00	 22	 0.74	 
