subjectID	 order	 runNum	 itemName	 onsetTime	 shuff_trialType	 RT	 respInTime	 AudioTime	 response	 fixationTime	 ladder1	 ladder2	 bidIndex	 itemNameIndex	 bidValue	 
bfer_140	 2	 20	 1108.jpg	 1.177930e+03	 12	 999000	 120	 999000	 999	 1.178948e+03	 583.33	 650.00	 38.00	 8	 0.14	 
bfer_140	 2	 20	 1213.jpg	 1.180934e+03	 11	 1.025073e+03	 1100	 5.833484e+02	 98	 1.181952e+03	 533.33	 650.00	 11.00	 34	 0.69	 
bfer_140	 2	 20	 2121.jpg	 1.182919e+03	 22	 8.874469e+02	 220	 6.500247e+02	 98	 1.183937e+03	 533.33	 666.67	 56.00	 21	 0.60	 
bfer_140	 2	 20	 1111.jpg	 1.184921e+03	 12	 999000	 120	 999000	 999	 1.185939e+03	 533.33	 666.67	 18.00	 11	 0.52	 
bfer_140	 2	 20	 1204.jpg	 1.186924e+03	 12	 999000	 120	 999000	 999	 1.187942e+03	 533.33	 666.67	 12.00	 25	 0.64	 
bfer_140	 2	 20	 2111.jpg	 1.189927e+03	 24	 999000	 240	 999000	 999	 1.190945e+03	 533.33	 666.67	 60.00	 11	 0.51	 
bfer_140	 2	 20	 1214.jpg	 1.191929e+03	 11	 9.013934e+02	 110	 5.333568e+02	 98	 1.192947e+03	 550.00	 666.67	 16.00	 35	 0.56	 
bfer_140	 2	 20	 1209.jpg	 1.195917e+03	 12	 999000	 120	 999000	 999	 1.196935e+03	 550.00	 666.67	 3.00	 30	 0.87	 
bfer_140	 2	 20	 2217.jpg	 1.197919e+03	 24	 999000	 240	 999000	 999	 1.198937e+03	 550.00	 666.67	 44.00	 38	 0.77	 
bfer_140	 2	 20	 2119.jpg	 1.202925e+03	 24	 999000	 240	 999000	 999	 1.203943e+03	 550.00	 666.67	 77.00	 19	 0.24	 
bfer_140	 2	 20	 2205.jpg	 1.204927e+03	 22	 9.356013e+02	 220	 6.666887e+02	 98	 1.205945e+03	 550.00	 683.33	 49.00	 26	 0.73	 
bfer_140	 2	 20	 2212.jpg	 1.208932e+03	 24	 999000	 240	 999000	 999	 1.209950e+03	 550.00	 683.33	 55.00	 33	 0.61	 
bfer_140	 2	 20	 1202.jpg	 1.210917e+03	 12	 999000	 120	 999000	 999	 1.211935e+03	 550.00	 683.33	 21.00	 23	 0.50	 
bfer_140	 2	 20	 1216.jpg	 1.213920e+03	 12	 999000	 120	 999000	 999	 1.214939e+03	 550.00	 683.33	 20.00	 37	 0.51	 
bfer_140	 2	 20	 2218.jpg	 1.218926e+03	 24	 7.284122e+02	 24	 999000	 98	 1.219944e+03	 550.00	 683.33	 47.00	 39	 0.74	 
bfer_140	 2	 20	 1102.jpg	 1.220928e+03	 12	 999000	 120	 999000	 999	 1.221947e+03	 550.00	 683.33	 19.00	 2	 0.52	 
bfer_140	 2	 20	 1117.jpg	 1.222931e+03	 12	 999000	 120	 999000	 999	 1.223949e+03	 550.00	 683.33	 37.00	 17	 0.16	 
bfer_140	 2	 20	 1103.jpg	 1.226918e+03	 12	 999000	 120	 999000	 999	 1.227937e+03	 550.00	 683.33	 15.00	 3	 0.57	 
bfer_140	 2	 20	 2109.jpg	 1.230923e+03	 24	 999000	 240	 999000	 999	 1.231941e+03	 550.00	 683.33	 58.00	 9	 0.59	 
bfer_140	 2	 20	 2214.jpg	 1.234927e+03	 22	 1.055244e+03	 2200	 6.833486e+02	 98	 1.235946e+03	 550.00	 633.33	 51.00	 35	 0.67	 
bfer_140	 2	 20	 1120.jpg	 1.236930e+03	 11	 9.569410e+02	 110	 5.500158e+02	 98	 1.237948e+03	 566.67	 633.33	 14.00	 20	 0.57	 
bfer_140	 2	 20	 2202.jpg	 1.238932e+03	 24	 999000	 240	 999000	 999	 1.239950e+03	 566.67	 633.33	 52.00	 23	 0.65	 
bfer_140	 2	 20	 1205.jpg	 1.240917e+03	 11	 8.414095e+02	 110	 5.666884e+02	 98	 1.241936e+03	 583.33	 633.33	 8.00	 26	 0.76	 
bfer_140	 2	 20	 2219.jpg	 1.242920e+03	 24	 999000	 240	 999000	 999	 1.243938e+03	 583.33	 633.33	 53.00	 40	 0.64	 
bfer_140	 2	 20	 2216.jpg	 1.248926e+03	 22	 1.184166e+03	 2200	 6.333507e+02	 98	 1.249945e+03	 583.33	 583.33	 54.00	 37	 0.64	 
bfer_140	 2	 20	 2114.jpg	 1.251930e+03	 24	 999000	 240	 999000	 999	 1.252948e+03	 583.33	 583.33	 61.00	 14	 0.49	 
bfer_140	 2	 20	 2207.jpg	 1.253932e+03	 24	 999000	 240	 999000	 999	 1.254950e+03	 583.33	 583.33	 43.00	 28	 0.79	 
bfer_140	 2	 20	 1207.jpg	 1.255917e+03	 12	 999000	 120	 999000	 999	 1.256936e+03	 583.33	 583.33	 4.00	 28	 0.78	 
bfer_140	 2	 20	 2215.jpg	 1.258921e+03	 24	 999000	 240	 999000	 999	 1.259939e+03	 583.33	 583.33	 50.00	 36	 0.69	 
bfer_140	 2	 20	 1217.jpg	 1.260923e+03	 12	 999000	 120	 999000	 999	 1.261941e+03	 583.33	 583.33	 13.00	 38	 0.61	 
bfer_140	 2	 20	 1106.jpg	 1.262926e+03	 11	 1.233123e+03	 1100	 5.833540e+02	 98	 1.263944e+03	 533.33	 583.33	 17.00	 6	 0.54	 
bfer_140	 2	 20	 1109.jpg	 1.264928e+03	 11	 7.829494e+02	 110	 5.333743e+02	 98	 1.265946e+03	 550.00	 583.33	 9.00	 9	 0.74	 
bfer_140	 2	 20	 1219.jpg	 1.267931e+03	 12	 999000	 120	 999000	 999	 1.268949e+03	 550.00	 583.33	 7.00	 40	 0.77	 
bfer_140	 2	 20	 2210.jpg	 1.269933e+03	 24	 999000	 240	 999000	 999	 1.270951e+03	 550.00	 583.33	 62.00	 31	 0.47	 
bfer_140	 2	 20	 1121.jpg	 1.271919e+03	 12	 999000	 120	 999000	 999	 1.272937e+03	 550.00	 583.33	 22.00	 21	 0.50	 
bfer_140	 2	 20	 2203.jpg	 1.273921e+03	 24	 999000	 240	 999000	 999	 1.274939e+03	 550.00	 583.33	 78.00	 24	 0.24	 
bfer_140	 2	 20	 2204.jpg	 1.275924e+03	 22	 8.991396e+02	 220	 5.833571e+02	 98	 1.276942e+03	 550.00	 600.00	 57.00	 25	 0.59	 
bfer_140	 2	 20	 2103.jpg	 1.281930e+03	 24	 999000	 240	 999000	 999	 1.282948e+03	 550.00	 600.00	 59.00	 3	 0.52	 
bfer_140	 2	 20	 1218.jpg	 1.284917e+03	 12	 1.002102e+03	 12	 999000	 98	 1.285935e+03	 550.00	 600.00	 10.00	 39	 0.70	 
bfer_140	 2	 20	 2201.jpg	 1.288921e+03	 22	 1.013214e+03	 2200	 6.000322e+02	 98	 1.289940e+03	 550.00	 550.00	 48.00	 22	 0.74	 
