subjectID	 order	 runNum	 itemName	 onsetTime	 shuff_trialType	 RT	 respInTime	 AudioTime	 response	 fixationTime	 ladder1	 ladder2	 bidIndex	 itemNameIndex	 bidValue	 
bfer_126	 2	 1	 2110.jpg	 1.403951e+00	 22	 1.034747e+03	 2200	 7.502663e+02	 98	 2.422558e+00	 750.00	 700.00	 54.00	 10	 0.60	 
bfer_126	 2	 1	 1115.jpg	 6.392878e+00	 12	 999000	 120	 999000	 999	 7.411176e+00	 750.00	 700.00	 22.00	 15	 0.48	 
bfer_126	 2	 1	 2216.jpg	 8.395044e+00	 24	 999000	 240	 999000	 999	 9.413595e+00	 750.00	 700.00	 47.00	 37	 0.75	 
bfer_126	 2	 1	 2101.jpg	 1.039732e+01	 24	 999000	 240	 999000	 999	 1.141580e+01	 750.00	 700.00	 58.00	 1	 0.57	 
bfer_126	 2	 1	 1106.jpg	 1.640416e+01	 11	 9.785636e+02	 110	 7.502375e+02	 98	 1.742293e+01	 766.67	 700.00	 16.00	 6	 0.57	 
bfer_126	 2	 1	 1208.jpg	 1.838958e+01	 12	 3.851580e+02	 12	 999000	 98	 1.940791e+01	 766.67	 700.00	 10.00	 29	 0.63	 
bfer_126	 2	 1	 2218.jpg	 2.139292e+01	 24	 999000	 240	 999000	 999	 2.241116e+01	 766.67	 700.00	 50.00	 39	 0.70	 
bfer_126	 2	 1	 2107.jpg	 2.339524e+01	 22	 9.954587e+02	 220	 7.000976e+02	 98	 2.441339e+01	 766.67	 716.67	 51.00	 7	 0.68	 
bfer_126	 2	 1	 2201.jpg	 2.739975e+01	 22	 999000	 2	 7.168137e+02	 999	 2.841827e+01	 766.67	 666.67	 56.00	 22	 0.58	 
bfer_126	 2	 1	 1216.jpg	 2.940196e+01	 11	 1.012733e+03	 1100	 7.667477e+02	 98	 3.042028e+01	 716.67	 666.67	 9.00	 37	 0.66	 
bfer_126	 2	 1	 2208.jpg	 3.439089e+01	 24	 999000	 240	 999000	 999	 3.540907e+01	 716.67	 666.67	 62.00	 29	 0.47	 
bfer_126	 2	 1	 1214.jpg	 4.139871e+01	 12	 3.200109e+02	 12	 999000	 98	 4.241695e+01	 716.67	 666.67	 4.00	 35	 0.74	 
bfer_126	 2	 1	 1107.jpg	 4.340096e+01	 11	 1.005755e+03	 1100	 7.167440e+02	 98	 4.441931e+01	 666.67	 666.67	 14.00	 7	 0.58	 
bfer_126	 2	 1	 2109.jpg	 4.638739e+01	 24	 999000	 240	 999000	 999	 4.740583e+01	 666.67	 666.67	 52.00	 9	 0.66	 
bfer_126	 2	 1	 2212.jpg	 4.939103e+01	 24	 999000	 240	 999000	 999	 5.040927e+01	 666.67	 666.67	 78.00	 33	 0.22	 
bfer_126	 2	 1	 1215.jpg	 5.339560e+01	 11	 8.911022e+02	 110	 6.667429e+02	 98	 5.441363e+01	 683.33	 666.67	 8.00	 36	 0.67	 
bfer_126	 2	 1	 2202.jpg	 5.740000e+01	 22	 9.026984e+02	 220	 6.667439e+02	 98	 5.841821e+01	 683.33	 683.33	 57.00	 23	 0.58	 
bfer_126	 2	 1	 1210.jpg	 6.138761e+01	 12	 999000	 120	 999000	 999	 6.240602e+01	 683.33	 683.33	 38.00	 31	 0.20	 
bfer_126	 2	 1	 1102.jpg	 6.439122e+01	 12	 999000	 120	 999000	 999	 6.540945e+01	 683.33	 683.33	 19.00	 2	 0.55	 
bfer_126	 2	 1	 2211.jpg	 7.039795e+01	 22	 9.127498e+02	 220	 6.836850e+02	 98	 7.141604e+01	 683.33	 700.00	 48.00	 32	 0.72	 
bfer_126	 2	 1	 2103.jpg	 7.240021e+01	 22	 9.344880e+02	 220	 7.001391e+02	 98	 7.341836e+01	 683.33	 716.67	 49.00	 3	 0.72	 
bfer_126	 2	 1	 1103.jpg	 7.540377e+01	 12	 4.909290e+02	 12	 999000	 98	 7.642167e+01	 683.33	 716.67	 3.00	 3	 0.75	 
bfer_126	 2	 1	 2209.jpg	 7.738911e+01	 24	 999000	 240	 999000	 999	 7.840721e+01	 683.33	 716.67	 44.00	 30	 0.82	 
bfer_126	 2	 1	 1105.jpg	 7.939141e+01	 12	 999000	 120	 999000	 999	 8.040957e+01	 683.33	 716.67	 37.00	 5	 0.22	 
bfer_126	 2	 1	 1119.jpg	 8.139366e+01	 12	 999000	 120	 999000	 999	 8.241175e+01	 683.33	 716.67	 21.00	 19	 0.51	 
bfer_126	 2	 1	 2206.jpg	 8.439692e+01	 24	 4.977903e+02	 24	 999000	 98	 8.541506e+01	 683.33	 716.67	 43.00	 27	 0.86	 
bfer_126	 2	 1	 1209.jpg	 8.840145e+01	 12	 999000	 120	 999000	 999	 8.941962e+01	 683.33	 716.67	 12.00	 30	 0.59	 
bfer_126	 2	 1	 1218.jpg	 9.040368e+01	 11	 8.830122e+02	 110	 6.836228e+02	 98	 9.142189e+01	 700.00	 716.67	 11.00	 39	 0.62	 
bfer_126	 2	 1	 2204.jpg	 9.238939e+01	 24	 999000	 240	 999000	 999	 9.340746e+01	 700.00	 716.67	 60.00	 25	 0.50	 
bfer_126	 2	 1	 1212.jpg	 9.439157e+01	 11	 9.111189e+02	 110	 7.000399e+02	 98	 9.540960e+01	 716.67	 716.67	 17.00	 33	 0.57	 
bfer_126	 2	 1	 1202.jpg	 9.639392e+01	 12	 999000	 120	 999000	 999	 9.741188e+01	 716.67	 716.67	 18.00	 23	 0.56	 
bfer_126	 2	 1	 2205.jpg	 9.839610e+01	 24	 999000	 240	 999000	 999	 9.941417e+01	 716.67	 716.67	 59.00	 26	 0.51	 
bfer_126	 2	 1	 2111.jpg	 1.024004e+02	 24	 999000	 240	 999000	 999	 1.034186e+02	 716.67	 716.67	 53.00	 11	 0.64	 
bfer_126	 2	 1	 2104.jpg	 1.063880e+02	 24	 999000	 240	 999000	 999	 1.074064e+02	 716.67	 716.67	 61.00	 4	 0.48	 
bfer_126	 2	 1	 1109.jpg	 1.083906e+02	 12	 999000	 120	 999000	 999	 1.094088e+02	 716.67	 716.67	 7.00	 9	 0.67	 
bfer_126	 2	 1	 1120.jpg	 1.103928e+02	 12	 999000	 120	 999000	 999	 1.114110e+02	 716.67	 716.67	 13.00	 20	 0.59	 
bfer_126	 2	 1	 2117.jpg	 1.123951e+02	 24	 999000	 240	 999000	 999	 1.134132e+02	 716.67	 716.67	 77.00	 17	 0.24	 
bfer_126	 2	 1	 1113.jpg	 1.143973e+02	 12	 999000	 120	 999000	 999	 1.154154e+02	 716.67	 716.67	 15.00	 13	 0.58	 
bfer_126	 2	 1	 2219.jpg	 1.203871e+02	 24	 999000	 240	 999000	 999	 1.214057e+02	 716.67	 716.67	 55.00	 40	 0.60	 
bfer_126	 2	 1	 1217.jpg	 1.223896e+02	 12	 999000	 120	 999000	 999	 1.234078e+02	 716.67	 716.67	 20.00	 38	 0.52	 
