subjectID	 order	 runNum	 itemName	 onsetTime	 shuff_trialType	 RT	 respInTime	 AudioTime	 response	 fixationTime	 ladder1	 ladder2	 bidIndex	 itemNameIndex	 bidValue	 
bfer_158	 2	 7	 1209.jpg	 8.545596e+02	 12	 999000	 120	 999000	 999	 8.555777e+02	 216.67	 -16.67	 37.00	 30	 0.24	 
bfer_158	 2	 7	 1205.jpg	 8.595652e+02	 12	 999000	 120	 999000	 999	 8.605833e+02	 216.67	 -16.67	 19.00	 26	 0.55	 
bfer_158	 2	 7	 1103.jpg	 8.615508e+02	 12	 999000	 120	 999000	 999	 8.625690e+02	 216.67	 -16.67	 3.00	 3	 0.77	 
bfer_158	 2	 7	 1121.jpg	 8.635531e+02	 11	 5.894567e+02	 110	 2.166798e+02	 98	 8.645711e+02	 233.33	 -16.67	 16.00	 21	 0.58	 
bfer_158	 2	 7	 1203.jpg	 8.695598e+02	 11	 4.707778e+02	 110	 2.333608e+02	 98	 8.705780e+02	 250.00	 -16.67	 9.00	 24	 0.65	 
bfer_158	 2	 7	 1110.jpg	 8.715621e+02	 12	 999000	 120	 999000	 999	 8.725801e+02	 250.00	 -16.67	 18.00	 10	 0.57	 
bfer_158	 2	 7	 2101.jpg	 8.745485e+02	 22	 2.581310e+02	 220	 5.234070e-01	 98	 8.755669e+02	 250.00	 -0.00	 57.00	 1	 0.59	 
bfer_158	 2	 7	 1219.jpg	 8.765510e+02	 11	 6.475810e+02	 110	 2.500116e+02	 98	 8.775692e+02	 266.67	 -0.00	 14.00	 40	 0.59	 
bfer_158	 2	 7	 2205.jpg	 8.805554e+02	 22	 3.151778e+02	 220	 4.985170e-01	 98	 8.815736e+02	 266.67	 16.67	 56.00	 26	 0.62	 
bfer_158	 2	 7	 1211.jpg	 8.825578e+02	 12	 4.008434e+02	 12	 999000	 98	 8.835759e+02	 266.67	 16.67	 20.00	 32	 0.55	 
bfer_158	 2	 7	 1208.jpg	 8.875634e+02	 12	 999000	 120	 999000	 999	 8.885815e+02	 266.67	 16.67	 22.00	 29	 0.55	 
bfer_158	 2	 7	 1201.jpg	 8.945545e+02	 11	 5.240571e+02	 110	 2.666924e+02	 98	 8.955727e+02	 283.33	 16.67	 8.00	 22	 0.66	 
bfer_158	 2	 7	 1214.jpg	 8.965567e+02	 12	 999000	 120	 999000	 999	 8.975749e+02	 283.33	 16.67	 4.00	 35	 0.76	 
bfer_158	 2	 7	 2109.jpg	 8.995601e+02	 24	 999000	 240	 999000	 999	 9.005782e+02	 283.33	 16.67	 47.00	 9	 0.78	 
bfer_158	 2	 7	 1105.jpg	 9.025635e+02	 12	 999000	 120	 999000	 999	 9.035816e+02	 283.33	 16.67	 12.00	 5	 0.62	 
bfer_158	 2	 7	 1111.jpg	 9.065512e+02	 11	 5.673475e+02	 110	 2.833458e+02	 98	 9.075694e+02	 300.00	 16.67	 17.00	 11	 0.58	 
bfer_158	 2	 7	 2202.jpg	 9.105558e+02	 24	 999000	 240	 999000	 999	 9.115740e+02	 300.00	 16.67	 62.00	 23	 0.52	 
bfer_158	 2	 7	 2105.jpg	 9.145603e+02	 24	 999000	 240	 999000	 999	 9.155784e+02	 300.00	 16.67	 52.00	 5	 0.66	 
bfer_158	 2	 7	 1218.jpg	 9.175637e+02	 12	 999000	 120	 999000	 999	 9.185818e+02	 300.00	 16.67	 10.00	 39	 0.63	 
bfer_158	 2	 7	 2111.jpg	 9.235538e+02	 24	 999000	 240	 999000	 999	 9.245718e+02	 300.00	 16.67	 77.00	 11	 0.35	 
bfer_158	 2	 7	 2114.jpg	 9.255560e+02	 24	 999000	 240	 999000	 999	 9.265741e+02	 300.00	 16.67	 61.00	 14	 0.52	 
bfer_158	 2	 7	 2206.jpg	 9.285593e+02	 24	 999000	 240	 999000	 999	 9.295775e+02	 300.00	 16.67	 43.00	 27	 0.85	 
bfer_158	 2	 7	 2117.jpg	 9.305616e+02	 22	 3.810045e+02	 220	 1.669051e+01	 98	 9.315798e+02	 300.00	 33.33	 51.00	 17	 0.67	 
bfer_158	 2	 7	 2103.jpg	 9.325639e+02	 22	 7.147047e+02	 220	 3.334653e+01	 98	 9.335821e+02	 300.00	 50.00	 54.00	 3	 0.65	 
bfer_158	 2	 7	 1204.jpg	 9.345495e+02	 12	 999000	 120	 999000	 999	 9.355675e+02	 300.00	 50.00	 15.00	 25	 0.58	 
bfer_158	 2	 7	 1101.jpg	 9.375528e+02	 11	 6.777880e+02	 110	 3.000164e+02	 98	 9.385709e+02	 316.67	 50.00	 11.00	 1	 0.63	 
bfer_158	 2	 7	 2104.jpg	 9.415573e+02	 24	 999000	 240	 999000	 999	 9.425754e+02	 316.67	 50.00	 59.00	 4	 0.57	 
bfer_158	 2	 7	 2216.jpg	 9.435595e+02	 22	 3.830486e+02	 220	 5.003996e+01	 98	 9.445776e+02	 316.67	 66.67	 49.00	 37	 0.68	 
bfer_158	 2	 7	 2120.jpg	 9.455617e+02	 24	 999000	 240	 999000	 999	 9.465799e+02	 316.67	 66.67	 78.00	 20	 0.27	 
bfer_158	 2	 7	 2211.jpg	 9.475640e+02	 24	 999000	 240	 999000	 999	 9.485821e+02	 316.67	 66.67	 50.00	 32	 0.68	 
bfer_158	 2	 7	 2102.jpg	 9.495496e+02	 24	 999000	 240	 999000	 999	 9.505677e+02	 316.67	 66.67	 53.00	 2	 0.65	 
bfer_158	 2	 7	 1213.jpg	 9.515519e+02	 12	 999000	 120	 999000	 999	 9.525699e+02	 316.67	 66.67	 13.00	 34	 0.62	 
bfer_158	 2	 7	 1117.jpg	 9.555564e+02	 12	 999000	 120	 999000	 999	 9.565744e+02	 316.67	 66.67	 7.00	 17	 0.70	 
bfer_158	 2	 7	 2121.jpg	 9.595608e+02	 22	 1.021818e+03	 2200	 6.668674e+01	 98	 9.605790e+02	 316.67	 16.67	 48.00	 21	 0.74	 
bfer_158	 2	 7	 1114.jpg	 9.615631e+02	 12	 999000	 120	 999000	 999	 9.625812e+02	 316.67	 16.67	 38.00	 14	 0.24	 
bfer_158	 2	 7	 1207.jpg	 9.635483e+02	 12	 999000	 120	 999000	 999	 9.645667e+02	 316.67	 16.67	 21.00	 28	 0.55	 
bfer_158	 2	 7	 2214.jpg	 9.655510e+02	 24	 999000	 240	 999000	 999	 9.665690e+02	 316.67	 16.67	 58.00	 35	 0.59	 
bfer_158	 2	 7	 2203.jpg	 9.675532e+02	 24	 999000	 240	 999000	 999	 9.685713e+02	 316.67	 16.67	 44.00	 24	 0.82	 
bfer_158	 2	 7	 2204.jpg	 9.735598e+02	 24	 999000	 240	 999000	 999	 9.745780e+02	 316.67	 16.67	 55.00	 25	 0.64	 
bfer_158	 2	 7	 2113.jpg	 9.755621e+02	 24	 999000	 240	 999000	 999	 9.765802e+02	 316.67	 16.67	 60.00	 13	 0.54	 
