subjectID	 order	 runNum	 itemName	 onsetTime	 shuff_trialType	 RT	 respInTime	 AudioTime	 response	 fixationTime	 ladder1	 ladder2	 bidIndex	 itemNameIndex	 bidValue	 
bfer_115	 1	 16	 1102.jpg	 6.665453e+02	 12	 999000	 120	 999000	 999	 6.675635e+02	 650.00	 650.00	 22.00	 2	 0.51	 
bfer_115	 1	 16	 2218.jpg	 6.715343e+02	 24	 999000	 240	 999000	 999	 6.725524e+02	 650.00	 650.00	 61.00	 39	 0.54	 
bfer_115	 1	 16	 2205.jpg	 6.735369e+02	 22	 9.417842e+02	 220	 6.500167e+02	 98	 6.745547e+02	 650.00	 666.67	 50.00	 26	 0.68	 
bfer_115	 1	 16	 1103.jpg	 6.755391e+02	 12	 6.356310e+02	 12	 999000	 98	 6.765569e+02	 650.00	 666.67	 11.00	 3	 0.64	 
bfer_115	 1	 16	 2207.jpg	 6.815458e+02	 22	 9.168832e+02	 220	 6.666818e+02	 98	 6.825637e+02	 650.00	 683.33	 53.00	 28	 0.62	 
bfer_115	 1	 16	 1209.jpg	 6.835482e+02	 12	 999000	 120	 999000	 999	 6.845659e+02	 650.00	 683.33	 3.00	 30	 0.81	 
bfer_115	 1	 16	 1208.jpg	 6.865345e+02	 11	 9.522435e+02	 110	 6.500308e+02	 98	 6.875526e+02	 666.67	 683.33	 10.00	 29	 0.65	 
bfer_115	 1	 16	 2210.jpg	 6.885370e+02	 24	 999000	 240	 999000	 999	 6.895549e+02	 666.67	 683.33	 59.00	 31	 0.55	 
bfer_115	 1	 16	 1108.jpg	 6.925415e+02	 12	 999000	 120	 999000	 999	 6.935593e+02	 666.67	 683.33	 38.00	 8	 0.19	 
bfer_115	 1	 16	 1219.jpg	 6.945439e+02	 12	 999000	 120	 999000	 999	 6.955617e+02	 666.67	 683.33	 4.00	 40	 0.78	 
bfer_115	 1	 16	 2219.jpg	 6.995494e+02	 24	 999000	 240	 999000	 999	 7.005683e+02	 666.67	 683.33	 43.00	 40	 0.91	 
bfer_115	 1	 16	 2208.jpg	 7.065406e+02	 22	 9.060792e+02	 220	 6.833579e+02	 98	 7.075584e+02	 666.67	 700.00	 55.00	 29	 0.59	 
bfer_115	 1	 16	 2115.jpg	 7.085429e+02	 24	 999000	 240	 999000	 999	 7.095607e+02	 666.67	 700.00	 54.00	 15	 0.60	 
bfer_115	 1	 16	 2201.jpg	 7.115463e+02	 22	 9.404016e+02	 220	 7.000213e+02	 98	 7.125640e+02	 666.67	 716.67	 52.00	 22	 0.63	 
bfer_115	 1	 16	 1117.jpg	 7.145496e+02	 12	 999000	 120	 999000	 999	 7.155674e+02	 666.67	 716.67	 37.00	 17	 0.19	 
bfer_115	 1	 16	 1120.jpg	 7.185374e+02	 12	 999000	 120	 999000	 999	 7.195552e+02	 666.67	 716.67	 19.00	 20	 0.52	 
bfer_115	 1	 16	 2204.jpg	 7.225419e+02	 24	 999000	 240	 999000	 999	 7.235597e+02	 666.67	 716.67	 62.00	 25	 0.53	 
bfer_115	 1	 16	 2212.jpg	 7.265464e+02	 24	 999000	 240	 999000	 999	 7.275642e+02	 666.67	 716.67	 60.00	 33	 0.54	 
bfer_115	 1	 16	 2114.jpg	 7.295499e+02	 24	 999000	 240	 999000	 999	 7.305676e+02	 666.67	 716.67	 57.00	 14	 0.57	 
bfer_115	 1	 16	 1207.jpg	 7.355399e+02	 11	 9.788391e+02	 110	 6.666812e+02	 98	 7.365576e+02	 683.33	 716.67	 13.00	 28	 0.63	 
bfer_115	 1	 16	 1218.jpg	 7.375423e+02	 11	 9.044542e+02	 110	 6.833497e+02	 98	 7.385600e+02	 700.00	 716.67	 18.00	 39	 0.54	 
bfer_115	 1	 16	 2214.jpg	 7.405455e+02	 24	 999000	 240	 999000	 999	 7.415633e+02	 700.00	 716.67	 51.00	 35	 0.64	 
bfer_115	 1	 16	 1111.jpg	 7.425477e+02	 12	 999000	 120	 999000	 999	 7.435655e+02	 700.00	 716.67	 21.00	 11	 0.51	 
bfer_115	 1	 16	 2211.jpg	 7.445500e+02	 22	 9.366877e+02	 220	 7.166935e+02	 98	 7.455678e+02	 700.00	 733.33	 47.00	 32	 0.73	 
bfer_115	 1	 16	 1217.jpg	 7.465355e+02	 12	 999000	 120	 999000	 999	 7.475534e+02	 700.00	 733.33	 16.00	 38	 0.56	 
bfer_115	 1	 16	 2121.jpg	 7.495390e+02	 24	 999000	 240	 999000	 999	 7.505567e+02	 700.00	 733.33	 44.00	 21	 0.84	 
bfer_115	 1	 16	 1211.jpg	 7.535435e+02	 11	 1.015227e+03	 1100	 7.000260e+02	 98	 7.545612e+02	 650.00	 733.33	 12.00	 32	 0.63	 
bfer_115	 1	 16	 2108.jpg	 7.555457e+02	 24	 999000	 240	 999000	 999	 7.565636e+02	 650.00	 733.33	 78.00	 8	 0.18	 
bfer_115	 1	 16	 2106.jpg	 7.575479e+02	 22	 9.707756e+02	 220	 7.333573e+02	 98	 7.585657e+02	 650.00	 750.00	 58.00	 6	 0.56	 
bfer_115	 1	 16	 1214.jpg	 7.595502e+02	 11	 999000	 1	 6.500231e+02	 999	 7.605681e+02	 600.00	 750.00	 15.00	 35	 0.56	 
bfer_115	 1	 16	 1107.jpg	 7.615355e+02	 12	 999000	 120	 999000	 999	 7.625537e+02	 600.00	 750.00	 17.00	 7	 0.55	 
bfer_115	 1	 16	 2109.jpg	 7.635381e+02	 24	 999000	 240	 999000	 999	 7.645558e+02	 600.00	 750.00	 48.00	 9	 0.71	 
bfer_115	 1	 16	 1109.jpg	 7.675425e+02	 12	 999000	 120	 999000	 999	 7.685604e+02	 600.00	 750.00	 9.00	 9	 0.66	 
bfer_115	 1	 16	 2102.jpg	 7.715470e+02	 24	 999000	 240	 999000	 999	 7.725648e+02	 600.00	 750.00	 77.00	 2	 0.20	 
bfer_115	 1	 16	 1106.jpg	 7.735492e+02	 12	 999000	 120	 999000	 999	 7.745670e+02	 600.00	 750.00	 14.00	 6	 0.62	 
bfer_115	 1	 16	 1213.jpg	 7.755346e+02	 12	 999000	 120	 999000	 999	 7.765526e+02	 600.00	 750.00	 20.00	 34	 0.52	 
bfer_115	 1	 16	 2111.jpg	 7.775371e+02	 24	 999000	 240	 999000	 999	 7.785550e+02	 600.00	 750.00	 49.00	 11	 0.68	 
bfer_115	 1	 16	 2209.jpg	 7.795393e+02	 24	 999000	 240	 999000	 999	 7.805570e+02	 600.00	 750.00	 56.00	 30	 0.58	 
bfer_115	 1	 16	 1115.jpg	 7.855461e+02	 12	 999000	 120	 999000	 999	 7.865639e+02	 600.00	 750.00	 8.00	 15	 0.69	 
bfer_115	 1	 16	 1204.jpg	 7.875483e+02	 11	 8.504435e+02	 110	 6.000550e+02	 98	 7.885661e+02	 616.67	 750.00	 7.00	 25	 0.69	 
