subjectID	 order	 runNum	 itemName	 onsetTime	 shuff_trialType	 RT	 respInTime	 AudioTime	 response	 fixationTime	 ladder1	 ladder2	 bidIndex	 itemNameIndex	 bidValue	 
bfer_154	 2	 6	 1207.jpg	 6.502933e+02	 12	 999000	 120	 999000	 999	 6.513110e+02	 583.33	 716.67	 12.00	 28	 0.60	 
bfer_154	 2	 6	 1110.jpg	 6.552822e+02	 12	 999000	 120	 999000	 999	 6.563000e+02	 583.33	 716.67	 19.00	 10	 0.50	 
bfer_154	 2	 6	 2115.jpg	 6.572845e+02	 24	 999000	 240	 999000	 999	 6.583023e+02	 583.33	 716.67	 62.00	 15	 0.45	 
bfer_154	 2	 6	 1215.jpg	 6.592867e+02	 11	 9.357905e+02	 110	 5.833627e+02	 98	 6.603045e+02	 600.00	 716.67	 8.00	 36	 0.69	 
bfer_154	 2	 6	 1201.jpg	 6.652935e+02	 11	 8.810120e+02	 110	 6.000337e+02	 98	 6.663113e+02	 616.67	 716.67	 9.00	 22	 0.69	 
bfer_154	 2	 6	 1219.jpg	 6.672956e+02	 12	 999000	 120	 999000	 999	 6.683135e+02	 616.67	 716.67	 7.00	 40	 0.77	 
bfer_154	 2	 6	 2109.jpg	 6.702823e+02	 24	 999000	 240	 999000	 999	 6.713001e+02	 616.67	 716.67	 53.00	 9	 0.63	 
bfer_154	 2	 6	 2105.jpg	 6.722847e+02	 24	 999000	 240	 999000	 999	 6.733024e+02	 616.67	 716.67	 58.00	 5	 0.55	 
bfer_154	 2	 6	 1102.jpg	 6.762892e+02	 12	 999000	 120	 999000	 999	 6.773069e+02	 616.67	 716.67	 15.00	 2	 0.55	 
bfer_154	 2	 6	 1216.jpg	 6.782913e+02	 12	 999000	 120	 999000	 999	 6.793092e+02	 616.67	 716.67	 4.00	 37	 0.80	 
bfer_154	 2	 6	 1218.jpg	 6.832801e+02	 12	 999000	 120	 999000	 999	 6.842980e+02	 616.67	 716.67	 21.00	 39	 0.47	 
bfer_154	 2	 6	 2201.jpg	 6.902882e+02	 24	 999000	 240	 999000	 999	 6.913060e+02	 616.67	 716.67	 44.00	 22	 0.83	 
bfer_154	 2	 6	 2108.jpg	 6.922904e+02	 24	 999000	 240	 999000	 999	 6.933082e+02	 616.67	 716.67	 77.00	 8	 0.22	 
bfer_154	 2	 6	 1111.jpg	 6.952938e+02	 12	 999000	 120	 999000	 999	 6.963116e+02	 616.67	 716.67	 13.00	 11	 0.59	 
bfer_154	 2	 6	 1121.jpg	 6.982802e+02	 11	 9.822778e+02	 110	 6.166836e+02	 98	 6.992983e+02	 633.33	 716.67	 17.00	 21	 0.53	 
bfer_154	 2	 6	 2110.jpg	 7.022850e+02	 22	 9.374775e+02	 220	 7.166887e+02	 98	 7.033027e+02	 633.33	 733.33	 48.00	 10	 0.69	 
bfer_154	 2	 6	 2107.jpg	 7.062894e+02	 24	 999000	 240	 999000	 999	 7.073072e+02	 633.33	 733.33	 55.00	 7	 0.57	 
bfer_154	 2	 6	 1106.jpg	 7.102940e+02	 11	 8.164404e+02	 110	 6.333492e+02	 98	 7.113118e+02	 650.00	 733.33	 16.00	 6	 0.54	 
bfer_154	 2	 6	 1120.jpg	 7.132808e+02	 12	 999000	 120	 999000	 999	 7.142985e+02	 650.00	 733.33	 38.00	 20	 0.16	 
bfer_154	 2	 6	 2205.jpg	 7.192874e+02	 24	 999000	 240	 999000	 999	 7.203052e+02	 650.00	 733.33	 60.00	 26	 0.53	 
bfer_154	 2	 6	 2216.jpg	 7.212896e+02	 22	 9.568640e+02	 220	 7.333506e+02	 98	 7.223074e+02	 650.00	 750.00	 51.00	 37	 0.67	 
bfer_154	 2	 6	 1212.jpg	 7.242932e+02	 12	 999000	 120	 999000	 999	 7.253108e+02	 650.00	 750.00	 20.00	 33	 0.47	 
bfer_154	 2	 6	 2219.jpg	 7.262952e+02	 24	 999000	 240	 999000	 999	 7.273131e+02	 650.00	 750.00	 59.00	 40	 0.53	 
bfer_154	 2	 6	 1103.jpg	 7.282811e+02	 12	 999000	 120	 999000	 999	 7.292987e+02	 650.00	 750.00	 3.00	 3	 0.82	 
bfer_154	 2	 6	 2111.jpg	 7.302831e+02	 22	 1.003418e+03	 2200	 7.500208e+02	 98	 7.313009e+02	 650.00	 700.00	 54.00	 11	 0.60	 
bfer_154	 2	 6	 1203.jpg	 7.332864e+02	 11	 9.920216e+02	 110	 6.500180e+02	 98	 7.343043e+02	 666.67	 700.00	 11.00	 24	 0.66	 
bfer_154	 2	 6	 2104.jpg	 7.372910e+02	 24	 999000	 240	 999000	 999	 7.383087e+02	 666.67	 700.00	 61.00	 4	 0.53	 
bfer_154	 2	 6	 2114.jpg	 7.392932e+02	 22	 9.532646e+02	 220	 7.000234e+02	 98	 7.403110e+02	 666.67	 716.67	 57.00	 14	 0.56	 
bfer_154	 2	 6	 2207.jpg	 7.412785e+02	 24	 999000	 240	 999000	 999	 7.422966e+02	 666.67	 716.67	 50.00	 28	 0.68	 
bfer_154	 2	 6	 1214.jpg	 7.432810e+02	 12	 999000	 120	 999000	 999	 7.442988e+02	 666.67	 716.67	 18.00	 35	 0.50	 
bfer_154	 2	 6	 2212.jpg	 7.452833e+02	 22	 9.951993e+02	 220	 7.166884e+02	 98	 7.463010e+02	 666.67	 733.33	 56.00	 33	 0.56	 
bfer_154	 2	 6	 2121.jpg	 7.472855e+02	 22	 9.849782e+02	 220	 7.333584e+02	 98	 7.483033e+02	 666.67	 750.00	 49.00	 21	 0.69	 
bfer_154	 2	 6	 1107.jpg	 7.512902e+02	 11	 9.482551e+02	 110	 6.666842e+02	 98	 7.523079e+02	 683.33	 750.00	 14.00	 7	 0.57	 
bfer_154	 2	 6	 2214.jpg	 7.552945e+02	 24	 999000	 240	 999000	 999	 7.563123e+02	 683.33	 750.00	 47.00	 35	 0.72	 
bfer_154	 2	 6	 2211.jpg	 7.572801e+02	 24	 999000	 240	 999000	 999	 7.582979e+02	 683.33	 750.00	 52.00	 32	 0.64	 
bfer_154	 2	 6	 2117.jpg	 7.592823e+02	 24	 999000	 240	 999000	 999	 7.603003e+02	 683.33	 750.00	 78.00	 17	 0.20	 
bfer_154	 2	 6	 2106.jpg	 7.612846e+02	 24	 999000	 240	 999000	 999	 7.623023e+02	 683.33	 750.00	 43.00	 6	 0.85	 
bfer_154	 2	 6	 1112.jpg	 7.632869e+02	 12	 999000	 120	 999000	 999	 7.643046e+02	 683.33	 750.00	 37.00	 12	 0.20	 
bfer_154	 2	 6	 1205.jpg	 7.692936e+02	 12	 999000	 120	 999000	 999	 7.703114e+02	 683.33	 750.00	 10.00	 26	 0.67	 
bfer_154	 2	 6	 1210.jpg	 7.712788e+02	 12	 999000	 120	 999000	 999	 7.722969e+02	 683.33	 750.00	 22.00	 31	 0.46	 
