subjectID	 order	 runNum	 itemName	 onsetTime	 shuff_trialType	 RT	 respInTime	 AudioTime	 response	 fixationTime	 ladder1	 ladder2	 bidIndex	 itemNameIndex	 bidValue	 
bfer_140	 2	 19	 1219.jpg	 1.053107e+03	 12	 999000	 120	 999000	 999	 1.054125e+03	 483.33	 683.33	 7.00	 40	 0.77	 
bfer_140	 2	 19	 1218.jpg	 1.058096e+03	 12	 5.588430e+02	 12	 999000	 98	 1.059114e+03	 483.33	 683.33	 10.00	 39	 0.70	 
bfer_140	 2	 19	 2215.jpg	 1.060098e+03	 24	 999000	 240	 999000	 999	 1.061116e+03	 483.33	 683.33	 50.00	 36	 0.69	 
bfer_140	 2	 19	 1111.jpg	 1.062100e+03	 12	 999000	 120	 999000	 999	 1.063118e+03	 483.33	 683.33	 18.00	 11	 0.52	 
bfer_140	 2	 19	 1217.jpg	 1.068107e+03	 12	 999000	 120	 999000	 999	 1.069125e+03	 483.33	 683.33	 13.00	 38	 0.61	 
bfer_140	 2	 19	 1108.jpg	 1.070109e+03	 12	 999000	 120	 999000	 999	 1.071127e+03	 483.33	 683.33	 38.00	 8	 0.14	 
bfer_140	 2	 19	 1120.jpg	 1.073096e+03	 11	 7.027588e+02	 110	 4.833469e+02	 98	 1.074114e+03	 500.00	 683.33	 14.00	 20	 0.57	 
bfer_140	 2	 19	 1216.jpg	 1.075098e+03	 12	 999000	 120	 999000	 999	 1.076116e+03	 500.00	 683.33	 20.00	 37	 0.51	 
bfer_140	 2	 19	 1204.jpg	 1.079103e+03	 12	 999000	 120	 999000	 999	 1.080121e+03	 500.00	 683.33	 12.00	 25	 0.64	 
bfer_140	 2	 19	 2210.jpg	 1.081105e+03	 24	 999000	 240	 999000	 999	 1.082123e+03	 500.00	 683.33	 62.00	 31	 0.47	 
bfer_140	 2	 19	 1103.jpg	 1.086110e+03	 12	 999000	 120	 999000	 999	 1.087129e+03	 500.00	 683.33	 15.00	 3	 0.57	 
bfer_140	 2	 19	 2109.jpg	 1.093102e+03	 24	 999000	 240	 999000	 999	 1.094120e+03	 500.00	 683.33	 58.00	 9	 0.59	 
bfer_140	 2	 19	 2205.jpg	 1.095104e+03	 22	 1.102776e+03	 2200	 6.833535e+02	 98	 1.096122e+03	 500.00	 633.33	 49.00	 26	 0.73	 
bfer_140	 2	 19	 2203.jpg	 1.098107e+03	 24	 999000	 240	 999000	 999	 1.099125e+03	 500.00	 633.33	 78.00	 24	 0.24	 
bfer_140	 2	 19	 2114.jpg	 1.101094e+03	 24	 999000	 240	 999000	 999	 1.102112e+03	 500.00	 633.33	 61.00	 14	 0.49	 
bfer_140	 2	 19	 2201.jpg	 1.105099e+03	 22	 9.561377e+02	 220	 6.333554e+02	 98	 1.106117e+03	 500.00	 650.00	 48.00	 22	 0.74	 
bfer_140	 2	 19	 2202.jpg	 1.109103e+03	 24	 999000	 240	 999000	 999	 1.110121e+03	 500.00	 650.00	 52.00	 23	 0.65	 
bfer_140	 2	 19	 2111.jpg	 1.113107e+03	 24	 999000	 240	 999000	 999	 1.114126e+03	 500.00	 650.00	 60.00	 11	 0.51	 
bfer_140	 2	 19	 1214.jpg	 1.116094e+03	 11	 9.768231e+02	 110	 5.000152e+02	 98	 1.117112e+03	 516.67	 650.00	 16.00	 35	 0.56	 
bfer_140	 2	 19	 2121.jpg	 1.122101e+03	 22	 9.537428e+02	 220	 6.500225e+02	 98	 1.123119e+03	 516.67	 666.67	 56.00	 21	 0.60	 
bfer_140	 2	 19	 2103.jpg	 1.124103e+03	 24	 999000	 240	 999000	 999	 1.125121e+03	 516.67	 666.67	 59.00	 3	 0.52	 
bfer_140	 2	 19	 2212.jpg	 1.127106e+03	 24	 999000	 240	 999000	 999	 1.128125e+03	 516.67	 666.67	 55.00	 33	 0.61	 
bfer_140	 2	 19	 1209.jpg	 1.129109e+03	 12	 999000	 120	 999000	 999	 1.130127e+03	 516.67	 666.67	 3.00	 30	 0.87	 
bfer_140	 2	 19	 2216.jpg	 1.131094e+03	 22	 9.126850e+02	 220	 6.666807e+02	 98	 1.132112e+03	 516.67	 683.33	 54.00	 37	 0.64	 
bfer_140	 2	 19	 1205.jpg	 1.133097e+03	 11	 7.740979e+02	 110	 5.166869e+02	 98	 1.134115e+03	 533.33	 683.33	 8.00	 26	 0.76	 
bfer_140	 2	 19	 1213.jpg	 1.136100e+03	 11	 9.067292e+02	 110	 5.333546e+02	 98	 1.137118e+03	 550.00	 683.33	 11.00	 34	 0.69	 
bfer_140	 2	 19	 1102.jpg	 1.140104e+03	 12	 999000	 120	 999000	 999	 1.141123e+03	 550.00	 683.33	 19.00	 2	 0.52	 
bfer_140	 2	 19	 1117.jpg	 1.142107e+03	 12	 999000	 120	 999000	 999	 1.143125e+03	 550.00	 683.33	 37.00	 17	 0.16	 
bfer_140	 2	 19	 2214.jpg	 1.144109e+03	 22	 9.297839e+02	 220	 6.833614e+02	 98	 1.145127e+03	 550.00	 700.00	 51.00	 35	 0.67	 
bfer_140	 2	 19	 2207.jpg	 1.146094e+03	 24	 999000	 240	 999000	 999	 1.147113e+03	 550.00	 700.00	 43.00	 28	 0.79	 
bfer_140	 2	 19	 2204.jpg	 1.148097e+03	 22	 1.021828e+03	 2200	 7.000308e+02	 98	 1.149115e+03	 550.00	 650.00	 57.00	 25	 0.59	 
bfer_140	 2	 19	 1121.jpg	 1.150099e+03	 12	 999000	 120	 999000	 999	 1.151117e+03	 550.00	 650.00	 22.00	 21	 0.50	 
bfer_140	 2	 19	 2119.jpg	 1.154103e+03	 24	 999000	 240	 999000	 999	 1.155122e+03	 550.00	 650.00	 77.00	 19	 0.24	 
bfer_140	 2	 19	 2218.jpg	 1.158108e+03	 24	 5.626616e+02	 24	 999000	 98	 1.159126e+03	 550.00	 650.00	 47.00	 39	 0.74	 
bfer_140	 2	 19	 1106.jpg	 1.160093e+03	 11	 8.732917e+02	 110	 5.500203e+02	 98	 1.161112e+03	 566.67	 650.00	 17.00	 6	 0.54	 
bfer_140	 2	 19	 2219.jpg	 1.162096e+03	 24	 3.988640e+02	 24	 999000	 98	 1.163114e+03	 566.67	 650.00	 53.00	 40	 0.64	 
bfer_140	 2	 19	 2217.jpg	 1.164098e+03	 24	 999000	 240	 999000	 999	 1.165116e+03	 566.67	 650.00	 44.00	 38	 0.77	 
bfer_140	 2	 19	 1109.jpg	 1.166100e+03	 11	 9.144697e+02	 110	 5.666984e+02	 98	 1.167118e+03	 583.33	 650.00	 9.00	 9	 0.74	 
bfer_140	 2	 19	 1207.jpg	 1.172107e+03	 12	 999000	 120	 999000	 999	 1.173125e+03	 583.33	 650.00	 4.00	 28	 0.78	 
bfer_140	 2	 19	 1202.jpg	 1.174109e+03	 12	 999000	 120	 999000	 999	 1.175127e+03	 583.33	 650.00	 21.00	 23	 0.50	 
