subjectID	 order	 runNum	 itemName	 onsetTime	 shuff_trialType	 RT	 respInTime	 AudioTime	 response	 fixationTime	 ladder1	 ladder2	 bidIndex	 itemNameIndex	 bidValue	 
bfer_103	 1	 19	 1115.jpg	 1.016022e+03	 11	 5.366750e+02	 11	 9.166910e+02	 98	 1.017124e+03	 916.67	 916.67	 18.00	 15	 0.53	 
bfer_103	 1	 19	 1105.jpg	 1.019026e+03	 12	 999000	 120	 999000	 999	 1.020044e+03	 916.67	 916.67	 22.00	 5	 0.45	 
bfer_103	 1	 19	 2202.jpg	 1.023014e+03	 22	 6.731483e+02	 22	 9.166809e+02	 98	 1.024115e+03	 916.67	 916.67	 58.00	 23	 0.55	 
bfer_103	 1	 19	 1214.jpg	 1.025016e+03	 11	 4.949561e+02	 11	 9.166859e+02	 98	 1.026117e+03	 916.67	 916.67	 10.00	 35	 0.66	 
bfer_103	 1	 19	 2111.jpg	 1.027018e+03	 24	 999000	 240	 999000	 999	 1.028036e+03	 916.67	 916.67	 59.00	 11	 0.54	 
bfer_103	 1	 19	 1104.jpg	 1.031023e+03	 12	 999000	 120	 999000	 999	 1.032041e+03	 916.67	 916.67	 20.00	 4	 0.47	 
bfer_103	 1	 19	 1206.jpg	 1.033025e+03	 12	 999000	 120	 999000	 999	 1.034043e+03	 916.67	 916.67	 4.00	 27	 0.77	 
bfer_103	 1	 19	 2103.jpg	 1.038014e+03	 24	 999000	 240	 999000	 999	 1.039032e+03	 916.67	 916.67	 48.00	 3	 0.76	 
bfer_103	 1	 19	 1204.jpg	 1.040016e+03	 12	 999000	 120	 999000	 999	 1.041034e+03	 916.67	 916.67	 19.00	 25	 0.53	 
bfer_103	 1	 19	 2104.jpg	 1.043020e+03	 24	 999000	 240	 999000	 999	 1.044038e+03	 916.67	 916.67	 62.00	 4	 0.51	 
bfer_103	 1	 19	 2213.jpg	 1.046023e+03	 24	 999000	 240	 999000	 999	 1.047041e+03	 916.67	 916.67	 61.00	 34	 0.52	 
bfer_103	 1	 19	 1121.jpg	 1.050028e+03	 12	 999000	 120	 999000	 999	 1.051046e+03	 916.67	 916.67	 3.00	 21	 0.78	 
bfer_103	 1	 19	 1120.jpg	 1.053014e+03	 12	 999000	 120	 999000	 999	 1.054032e+03	 916.67	 916.67	 37.00	 20	 0.23	 
bfer_103	 1	 19	 2116.jpg	 1.055016e+03	 22	 5.345621e+02	 22	 9.166903e+02	 98	 1.056118e+03	 916.67	 916.67	 52.00	 16	 0.59	 
bfer_103	 1	 19	 2112.jpg	 1.058020e+03	 24	 999000	 240	 999000	 999	 1.059038e+03	 916.67	 916.67	 77.00	 12	 0.22	 
bfer_103	 1	 19	 2115.jpg	 1.062024e+03	 24	 999000	 240	 999000	 999	 1.063042e+03	 916.67	 916.67	 57.00	 15	 0.56	 
bfer_103	 1	 19	 1211.jpg	 1.065028e+03	 12	 999000	 120	 999000	 999	 1.066046e+03	 916.67	 916.67	 8.00	 32	 0.73	 
bfer_103	 1	 19	 2110.jpg	 1.067013e+03	 24	 999000	 240	 999000	 999	 1.068031e+03	 916.67	 916.67	 78.00	 10	 0.21	 
bfer_103	 1	 19	 1103.jpg	 1.069015e+03	 12	 999000	 120	 999000	 999	 1.070034e+03	 916.67	 916.67	 11.00	 3	 0.64	 
bfer_103	 1	 19	 1218.jpg	 1.074021e+03	 12	 999000	 120	 999000	 999	 1.075039e+03	 916.67	 916.67	 16.00	 39	 0.55	 
bfer_103	 1	 19	 2208.jpg	 1.078026e+03	 24	 999000	 240	 999000	 999	 1.079044e+03	 916.67	 916.67	 43.00	 29	 0.87	 
bfer_103	 1	 19	 2201.jpg	 1.082013e+03	 22	 4.415241e+02	 22	 9.166798e+02	 98	 1.083115e+03	 916.67	 916.67	 50.00	 22	 0.63	 
bfer_103	 1	 19	 1207.jpg	 1.088020e+03	 12	 999000	 120	 999000	 999	 1.089038e+03	 916.67	 916.67	 17.00	 28	 0.54	 
bfer_103	 1	 19	 1203.jpg	 1.090022e+03	 12	 999000	 120	 999000	 999	 1.091041e+03	 916.67	 916.67	 38.00	 24	 0.20	 
bfer_103	 1	 19	 1216.jpg	 1.092025e+03	 12	 999000	 120	 999000	 999	 1.093043e+03	 916.67	 916.67	 9.00	 37	 0.68	 
bfer_103	 1	 19	 1213.jpg	 1.094027e+03	 12	 999000	 120	 999000	 999	 1.095045e+03	 916.67	 916.67	 14.00	 34	 0.57	 
bfer_103	 1	 19	 1118.jpg	 1.096012e+03	 11	 6.028655e+02	 11	 9.166794e+02	 98	 1.097114e+03	 916.67	 916.67	 12.00	 18	 0.59	 
bfer_103	 1	 19	 2118.jpg	 1.100017e+03	 24	 999000	 240	 999000	 999	 1.101035e+03	 916.67	 916.67	 54.00	 18	 0.58	 
bfer_103	 1	 19	 2121.jpg	 1.102019e+03	 22	 5.878310e+02	 22	 9.166822e+02	 98	 1.103121e+03	 916.67	 916.67	 53.00	 21	 0.58	 
bfer_103	 1	 19	 2101.jpg	 1.106024e+03	 22	 5.591184e+02	 22	 9.166802e+02	 98	 1.107125e+03	 916.67	 916.67	 55.00	 1	 0.57	 
bfer_103	 1	 19	 2117.jpg	 1.108026e+03	 24	 999000	 240	 999000	 999	 1.109044e+03	 916.67	 916.67	 56.00	 17	 0.56	 
bfer_103	 1	 19	 1107.jpg	 1.110028e+03	 12	 999000	 120	 999000	 999	 1.111046e+03	 916.67	 916.67	 21.00	 7	 0.47	 
bfer_103	 1	 19	 1209.jpg	 1.112014e+03	 11	 5.932369e+02	 11	 9.166794e+02	 98	 1.113115e+03	 916.67	 916.67	 13.00	 30	 0.57	 
bfer_103	 1	 19	 1101.jpg	 1.117019e+03	 11	 5.315875e+02	 11	 9.166918e+02	 98	 1.118121e+03	 916.67	 916.67	 15.00	 1	 0.56	 
bfer_103	 1	 19	 2218.jpg	 1.119022e+03	 24	 999000	 240	 999000	 999	 1.120040e+03	 916.67	 916.67	 51.00	 39	 0.61	 
bfer_103	 1	 19	 2107.jpg	 1.121024e+03	 22	 6.870711e+02	 22	 9.166857e+02	 98	 1.122125e+03	 916.67	 916.67	 47.00	 7	 0.76	 
bfer_103	 1	 19	 1201.jpg	 1.124027e+03	 11	 4.757225e+02	 11	 9.167215e+02	 98	 1.125128e+03	 916.67	 916.67	 7.00	 22	 0.74	 
bfer_103	 1	 19	 2217.jpg	 1.131019e+03	 24	 999000	 240	 999000	 999	 1.132037e+03	 916.67	 916.67	 44.00	 38	 0.85	 
bfer_103	 1	 19	 2205.jpg	 1.135023e+03	 24	 999000	 240	 999000	 999	 1.136041e+03	 916.67	 916.67	 49.00	 26	 0.65	 
bfer_103	 1	 19	 2207.jpg	 1.142014e+03	 24	 999000	 240	 999000	 999	 1.143032e+03	 916.67	 916.67	 60.00	 28	 0.52	 
