subjectID	 order	 runNum	 itemName	 onsetTime	 shuff_trialType	 RT	 respInTime	 AudioTime	 response	 fixationTime	 ladder1	 ladder2	 bidIndex	 itemNameIndex	 bidValue	 
bfer_126	 2	 7	 1119.jpg	 7.404826e+02	 12	 999000	 120	 999000	 999	 7.415010e+02	 816.67	 683.33	 21.00	 19	 0.51	 
bfer_126	 2	 7	 2101.jpg	 7.424851e+02	 24	 999000	 240	 999000	 999	 7.435033e+02	 816.67	 683.33	 58.00	 1	 0.57	 
bfer_126	 2	 7	 2212.jpg	 7.464728e+02	 24	 999000	 240	 999000	 999	 7.474912e+02	 816.67	 683.33	 78.00	 33	 0.22	 
bfer_126	 2	 7	 2110.jpg	 7.494763e+02	 22	 8.984429e+02	 220	 6.833546e+02	 98	 7.504944e+02	 816.67	 700.00	 54.00	 10	 0.60	 
bfer_126	 2	 7	 1210.jpg	 7.514785e+02	 12	 999000	 120	 999000	 999	 7.524967e+02	 816.67	 700.00	 38.00	 31	 0.20	 
bfer_126	 2	 7	 2206.jpg	 7.544819e+02	 24	 999000	 240	 999000	 999	 7.555001e+02	 816.67	 700.00	 43.00	 27	 0.86	 
bfer_126	 2	 7	 2103.jpg	 7.584864e+02	 22	 8.563023e+02	 220	 7.000173e+02	 98	 7.595045e+02	 816.67	 716.67	 49.00	 3	 0.72	 
bfer_126	 2	 7	 1115.jpg	 7.624742e+02	 12	 999000	 120	 999000	 999	 7.634923e+02	 816.67	 716.67	 22.00	 15	 0.48	 
bfer_126	 2	 7	 1218.jpg	 7.644764e+02	 11	 6.582644e+02	 11	 8.166926e+02	 98	 7.654947e+02	 833.33	 716.67	 11.00	 39	 0.62	 
bfer_126	 2	 7	 2208.jpg	 7.694820e+02	 24	 999000	 240	 999000	 999	 7.705002e+02	 833.33	 716.67	 62.00	 29	 0.47	 
bfer_126	 2	 7	 1202.jpg	 7.714843e+02	 12	 999000	 120	 999000	 999	 7.725025e+02	 833.33	 716.67	 18.00	 23	 0.56	 
bfer_126	 2	 7	 1102.jpg	 7.734866e+02	 12	 999000	 120	 999000	 999	 7.745047e+02	 833.33	 716.67	 19.00	 2	 0.55	 
bfer_126	 2	 7	 2219.jpg	 7.794767e+02	 24	 999000	 240	 999000	 999	 7.804948e+02	 833.33	 716.67	 55.00	 40	 0.60	 
bfer_126	 2	 7	 2107.jpg	 7.814789e+02	 22	 6.478263e+02	 22	 7.166831e+02	 98	 7.824969e+02	 833.33	 733.33	 51.00	 7	 0.68	 
bfer_126	 2	 7	 1209.jpg	 7.834811e+02	 12	 5.575870e+02	 12	 999000	 98	 7.844993e+02	 833.33	 733.33	 12.00	 30	 0.59	 
bfer_126	 2	 7	 1105.jpg	 7.854833e+02	 12	 999000	 120	 999000	 999	 7.865014e+02	 833.33	 733.33	 37.00	 5	 0.22	 
bfer_126	 2	 7	 2117.jpg	 7.894710e+02	 24	 999000	 240	 999000	 999	 7.904893e+02	 833.33	 733.33	 77.00	 17	 0.24	 
bfer_126	 2	 7	 2111.jpg	 7.934757e+02	 24	 999000	 240	 999000	 999	 7.944937e+02	 833.33	 733.33	 53.00	 11	 0.64	 
bfer_126	 2	 7	 2202.jpg	 7.964790e+02	 22	 9.837449e+02	 220	 7.333555e+02	 98	 7.974971e+02	 833.33	 750.00	 57.00	 23	 0.58	 
bfer_126	 2	 7	 2104.jpg	 8.004835e+02	 24	 999000	 240	 999000	 999	 8.015016e+02	 833.33	 750.00	 61.00	 4	 0.48	 
bfer_126	 2	 7	 2109.jpg	 8.034869e+02	 24	 5.997563e+02	 24	 999000	 98	 8.045051e+02	 833.33	 750.00	 52.00	 9	 0.66	 
bfer_126	 2	 7	 2205.jpg	 8.054725e+02	 24	 999000	 240	 999000	 999	 8.064905e+02	 833.33	 750.00	 59.00	 26	 0.51	 
bfer_126	 2	 7	 1106.jpg	 8.094770e+02	 11	 1.057724e+03	 1100	 8.333584e+02	 98	 8.104951e+02	 783.33	 750.00	 16.00	 6	 0.57	 
bfer_126	 2	 7	 1113.jpg	 8.114792e+02	 12	 999000	 120	 999000	 999	 8.124974e+02	 783.33	 750.00	 15.00	 13	 0.58	 
bfer_126	 2	 7	 1217.jpg	 8.134814e+02	 12	 999000	 120	 999000	 999	 8.144997e+02	 783.33	 750.00	 20.00	 38	 0.52	 
bfer_126	 2	 7	 1107.jpg	 8.174859e+02	 11	 6.888080e+02	 11	 7.833640e+02	 98	 8.185041e+02	 800.00	 750.00	 14.00	 7	 0.58	 
bfer_126	 2	 7	 2204.jpg	 8.194712e+02	 24	 999000	 240	 999000	 999	 8.204896e+02	 800.00	 750.00	 60.00	 25	 0.50	 
bfer_126	 2	 7	 1214.jpg	 8.234759e+02	 12	 999000	 120	 999000	 999	 8.244942e+02	 800.00	 750.00	 4.00	 35	 0.74	 
bfer_126	 2	 7	 1216.jpg	 8.274805e+02	 11	 8.541646e+02	 110	 8.000171e+02	 98	 8.284985e+02	 816.67	 750.00	 9.00	 37	 0.66	 
bfer_126	 2	 7	 2216.jpg	 8.304839e+02	 24	 999000	 240	 999000	 999	 8.315019e+02	 816.67	 750.00	 47.00	 37	 0.75	 
bfer_126	 2	 7	 2218.jpg	 8.364740e+02	 24	 8.287236e+02	 24	 999000	 98	 8.374920e+02	 816.67	 750.00	 50.00	 39	 0.70	 
bfer_126	 2	 7	 1212.jpg	 8.384762e+02	 11	 1.082492e+03	 1100	 8.166833e+02	 98	 8.394942e+02	 766.67	 750.00	 17.00	 33	 0.57	 
bfer_126	 2	 7	 1208.jpg	 8.424806e+02	 12	 999000	 120	 999000	 999	 8.434987e+02	 766.67	 750.00	 10.00	 29	 0.63	 
bfer_126	 2	 7	 2209.jpg	 8.444828e+02	 24	 999000	 240	 999000	 999	 8.455010e+02	 766.67	 750.00	 44.00	 30	 0.82	 
bfer_126	 2	 7	 1215.jpg	 8.464851e+02	 11	 1.041624e+03	 1100	 7.666830e+02	 98	 8.475032e+02	 716.67	 750.00	 8.00	 36	 0.67	 
bfer_126	 2	 7	 1109.jpg	 8.484874e+02	 12	 999000	 120	 999000	 999	 8.495055e+02	 716.67	 750.00	 7.00	 9	 0.67	 
bfer_126	 2	 7	 2201.jpg	 8.534763e+02	 22	 9.783959e+02	 220	 7.500212e+02	 98	 8.544944e+02	 716.67	 766.67	 56.00	 22	 0.58	 
bfer_126	 2	 7	 1120.jpg	 8.554786e+02	 12	 999000	 120	 999000	 999	 8.564967e+02	 716.67	 766.67	 13.00	 20	 0.59	 
bfer_126	 2	 7	 1103.jpg	 8.574808e+02	 12	 999000	 120	 999000	 999	 8.584988e+02	 716.67	 766.67	 3.00	 3	 0.75	 
bfer_126	 2	 7	 2211.jpg	 8.604842e+02	 22	 9.944993e+02	 220	 7.666843e+02	 98	 8.615024e+02	 716.67	 783.33	 48.00	 32	 0.72	 
