subjectID	 order	 runNum	 itemName	 onsetTime	 shuff_trialType	 RT	 respInTime	 AudioTime	 response	 fixationTime	 ladder1	 ladder2	 bidIndex	 itemNameIndex	 bidValue	 
bfer_158	 2	 9	 2105.jpg	 1.115469e+03	 24	 999000	 240	 999000	 999	 1.116487e+03	 283.33	 50.00	 52.00	 5	 0.66	 
bfer_158	 2	 9	 1110.jpg	 1.118472e+03	 12	 999000	 120	 999000	 999	 1.119491e+03	 283.33	 50.00	 18.00	 10	 0.57	 
bfer_158	 2	 9	 2117.jpg	 1.120458e+03	 22	 5.008603e+02	 220	 5.002301e+01	 98	 1.121476e+03	 283.33	 66.67	 51.00	 17	 0.67	 
bfer_158	 2	 9	 1101.jpg	 1.122460e+03	 11	 6.903097e+02	 110	 2.833604e+02	 98	 1.123478e+03	 300.00	 66.67	 11.00	 1	 0.63	 
bfer_158	 2	 9	 1207.jpg	 1.124463e+03	 12	 4.880147e+02	 12	 999000	 98	 1.125481e+03	 300.00	 66.67	 21.00	 28	 0.55	 
bfer_158	 2	 9	 2114.jpg	 1.127466e+03	 24	 999000	 240	 999000	 999	 1.128484e+03	 300.00	 66.67	 61.00	 14	 0.52	 
bfer_158	 2	 9	 2103.jpg	 1.129468e+03	 22	 3.624217e+02	 220	 6.669059e+01	 98	 1.130486e+03	 300.00	 83.33	 54.00	 3	 0.65	 
bfer_158	 2	 9	 2203.jpg	 1.133473e+03	 24	 999000	 240	 999000	 999	 1.134491e+03	 300.00	 83.33	 44.00	 24	 0.82	 
bfer_158	 2	 9	 1111.jpg	 1.135458e+03	 11	 5.486797e+02	 110	 3.000183e+02	 98	 1.136476e+03	 316.67	 83.33	 17.00	 11	 0.58	 
bfer_158	 2	 9	 2214.jpg	 1.140464e+03	 24	 999000	 240	 999000	 999	 1.141482e+03	 316.67	 83.33	 58.00	 35	 0.59	 
bfer_158	 2	 9	 1121.jpg	 1.142466e+03	 11	 999000	 1	 3.166809e+02	 999	 1.143484e+03	 266.67	 83.33	 16.00	 21	 0.58	 
bfer_158	 2	 9	 1214.jpg	 1.146471e+03	 12	 999000	 120	 999000	 999	 1.147489e+03	 266.67	 83.33	 4.00	 35	 0.76	 
bfer_158	 2	 9	 1117.jpg	 1.148473e+03	 12	 999000	 120	 999000	 999	 1.149491e+03	 266.67	 83.33	 7.00	 17	 0.70	 
bfer_158	 2	 9	 1208.jpg	 1.151459e+03	 12	 999000	 120	 999000	 999	 1.152478e+03	 266.67	 83.33	 22.00	 29	 0.55	 
bfer_158	 2	 9	 2211.jpg	 1.156465e+03	 24	 999000	 240	 999000	 999	 1.157483e+03	 266.67	 83.33	 50.00	 32	 0.68	 
bfer_158	 2	 9	 1114.jpg	 1.158467e+03	 12	 999000	 120	 999000	 999	 1.159486e+03	 266.67	 83.33	 38.00	 14	 0.24	 
bfer_158	 2	 9	 2121.jpg	 1.160470e+03	 22	 3.210290e+02	 220	 8.335287e+01	 98	 1.161488e+03	 266.67	 100.00	 48.00	 21	 0.74	 
bfer_158	 2	 9	 2204.jpg	 1.164474e+03	 24	 999000	 240	 999000	 999	 1.165492e+03	 266.67	 100.00	 55.00	 25	 0.64	 
bfer_158	 2	 9	 2102.jpg	 1.168462e+03	 24	 999000	 240	 999000	 999	 1.169480e+03	 266.67	 100.00	 53.00	 2	 0.65	 
bfer_158	 2	 9	 2120.jpg	 1.172466e+03	 24	 999000	 240	 999000	 999	 1.173485e+03	 266.67	 100.00	 78.00	 20	 0.27	 
bfer_158	 2	 9	 1213.jpg	 1.174469e+03	 12	 999000	 120	 999000	 999	 1.175487e+03	 266.67	 100.00	 13.00	 34	 0.62	 
bfer_158	 2	 9	 1204.jpg	 1.176471e+03	 12	 999000	 120	 999000	 999	 1.177489e+03	 266.67	 100.00	 15.00	 25	 0.58	 
bfer_158	 2	 9	 2101.jpg	 1.178473e+03	 22	 4.854147e+02	 220	 1.000215e+02	 98	 1.179491e+03	 266.67	 116.67	 57.00	 1	 0.59	 
bfer_158	 2	 9	 1218.jpg	 1.180458e+03	 12	 999000	 120	 999000	 999	 1.181477e+03	 266.67	 116.67	 10.00	 39	 0.63	 
bfer_158	 2	 9	 1201.jpg	 1.186466e+03	 11	 999000	 1	 2.666794e+02	 999	 1.187484e+03	 216.67	 116.67	 8.00	 22	 0.66	 
bfer_158	 2	 9	 2216.jpg	 1.189469e+03	 22	 999000	 2	 1.166912e+02	 999	 1.190487e+03	 216.67	 66.67	 49.00	 37	 0.68	 
bfer_158	 2	 9	 2206.jpg	 1.191471e+03	 24	 999000	 240	 999000	 999	 1.192489e+03	 216.67	 66.67	 43.00	 27	 0.85	 
bfer_158	 2	 9	 1219.jpg	 1.193473e+03	 11	 8.372196e+02	 110	 2.166935e+02	 98	 1.194491e+03	 233.33	 66.67	 14.00	 40	 0.59	 
bfer_158	 2	 9	 1209.jpg	 1.196460e+03	 12	 999000	 120	 999000	 999	 1.197478e+03	 233.33	 66.67	 37.00	 30	 0.24	 
bfer_158	 2	 9	 1103.jpg	 1.198462e+03	 12	 999000	 120	 999000	 999	 1.199480e+03	 233.33	 66.67	 3.00	 3	 0.77	 
bfer_158	 2	 9	 1105.jpg	 1.200464e+03	 12	 999000	 120	 999000	 999	 1.201483e+03	 233.33	 66.67	 12.00	 5	 0.62	 
bfer_158	 2	 9	 1211.jpg	 1.202467e+03	 12	 999000	 120	 999000	 999	 1.203485e+03	 233.33	 66.67	 20.00	 32	 0.55	 
bfer_158	 2	 9	 1203.jpg	 1.205470e+03	 11	 5.363536e+02	 110	 2.333533e+02	 98	 1.206488e+03	 250.00	 66.67	 9.00	 24	 0.65	 
bfer_158	 2	 9	 2111.jpg	 1.207472e+03	 24	 999000	 240	 999000	 999	 1.208490e+03	 250.00	 66.67	 77.00	 11	 0.35	 
bfer_158	 2	 9	 2104.jpg	 1.209475e+03	 24	 999000	 240	 999000	 999	 1.210493e+03	 250.00	 66.67	 59.00	 4	 0.57	 
bfer_158	 2	 9	 2205.jpg	 1.211460e+03	 22	 6.344443e+02	 220	 6.668753e+01	 98	 1.212478e+03	 250.00	 83.33	 56.00	 26	 0.62	 
bfer_158	 2	 9	 2202.jpg	 1.213462e+03	 24	 999000	 240	 999000	 999	 1.214481e+03	 250.00	 83.33	 62.00	 23	 0.52	 
bfer_158	 2	 9	 2113.jpg	 1.219469e+03	 24	 999000	 240	 999000	 999	 1.220487e+03	 250.00	 83.33	 60.00	 13	 0.54	 
bfer_158	 2	 9	 2109.jpg	 1.222473e+03	 24	 999000	 240	 999000	 999	 1.223491e+03	 250.00	 83.33	 47.00	 9	 0.78	 
bfer_158	 2	 9	 1205.jpg	 1.226460e+03	 12	 999000	 120	 999000	 999	 1.227478e+03	 250.00	 83.33	 19.00	 26	 0.55	 
