subjectID	 order	 runNum	 itemName	 onsetTime	 shuff_trialType	 RT	 respInTime	 AudioTime	 response	 fixationTime	 ladder1	 ladder2	 bidIndex	 itemNameIndex	 bidValue	 
bfer_140	 2	 17	 1214.jpg	 7.949338e+02	 11	 1.008881e+03	 1100	 6.166874e+02	 98	 7.959520e+02	 566.67	 616.67	 16.00	 35	 0.56	 
bfer_140	 2	 17	 2114.jpg	 7.969361e+02	 24	 999000	 240	 999000	 999	 7.979542e+02	 566.67	 616.67	 61.00	 14	 0.49	 
bfer_140	 2	 17	 2207.jpg	 8.009237e+02	 24	 999000	 240	 999000	 999	 8.019420e+02	 566.67	 616.67	 43.00	 28	 0.79	 
bfer_140	 2	 17	 2203.jpg	 8.039272e+02	 24	 999000	 240	 999000	 999	 8.049455e+02	 566.67	 616.67	 78.00	 24	 0.24	 
bfer_140	 2	 17	 2109.jpg	 8.059296e+02	 24	 999000	 240	 999000	 999	 8.069476e+02	 566.67	 616.67	 58.00	 9	 0.59	 
bfer_140	 2	 17	 2204.jpg	 8.089329e+02	 22	 1.057750e+03	 2200	 6.166844e+02	 98	 8.099511e+02	 566.67	 566.67	 57.00	 25	 0.59	 
bfer_140	 2	 17	 2218.jpg	 8.129373e+02	 24	 999000	 240	 999000	 999	 8.139555e+02	 566.67	 566.67	 47.00	 39	 0.74	 
bfer_140	 2	 17	 2201.jpg	 8.169251e+02	 22	 6.574994e+02	 220	 5.666887e+02	 98	 8.179433e+02	 566.67	 583.33	 48.00	 22	 0.74	 
bfer_140	 2	 17	 1217.jpg	 8.189274e+02	 12	 999000	 120	 999000	 999	 8.199455e+02	 566.67	 583.33	 13.00	 38	 0.61	 
bfer_140	 2	 17	 2111.jpg	 8.239330e+02	 24	 999000	 240	 999000	 999	 8.249511e+02	 566.67	 583.33	 60.00	 11	 0.51	 
bfer_140	 2	 17	 2214.jpg	 8.259352e+02	 22	 8.474012e+02	 220	 5.833650e+02	 98	 8.269533e+02	 566.67	 600.00	 51.00	 35	 0.67	 
bfer_140	 2	 17	 1209.jpg	 8.279375e+02	 12	 999000	 120	 999000	 999	 8.289556e+02	 566.67	 600.00	 3.00	 30	 0.87	 
bfer_140	 2	 17	 2210.jpg	 8.339276e+02	 24	 999000	 240	 999000	 999	 8.349457e+02	 566.67	 600.00	 62.00	 31	 0.47	 
bfer_140	 2	 17	 1121.jpg	 8.359298e+02	 12	 999000	 120	 999000	 999	 8.369479e+02	 566.67	 600.00	 22.00	 21	 0.50	 
bfer_140	 2	 17	 2219.jpg	 8.379320e+02	 24	 999000	 240	 999000	 999	 8.389502e+02	 566.67	 600.00	 53.00	 40	 0.64	 
bfer_140	 2	 17	 2121.jpg	 8.399343e+02	 22	 9.523139e+02	 220	 6.000154e+02	 98	 8.409524e+02	 566.67	 616.67	 56.00	 21	 0.60	 
bfer_140	 2	 17	 1205.jpg	 8.439389e+02	 11	 1.091719e+03	 1100	 5.666959e+02	 98	 8.449570e+02	 516.67	 616.67	 8.00	 26	 0.76	 
bfer_140	 2	 17	 2103.jpg	 8.479265e+02	 24	 999000	 240	 999000	 999	 8.489447e+02	 516.67	 616.67	 59.00	 3	 0.52	 
bfer_140	 2	 17	 2216.jpg	 8.509300e+02	 22	 8.766190e+02	 220	 6.166954e+02	 98	 8.519481e+02	 516.67	 633.33	 54.00	 37	 0.64	 
bfer_140	 2	 17	 1218.jpg	 8.549345e+02	 12	 7.281687e+02	 12	 999000	 98	 8.559526e+02	 516.67	 633.33	 10.00	 39	 0.70	 
bfer_140	 2	 17	 1111.jpg	 8.579379e+02	 12	 999000	 120	 999000	 999	 8.589559e+02	 516.67	 633.33	 18.00	 11	 0.52	 
bfer_140	 2	 17	 1213.jpg	 8.599401e+02	 11	 9.225042e+02	 110	 5.166811e+02	 98	 8.609583e+02	 533.33	 633.33	 11.00	 34	 0.69	 
bfer_140	 2	 17	 1120.jpg	 8.639279e+02	 11	 7.907430e+02	 110	 5.333579e+02	 98	 8.649461e+02	 550.00	 633.33	 14.00	 20	 0.57	 
bfer_140	 2	 17	 1108.jpg	 8.659302e+02	 12	 999000	 120	 999000	 999	 8.669482e+02	 550.00	 633.33	 38.00	 8	 0.14	 
bfer_140	 2	 17	 1117.jpg	 8.679324e+02	 12	 999000	 120	 999000	 999	 8.689505e+02	 550.00	 633.33	 37.00	 17	 0.16	 
bfer_140	 2	 17	 1207.jpg	 8.719369e+02	 12	 999000	 120	 999000	 999	 8.729551e+02	 550.00	 633.33	 4.00	 28	 0.78	 
bfer_140	 2	 17	 1103.jpg	 8.739391e+02	 12	 999000	 120	 999000	 999	 8.749572e+02	 550.00	 633.33	 15.00	 3	 0.57	 
bfer_140	 2	 17	 1106.jpg	 8.779269e+02	 11	 1.023732e+03	 1100	 5.500163e+02	 98	 8.789451e+02	 500.00	 633.33	 17.00	 6	 0.54	 
bfer_140	 2	 17	 2212.jpg	 8.819314e+02	 24	 999000	 240	 999000	 999	 8.829495e+02	 500.00	 633.33	 55.00	 33	 0.61	 
bfer_140	 2	 17	 1204.jpg	 8.849348e+02	 12	 999000	 120	 999000	 999	 8.859529e+02	 500.00	 633.33	 12.00	 25	 0.64	 
bfer_140	 2	 17	 1202.jpg	 8.909245e+02	 12	 999000	 120	 999000	 999	 8.919430e+02	 500.00	 633.33	 21.00	 23	 0.50	 
bfer_140	 2	 17	 1216.jpg	 8.929271e+02	 12	 999000	 120	 999000	 999	 8.939452e+02	 500.00	 633.33	 20.00	 37	 0.51	 
bfer_140	 2	 17	 2119.jpg	 8.969315e+02	 24	 999000	 240	 999000	 999	 8.979498e+02	 500.00	 633.33	 77.00	 19	 0.24	 
bfer_140	 2	 17	 2205.jpg	 8.989338e+02	 22	 5.208441e+02	 22	 6.333897e+02	 98	 8.999519e+02	 500.00	 650.00	 49.00	 26	 0.73	 
bfer_140	 2	 17	 2202.jpg	 9.009360e+02	 24	 999000	 240	 999000	 999	 9.019541e+02	 500.00	 650.00	 52.00	 23	 0.65	 
bfer_140	 2	 17	 1219.jpg	 9.029384e+02	 12	 999000	 120	 999000	 999	 9.039565e+02	 500.00	 650.00	 7.00	 40	 0.77	 
bfer_140	 2	 17	 1102.jpg	 9.079272e+02	 12	 999000	 120	 999000	 999	 9.089455e+02	 500.00	 650.00	 19.00	 2	 0.52	 
bfer_140	 2	 17	 1109.jpg	 9.099295e+02	 11	 8.851583e+02	 110	 5.000278e+02	 98	 9.109477e+02	 516.67	 650.00	 9.00	 9	 0.74	 
bfer_140	 2	 17	 2217.jpg	 9.119318e+02	 24	 999000	 240	 999000	 999	 9.129498e+02	 516.67	 650.00	 44.00	 38	 0.77	 
bfer_140	 2	 17	 2215.jpg	 9.149351e+02	 24	 999000	 240	 999000	 999	 9.159532e+02	 516.67	 650.00	 50.00	 36	 0.69	 
