subjectID	 order	 runNum	 itemName	 onsetTime	 shuff_trialType	 RT	 respInTime	 AudioTime	 response	 fixationTime	 ladder1	 ladder2	 bidIndex	 itemNameIndex	 bidValue	 
bfer_158	 2	 1	 1207.jpg	 1.402181e+00	 12	 999000	 120	 999000	 999	 2.420671e+00	 750.00	 750.00	 21.00	 28	 0.55	 
bfer_158	 2	 1	 1110.jpg	 4.388926e+00	 12	 999000	 120	 999000	 999	 5.407202e+00	 750.00	 750.00	 18.00	 10	 0.57	 
bfer_158	 2	 1	 2120.jpg	 6.391203e+00	 24	 999000	 240	 999000	 999	 7.409644e+00	 750.00	 750.00	 78.00	 20	 0.27	 
bfer_158	 2	 1	 1101.jpg	 8.393540e+00	 11	 999000	 1	 7.502480e+02	 999	 9.411857e+00	 700.00	 750.00	 11.00	 1	 0.63	 
bfer_158	 2	 1	 2204.jpg	 1.039593e+01	 24	 999000	 240	 999000	 999	 1.141451e+01	 700.00	 750.00	 55.00	 25	 0.64	 
bfer_158	 2	 1	 1111.jpg	 1.338230e+01	 11	 1.288307e+03	 1100	 7.000980e+02	 98	 1.440045e+01	 650.00	 750.00	 17.00	 11	 0.58	 
bfer_158	 2	 1	 2203.jpg	 1.538468e+01	 24	 999000	 240	 999000	 999	 1.640269e+01	 650.00	 750.00	 44.00	 24	 0.82	 
bfer_158	 2	 1	 1218.jpg	 1.938903e+01	 12	 999000	 120	 999000	 999	 2.040727e+01	 650.00	 750.00	 10.00	 39	 0.63	 
bfer_158	 2	 1	 2202.jpg	 2.139130e+01	 24	 999000	 240	 999000	 999	 2.240944e+01	 650.00	 750.00	 62.00	 23	 0.52	 
bfer_158	 2	 1	 2114.jpg	 2.639694e+01	 24	 999000	 240	 999000	 999	 2.741505e+01	 650.00	 750.00	 61.00	 14	 0.52	 
bfer_158	 2	 1	 1205.jpg	 2.839913e+01	 12	 999000	 120	 999000	 999	 2.941730e+01	 650.00	 750.00	 19.00	 26	 0.55	 
bfer_158	 2	 1	 2101.jpg	 3.238700e+01	 22	 1.131598e+03	 2200	 7.502118e+02	 98	 3.340509e+01	 650.00	 700.00	 57.00	 1	 0.59	 
bfer_158	 2	 1	 2109.jpg	 3.438925e+01	 24	 999000	 240	 999000	 999	 3.540736e+01	 650.00	 700.00	 47.00	 9	 0.78	 
bfer_158	 2	 1	 2117.jpg	 3.739265e+01	 22	 1.189951e+03	 2200	 7.000790e+02	 98	 3.841067e+01	 650.00	 650.00	 51.00	 17	 0.67	 
bfer_158	 2	 1	 2214.jpg	 4.239819e+01	 24	 999000	 240	 999000	 999	 4.341638e+01	 650.00	 650.00	 58.00	 35	 0.59	 
bfer_158	 2	 1	 2206.jpg	 4.438351e+01	 24	 999000	 240	 999000	 999	 4.540187e+01	 650.00	 650.00	 43.00	 27	 0.85	 
bfer_158	 2	 1	 2113.jpg	 4.638619e+01	 24	 999000	 240	 999000	 999	 4.740415e+01	 650.00	 650.00	 60.00	 13	 0.54	 
bfer_158	 2	 1	 1105.jpg	 5.039056e+01	 12	 999000	 120	 999000	 999	 5.140867e+01	 650.00	 650.00	 12.00	 5	 0.62	 
bfer_158	 2	 1	 1103.jpg	 5.439503e+01	 12	 999000	 120	 999000	 999	 5.541312e+01	 650.00	 650.00	 3.00	 3	 0.77	 
bfer_158	 2	 1	 1208.jpg	 5.839959e+01	 12	 999000	 120	 999000	 999	 5.941770e+01	 650.00	 650.00	 22.00	 29	 0.55	 
bfer_158	 2	 1	 2111.jpg	 6.038506e+01	 24	 999000	 240	 999000	 999	 6.140313e+01	 650.00	 650.00	 77.00	 11	 0.35	 
bfer_158	 2	 1	 1201.jpg	 6.238737e+01	 11	 1.075235e+03	 1100	 6.500752e+02	 98	 6.340532e+01	 600.00	 650.00	 8.00	 22	 0.66	 
bfer_158	 2	 1	 2216.jpg	 6.438953e+01	 22	 1.265061e+03	 2200	 6.500663e+02	 98	 6.540763e+01	 600.00	 600.00	 49.00	 37	 0.68	 
bfer_158	 2	 1	 2102.jpg	 6.639189e+01	 24	 999000	 240	 999000	 999	 6.740998e+01	 600.00	 600.00	 53.00	 2	 0.65	 
bfer_158	 2	 1	 2121.jpg	 7.239856e+01	 22	 1.048029e+03	 2200	 6.000750e+02	 98	 7.341670e+01	 600.00	 550.00	 48.00	 21	 0.74	 
bfer_158	 2	 1	 2105.jpg	 7.538528e+01	 24	 999000	 240	 999000	 999	 7.640347e+01	 600.00	 550.00	 52.00	 5	 0.66	 
bfer_158	 2	 1	 2211.jpg	 7.738750e+01	 24	 999000	 240	 999000	 999	 7.840557e+01	 600.00	 550.00	 50.00	 32	 0.68	 
bfer_158	 2	 1	 1121.jpg	 7.938974e+01	 11	 9.528517e+02	 110	 6.000995e+02	 98	 8.040786e+01	 616.67	 550.00	 16.00	 21	 0.58	 
bfer_158	 2	 1	 1213.jpg	 8.239306e+01	 12	 999000	 120	 999000	 999	 8.341121e+01	 616.67	 550.00	 13.00	 34	 0.62	 
bfer_158	 2	 1	 1209.jpg	 8.439537e+01	 12	 999000	 120	 999000	 999	 8.541354e+01	 616.67	 550.00	 37.00	 30	 0.24	 
bfer_158	 2	 1	 2103.jpg	 8.639756e+01	 22	 8.490298e+02	 220	 5.503256e+02	 98	 8.741565e+01	 616.67	 566.67	 54.00	 3	 0.65	 
bfer_158	 2	 1	 1203.jpg	 8.838292e+01	 11	 1.047666e+03	 1100	 6.169593e+02	 98	 8.940135e+01	 566.67	 566.67	 9.00	 24	 0.65	 
bfer_158	 2	 1	 1211.jpg	 9.138659e+01	 12	 999000	 120	 999000	 999	 9.240461e+01	 566.67	 566.67	 20.00	 32	 0.55	 
bfer_158	 2	 1	 1117.jpg	 9.338884e+01	 12	 999000	 120	 999000	 999	 9.440694e+01	 566.67	 566.67	 7.00	 17	 0.70	 
bfer_158	 2	 1	 2104.jpg	 9.539099e+01	 24	 999000	 240	 999000	 999	 9.640914e+01	 566.67	 566.67	 59.00	 4	 0.57	 
bfer_158	 2	 1	 2205.jpg	 9.739322e+01	 22	 1.045372e+03	 2200	 5.667874e+02	 98	 9.841128e+01	 566.67	 516.67	 56.00	 26	 0.62	 
bfer_158	 2	 1	 1114.jpg	 9.939555e+01	 12	 999000	 120	 999000	 999	 1.004137e+02	 566.67	 516.67	 38.00	 14	 0.24	 
bfer_158	 2	 1	 1219.jpg	 1.053858e+02	 11	 8.848348e+02	 110	 5.666957e+02	 98	 1.064036e+02	 583.33	 516.67	 14.00	 40	 0.59	 
bfer_158	 2	 1	 1204.jpg	 1.083889e+02	 12	 999000	 120	 999000	 999	 1.094071e+02	 583.33	 516.67	 15.00	 25	 0.58	 
bfer_158	 2	 1	 1214.jpg	 1.123935e+02	 12	 999000	 120	 999000	 999	 1.134117e+02	 583.33	 516.67	 4.00	 35	 0.76	 
