subjectID	 order	 runNum	 itemName	 onsetTime	 shuff_trialType	 RT	 respInTime	 AudioTime	 response	 fixationTime	 ladder1	 ladder2	 bidIndex	 itemNameIndex	 bidValue	 
bfer_158	 2	 12	 2206.jpg	 1.312159e+02	 24	 999000	 240	 999000	 999	 1.322340e+02	 583.33	 583.33	 43.00	 27	 0.85	 
bfer_158	 2	 12	 1111.jpg	 1.342193e+02	 11	 1.019508e+03	 1100	 5.833569e+02	 98	 1.352373e+02	 533.33	 583.33	 17.00	 11	 0.58	 
bfer_158	 2	 12	 1209.jpg	 1.382071e+02	 12	 999000	 120	 999000	 999	 1.392252e+02	 533.33	 583.33	 37.00	 30	 0.24	 
bfer_158	 2	 12	 2216.jpg	 1.402094e+02	 22	 9.173893e+02	 220	 5.833549e+02	 98	 1.412274e+02	 533.33	 600.00	 49.00	 37	 0.68	 
bfer_158	 2	 12	 1101.jpg	 1.422116e+02	 11	 8.431910e+02	 110	 5.333480e+02	 98	 1.432298e+02	 550.00	 600.00	 11.00	 1	 0.63	 
bfer_158	 2	 12	 2202.jpg	 1.462161e+02	 24	 999000	 240	 999000	 999	 1.472342e+02	 550.00	 600.00	 62.00	 23	 0.52	 
bfer_158	 2	 12	 1110.jpg	 1.482184e+02	 12	 999000	 120	 999000	 999	 1.492364e+02	 550.00	 600.00	 18.00	 10	 0.57	 
bfer_158	 2	 12	 2121.jpg	 1.532072e+02	 22	 9.915391e+02	 220	 6.000181e+02	 98	 1.542254e+02	 550.00	 616.67	 48.00	 21	 0.74	 
bfer_158	 2	 12	 1208.jpg	 1.552095e+02	 12	 999000	 120	 999000	 999	 1.562277e+02	 550.00	 616.67	 22.00	 29	 0.55	 
bfer_158	 2	 12	 1218.jpg	 1.582129e+02	 12	 999000	 120	 999000	 999	 1.592309e+02	 550.00	 616.67	 10.00	 39	 0.63	 
bfer_158	 2	 12	 2111.jpg	 1.612163e+02	 24	 999000	 240	 999000	 999	 1.622344e+02	 550.00	 616.67	 77.00	 11	 0.35	 
bfer_158	 2	 12	 1121.jpg	 1.652040e+02	 11	 9.148015e+02	 110	 5.500276e+02	 98	 1.662224e+02	 566.67	 616.67	 16.00	 21	 0.58	 
bfer_158	 2	 12	 2114.jpg	 1.682075e+02	 24	 999000	 240	 999000	 999	 1.692256e+02	 566.67	 616.67	 61.00	 14	 0.52	 
bfer_158	 2	 12	 1207.jpg	 1.702097e+02	 12	 999000	 120	 999000	 999	 1.712278e+02	 566.67	 616.67	 21.00	 28	 0.55	 
bfer_158	 2	 12	 2203.jpg	 1.732131e+02	 24	 999000	 240	 999000	 999	 1.742312e+02	 566.67	 616.67	 44.00	 24	 0.82	 
bfer_158	 2	 12	 2113.jpg	 1.772176e+02	 24	 999000	 240	 999000	 999	 1.782356e+02	 566.67	 616.67	 60.00	 13	 0.54	 
bfer_158	 2	 12	 2120.jpg	 1.802040e+02	 24	 999000	 240	 999000	 999	 1.812223e+02	 566.67	 616.67	 78.00	 20	 0.27	 
bfer_158	 2	 12	 2105.jpg	 1.822065e+02	 24	 999000	 240	 999000	 999	 1.832246e+02	 566.67	 616.67	 52.00	 5	 0.66	 
bfer_158	 2	 12	 1117.jpg	 1.842088e+02	 12	 999000	 120	 999000	 999	 1.852269e+02	 566.67	 616.67	 7.00	 17	 0.70	 
bfer_158	 2	 12	 2205.jpg	 1.892143e+02	 22	 1.112437e+03	 2200	 6.166948e+02	 98	 1.902324e+02	 566.67	 566.67	 56.00	 26	 0.62	 
bfer_158	 2	 12	 1103.jpg	 1.932190e+02	 12	 999000	 120	 999000	 999	 1.942370e+02	 566.67	 566.67	 3.00	 3	 0.77	 
bfer_158	 2	 12	 1219.jpg	 1.972067e+02	 11	 9.280451e+02	 110	 5.666849e+02	 98	 1.982248e+02	 583.33	 566.67	 14.00	 40	 0.59	 
bfer_158	 2	 12	 2103.jpg	 2.032134e+02	 22	 8.253417e+02	 220	 5.666846e+02	 98	 2.042315e+02	 583.33	 583.33	 54.00	 3	 0.65	 
bfer_158	 2	 12	 1213.jpg	 2.052156e+02	 12	 999000	 120	 999000	 999	 2.062337e+02	 583.33	 583.33	 13.00	 34	 0.62	 
bfer_158	 2	 12	 1204.jpg	 2.072179e+02	 12	 999000	 120	 999000	 999	 2.082360e+02	 583.33	 583.33	 15.00	 25	 0.58	 
bfer_158	 2	 12	 2204.jpg	 2.092201e+02	 24	 999000	 240	 999000	 999	 2.102383e+02	 583.33	 583.33	 55.00	 25	 0.64	 
bfer_158	 2	 12	 1201.jpg	 2.112057e+02	 11	 8.810329e+02	 110	 5.833505e+02	 98	 2.122238e+02	 600.00	 583.33	 8.00	 22	 0.66	 
bfer_158	 2	 12	 2211.jpg	 2.152103e+02	 24	 999000	 240	 999000	 999	 2.162283e+02	 600.00	 583.33	 50.00	 32	 0.68	 
bfer_158	 2	 12	 2104.jpg	 2.172125e+02	 24	 999000	 240	 999000	 999	 2.182305e+02	 600.00	 583.33	 59.00	 4	 0.57	 
bfer_158	 2	 12	 1205.jpg	 2.212169e+02	 12	 999000	 120	 999000	 999	 2.222351e+02	 600.00	 583.33	 19.00	 26	 0.55	 
bfer_158	 2	 12	 1203.jpg	 2.232192e+02	 11	 9.555413e+02	 110	 6.000211e+02	 98	 2.242373e+02	 616.67	 583.33	 9.00	 24	 0.65	 
bfer_158	 2	 12	 1114.jpg	 2.252045e+02	 12	 999000	 120	 999000	 999	 2.262229e+02	 616.67	 583.33	 38.00	 14	 0.24	 
bfer_158	 2	 12	 2101.jpg	 2.272071e+02	 22	 9.356166e+02	 220	 5.833572e+02	 98	 2.282251e+02	 616.67	 600.00	 57.00	 1	 0.59	 
bfer_158	 2	 12	 2109.jpg	 2.322126e+02	 24	 999000	 240	 999000	 999	 2.332309e+02	 616.67	 600.00	 47.00	 9	 0.78	 
bfer_158	 2	 12	 2214.jpg	 2.342149e+02	 24	 999000	 240	 999000	 999	 2.352329e+02	 616.67	 600.00	 58.00	 35	 0.59	 
bfer_158	 2	 12	 1211.jpg	 2.362171e+02	 12	 999000	 120	 999000	 999	 2.372352e+02	 616.67	 600.00	 20.00	 32	 0.55	 
bfer_158	 2	 12	 2102.jpg	 2.392205e+02	 24	 999000	 240	 999000	 999	 2.402386e+02	 616.67	 600.00	 53.00	 2	 0.65	 
bfer_158	 2	 12	 2117.jpg	 2.462116e+02	 22	 1.027119e+03	 2200	 6.000178e+02	 98	 2.472298e+02	 616.67	 550.00	 51.00	 17	 0.67	 
bfer_158	 2	 12	 1214.jpg	 2.502162e+02	 12	 999000	 120	 999000	 999	 2.512343e+02	 616.67	 550.00	 4.00	 35	 0.76	 
bfer_158	 2	 12	 1105.jpg	 2.572073e+02	 12	 999000	 120	 999000	 999	 2.582254e+02	 616.67	 550.00	 12.00	 5	 0.62	 
