subjectID	 order	 runNum	 itemName	 onsetTime	 shuff_trialType	 RT	 respInTime	 AudioTime	 response	 fixationTime	 ladder1	 ladder2	 bidIndex	 itemNameIndex	 bidValue	 
bfer_154	 2	 7	 1107.jpg	 7.772192e+02	 11	 8.672795e+02	 110	 6.833479e+02	 98	 7.782369e+02	 700.00	 750.00	 14.00	 7	 0.57	 
bfer_154	 2	 7	 2111.jpg	 7.822081e+02	 22	 1.078321e+03	 2200	 7.500266e+02	 98	 7.832259e+02	 700.00	 700.00	 54.00	 11	 0.60	 
bfer_154	 2	 7	 2212.jpg	 7.842103e+02	 22	 1.140130e+03	 2200	 7.000292e+02	 98	 7.852281e+02	 700.00	 650.00	 56.00	 33	 0.56	 
bfer_154	 2	 7	 1201.jpg	 7.862126e+02	 11	 9.378918e+02	 110	 7.000169e+02	 98	 7.872303e+02	 716.67	 650.00	 9.00	 22	 0.69	 
bfer_154	 2	 7	 1212.jpg	 7.922194e+02	 12	 8.510620e+02	 12	 999000	 98	 7.932371e+02	 716.67	 650.00	 20.00	 33	 0.47	 
bfer_154	 2	 7	 2110.jpg	 7.942216e+02	 22	 8.888994e+02	 220	 6.500545e+02	 98	 7.952394e+02	 716.67	 666.67	 48.00	 10	 0.69	 
bfer_154	 2	 7	 1205.jpg	 7.972083e+02	 12	 999000	 120	 999000	 999	 7.982261e+02	 716.67	 666.67	 10.00	 26	 0.67	 
bfer_154	 2	 7	 2219.jpg	 7.992106e+02	 24	 999000	 240	 999000	 999	 8.002283e+02	 716.67	 666.67	 59.00	 40	 0.53	 
bfer_154	 2	 7	 2115.jpg	 8.032150e+02	 24	 999000	 240	 999000	 999	 8.042328e+02	 716.67	 666.67	 62.00	 15	 0.45	 
bfer_154	 2	 7	 1103.jpg	 8.052173e+02	 12	 999000	 120	 999000	 999	 8.062350e+02	 716.67	 666.67	 3.00	 3	 0.82	 
bfer_154	 2	 7	 1106.jpg	 8.102059e+02	 11	 9.525615e+02	 110	 7.166930e+02	 98	 8.112240e+02	 733.33	 666.67	 16.00	 6	 0.54	 
bfer_154	 2	 7	 2214.jpg	 8.172141e+02	 24	 999000	 240	 999000	 999	 8.182318e+02	 733.33	 666.67	 47.00	 35	 0.72	 
bfer_154	 2	 7	 2108.jpg	 8.192163e+02	 24	 999000	 240	 999000	 999	 8.202342e+02	 733.33	 666.67	 77.00	 8	 0.22	 
bfer_154	 2	 7	 2106.jpg	 8.222198e+02	 24	 999000	 240	 999000	 999	 8.232375e+02	 733.33	 666.67	 43.00	 6	 0.85	 
bfer_154	 2	 7	 1210.jpg	 8.252064e+02	 12	 999000	 120	 999000	 999	 8.262242e+02	 733.33	 666.67	 22.00	 31	 0.46	 
bfer_154	 2	 7	 2105.jpg	 8.292109e+02	 24	 999000	 240	 999000	 999	 8.302287e+02	 733.33	 666.67	 58.00	 5	 0.55	 
bfer_154	 2	 7	 1214.jpg	 8.332154e+02	 12	 999000	 120	 999000	 999	 8.342332e+02	 733.33	 666.67	 18.00	 35	 0.50	 
bfer_154	 2	 7	 1203.jpg	 8.372199e+02	 11	 9.465502e+02	 110	 7.333879e+02	 98	 8.382377e+02	 750.00	 666.67	 11.00	 24	 0.66	 
bfer_154	 2	 7	 1218.jpg	 8.402066e+02	 12	 999000	 120	 999000	 999	 8.412244e+02	 750.00	 666.67	 21.00	 39	 0.47	 
bfer_154	 2	 7	 2107.jpg	 8.462133e+02	 24	 999000	 240	 999000	 999	 8.472311e+02	 750.00	 666.67	 55.00	 7	 0.57	 
bfer_154	 2	 7	 2216.jpg	 8.482157e+02	 22	 8.467868e+02	 220	 6.666925e+02	 98	 8.492334e+02	 750.00	 683.33	 51.00	 37	 0.67	 
bfer_154	 2	 7	 2104.jpg	 8.512189e+02	 24	 999000	 240	 999000	 999	 8.522368e+02	 750.00	 683.33	 61.00	 4	 0.53	 
bfer_154	 2	 7	 1111.jpg	 8.532043e+02	 12	 999000	 120	 999000	 999	 8.542223e+02	 750.00	 683.33	 13.00	 11	 0.59	 
bfer_154	 2	 7	 2109.jpg	 8.552069e+02	 24	 999000	 240	 999000	 999	 8.562246e+02	 750.00	 683.33	 53.00	 9	 0.63	 
bfer_154	 2	 7	 2117.jpg	 8.572090e+02	 24	 999000	 240	 999000	 999	 8.582269e+02	 750.00	 683.33	 78.00	 17	 0.20	 
bfer_154	 2	 7	 1216.jpg	 8.602125e+02	 12	 999000	 120	 999000	 999	 8.612303e+02	 750.00	 683.33	 4.00	 37	 0.80	 
bfer_154	 2	 7	 1207.jpg	 8.642168e+02	 12	 999000	 120	 999000	 999	 8.652346e+02	 750.00	 683.33	 12.00	 28	 0.60	 
bfer_154	 2	 7	 2207.jpg	 8.662192e+02	 24	 999000	 240	 999000	 999	 8.672370e+02	 750.00	 683.33	 50.00	 28	 0.68	 
bfer_154	 2	 7	 2201.jpg	 8.682214e+02	 24	 999000	 240	 999000	 999	 8.692392e+02	 750.00	 683.33	 44.00	 22	 0.83	 
bfer_154	 2	 7	 1121.jpg	 8.702069e+02	 11	 1.007528e+03	 1100	 7.500253e+02	 98	 8.712268e+02	 700.00	 683.33	 17.00	 21	 0.53	 
bfer_154	 2	 7	 1110.jpg	 8.722093e+02	 12	 999000	 120	 999000	 999	 8.732270e+02	 700.00	 683.33	 19.00	 10	 0.50	 
bfer_154	 2	 7	 1215.jpg	 8.742114e+02	 11	 9.950645e+02	 110	 7.000264e+02	 98	 8.752294e+02	 716.67	 683.33	 8.00	 36	 0.69	 
bfer_154	 2	 7	 1102.jpg	 8.782159e+02	 12	 999000	 120	 999000	 999	 8.792338e+02	 716.67	 683.33	 15.00	 2	 0.55	 
bfer_154	 2	 7	 2121.jpg	 8.822205e+02	 22	 1.033961e+03	 2200	 6.833528e+02	 98	 8.832382e+02	 716.67	 633.33	 49.00	 21	 0.69	 
bfer_154	 2	 7	 1112.jpg	 8.842061e+02	 12	 999000	 120	 999000	 999	 8.852238e+02	 716.67	 633.33	 37.00	 12	 0.20	 
bfer_154	 2	 7	 2114.jpg	 8.862083e+02	 22	 1.126158e+03	 2200	 6.333507e+02	 98	 8.872261e+02	 716.67	 583.33	 57.00	 14	 0.56	 
bfer_154	 2	 7	 2211.jpg	 8.882105e+02	 24	 999000	 240	 999000	 999	 8.892283e+02	 716.67	 583.33	 52.00	 32	 0.64	 
bfer_154	 2	 7	 1120.jpg	 8.902128e+02	 12	 999000	 120	 999000	 999	 8.912307e+02	 716.67	 583.33	 38.00	 20	 0.16	 
bfer_154	 2	 7	 2205.jpg	 8.962196e+02	 24	 999000	 240	 999000	 999	 8.972374e+02	 716.67	 583.33	 60.00	 26	 0.53	 
bfer_154	 2	 7	 1219.jpg	 8.982048e+02	 12	 999000	 120	 999000	 999	 8.992229e+02	 716.67	 583.33	 7.00	 40	 0.77	 
