subjectID	 order	 runNum	 itemName	 onsetTime	 shuff_trialType	 RT	 respInTime	 AudioTime	 response	 fixationTime	 ladder1	 ladder2	 bidIndex	 itemNameIndex	 bidValue	 
bfer_126	 2	 3	 2107.jpg	 2.471458e+02	 22	 9.488680e+02	 220	 6.833574e+02	 98	 2.481644e+02	 683.33	 700.00	 51.00	 7	 0.68	 
bfer_126	 2	 3	 1202.jpg	 2.491485e+02	 12	 999000	 120	 999000	 999	 2.501665e+02	 683.33	 700.00	 18.00	 23	 0.56	 
bfer_126	 2	 3	 2212.jpg	 2.531529e+02	 24	 999000	 240	 999000	 999	 2.541711e+02	 683.33	 700.00	 78.00	 33	 0.22	 
bfer_126	 2	 3	 1120.jpg	 2.561408e+02	 12	 999000	 120	 999000	 999	 2.571577e+02	 683.33	 700.00	 13.00	 20	 0.59	 
bfer_126	 2	 3	 2117.jpg	 2.581419e+02	 24	 999000	 240	 999000	 999	 2.591600e+02	 683.33	 700.00	 77.00	 17	 0.24	 
bfer_126	 2	 3	 2208.jpg	 2.611453e+02	 24	 999000	 240	 999000	 999	 2.621632e+02	 683.33	 700.00	 62.00	 29	 0.47	 
bfer_126	 2	 3	 1218.jpg	 2.651498e+02	 11	 8.489441e+02	 110	 6.833632e+02	 98	 2.661678e+02	 700.00	 700.00	 11.00	 39	 0.62	 
bfer_126	 2	 3	 1115.jpg	 2.691542e+02	 12	 999000	 120	 999000	 999	 2.701723e+02	 700.00	 700.00	 22.00	 15	 0.48	 
bfer_126	 2	 3	 2209.jpg	 2.711395e+02	 24	 999000	 240	 999000	 999	 2.721579e+02	 700.00	 700.00	 44.00	 30	 0.82	 
bfer_126	 2	 3	 1216.jpg	 2.761454e+02	 11	 9.013290e+02	 110	 7.000271e+02	 98	 2.771636e+02	 716.67	 700.00	 9.00	 37	 0.66	 
bfer_126	 2	 3	 2104.jpg	 2.781476e+02	 24	 999000	 240	 999000	 999	 2.791658e+02	 716.67	 700.00	 61.00	 4	 0.48	 
bfer_126	 2	 3	 1105.jpg	 2.801499e+02	 12	 999000	 120	 999000	 999	 2.811681e+02	 716.67	 700.00	 37.00	 5	 0.22	 
bfer_126	 2	 3	 1215.jpg	 2.861396e+02	 11	 5.630752e+02	 11	 7.166818e+02	 98	 2.871582e+02	 733.33	 700.00	 8.00	 36	 0.67	 
bfer_126	 2	 3	 2109.jpg	 2.881421e+02	 24	 999000	 240	 999000	 999	 2.891603e+02	 733.33	 700.00	 52.00	 9	 0.66	 
bfer_126	 2	 3	 1217.jpg	 2.901444e+02	 12	 999000	 120	 999000	 999	 2.911626e+02	 733.33	 700.00	 20.00	 38	 0.52	 
bfer_126	 2	 3	 1119.jpg	 2.921467e+02	 12	 999000	 120	 999000	 999	 2.931648e+02	 733.33	 700.00	 21.00	 19	 0.51	 
bfer_126	 2	 3	 2204.jpg	 2.961511e+02	 24	 999000	 240	 999000	 999	 2.971693e+02	 733.33	 700.00	 60.00	 25	 0.50	 
bfer_126	 2	 3	 1212.jpg	 3.001557e+02	 11	 1.011020e+03	 1100	 7.333475e+02	 98	 3.011747e+02	 683.33	 700.00	 17.00	 33	 0.57	 
bfer_126	 2	 3	 2205.jpg	 3.031424e+02	 24	 999000	 240	 999000	 999	 3.041604e+02	 683.33	 700.00	 59.00	 26	 0.51	 
bfer_126	 2	 3	 2103.jpg	 3.071469e+02	 22	 8.598434e+02	 220	 7.000152e+02	 98	 3.081649e+02	 683.33	 716.67	 49.00	 3	 0.72	 
bfer_126	 2	 3	 2111.jpg	 3.101502e+02	 24	 999000	 240	 999000	 999	 3.111683e+02	 683.33	 716.67	 53.00	 11	 0.64	 
bfer_126	 2	 3	 2219.jpg	 3.121526e+02	 24	 999000	 240	 999000	 999	 3.131706e+02	 683.33	 716.67	 55.00	 40	 0.60	 
bfer_126	 2	 3	 2206.jpg	 3.161400e+02	 24	 999000	 240	 999000	 999	 3.171583e+02	 683.33	 716.67	 43.00	 27	 0.86	 
bfer_126	 2	 3	 2218.jpg	 3.181425e+02	 24	 5.281939e+02	 24	 999000	 98	 3.191606e+02	 683.33	 716.67	 50.00	 39	 0.70	 
bfer_126	 2	 3	 1209.jpg	 3.201447e+02	 12	 5.579784e+02	 12	 999000	 98	 3.211629e+02	 683.33	 716.67	 12.00	 30	 0.59	 
bfer_126	 2	 3	 1103.jpg	 3.241492e+02	 12	 4.175153e+02	 12	 999000	 98	 3.251673e+02	 683.33	 716.67	 3.00	 3	 0.75	 
bfer_126	 2	 3	 2211.jpg	 3.261515e+02	 22	 1.039204e+03	 2200	 7.166926e+02	 98	 3.271695e+02	 683.33	 666.67	 48.00	 32	 0.72	 
bfer_126	 2	 3	 1208.jpg	 3.301560e+02	 12	 999000	 120	 999000	 999	 3.311742e+02	 683.33	 666.67	 10.00	 29	 0.63	 
bfer_126	 2	 3	 2216.jpg	 3.341438e+02	 24	 999000	 240	 999000	 999	 3.351620e+02	 683.33	 666.67	 47.00	 37	 0.75	 
bfer_126	 2	 3	 1109.jpg	 3.371473e+02	 12	 999000	 120	 999000	 999	 3.381653e+02	 683.33	 666.67	 7.00	 9	 0.67	 
bfer_126	 2	 3	 2202.jpg	 3.431539e+02	 22	 9.648007e+02	 220	 6.666868e+02	 98	 3.441721e+02	 683.33	 683.33	 57.00	 23	 0.58	 
bfer_126	 2	 3	 1106.jpg	 3.451562e+02	 11	 9.944590e+02	 110	 6.833527e+02	 98	 3.461743e+02	 700.00	 683.33	 16.00	 6	 0.57	 
bfer_126	 2	 3	 1210.jpg	 3.491441e+02	 12	 999000	 120	 999000	 999	 3.501622e+02	 700.00	 683.33	 38.00	 31	 0.20	 
bfer_126	 2	 3	 2101.jpg	 3.511462e+02	 24	 999000	 240	 999000	 999	 3.521644e+02	 700.00	 683.33	 58.00	 1	 0.57	 
bfer_126	 2	 3	 1107.jpg	 3.531484e+02	 11	 9.943033e+02	 110	 7.000204e+02	 98	 3.541666e+02	 716.67	 683.33	 14.00	 7	 0.58	 
bfer_126	 2	 3	 1214.jpg	 3.551524e+02	 12	 999000	 120	 999000	 999	 3.561688e+02	 716.67	 683.33	 4.00	 35	 0.74	 
bfer_126	 2	 3	 1102.jpg	 3.601562e+02	 12	 999000	 120	 999000	 999	 3.611745e+02	 716.67	 683.33	 19.00	 2	 0.55	 
bfer_126	 2	 3	 1113.jpg	 3.621419e+02	 12	 999000	 120	 999000	 999	 3.631600e+02	 716.67	 683.33	 15.00	 13	 0.58	 
bfer_126	 2	 3	 2201.jpg	 3.641441e+02	 22	 9.265579e+02	 220	 6.833498e+02	 98	 3.651622e+02	 716.67	 700.00	 56.00	 22	 0.58	 
bfer_126	 2	 3	 2110.jpg	 3.671475e+02	 22	 9.551793e+02	 220	 7.000238e+02	 98	 3.681657e+02	 716.67	 716.67	 54.00	 10	 0.60	 
