subjectID	 order	 runNum	 itemName	 onsetTime	 shuff_trialType	 RT	 respInTime	 AudioTime	 response	 fixationTime	 ladder1	 ladder2	 bidIndex	 itemNameIndex	 bidValue	 
bfer_167	 1	 9	 1121.jpg	 1.003763e+03	 11	 1.035265e+03	 1100	 6.833572e+02	 98	 1.004782e+03	 633.33	 750.00	 10.00	 21	 0.63	 
bfer_167	 1	 9	 2109.jpg	 1.008769e+03	 24	 999000	 240	 999000	 999	 1.009787e+03	 633.33	 750.00	 48.00	 9	 0.64	 
bfer_167	 1	 9	 1205.jpg	 1.010755e+03	 11	 1.028023e+03	 1100	 6.333479e+02	 98	 1.011773e+03	 583.33	 750.00	 7.00	 26	 0.67	 
bfer_167	 1	 9	 1216.jpg	 1.012757e+03	 12	 3.217719e+02	 12	 999000	 98	 1.013775e+03	 583.33	 750.00	 17.00	 37	 0.53	 
bfer_167	 1	 9	 1118.jpg	 1.018764e+03	 11	 3.469920e+02	 11	 5.833568e+02	 98	 1.019782e+03	 600.00	 750.00	 15.00	 18	 0.59	 
bfer_167	 1	 9	 1106.jpg	 1.020766e+03	 12	 999000	 120	 999000	 999	 1.021784e+03	 600.00	 750.00	 9.00	 6	 0.64	 
bfer_167	 1	 9	 1217.jpg	 1.023769e+03	 12	 999000	 120	 999000	 999	 1.024787e+03	 600.00	 750.00	 21.00	 38	 0.48	 
bfer_167	 1	 9	 1104.jpg	 1.025755e+03	 12	 999000	 120	 999000	 999	 1.026773e+03	 600.00	 750.00	 19.00	 4	 0.49	 
bfer_167	 1	 9	 2219.jpg	 1.029759e+03	 24	 999000	 240	 999000	 999	 1.030777e+03	 600.00	 750.00	 49.00	 40	 0.64	 
bfer_167	 1	 9	 2206.jpg	 1.031762e+03	 22	 1.116983e+03	 2200	 7.500184e+02	 98	 1.032780e+03	 600.00	 700.00	 50.00	 27	 0.63	 
bfer_167	 1	 9	 2106.jpg	 1.036767e+03	 24	 999000	 240	 999000	 999	 1.037785e+03	 600.00	 700.00	 51.00	 6	 0.63	 
bfer_167	 1	 9	 2121.jpg	 1.043758e+03	 24	 999000	 240	 999000	 999	 1.044777e+03	 600.00	 700.00	 43.00	 21	 0.73	 
bfer_167	 1	 9	 2213.jpg	 1.045761e+03	 24	 999000	 240	 999000	 999	 1.046779e+03	 600.00	 700.00	 44.00	 34	 0.73	 
bfer_167	 1	 9	 1204.jpg	 1.048764e+03	 12	 999000	 120	 999000	 999	 1.049782e+03	 600.00	 700.00	 4.00	 25	 0.70	 
bfer_167	 1	 9	 2201.jpg	 1.051767e+03	 22	 9.113025e+02	 220	 7.000256e+02	 98	 1.052786e+03	 600.00	 716.67	 52.00	 22	 0.63	 
bfer_167	 1	 9	 1209.jpg	 1.055755e+03	 11	 8.033758e+02	 110	 6.000306e+02	 98	 1.056773e+03	 616.67	 716.67	 12.00	 30	 0.60	 
bfer_167	 1	 9	 1202.jpg	 1.059760e+03	 12	 3.108575e+02	 12	 999000	 98	 1.060778e+03	 616.67	 716.67	 3.00	 23	 0.70	 
bfer_167	 1	 9	 1120.jpg	 1.063764e+03	 12	 999000	 120	 999000	 999	 1.064782e+03	 616.67	 716.67	 8.00	 20	 0.65	 
bfer_167	 1	 9	 1219.jpg	 1.066768e+03	 12	 999000	 120	 999000	 999	 1.067786e+03	 616.67	 716.67	 11.00	 40	 0.63	 
bfer_167	 1	 9	 2110.jpg	 1.072758e+03	 22	 1.017017e+03	 2200	 7.166831e+02	 98	 1.073776e+03	 616.67	 666.67	 47.00	 10	 0.66	 
bfer_167	 1	 9	 2120.jpg	 1.074760e+03	 24	 999000	 240	 999000	 999	 1.075778e+03	 616.67	 666.67	 54.00	 20	 0.61	 
bfer_167	 1	 9	 2215.jpg	 1.077763e+03	 24	 999000	 240	 999000	 999	 1.078781e+03	 616.67	 666.67	 77.00	 36	 0.17	 
bfer_167	 1	 9	 2107.jpg	 1.079765e+03	 22	 8.891577e+02	 220	 6.666942e+02	 98	 1.080784e+03	 616.67	 683.33	 53.00	 7	 0.61	 
bfer_167	 1	 9	 2108.jpg	 1.081768e+03	 24	 999000	 240	 999000	 999	 1.082786e+03	 616.67	 683.33	 62.00	 8	 0.54	 
bfer_167	 1	 9	 1203.jpg	 1.083770e+03	 12	 999000	 120	 999000	 999	 1.084788e+03	 616.67	 683.33	 22.00	 24	 0.48	 
bfer_167	 1	 9	 1115.jpg	 1.086757e+03	 12	 999000	 120	 999000	 999	 1.087775e+03	 616.67	 683.33	 14.00	 15	 0.59	 
bfer_167	 1	 9	 2118.jpg	 1.090761e+03	 24	 999000	 240	 999000	 999	 1.091779e+03	 616.67	 683.33	 57.00	 18	 0.59	 
bfer_167	 1	 9	 2210.jpg	 1.092763e+03	 24	 999000	 240	 999000	 999	 1.093782e+03	 616.67	 683.33	 78.00	 31	 0.14	 
bfer_167	 1	 9	 2204.jpg	 1.094766e+03	 22	 1.136903e+03	 2200	 6.833544e+02	 98	 1.095784e+03	 616.67	 633.33	 58.00	 25	 0.57	 
bfer_167	 1	 9	 2102.jpg	 1.096768e+03	 24	 999000	 240	 999000	 999	 1.097786e+03	 616.67	 633.33	 61.00	 2	 0.54	 
bfer_167	 1	 9	 1102.jpg	 1.098770e+03	 11	 8.204794e+02	 110	 6.167160e+02	 98	 1.099788e+03	 633.33	 633.33	 13.00	 2	 0.60	 
bfer_167	 1	 9	 2113.jpg	 1.100756e+03	 22	 8.108298e+02	 220	 6.333512e+02	 98	 1.101774e+03	 633.33	 650.00	 55.00	 13	 0.61	 
bfer_167	 1	 9	 1206.jpg	 1.104760e+03	 12	 2.864796e+02	 12	 999000	 98	 1.105778e+03	 633.33	 650.00	 20.00	 27	 0.48	 
bfer_167	 1	 9	 1114.jpg	 1.108765e+03	 12	 999000	 120	 999000	 999	 1.109783e+03	 633.33	 650.00	 16.00	 14	 0.54	 
bfer_167	 1	 9	 2214.jpg	 1.110767e+03	 24	 999000	 240	 999000	 999	 1.111785e+03	 633.33	 650.00	 59.00	 35	 0.56	 
bfer_167	 1	 9	 2114.jpg	 1.112769e+03	 24	 999000	 240	 999000	 999	 1.113787e+03	 633.33	 650.00	 56.00	 14	 0.60	 
bfer_167	 1	 9	 1117.jpg	 1.114755e+03	 12	 999000	 120	 999000	 999	 1.115773e+03	 633.33	 650.00	 38.00	 17	 0.25	 
bfer_167	 1	 9	 2217.jpg	 1.116757e+03	 24	 999000	 240	 999000	 999	 1.117775e+03	 633.33	 650.00	 60.00	 38	 0.55	 
bfer_167	 1	 9	 1101.jpg	 1.122764e+03	 12	 999000	 120	 999000	 999	 1.123782e+03	 633.33	 650.00	 37.00	 1	 0.32	 
bfer_167	 1	 9	 1113.jpg	 1.124766e+03	 11	 8.965934e+02	 110	 6.333619e+02	 98	 1.125784e+03	 650.00	 650.00	 18.00	 13	 0.52	 
