subjectID	 order	 runNum	 itemName	 onsetTime	 shuff_trialType	 RT	 respInTime	 AudioTime	 response	 fixationTime	 ladder1	 ladder2	 bidIndex	 itemNameIndex	 bidValue	 
bfer_140	 2	 9	 1204.jpg	 1.102180e+03	 12	 999000	 120	 999000	 999	 1.103198e+03	 683.33	 616.67	 12.00	 25	 0.64	 
bfer_140	 2	 9	 1108.jpg	 1.105184e+03	 12	 999000	 120	 999000	 999	 1.106202e+03	 683.33	 616.67	 38.00	 8	 0.14	 
bfer_140	 2	 9	 2109.jpg	 1.107169e+03	 24	 999000	 240	 999000	 999	 1.108187e+03	 683.33	 616.67	 58.00	 9	 0.59	 
bfer_140	 2	 9	 1216.jpg	 1.109171e+03	 12	 999000	 120	 999000	 999	 1.110190e+03	 683.33	 616.67	 20.00	 37	 0.51	 
bfer_140	 2	 9	 2119.jpg	 1.111174e+03	 24	 999000	 240	 999000	 999	 1.112192e+03	 683.33	 616.67	 77.00	 19	 0.24	 
bfer_140	 2	 9	 1202.jpg	 1.114177e+03	 12	 999000	 120	 999000	 999	 1.115195e+03	 683.33	 616.67	 21.00	 23	 0.50	 
bfer_140	 2	 9	 2103.jpg	 1.116179e+03	 24	 999000	 240	 999000	 999	 1.117197e+03	 683.33	 616.67	 59.00	 3	 0.52	 
bfer_140	 2	 9	 2215.jpg	 1.120184e+03	 24	 999000	 240	 999000	 999	 1.121202e+03	 683.33	 616.67	 50.00	 36	 0.69	 
bfer_140	 2	 9	 1213.jpg	 1.122169e+03	 11	 1.037508e+03	 1100	 6.833566e+02	 98	 1.123187e+03	 633.33	 616.67	 11.00	 34	 0.69	 
bfer_140	 2	 9	 2203.jpg	 1.127175e+03	 24	 999000	 240	 999000	 999	 1.128193e+03	 633.33	 616.67	 78.00	 24	 0.24	 
bfer_140	 2	 9	 1120.jpg	 1.129177e+03	 11	 8.454525e+02	 110	 6.333570e+02	 98	 1.130195e+03	 650.00	 616.67	 14.00	 20	 0.57	 
bfer_140	 2	 9	 2219.jpg	 1.133182e+03	 24	 999000	 240	 999000	 999	 1.134200e+03	 650.00	 616.67	 53.00	 40	 0.64	 
bfer_140	 2	 9	 2207.jpg	 1.135184e+03	 24	 999000	 240	 999000	 999	 1.136202e+03	 650.00	 616.67	 43.00	 28	 0.79	 
bfer_140	 2	 9	 2121.jpg	 1.138171e+03	 22	 8.519472e+02	 220	 6.166871e+02	 98	 1.139189e+03	 650.00	 633.33	 56.00	 21	 0.60	 
bfer_140	 2	 9	 1121.jpg	 1.143176e+03	 12	 999000	 120	 999000	 999	 1.144194e+03	 650.00	 633.33	 22.00	 21	 0.50	 
bfer_140	 2	 9	 2111.jpg	 1.145178e+03	 24	 999000	 240	 999000	 999	 1.146197e+03	 650.00	 633.33	 60.00	 11	 0.51	 
bfer_140	 2	 9	 2217.jpg	 1.147181e+03	 24	 999000	 240	 999000	 999	 1.148199e+03	 650.00	 633.33	 44.00	 38	 0.77	 
bfer_140	 2	 9	 2216.jpg	 1.151168e+03	 22	 8.462676e+02	 220	 6.333507e+02	 98	 1.152187e+03	 650.00	 650.00	 54.00	 37	 0.64	 
bfer_140	 2	 9	 1209.jpg	 1.155173e+03	 12	 999000	 120	 999000	 999	 1.156191e+03	 650.00	 650.00	 3.00	 30	 0.87	 
bfer_140	 2	 9	 1219.jpg	 1.159177e+03	 12	 999000	 120	 999000	 999	 1.160196e+03	 650.00	 650.00	 7.00	 40	 0.77	 
bfer_140	 2	 9	 2205.jpg	 1.161180e+03	 22	 9.948523e+02	 220	 6.500334e+02	 98	 1.162198e+03	 650.00	 666.67	 49.00	 26	 0.73	 
bfer_140	 2	 9	 2204.jpg	 1.163182e+03	 22	 9.365737e+02	 220	 6.666931e+02	 98	 1.164200e+03	 650.00	 683.33	 57.00	 25	 0.59	 
bfer_140	 2	 9	 1102.jpg	 1.165184e+03	 12	 999000	 120	 999000	 999	 1.166202e+03	 650.00	 683.33	 19.00	 2	 0.52	 
bfer_140	 2	 9	 1117.jpg	 1.167170e+03	 12	 999000	 120	 999000	 999	 1.168188e+03	 650.00	 683.33	 37.00	 17	 0.16	 
bfer_140	 2	 9	 2210.jpg	 1.173176e+03	 24	 999000	 240	 999000	 999	 1.174195e+03	 650.00	 683.33	 62.00	 31	 0.47	 
bfer_140	 2	 9	 1217.jpg	 1.176180e+03	 12	 999000	 120	 999000	 999	 1.177198e+03	 650.00	 683.33	 13.00	 38	 0.61	 
bfer_140	 2	 9	 2214.jpg	 1.178182e+03	 22	 1.128416e+03	 2200	 6.833570e+02	 98	 1.179200e+03	 650.00	 633.33	 51.00	 35	 0.67	 
bfer_140	 2	 9	 1214.jpg	 1.180184e+03	 11	 9.101697e+02	 110	 6.500220e+02	 98	 1.181202e+03	 666.67	 633.33	 16.00	 35	 0.56	 
bfer_140	 2	 9	 2114.jpg	 1.183171e+03	 24	 999000	 240	 999000	 999	 1.184189e+03	 666.67	 633.33	 61.00	 14	 0.49	 
bfer_140	 2	 9	 1205.jpg	 1.185173e+03	 11	 9.452352e+02	 110	 6.666868e+02	 98	 1.186191e+03	 683.33	 633.33	 8.00	 26	 0.76	 
bfer_140	 2	 9	 1109.jpg	 1.187176e+03	 11	 9.029423e+02	 110	 6.833601e+02	 98	 1.188194e+03	 700.00	 633.33	 9.00	 9	 0.74	 
bfer_140	 2	 9	 2202.jpg	 1.189178e+03	 24	 999000	 240	 999000	 999	 1.190196e+03	 700.00	 633.33	 52.00	 23	 0.65	 
bfer_140	 2	 9	 1207.jpg	 1.192181e+03	 12	 999000	 120	 999000	 999	 1.193199e+03	 700.00	 633.33	 4.00	 28	 0.78	 
bfer_140	 2	 9	 1218.jpg	 1.194183e+03	 12	 999000	 120	 999000	 999	 1.195202e+03	 700.00	 633.33	 10.00	 39	 0.70	 
bfer_140	 2	 9	 2201.jpg	 1.196169e+03	 22	 1.021574e+03	 2200	 6.333499e+02	 98	 1.197187e+03	 700.00	 583.33	 48.00	 22	 0.74	 
bfer_140	 2	 9	 2212.jpg	 1.198171e+03	 24	 999000	 240	 999000	 999	 1.199189e+03	 700.00	 583.33	 55.00	 33	 0.61	 
bfer_140	 2	 9	 1111.jpg	 1.200173e+03	 12	 999000	 120	 999000	 999	 1.201192e+03	 700.00	 583.33	 18.00	 11	 0.52	 
bfer_140	 2	 9	 2218.jpg	 1.206180e+03	 24	 4.823223e+02	 24	 999000	 98	 1.207198e+03	 700.00	 583.33	 47.00	 39	 0.74	 
bfer_140	 2	 9	 1106.jpg	 1.209183e+03	 11	 1.103013e+03	 1100	 7.000300e+02	 98	 1.210202e+03	 650.00	 583.33	 17.00	 6	 0.54	 
bfer_140	 2	 9	 1103.jpg	 1.213171e+03	 12	 999000	 120	 999000	 999	 1.214189e+03	 650.00	 583.33	 15.00	 3	 0.57	 
