subjectID	 order	 runNum	 itemName	 onsetTime	 shuff_trialType	 RT	 respInTime	 AudioTime	 response	 fixationTime	 ladder1	 ladder2	 bidIndex	 itemNameIndex	 bidValue	 
bfer_126	 2	 19	 2107.jpg	 1.008854e+03	 22	 4.894238e+02	 22	 8.666876e+02	 98	 1.009905e+03	 816.67	 883.33	 51.00	 7	 0.68	 
bfer_126	 2	 19	 1218.jpg	 1.011857e+03	 11	 9.180112e+02	 110	 8.166936e+02	 98	 1.012875e+03	 833.33	 883.33	 11.00	 39	 0.62	 
bfer_126	 2	 19	 2103.jpg	 1.013842e+03	 22	 8.607052e+02	 22	 8.833485e+02	 98	 1.014911e+03	 833.33	 900.00	 49.00	 3	 0.72	 
bfer_126	 2	 19	 2208.jpg	 1.015845e+03	 24	 999000	 240	 999000	 999	 1.016863e+03	 833.33	 900.00	 62.00	 29	 0.47	 
bfer_126	 2	 19	 1215.jpg	 1.017847e+03	 11	 9.679854e+02	 110	 8.333532e+02	 98	 1.018865e+03	 850.00	 900.00	 8.00	 36	 0.67	 
bfer_126	 2	 19	 2218.jpg	 1.020850e+03	 24	 8.526614e+02	 24	 999000	 98	 1.021869e+03	 850.00	 900.00	 50.00	 39	 0.70	 
bfer_126	 2	 19	 2117.jpg	 1.022853e+03	 24	 999000	 240	 999000	 999	 1.023871e+03	 850.00	 900.00	 77.00	 17	 0.24	 
bfer_126	 2	 19	 1107.jpg	 1.026857e+03	 11	 7.019383e+02	 11	 8.500158e+02	 98	 1.027892e+03	 866.67	 900.00	 14.00	 7	 0.58	 
bfer_126	 2	 19	 1216.jpg	 1.028843e+03	 11	 1.108612e+03	 1100	 8.667400e+02	 98	 1.029894e+03	 816.67	 900.00	 9.00	 37	 0.66	 
bfer_126	 2	 19	 1102.jpg	 1.033848e+03	 12	 999000	 120	 999000	 999	 1.034866e+03	 816.67	 900.00	 19.00	 2	 0.55	 
bfer_126	 2	 19	 2104.jpg	 1.035851e+03	 24	 999000	 240	 999000	 999	 1.036869e+03	 816.67	 900.00	 61.00	 4	 0.48	 
bfer_126	 2	 19	 2206.jpg	 1.039855e+03	 24	 999000	 240	 999000	 999	 1.040873e+03	 816.67	 900.00	 43.00	 27	 0.86	 
bfer_126	 2	 19	 1212.jpg	 1.041857e+03	 11	 9.176671e+02	 110	 8.166906e+02	 98	 1.042876e+03	 833.33	 900.00	 17.00	 33	 0.57	 
bfer_126	 2	 19	 1208.jpg	 1.044844e+03	 12	 999000	 120	 999000	 999	 1.045862e+03	 833.33	 900.00	 10.00	 29	 0.63	 
bfer_126	 2	 19	 2201.jpg	 1.049850e+03	 22	 7.094469e+02	 22	 9.000205e+02	 98	 1.050935e+03	 833.33	 916.67	 56.00	 22	 0.58	 
bfer_126	 2	 19	 2212.jpg	 1.051852e+03	 24	 999000	 240	 999000	 999	 1.052870e+03	 833.33	 916.67	 78.00	 33	 0.22	 
bfer_126	 2	 19	 1214.jpg	 1.053854e+03	 12	 999000	 120	 999000	 999	 1.054872e+03	 833.33	 916.67	 4.00	 35	 0.74	 
bfer_126	 2	 19	 2209.jpg	 1.057842e+03	 24	 999000	 240	 999000	 999	 1.058860e+03	 833.33	 916.67	 44.00	 30	 0.82	 
bfer_126	 2	 19	 2205.jpg	 1.061847e+03	 24	 6.806043e+02	 24	 999000	 98	 1.062865e+03	 833.33	 916.67	 59.00	 26	 0.51	 
bfer_126	 2	 19	 1115.jpg	 1.065851e+03	 12	 999000	 120	 999000	 999	 1.066869e+03	 833.33	 916.67	 22.00	 15	 0.48	 
bfer_126	 2	 19	 1120.jpg	 1.067853e+03	 12	 999000	 120	 999000	 999	 1.068871e+03	 833.33	 916.67	 13.00	 20	 0.59	 
bfer_126	 2	 19	 2219.jpg	 1.069856e+03	 24	 999000	 240	 999000	 999	 1.070874e+03	 833.33	 916.67	 55.00	 40	 0.60	 
bfer_126	 2	 19	 1210.jpg	 1.071858e+03	 12	 999000	 120	 999000	 999	 1.072876e+03	 833.33	 916.67	 38.00	 31	 0.20	 
bfer_126	 2	 19	 1217.jpg	 1.073843e+03	 12	 999000	 120	 999000	 999	 1.074861e+03	 833.33	 916.67	 20.00	 38	 0.52	 
bfer_126	 2	 19	 2101.jpg	 1.079850e+03	 24	 999000	 240	 999000	 999	 1.080868e+03	 833.33	 916.67	 58.00	 1	 0.57	 
bfer_126	 2	 19	 1119.jpg	 1.082853e+03	 12	 999000	 120	 999000	 999	 1.083872e+03	 833.33	 916.67	 21.00	 19	 0.51	 
bfer_126	 2	 19	 1103.jpg	 1.084856e+03	 12	 999000	 120	 999000	 999	 1.085874e+03	 833.33	 916.67	 3.00	 3	 0.75	 
bfer_126	 2	 19	 2109.jpg	 1.086858e+03	 24	 999000	 240	 999000	 999	 1.087876e+03	 833.33	 916.67	 52.00	 9	 0.66	 
bfer_126	 2	 19	 1105.jpg	 1.089845e+03	 12	 999000	 120	 999000	 999	 1.090863e+03	 833.33	 916.67	 37.00	 5	 0.22	 
bfer_126	 2	 19	 1109.jpg	 1.091847e+03	 12	 999000	 120	 999000	 999	 1.092865e+03	 833.33	 916.67	 7.00	 9	 0.67	 
bfer_126	 2	 19	 2111.jpg	 1.093849e+03	 24	 999000	 240	 999000	 999	 1.094867e+03	 833.33	 916.67	 53.00	 11	 0.64	 
bfer_126	 2	 19	 2110.jpg	 1.095851e+03	 22	 8.118638e+02	 22	 9.166847e+02	 98	 1.096953e+03	 833.33	 916.67	 54.00	 10	 0.60	 
bfer_126	 2	 19	 1113.jpg	 1.098855e+03	 12	 999000	 120	 999000	 999	 1.099873e+03	 833.33	 916.67	 15.00	 13	 0.58	 
bfer_126	 2	 19	 1106.jpg	 1.100857e+03	 11	 8.782129e+02	 110	 8.333618e+02	 98	 1.101875e+03	 850.00	 916.67	 16.00	 6	 0.57	 
bfer_126	 2	 19	 2216.jpg	 1.102842e+03	 24	 999000	 240	 999000	 999	 1.103861e+03	 850.00	 916.67	 47.00	 37	 0.75	 
bfer_126	 2	 19	 1202.jpg	 1.104845e+03	 12	 999000	 120	 999000	 999	 1.105863e+03	 850.00	 916.67	 18.00	 23	 0.56	 
bfer_126	 2	 19	 2204.jpg	 1.106847e+03	 24	 999000	 240	 999000	 999	 1.107865e+03	 850.00	 916.67	 60.00	 25	 0.50	 
bfer_126	 2	 19	 1209.jpg	 1.112854e+03	 12	 999000	 120	 999000	 999	 1.113872e+03	 850.00	 916.67	 12.00	 30	 0.59	 
bfer_126	 2	 19	 2202.jpg	 1.115857e+03	 22	 1.206014e+03	 2200	 9.166926e+02	 98	 1.116959e+03	 850.00	 866.67	 57.00	 23	 0.58	 
bfer_126	 2	 19	 2211.jpg	 1.119845e+03	 22	 9.782250e+02	 220	 8.666935e+02	 98	 1.120896e+03	 850.00	 883.33	 48.00	 32	 0.72	 
