subjectID	 order	 runNum	 itemName	 onsetTime	 shuff_trialType	 RT	 respInTime	 AudioTime	 response	 fixationTime	 ladder1	 ladder2	 bidIndex	 itemNameIndex	 bidValue	 
bfer_154	 2	 4	 2110.jpg	 3.880653e+02	 22	 9.891739e+02	 220	 7.166847e+02	 98	 3.890831e+02	 650.00	 733.33	 48.00	 10	 0.69	 
bfer_154	 2	 4	 1219.jpg	 3.910521e+02	 12	 999000	 120	 999000	 999	 3.920700e+02	 650.00	 733.33	 7.00	 40	 0.77	 
bfer_154	 2	 4	 1212.jpg	 3.950565e+02	 12	 999000	 120	 999000	 999	 3.960743e+02	 650.00	 733.33	 20.00	 33	 0.47	 
bfer_154	 2	 4	 1215.jpg	 3.970587e+02	 11	 1.003769e+03	 1100	 6.500287e+02	 98	 3.980766e+02	 600.00	 733.33	 8.00	 36	 0.69	 
bfer_154	 2	 4	 2121.jpg	 3.990610e+02	 22	 9.454464e+02	 220	 7.333486e+02	 98	 4.000788e+02	 600.00	 750.00	 49.00	 21	 0.69	 
bfer_154	 2	 4	 2212.jpg	 4.030655e+02	 22	 1.004936e+03	 2200	 7.500186e+02	 98	 4.040836e+02	 600.00	 700.00	 56.00	 33	 0.56	 
bfer_154	 2	 4	 1110.jpg	 4.050507e+02	 12	 999000	 120	 999000	 999	 4.060688e+02	 600.00	 700.00	 19.00	 10	 0.50	 
bfer_154	 2	 4	 2207.jpg	 4.100566e+02	 24	 999000	 240	 999000	 999	 4.110747e+02	 600.00	 700.00	 50.00	 28	 0.68	 
bfer_154	 2	 4	 2216.jpg	 4.120589e+02	 22	 8.515701e+02	 220	 7.000175e+02	 98	 4.130767e+02	 600.00	 716.67	 51.00	 37	 0.67	 
bfer_154	 2	 4	 1111.jpg	 4.150622e+02	 12	 999000	 120	 999000	 999	 4.160801e+02	 600.00	 716.67	 13.00	 11	 0.59	 
bfer_154	 2	 4	 1201.jpg	 4.180657e+02	 11	 1.087784e+02	 11	 6.000227e+02	 98	 4.190835e+02	 616.67	 716.67	 9.00	 22	 0.69	 
bfer_154	 2	 4	 2117.jpg	 4.220535e+02	 24	 999000	 240	 999000	 999	 4.230712e+02	 616.67	 716.67	 78.00	 17	 0.20	 
bfer_154	 2	 4	 2108.jpg	 4.250568e+02	 24	 999000	 240	 999000	 999	 4.260747e+02	 616.67	 716.67	 77.00	 8	 0.22	 
bfer_154	 2	 4	 1107.jpg	 4.270591e+02	 11	 1.051322e+03	 1100	 6.166937e+02	 98	 4.280769e+02	 566.67	 716.67	 14.00	 7	 0.57	 
bfer_154	 2	 4	 1214.jpg	 4.300625e+02	 12	 999000	 120	 999000	 999	 4.310803e+02	 566.67	 716.67	 18.00	 35	 0.50	 
bfer_154	 2	 4	 2105.jpg	 4.340670e+02	 24	 999000	 240	 999000	 999	 4.350849e+02	 566.67	 716.67	 58.00	 5	 0.55	 
bfer_154	 2	 4	 1103.jpg	 4.370537e+02	 12	 7.128054e+02	 12	 999000	 98	 4.380715e+02	 566.67	 716.67	 3.00	 3	 0.82	 
bfer_154	 2	 4	 2115.jpg	 4.390559e+02	 24	 999000	 240	 999000	 999	 4.400737e+02	 566.67	 716.67	 62.00	 15	 0.45	 
bfer_154	 2	 4	 2106.jpg	 4.410582e+02	 24	 999000	 240	 999000	 999	 4.420760e+02	 566.67	 716.67	 43.00	 6	 0.85	 
bfer_154	 2	 4	 1102.jpg	 4.460638e+02	 12	 999000	 120	 999000	 999	 4.470815e+02	 566.67	 716.67	 15.00	 2	 0.55	 
bfer_154	 2	 4	 2211.jpg	 4.500517e+02	 24	 999000	 240	 999000	 999	 4.510694e+02	 566.67	 716.67	 52.00	 32	 0.64	 
bfer_154	 2	 4	 1106.jpg	 4.540561e+02	 11	 8.543440e+02	 110	 5.666841e+02	 98	 4.550739e+02	 583.33	 716.67	 16.00	 6	 0.54	 
bfer_154	 2	 4	 1216.jpg	 4.600629e+02	 12	 1.151606e+03	 12	 999000	 98	 4.610807e+02	 583.33	 716.67	 4.00	 37	 0.80	 
bfer_154	 2	 4	 1207.jpg	 4.620652e+02	 12	 999000	 120	 999000	 999	 4.630829e+02	 583.33	 716.67	 12.00	 28	 0.60	 
bfer_154	 2	 4	 2114.jpg	 4.640504e+02	 22	 1.076061e+03	 2200	 7.166919e+02	 98	 4.650684e+02	 583.33	 666.67	 57.00	 14	 0.56	 
bfer_154	 2	 4	 1203.jpg	 4.660529e+02	 11	 8.015178e+02	 110	 5.833477e+02	 98	 4.670707e+02	 600.00	 666.67	 11.00	 24	 0.66	 
bfer_154	 2	 4	 1205.jpg	 4.680552e+02	 12	 999000	 120	 999000	 999	 4.690730e+02	 600.00	 666.67	 10.00	 26	 0.67	 
bfer_154	 2	 4	 2104.jpg	 4.720597e+02	 24	 999000	 240	 999000	 999	 4.730774e+02	 600.00	 666.67	 61.00	 4	 0.53	 
bfer_154	 2	 4	 1218.jpg	 4.740619e+02	 12	 999000	 120	 999000	 999	 4.750797e+02	 600.00	 666.67	 21.00	 39	 0.47	 
bfer_154	 2	 4	 2109.jpg	 4.780495e+02	 24	 1.044935e+03	 24	 999000	 98	 4.790675e+02	 600.00	 666.67	 53.00	 9	 0.63	 
bfer_154	 2	 4	 2111.jpg	 4.800520e+02	 22	 8.824581e+02	 220	 6.667080e+02	 98	 4.810697e+02	 600.00	 683.33	 54.00	 11	 0.60	 
bfer_154	 2	 4	 2205.jpg	 4.820543e+02	 24	 999000	 240	 999000	 999	 4.830721e+02	 600.00	 683.33	 60.00	 26	 0.53	 
bfer_154	 2	 4	 2214.jpg	 4.840566e+02	 24	 999000	 240	 999000	 999	 4.850743e+02	 600.00	 683.33	 47.00	 35	 0.72	 
bfer_154	 2	 4	 1121.jpg	 4.890621e+02	 11	 9.443432e+02	 110	 6.000239e+02	 98	 4.900801e+02	 616.67	 683.33	 17.00	 21	 0.53	 
bfer_154	 2	 4	 2107.jpg	 4.910643e+02	 24	 999000	 240	 999000	 999	 4.920821e+02	 616.67	 683.33	 55.00	 7	 0.57	 
bfer_154	 2	 4	 2201.jpg	 4.930497e+02	 24	 999000	 240	 999000	 999	 4.940677e+02	 616.67	 683.33	 44.00	 22	 0.83	 
bfer_154	 2	 4	 1120.jpg	 4.960532e+02	 12	 999000	 120	 999000	 999	 4.970711e+02	 616.67	 683.33	 38.00	 20	 0.16	 
bfer_154	 2	 4	 2219.jpg	 5.030612e+02	 24	 999000	 240	 999000	 999	 5.040789e+02	 616.67	 683.33	 59.00	 40	 0.53	 
bfer_154	 2	 4	 1210.jpg	 5.070657e+02	 12	 999000	 120	 999000	 999	 5.080834e+02	 616.67	 683.33	 22.00	 31	 0.46	 
bfer_154	 2	 4	 1112.jpg	 5.140568e+02	 12	 999000	 120	 999000	 999	 5.150748e+02	 616.67	 683.33	 37.00	 12	 0.20	 
