subjectID	 order	 runNum	 itemName	 onsetTime	 shuff_trialType	 RT	 respInTime	 AudioTime	 response	 fixationTime	 ladder1	 ladder2	 bidIndex	 itemNameIndex	 bidValue	 
bfer_103	 1	 1	 1214.jpg	 1.449388e+00	 11	 1.013107e+03	 1100	 7.502569e+02	 98	 2.469291e+00	 700.00	 750.00	 10.00	 35	 0.66	 
bfer_103	 1	 1	 2201.jpg	 4.436179e+00	 22	 9.303510e+02	 220	 7.502184e+02	 98	 5.454461e+00	 700.00	 766.67	 50.00	 22	 0.63	 
bfer_103	 1	 1	 1121.jpg	 8.440618e+00	 12	 999000	 120	 999000	 999	 9.458947e+00	 700.00	 766.67	 3.00	 21	 0.78	 
bfer_103	 1	 1	 2117.jpg	 1.044287e+01	 24	 999000	 240	 999000	 999	 1.146133e+01	 700.00	 766.67	 56.00	 17	 0.56	 
bfer_103	 1	 1	 1206.jpg	 1.244525e+01	 12	 999000	 120	 999000	 999	 1.346386e+01	 700.00	 766.67	 4.00	 27	 0.77	 
bfer_103	 1	 1	 1103.jpg	 1.643297e+01	 12	 999000	 120	 999000	 999	 1.745109e+01	 700.00	 766.67	 11.00	 3	 0.64	 
bfer_103	 1	 1	 1101.jpg	 1.843509e+01	 11	 9.554077e+02	 110	 7.000929e+02	 98	 1.945317e+01	 716.67	 766.67	 15.00	 1	 0.56	 
bfer_103	 1	 1	 1105.jpg	 2.344076e+01	 12	 999000	 120	 999000	 999	 2.445883e+01	 716.67	 766.67	 22.00	 5	 0.45	 
bfer_103	 1	 1	 1207.jpg	 2.544294e+01	 12	 999000	 120	 999000	 999	 2.646104e+01	 716.67	 766.67	 17.00	 28	 0.54	 
bfer_103	 1	 1	 2202.jpg	 2.844640e+01	 22	 1.160109e+03	 2200	 7.667461e+02	 98	 2.946451e+01	 716.67	 716.67	 58.00	 23	 0.55	 
bfer_103	 1	 1	 2217.jpg	 3.143306e+01	 24	 5.254362e+02	 24	 999000	 98	 3.245117e+01	 716.67	 716.67	 44.00	 38	 0.85	 
bfer_103	 1	 1	 1218.jpg	 3.543752e+01	 12	 999000	 120	 999000	 999	 3.645562e+01	 716.67	 716.67	 16.00	 39	 0.55	 
bfer_103	 1	 1	 2110.jpg	 3.844102e+01	 24	 999000	 240	 999000	 999	 3.945911e+01	 716.67	 716.67	 78.00	 10	 0.21	 
bfer_103	 1	 1	 1213.jpg	 4.044318e+01	 12	 999000	 120	 999000	 999	 4.146127e+01	 716.67	 716.67	 14.00	 34	 0.57	 
bfer_103	 1	 1	 2115.jpg	 4.344648e+01	 24	 999000	 240	 999000	 999	 4.446478e+01	 716.67	 716.67	 57.00	 15	 0.56	 
bfer_103	 1	 1	 2207.jpg	 4.743430e+01	 24	 999000	 240	 999000	 999	 4.845267e+01	 716.67	 716.67	 60.00	 28	 0.52	 
bfer_103	 1	 1	 2213.jpg	 5.043772e+01	 24	 999000	 240	 999000	 999	 5.145591e+01	 716.67	 716.67	 61.00	 34	 0.52	 
bfer_103	 1	 1	 1118.jpg	 5.244000e+01	 11	 9.504993e+02	 110	 7.167447e+02	 98	 5.345810e+01	 733.33	 716.67	 12.00	 18	 0.59	 
bfer_103	 1	 1	 1104.jpg	 5.444232e+01	 12	 999000	 120	 999000	 999	 5.546029e+01	 733.33	 716.67	 20.00	 4	 0.47	 
bfer_103	 1	 1	 2101.jpg	 5.943090e+01	 22	 9.195941e+02	 220	 7.167443e+02	 98	 6.044926e+01	 733.33	 733.33	 55.00	 1	 0.57	 
bfer_103	 1	 1	 1216.jpg	 6.343570e+01	 12	 5.067986e+02	 12	 999000	 98	 6.445376e+01	 733.33	 733.33	 9.00	 37	 0.68	 
bfer_103	 1	 1	 2103.jpg	 6.744012e+01	 24	 999000	 240	 999000	 999	 6.845839e+01	 733.33	 733.33	 48.00	 3	 0.76	 
bfer_103	 1	 1	 2112.jpg	 7.344684e+01	 24	 999000	 240	 999000	 999	 7.446512e+01	 733.33	 733.33	 77.00	 12	 0.22	 
bfer_103	 1	 1	 1204.jpg	 7.543242e+01	 12	 999000	 120	 999000	 999	 7.645063e+01	 733.33	 733.33	 19.00	 25	 0.53	 
bfer_103	 1	 1	 1115.jpg	 7.743472e+01	 11	 1.035767e+03	 1100	 7.334047e+02	 98	 7.845286e+01	 683.33	 733.33	 18.00	 15	 0.53	 
bfer_103	 1	 1	 1201.jpg	 7.943693e+01	 11	 8.655684e+02	 110	 6.836412e+02	 98	 8.045510e+01	 700.00	 733.33	 7.00	 22	 0.74	 
bfer_103	 1	 1	 2121.jpg	 8.143927e+01	 22	 9.912377e+02	 220	 7.334126e+02	 98	 8.245734e+01	 700.00	 750.00	 53.00	 21	 0.58	 
bfer_103	 1	 1	 1209.jpg	 8.544374e+01	 11	 9.547570e+02	 110	 7.001325e+02	 98	 8.646179e+01	 716.67	 750.00	 13.00	 30	 0.57	 
bfer_103	 1	 1	 1211.jpg	 8.744590e+01	 12	 999000	 120	 999000	 999	 8.846403e+01	 716.67	 750.00	 8.00	 32	 0.73	 
bfer_103	 1	 1	 2107.jpg	 9.143377e+01	 22	 9.567630e+02	 220	 7.502946e+02	 98	 9.245194e+01	 716.67	 766.67	 47.00	 7	 0.76	 
bfer_103	 1	 1	 1107.jpg	 9.343607e+01	 12	 999000	 120	 999000	 999	 9.445413e+01	 716.67	 766.67	 21.00	 7	 0.47	 
bfer_103	 1	 1	 2111.jpg	 9.543841e+01	 24	 999000	 240	 999000	 999	 9.645640e+01	 716.67	 766.67	 59.00	 11	 0.54	 
bfer_103	 1	 1	 1120.jpg	 9.744048e+01	 12	 999000	 120	 999000	 999	 9.845863e+01	 716.67	 766.67	 37.00	 20	 0.23	 
bfer_103	 1	 1	 2208.jpg	 1.024462e+02	 24	 999000	 240	 999000	 999	 1.034643e+02	 716.67	 766.67	 43.00	 29	 0.87	 
bfer_103	 1	 1	 2116.jpg	 1.044317e+02	 22	 1.110766e+03	 2200	 7.667117e+02	 98	 1.054497e+02	 716.67	 716.67	 52.00	 16	 0.59	 
bfer_103	 1	 1	 2205.jpg	 1.064339e+02	 24	 999000	 240	 999000	 999	 1.074520e+02	 716.67	 716.67	 49.00	 26	 0.65	 
bfer_103	 1	 1	 1203.jpg	 1.094373e+02	 12	 999000	 120	 999000	 999	 1.104555e+02	 716.67	 716.67	 38.00	 24	 0.20	 
bfer_103	 1	 1	 2218.jpg	 1.164454e+02	 24	 999000	 240	 999000	 999	 1.174633e+02	 716.67	 716.67	 51.00	 39	 0.61	 
bfer_103	 1	 1	 2118.jpg	 1.204331e+02	 24	 999000	 240	 999000	 999	 1.214511e+02	 716.67	 716.67	 54.00	 18	 0.58	 
bfer_103	 1	 1	 2104.jpg	 1.274409e+02	 24	 999000	 240	 999000	 999	 1.284589e+02	 716.67	 716.67	 62.00	 4	 0.51	 
