subjectID	 order	 runNum	 itemName	 onsetTime	 shuff_trialType	 RT	 respInTime	 AudioTime	 response	 fixationTime	 ladder1	 ladder2	 bidIndex	 itemNameIndex	 bidValue	 
bfer_115	 1	 11	 1109.jpg	 1.315048e+00	 12	 999000	 120	 999000	 999	 2.332899e+00	 750.00	 750.00	 9.00	 9	 0.66	 
bfer_115	 1	 11	 1117.jpg	 4.301801e+00	 12	 999000	 120	 999000	 999	 5.319539e+00	 750.00	 750.00	 37.00	 17	 0.19	 
bfer_115	 1	 11	 1217.jpg	 8.306192e+00	 12	 999000	 120	 999000	 999	 9.323948e+00	 750.00	 750.00	 16.00	 38	 0.56	 
bfer_115	 1	 11	 2201.jpg	 1.030840e+01	 22	 1.034303e+03	 2200	 7.501797e+02	 98	 1.132622e+01	 750.00	 700.00	 52.00	 22	 0.63	 
bfer_115	 1	 11	 2219.jpg	 1.229380e+01	 24	 999000	 240	 999000	 999	 1.331194e+01	 750.00	 700.00	 43.00	 40	 0.91	 
bfer_115	 1	 11	 1106.jpg	 1.629850e+01	 12	 999000	 120	 999000	 999	 1.731636e+01	 750.00	 700.00	 14.00	 6	 0.62	 
bfer_115	 1	 11	 1218.jpg	 1.830075e+01	 11	 1.065959e+03	 1100	 7.501449e+02	 98	 1.931850e+01	 700.00	 700.00	 18.00	 39	 0.54	 
bfer_115	 1	 11	 2108.jpg	 2.330632e+01	 24	 999000	 240	 999000	 999	 2.432412e+01	 700.00	 700.00	 78.00	 8	 0.18	 
bfer_115	 1	 11	 2102.jpg	 2.530854e+01	 24	 999000	 240	 999000	 999	 2.632636e+01	 700.00	 700.00	 77.00	 2	 0.20	 
bfer_115	 1	 11	 2111.jpg	 2.829549e+01	 24	 999000	 240	 999000	 999	 2.931308e+01	 700.00	 700.00	 49.00	 11	 0.68	 
bfer_115	 1	 11	 2204.jpg	 3.129873e+01	 24	 999000	 240	 999000	 999	 3.231647e+01	 700.00	 700.00	 62.00	 25	 0.53	 
bfer_115	 1	 11	 2209.jpg	 3.530317e+01	 24	 999000	 240	 999000	 999	 3.632093e+01	 700.00	 700.00	 56.00	 30	 0.58	 
bfer_115	 1	 11	 1103.jpg	 3.830657e+01	 12	 999000	 120	 999000	 999	 3.932432e+01	 700.00	 700.00	 11.00	 3	 0.64	 
bfer_115	 1	 11	 2211.jpg	 4.030873e+01	 22	 9.619799e+02	 220	 7.001522e+02	 98	 4.132656e+01	 700.00	 716.67	 47.00	 32	 0.73	 
bfer_115	 1	 11	 1108.jpg	 4.329525e+01	 12	 999000	 120	 999000	 999	 4.431334e+01	 700.00	 716.67	 38.00	 8	 0.19	 
bfer_115	 1	 11	 2115.jpg	 4.729996e+01	 24	 999000	 240	 999000	 999	 4.831775e+01	 700.00	 716.67	 54.00	 15	 0.60	 
bfer_115	 1	 11	 2218.jpg	 5.030331e+01	 24	 999000	 240	 999000	 999	 5.132113e+01	 700.00	 716.67	 61.00	 39	 0.54	 
bfer_115	 1	 11	 1214.jpg	 5.230578e+01	 11	 1.060929e+03	 1100	 7.000446e+02	 98	 5.332342e+01	 650.00	 716.67	 15.00	 35	 0.56	 
bfer_115	 1	 11	 1207.jpg	 5.430783e+01	 11	 9.868772e+02	 110	 6.500291e+02	 98	 5.532566e+01	 666.67	 716.67	 13.00	 28	 0.63	 
bfer_115	 1	 11	 1209.jpg	 5.929685e+01	 12	 3.498697e+02	 12	 999000	 98	 6.031469e+01	 666.67	 716.67	 3.00	 30	 0.81	 
bfer_115	 1	 11	 1213.jpg	 6.330134e+01	 12	 999000	 120	 999000	 999	 6.431911e+01	 666.67	 716.67	 20.00	 34	 0.52	 
bfer_115	 1	 11	 1111.jpg	 6.730577e+01	 12	 999000	 120	 999000	 999	 6.832361e+01	 666.67	 716.67	 21.00	 11	 0.51	 
bfer_115	 1	 11	 2114.jpg	 7.329595e+01	 24	 999000	 240	 999000	 999	 7.431369e+01	 666.67	 716.67	 57.00	 14	 0.57	 
bfer_115	 1	 11	 1115.jpg	 7.529808e+01	 12	 999000	 120	 999000	 999	 7.631594e+01	 666.67	 716.67	 8.00	 15	 0.69	 
bfer_115	 1	 11	 2109.jpg	 7.730032e+01	 24	 999000	 240	 999000	 999	 7.831809e+01	 666.67	 716.67	 48.00	 9	 0.71	 
bfer_115	 1	 11	 2208.jpg	 7.930267e+01	 22	 1.064039e+03	 2200	 7.166931e+02	 98	 8.032035e+01	 666.67	 666.67	 55.00	 29	 0.59	 
bfer_115	 1	 11	 2214.jpg	 8.130494e+01	 24	 999000	 240	 999000	 999	 8.232267e+01	 666.67	 666.67	 51.00	 35	 0.64	 
bfer_115	 1	 11	 2207.jpg	 8.530937e+01	 22	 9.213478e+02	 220	 6.666856e+02	 98	 8.632725e+01	 666.67	 683.33	 53.00	 28	 0.62	 
bfer_115	 1	 11	 2121.jpg	 8.729458e+01	 24	 999000	 240	 999000	 999	 8.831285e+01	 666.67	 683.33	 44.00	 21	 0.84	 
bfer_115	 1	 11	 1208.jpg	 9.129945e+01	 11	 1.003274e+03	 1100	 6.666970e+02	 98	 9.231736e+01	 616.67	 683.33	 10.00	 29	 0.65	 
bfer_115	 1	 11	 1204.jpg	 9.330172e+01	 11	 4.969851e+02	 11	 6.166812e+02	 98	 9.431948e+01	 633.33	 683.33	 7.00	 25	 0.69	 
bfer_115	 1	 11	 1211.jpg	 9.530399e+01	 11	 8.707298e+02	 110	 6.333627e+02	 98	 9.632168e+01	 650.00	 683.33	 12.00	 32	 0.63	 
bfer_115	 1	 11	 2106.jpg	 9.730618e+01	 22	 9.485259e+02	 220	 6.833617e+02	 98	 9.832395e+01	 650.00	 700.00	 58.00	 6	 0.56	 
bfer_115	 1	 11	 1219.jpg	 1.022948e+02	 12	 999000	 120	 999000	 999	 1.033129e+02	 650.00	 700.00	 4.00	 40	 0.78	 
bfer_115	 1	 11	 2212.jpg	 1.042975e+02	 24	 999000	 240	 999000	 999	 1.053151e+02	 650.00	 700.00	 60.00	 33	 0.54	 
bfer_115	 1	 11	 2210.jpg	 1.062995e+02	 24	 999000	 240	 999000	 999	 1.073174e+02	 650.00	 700.00	 59.00	 31	 0.55	 
bfer_115	 1	 11	 1102.jpg	 1.093030e+02	 12	 999000	 120	 999000	 999	 1.103207e+02	 650.00	 700.00	 22.00	 2	 0.51	 
bfer_115	 1	 11	 1120.jpg	 1.162940e+02	 12	 999000	 120	 999000	 999	 1.173120e+02	 650.00	 700.00	 19.00	 20	 0.52	 
bfer_115	 1	 11	 1107.jpg	 1.202988e+02	 12	 999000	 120	 999000	 999	 1.213165e+02	 650.00	 700.00	 17.00	 7	 0.55	 
bfer_115	 1	 11	 2205.jpg	 1.273066e+02	 22	 9.321072e+02	 220	 7.000297e+02	 98	 1.283243e+02	 650.00	 716.67	 50.00	 26	 0.68	 
