subjectID	 order	 runNum	 itemName	 onsetTime	 shuff_trialType	 RT	 respInTime	 AudioTime	 response	 fixationTime	 ladder1	 ladder2	 bidIndex	 itemNameIndex	 bidValue	 
bfer_126	 2	 12	 2204.jpg	 1.162189e+02	 24	 8.522366e+02	 24	 999000	 98	 1.172372e+02	 783.33	 716.67	 60.00	 25	 0.50	 
bfer_126	 2	 12	 1105.jpg	 1.212246e+02	 12	 999000	 120	 999000	 999	 1.222428e+02	 783.33	 716.67	 37.00	 5	 0.22	 
bfer_126	 2	 12	 1215.jpg	 1.232269e+02	 11	 8.202294e+02	 110	 7.833574e+02	 98	 1.242451e+02	 800.00	 716.67	 8.00	 36	 0.67	 
bfer_126	 2	 12	 2212.jpg	 1.252125e+02	 24	 999000	 240	 999000	 999	 1.262306e+02	 800.00	 716.67	 78.00	 33	 0.22	 
bfer_126	 2	 12	 1115.jpg	 1.312193e+02	 12	 999000	 120	 999000	 999	 1.322373e+02	 800.00	 716.67	 22.00	 15	 0.48	 
bfer_126	 2	 12	 2103.jpg	 1.332216e+02	 22	 6.015296e+02	 22	 7.167122e+02	 98	 1.342396e+02	 800.00	 733.33	 49.00	 3	 0.72	 
bfer_126	 2	 12	 1216.jpg	 1.362248e+02	 11	 6.223086e+02	 11	 8.000211e+02	 98	 1.372430e+02	 816.67	 733.33	 9.00	 37	 0.66	 
bfer_126	 2	 12	 2219.jpg	 1.382101e+02	 24	 999000	 240	 999000	 999	 1.392285e+02	 816.67	 733.33	 55.00	 40	 0.60	 
bfer_126	 2	 12	 2211.jpg	 1.422150e+02	 22	 1.000173e+03	 2200	 7.333601e+02	 98	 1.432331e+02	 816.67	 683.33	 48.00	 32	 0.72	 
bfer_126	 2	 12	 2110.jpg	 1.442172e+02	 22	 5.979454e+02	 22	 6.833526e+02	 98	 1.452353e+02	 816.67	 700.00	 54.00	 10	 0.60	 
bfer_126	 2	 12	 1102.jpg	 1.492228e+02	 12	 999000	 120	 999000	 999	 1.502408e+02	 816.67	 700.00	 19.00	 2	 0.55	 
bfer_126	 2	 12	 1120.jpg	 1.562139e+02	 12	 999000	 120	 999000	 999	 1.572321e+02	 816.67	 700.00	 13.00	 20	 0.59	 
bfer_126	 2	 12	 1208.jpg	 1.582162e+02	 12	 999000	 120	 999000	 999	 1.592343e+02	 816.67	 700.00	 10.00	 29	 0.63	 
bfer_126	 2	 12	 2205.jpg	 1.612196e+02	 24	 7.235527e+02	 24	 999000	 98	 1.622377e+02	 816.67	 700.00	 59.00	 26	 0.51	 
bfer_126	 2	 12	 2202.jpg	 1.642229e+02	 22	 8.402740e+02	 220	 7.000298e+02	 98	 1.652411e+02	 816.67	 716.67	 57.00	 23	 0.58	 
bfer_126	 2	 12	 2218.jpg	 1.682105e+02	 24	 9.166382e+02	 24	 999000	 98	 1.692289e+02	 816.67	 716.67	 50.00	 39	 0.70	 
bfer_126	 2	 12	 1209.jpg	 1.722152e+02	 12	 999000	 120	 999000	 999	 1.732334e+02	 816.67	 716.67	 12.00	 30	 0.59	 
bfer_126	 2	 12	 2208.jpg	 1.762197e+02	 24	 999000	 240	 999000	 999	 1.772378e+02	 816.67	 716.67	 62.00	 29	 0.47	 
bfer_126	 2	 12	 1202.jpg	 1.792231e+02	 12	 999000	 120	 999000	 999	 1.802412e+02	 816.67	 716.67	 18.00	 23	 0.56	 
bfer_126	 2	 12	 1218.jpg	 1.852131e+02	 11	 8.100422e+02	 11	 8.166810e+02	 98	 1.862313e+02	 833.33	 716.67	 11.00	 39	 0.62	 
bfer_126	 2	 12	 2209.jpg	 1.872153e+02	 24	 999000	 240	 999000	 999	 1.882336e+02	 833.33	 716.67	 44.00	 30	 0.82	 
bfer_126	 2	 12	 1119.jpg	 1.902187e+02	 12	 999000	 120	 999000	 999	 1.912369e+02	 833.33	 716.67	 21.00	 19	 0.51	 
bfer_126	 2	 12	 1212.jpg	 1.922210e+02	 11	 1.074148e+03	 1100	 8.333614e+02	 98	 1.932391e+02	 783.33	 716.67	 17.00	 33	 0.57	 
bfer_126	 2	 12	 2216.jpg	 1.942232e+02	 24	 999000	 240	 999000	 999	 1.952415e+02	 783.33	 716.67	 47.00	 37	 0.75	 
bfer_126	 2	 12	 2104.jpg	 1.962255e+02	 24	 999000	 240	 999000	 999	 1.972436e+02	 783.33	 716.67	 61.00	 4	 0.48	 
bfer_126	 2	 12	 2107.jpg	 1.992122e+02	 22	 7.629284e+02	 220	 7.166945e+02	 98	 2.002303e+02	 783.33	 733.33	 51.00	 7	 0.68	 
bfer_126	 2	 12	 2201.jpg	 2.032166e+02	 22	 8.065284e+02	 220	 7.333591e+02	 98	 2.042350e+02	 783.33	 750.00	 56.00	 22	 0.58	 
bfer_126	 2	 12	 2109.jpg	 2.052189e+02	 24	 999000	 240	 999000	 999	 2.062371e+02	 783.33	 750.00	 52.00	 9	 0.66	 
bfer_126	 2	 12	 1109.jpg	 2.072211e+02	 12	 999000	 120	 999000	 999	 2.082392e+02	 783.33	 750.00	 7.00	 9	 0.67	 
bfer_126	 2	 12	 1103.jpg	 2.092235e+02	 12	 5.196265e+02	 12	 999000	 98	 2.102417e+02	 783.33	 750.00	 3.00	 3	 0.75	 
bfer_126	 2	 12	 2117.jpg	 2.112257e+02	 24	 999000	 240	 999000	 999	 2.122438e+02	 783.33	 750.00	 77.00	 17	 0.24	 
bfer_126	 2	 12	 2206.jpg	 2.132112e+02	 24	 999000	 240	 999000	 999	 2.142293e+02	 783.33	 750.00	 43.00	 27	 0.86	 
bfer_126	 2	 12	 2111.jpg	 2.172156e+02	 24	 999000	 240	 999000	 999	 2.182339e+02	 783.33	 750.00	 53.00	 11	 0.64	 
bfer_126	 2	 12	 1210.jpg	 2.212201e+02	 12	 999000	 120	 999000	 999	 2.222383e+02	 783.33	 750.00	 38.00	 31	 0.20	 
bfer_126	 2	 12	 1217.jpg	 2.232224e+02	 12	 8.247537e+02	 12	 999000	 98	 2.242405e+02	 783.33	 750.00	 20.00	 38	 0.52	 
bfer_126	 2	 12	 1107.jpg	 2.252246e+02	 11	 7.904744e+02	 110	 7.833631e+02	 98	 2.262427e+02	 800.00	 750.00	 14.00	 7	 0.58	 
bfer_126	 2	 12	 1214.jpg	 2.272100e+02	 12	 999000	 120	 999000	 999	 2.282283e+02	 800.00	 750.00	 4.00	 35	 0.74	 
bfer_126	 2	 12	 1113.jpg	 2.292124e+02	 12	 999000	 120	 999000	 999	 2.302306e+02	 800.00	 750.00	 15.00	 13	 0.58	 
bfer_126	 2	 12	 2101.jpg	 2.352193e+02	 24	 999000	 240	 999000	 999	 2.362373e+02	 800.00	 750.00	 58.00	 1	 0.57	 
bfer_126	 2	 12	 1106.jpg	 2.372214e+02	 11	 7.297198e+02	 11	 8.000179e+02	 98	 2.382396e+02	 816.67	 750.00	 16.00	 6	 0.57	 
