subjectID	 order	 runNum	 itemName	 onsetTime	 shuff_trialType	 RT	 respInTime	 AudioTime	 response	 fixationTime	 ladder1	 ladder2	 bidIndex	 itemNameIndex	 bidValue	 
bfer_140	 2	 2	 2103.jpg	 1.312577e+02	 24	 999000	 240	 999000	 999	 1.322761e+02	 716.67	 716.67	 59.00	 3	 0.52	 
bfer_140	 2	 2	 1218.jpg	 1.342613e+02	 12	 4.252048e+02	 12	 999000	 98	 1.352796e+02	 716.67	 716.67	 10.00	 39	 0.70	 
bfer_140	 2	 2	 1213.jpg	 1.382489e+02	 11	 1.189577e+03	 1100	 7.166939e+02	 98	 1.392673e+02	 666.67	 716.67	 11.00	 34	 0.69	 
bfer_140	 2	 2	 2205.jpg	 1.402514e+02	 22	 8.991126e+02	 220	 7.167175e+02	 98	 1.412695e+02	 666.67	 733.33	 49.00	 26	 0.73	 
bfer_140	 2	 2	 1120.jpg	 1.422537e+02	 11	 8.568261e+02	 110	 6.666898e+02	 98	 1.432717e+02	 683.33	 733.33	 14.00	 20	 0.57	 
bfer_140	 2	 2	 2114.jpg	 1.462580e+02	 24	 999000	 240	 999000	 999	 1.472763e+02	 683.33	 733.33	 61.00	 14	 0.49	 
bfer_140	 2	 2	 2218.jpg	 1.482603e+02	 24	 999000	 240	 999000	 999	 1.492785e+02	 683.33	 733.33	 47.00	 39	 0.74	 
bfer_140	 2	 2	 2217.jpg	 1.532489e+02	 24	 999000	 240	 999000	 999	 1.542675e+02	 683.33	 733.33	 44.00	 38	 0.77	 
bfer_140	 2	 2	 2204.jpg	 1.552515e+02	 22	 1.107024e+03	 2200	 7.333496e+02	 98	 1.562696e+02	 683.33	 683.33	 57.00	 25	 0.59	 
bfer_140	 2	 2	 1103.jpg	 1.582550e+02	 12	 999000	 120	 999000	 999	 1.592730e+02	 683.33	 683.33	 15.00	 3	 0.57	 
bfer_140	 2	 2	 1205.jpg	 1.612583e+02	 11	 1.140243e+03	 1100	 6.833560e+02	 98	 1.622764e+02	 633.33	 683.33	 8.00	 26	 0.76	 
bfer_140	 2	 2	 1207.jpg	 1.652628e+02	 12	 999000	 120	 999000	 999	 1.662810e+02	 633.33	 683.33	 4.00	 28	 0.78	 
bfer_140	 2	 2	 2219.jpg	 1.682492e+02	 24	 999000	 240	 999000	 999	 1.692675e+02	 633.33	 683.33	 53.00	 40	 0.64	 
bfer_140	 2	 2	 2207.jpg	 1.702516e+02	 24	 999000	 240	 999000	 999	 1.712698e+02	 633.33	 683.33	 43.00	 28	 0.79	 
bfer_140	 2	 2	 1102.jpg	 1.732550e+02	 12	 999000	 120	 999000	 999	 1.742731e+02	 633.33	 683.33	 19.00	 2	 0.52	 
bfer_140	 2	 2	 1202.jpg	 1.772595e+02	 12	 999000	 120	 999000	 999	 1.782776e+02	 633.33	 683.33	 21.00	 23	 0.50	 
bfer_140	 2	 2	 2212.jpg	 1.802629e+02	 24	 999000	 240	 999000	 999	 1.812811e+02	 633.33	 683.33	 55.00	 33	 0.61	 
bfer_140	 2	 2	 1106.jpg	 1.822651e+02	 11	 8.134163e+02	 110	 6.333621e+02	 98	 1.832832e+02	 650.00	 683.33	 17.00	 6	 0.54	 
bfer_140	 2	 2	 2215.jpg	 1.842507e+02	 24	 999000	 240	 999000	 999	 1.852689e+02	 650.00	 683.33	 50.00	 36	 0.69	 
bfer_140	 2	 2	 1117.jpg	 1.892563e+02	 12	 999000	 120	 999000	 999	 1.902745e+02	 650.00	 683.33	 37.00	 17	 0.16	 
bfer_140	 2	 2	 1217.jpg	 1.932609e+02	 12	 3.456134e+02	 12	 999000	 98	 1.942790e+02	 650.00	 683.33	 13.00	 38	 0.61	 
bfer_140	 2	 2	 2121.jpg	 1.972484e+02	 22	 9.820908e+02	 220	 6.833537e+02	 98	 1.982667e+02	 650.00	 700.00	 56.00	 21	 0.60	 
bfer_140	 2	 2	 1109.jpg	 2.032553e+02	 11	 8.631633e+02	 110	 6.500344e+02	 98	 2.042735e+02	 666.67	 700.00	 9.00	 9	 0.74	 
bfer_140	 2	 2	 1111.jpg	 2.052576e+02	 12	 999000	 120	 999000	 999	 2.062758e+02	 666.67	 700.00	 18.00	 11	 0.52	 
bfer_140	 2	 2	 1216.jpg	 2.072598e+02	 12	 999000	 120	 999000	 999	 2.082781e+02	 666.67	 700.00	 20.00	 37	 0.51	 
bfer_140	 2	 2	 2201.jpg	 2.092621e+02	 22	 9.604489e+02	 220	 7.000173e+02	 98	 2.102801e+02	 666.67	 716.67	 48.00	 22	 0.74	 
bfer_140	 2	 2	 1219.jpg	 2.112643e+02	 12	 999000	 120	 999000	 999	 2.122825e+02	 666.67	 716.67	 7.00	 40	 0.77	 
bfer_140	 2	 2	 2111.jpg	 2.152521e+02	 24	 999000	 240	 999000	 999	 2.162703e+02	 666.67	 716.67	 60.00	 11	 0.51	 
bfer_140	 2	 2	 1204.jpg	 2.172544e+02	 12	 999000	 120	 999000	 999	 2.182726e+02	 666.67	 716.67	 12.00	 25	 0.64	 
bfer_140	 2	 2	 2203.jpg	 2.212588e+02	 24	 999000	 240	 999000	 999	 2.222770e+02	 666.67	 716.67	 78.00	 24	 0.24	 
bfer_140	 2	 2	 1214.jpg	 2.232611e+02	 11	 9.133721e+02	 110	 6.666868e+02	 98	 2.242793e+02	 683.33	 716.67	 16.00	 35	 0.56	 
bfer_140	 2	 2	 1121.jpg	 2.252633e+02	 12	 999000	 120	 999000	 999	 2.262815e+02	 683.33	 716.67	 22.00	 21	 0.50	 
bfer_140	 2	 2	 2202.jpg	 2.272486e+02	 24	 999000	 240	 999000	 999	 2.282670e+02	 683.33	 716.67	 52.00	 23	 0.65	 
bfer_140	 2	 2	 2214.jpg	 2.322546e+02	 22	 9.919478e+02	 220	 7.166968e+02	 98	 2.332727e+02	 683.33	 733.33	 51.00	 35	 0.67	 
bfer_140	 2	 2	 2119.jpg	 2.342567e+02	 24	 999000	 240	 999000	 999	 2.352749e+02	 683.33	 733.33	 77.00	 19	 0.24	 
bfer_140	 2	 2	 1108.jpg	 2.362590e+02	 12	 999000	 120	 999000	 999	 2.372771e+02	 683.33	 733.33	 38.00	 8	 0.14	 
bfer_140	 2	 2	 1209.jpg	 2.392623e+02	 12	 999000	 120	 999000	 999	 2.402805e+02	 683.33	 733.33	 3.00	 30	 0.87	 
bfer_140	 2	 2	 2216.jpg	 2.462535e+02	 22	 1.265025e+03	 2200	 7.333515e+02	 98	 2.472717e+02	 683.33	 683.33	 54.00	 37	 0.64	 
bfer_140	 2	 2	 2109.jpg	 2.502580e+02	 24	 999000	 240	 999000	 999	 2.512762e+02	 683.33	 683.33	 58.00	 9	 0.59	 
bfer_140	 2	 2	 2210.jpg	 2.572493e+02	 24	 999000	 240	 999000	 999	 2.582673e+02	 683.33	 683.33	 62.00	 31	 0.47	 
