subjectID	 order	 runNum	 itemName	 onsetTime	 shuff_trialType	 RT	 respInTime	 AudioTime	 response	 fixationTime	 ladder1	 ladder2	 bidIndex	 itemNameIndex	 bidValue	 
bfer_158	 2	 16	 1203.jpg	 6.422562e+02	 11	 8.945854e+02	 110	 5.833675e+02	 98	 6.432743e+02	 600.00	 516.67	 9.00	 24	 0.65	 
bfer_158	 2	 16	 2121.jpg	 6.452430e+02	 22	 8.837963e+02	 220	 5.166829e+02	 98	 6.462610e+02	 600.00	 533.33	 48.00	 21	 0.74	 
bfer_158	 2	 16	 1214.jpg	 6.492474e+02	 12	 999000	 120	 999000	 999	 6.502656e+02	 600.00	 533.33	 4.00	 35	 0.76	 
bfer_158	 2	 16	 1201.jpg	 6.512496e+02	 11	 8.371357e+02	 110	 6.000269e+02	 98	 6.522678e+02	 616.67	 533.33	 8.00	 22	 0.66	 
bfer_158	 2	 16	 1213.jpg	 6.532519e+02	 12	 999000	 120	 999000	 999	 6.542700e+02	 616.67	 533.33	 13.00	 34	 0.62	 
bfer_158	 2	 16	 2111.jpg	 6.572564e+02	 24	 999000	 240	 999000	 999	 6.582745e+02	 616.67	 533.33	 77.00	 11	 0.35	 
bfer_158	 2	 16	 2104.jpg	 6.592417e+02	 24	 999000	 240	 999000	 999	 6.602600e+02	 616.67	 533.33	 59.00	 4	 0.57	 
bfer_158	 2	 16	 2114.jpg	 6.642476e+02	 24	 999000	 240	 999000	 999	 6.652656e+02	 616.67	 533.33	 61.00	 14	 0.52	 
bfer_158	 2	 16	 2204.jpg	 6.662497e+02	 24	 999000	 240	 999000	 999	 6.672679e+02	 616.67	 533.33	 55.00	 25	 0.64	 
bfer_158	 2	 16	 2214.jpg	 6.692532e+02	 24	 999000	 240	 999000	 999	 6.702713e+02	 616.67	 533.33	 58.00	 35	 0.59	 
bfer_158	 2	 16	 2117.jpg	 6.722565e+02	 22	 1.046279e+03	 2200	 5.333484e+02	 98	 6.732746e+02	 616.67	 483.33	 51.00	 17	 0.67	 
bfer_158	 2	 16	 1101.jpg	 6.762444e+02	 11	 9.703783e+02	 110	 6.167153e+02	 98	 6.772626e+02	 633.33	 483.33	 11.00	 1	 0.63	 
bfer_158	 2	 16	 1211.jpg	 6.792478e+02	 12	 999000	 120	 999000	 999	 6.802659e+02	 633.33	 483.33	 20.00	 32	 0.55	 
bfer_158	 2	 16	 1121.jpg	 6.812500e+02	 11	 9.967790e+02	 110	 6.333523e+02	 98	 6.822681e+02	 650.00	 483.33	 16.00	 21	 0.58	 
bfer_158	 2	 16	 1105.jpg	 6.842533e+02	 12	 999000	 120	 999000	 999	 6.852715e+02	 650.00	 483.33	 12.00	 5	 0.62	 
bfer_158	 2	 16	 1204.jpg	 6.882579e+02	 12	 999000	 120	 999000	 999	 6.892759e+02	 650.00	 483.33	 15.00	 25	 0.58	 
bfer_158	 2	 16	 2206.jpg	 6.912445e+02	 24	 999000	 240	 999000	 999	 6.922628e+02	 650.00	 483.33	 43.00	 27	 0.85	 
bfer_158	 2	 16	 1219.jpg	 6.932467e+02	 11	 1.008033e+03	 1100	 6.500262e+02	 98	 6.942650e+02	 600.00	 483.33	 14.00	 40	 0.59	 
bfer_158	 2	 16	 2216.jpg	 6.952491e+02	 22	 7.736799e+02	 220	 4.833516e+02	 98	 6.962672e+02	 600.00	 500.00	 49.00	 37	 0.68	 
bfer_158	 2	 16	 2102.jpg	 7.002546e+02	 24	 999000	 240	 999000	 999	 7.012727e+02	 600.00	 500.00	 53.00	 2	 0.65	 
bfer_158	 2	 16	 2113.jpg	 7.042425e+02	 24	 999000	 240	 999000	 999	 7.052606e+02	 600.00	 500.00	 60.00	 13	 0.54	 
bfer_158	 2	 16	 1205.jpg	 7.082469e+02	 12	 999000	 120	 999000	 999	 7.092650e+02	 600.00	 500.00	 19.00	 26	 0.55	 
bfer_158	 2	 16	 1117.jpg	 7.142537e+02	 12	 999000	 120	 999000	 999	 7.152719e+02	 600.00	 500.00	 7.00	 17	 0.70	 
bfer_158	 2	 16	 2101.jpg	 7.162559e+02	 22	 8.948163e+02	 220	 5.000283e+02	 98	 7.172741e+02	 600.00	 516.67	 57.00	 1	 0.59	 
bfer_158	 2	 16	 2103.jpg	 7.182412e+02	 22	 8.695979e+02	 220	 5.166919e+02	 98	 7.192596e+02	 600.00	 533.33	 54.00	 3	 0.65	 
bfer_158	 2	 16	 2202.jpg	 7.202437e+02	 24	 999000	 240	 999000	 999	 7.212618e+02	 600.00	 533.33	 62.00	 23	 0.52	 
bfer_158	 2	 16	 1208.jpg	 7.222460e+02	 12	 999000	 120	 999000	 999	 7.232641e+02	 600.00	 533.33	 22.00	 29	 0.55	 
bfer_158	 2	 16	 2203.jpg	 7.262505e+02	 24	 999000	 240	 999000	 999	 7.272686e+02	 600.00	 533.33	 44.00	 24	 0.82	 
bfer_158	 2	 16	 1111.jpg	 7.282527e+02	 11	 9.540770e+02	 110	 6.000219e+02	 98	 7.292709e+02	 616.67	 533.33	 17.00	 11	 0.58	 
bfer_158	 2	 16	 2109.jpg	 7.322572e+02	 24	 999000	 240	 999000	 999	 7.332754e+02	 616.67	 533.33	 47.00	 9	 0.78	 
bfer_158	 2	 16	 1114.jpg	 7.342425e+02	 12	 999000	 120	 999000	 999	 7.352610e+02	 616.67	 533.33	 38.00	 14	 0.24	 
bfer_158	 2	 16	 1209.jpg	 7.362452e+02	 12	 999000	 120	 999000	 999	 7.372632e+02	 616.67	 533.33	 37.00	 30	 0.24	 
bfer_158	 2	 16	 1207.jpg	 7.382473e+02	 12	 999000	 120	 999000	 999	 7.392654e+02	 616.67	 533.33	 21.00	 28	 0.55	 
bfer_158	 2	 16	 1103.jpg	 7.432529e+02	 12	 999000	 120	 999000	 999	 7.442709e+02	 616.67	 533.33	 3.00	 3	 0.77	 
bfer_158	 2	 16	 2120.jpg	 7.452552e+02	 24	 999000	 240	 999000	 999	 7.462733e+02	 616.67	 533.33	 78.00	 20	 0.27	 
bfer_158	 2	 16	 2205.jpg	 7.472574e+02	 22	 8.373885e+02	 220	 5.333708e+02	 98	 7.482754e+02	 616.67	 550.00	 56.00	 26	 0.62	 
bfer_158	 2	 16	 1218.jpg	 7.502442e+02	 12	 999000	 120	 999000	 999	 7.512622e+02	 616.67	 550.00	 10.00	 39	 0.63	 
bfer_158	 2	 16	 1110.jpg	 7.572519e+02	 12	 999000	 120	 999000	 999	 7.582700e+02	 616.67	 550.00	 18.00	 10	 0.57	 
bfer_158	 2	 16	 2211.jpg	 7.612565e+02	 24	 999000	 240	 999000	 999	 7.622746e+02	 616.67	 550.00	 50.00	 32	 0.68	 
bfer_158	 2	 16	 2105.jpg	 7.682476e+02	 24	 999000	 240	 999000	 999	 7.692658e+02	 616.67	 550.00	 52.00	 5	 0.66	 
