subjectID	 order	 runNum	 itemName	 onsetTime	 shuff_trialType	 RT	 respInTime	 AudioTime	 response	 fixationTime	 ladder1	 ladder2	 bidIndex	 itemNameIndex	 bidValue	 
bfer_167	 1	 16	 2106.jpg	 6.340758e+02	 24	 999000	 240	 999000	 999	 6.350944e+02	 650.00	 650.00	 51.00	 6	 0.63	 
bfer_167	 1	 16	 2206.jpg	 6.370796e+02	 22	 9.673322e+02	 220	 6.500283e+02	 98	 6.380977e+02	 650.00	 666.67	 50.00	 27	 0.63	 
bfer_167	 1	 16	 2108.jpg	 6.410673e+02	 24	 999000	 240	 999000	 999	 6.420854e+02	 650.00	 666.67	 62.00	 8	 0.54	 
bfer_167	 1	 16	 1217.jpg	 6.430696e+02	 12	 999000	 120	 999000	 999	 6.440878e+02	 650.00	 666.67	 21.00	 38	 0.48	 
bfer_167	 1	 16	 2121.jpg	 6.450718e+02	 24	 999000	 240	 999000	 999	 6.460899e+02	 650.00	 666.67	 43.00	 21	 0.73	 
bfer_167	 1	 16	 1216.jpg	 6.490764e+02	 12	 999000	 120	 999000	 999	 6.500945e+02	 650.00	 666.67	 17.00	 37	 0.53	 
bfer_167	 1	 16	 2204.jpg	 6.510786e+02	 22	 9.522833e+02	 220	 6.666936e+02	 98	 6.520968e+02	 650.00	 683.33	 58.00	 25	 0.57	 
bfer_167	 1	 16	 2114.jpg	 6.560677e+02	 24	 4.032505e+02	 24	 999000	 98	 6.570856e+02	 650.00	 683.33	 56.00	 14	 0.60	 
bfer_167	 1	 16	 1206.jpg	 6.580698e+02	 12	 999000	 120	 999000	 999	 6.590879e+02	 650.00	 683.33	 20.00	 27	 0.48	 
bfer_167	 1	 16	 2120.jpg	 6.610732e+02	 24	 999000	 240	 999000	 999	 6.620914e+02	 650.00	 683.33	 54.00	 20	 0.61	 
bfer_167	 1	 16	 1117.jpg	 6.640765e+02	 12	 999000	 120	 999000	 999	 6.650946e+02	 650.00	 683.33	 38.00	 17	 0.25	 
bfer_167	 1	 16	 1101.jpg	 6.680811e+02	 12	 999000	 120	 999000	 999	 6.690991e+02	 650.00	 683.33	 37.00	 1	 0.32	 
bfer_167	 1	 16	 1205.jpg	 6.710678e+02	 11	 8.750989e+02	 110	 6.500175e+02	 98	 6.720859e+02	 666.67	 683.33	 7.00	 26	 0.67	 
bfer_167	 1	 16	 1219.jpg	 6.730700e+02	 12	 999000	 120	 999000	 999	 6.740881e+02	 666.67	 683.33	 11.00	 40	 0.63	 
bfer_167	 1	 16	 2215.jpg	 6.760734e+02	 24	 999000	 240	 999000	 999	 6.770915e+02	 666.67	 683.33	 77.00	 36	 0.17	 
bfer_167	 1	 16	 1106.jpg	 6.800779e+02	 12	 999000	 120	 999000	 999	 6.810960e+02	 666.67	 683.33	 9.00	 6	 0.64	 
bfer_167	 1	 16	 2214.jpg	 6.830812e+02	 24	 999000	 240	 999000	 999	 6.840993e+02	 666.67	 683.33	 59.00	 35	 0.56	 
bfer_167	 1	 16	 1203.jpg	 6.850668e+02	 12	 999000	 120	 999000	 999	 6.860849e+02	 666.67	 683.33	 22.00	 24	 0.48	 
bfer_167	 1	 16	 1120.jpg	 6.870690e+02	 12	 999000	 120	 999000	 999	 6.880872e+02	 666.67	 683.33	 8.00	 20	 0.65	 
bfer_167	 1	 16	 1102.jpg	 6.920747e+02	 11	 1.020174e+03	 1100	 6.666926e+02	 98	 6.930927e+02	 616.67	 683.33	 13.00	 2	 0.60	 
bfer_167	 1	 16	 1118.jpg	 6.960791e+02	 11	 9.997813e+02	 110	 6.166825e+02	 98	 6.970973e+02	 633.33	 683.33	 15.00	 18	 0.59	 
bfer_167	 1	 16	 2109.jpg	 7.000671e+02	 24	 999000	 240	 999000	 999	 7.010852e+02	 633.33	 683.33	 48.00	 9	 0.64	 
bfer_167	 1	 16	 1121.jpg	 7.060737e+02	 11	 8.451682e+02	 110	 6.333474e+02	 98	 7.070919e+02	 650.00	 683.33	 10.00	 21	 0.63	 
bfer_167	 1	 16	 2118.jpg	 7.080760e+02	 24	 999000	 240	 999000	 999	 7.090941e+02	 650.00	 683.33	 57.00	 18	 0.59	 
bfer_167	 1	 16	 1115.jpg	 7.100783e+02	 12	 999000	 120	 999000	 999	 7.110963e+02	 650.00	 683.33	 14.00	 15	 0.59	 
bfer_167	 1	 16	 1104.jpg	 7.120804e+02	 12	 999000	 120	 999000	 999	 7.130987e+02	 650.00	 683.33	 19.00	 4	 0.49	 
bfer_167	 1	 16	 1209.jpg	 7.140658e+02	 11	 9.171179e+02	 110	 6.500196e+02	 98	 7.150841e+02	 666.67	 683.33	 12.00	 30	 0.60	 
bfer_167	 1	 16	 2113.jpg	 7.180706e+02	 22	 1.208314e+03	 2200	 6.833532e+02	 98	 7.190887e+02	 666.67	 633.33	 55.00	 13	 0.61	 
bfer_167	 1	 16	 1204.jpg	 7.200728e+02	 12	 999000	 120	 999000	 999	 7.210910e+02	 666.67	 633.33	 4.00	 25	 0.70	 
bfer_167	 1	 16	 2213.jpg	 7.240772e+02	 24	 999000	 240	 999000	 999	 7.250955e+02	 666.67	 633.33	 44.00	 34	 0.73	 
bfer_167	 1	 16	 1113.jpg	 7.260795e+02	 11	 9.354225e+02	 110	 6.666937e+02	 98	 7.270977e+02	 683.33	 633.33	 18.00	 13	 0.52	 
bfer_167	 1	 16	 2102.jpg	 7.280649e+02	 24	 999000	 240	 999000	 999	 7.290832e+02	 683.33	 633.33	 61.00	 2	 0.54	 
bfer_167	 1	 16	 2217.jpg	 7.300673e+02	 24	 3.955906e+02	 24	 999000	 98	 7.310856e+02	 683.33	 633.33	 60.00	 38	 0.55	 
bfer_167	 1	 16	 2219.jpg	 7.350730e+02	 24	 999000	 240	 999000	 999	 7.360911e+02	 683.33	 633.33	 49.00	 40	 0.64	 
bfer_167	 1	 16	 2210.jpg	 7.370751e+02	 24	 7.957366e+02	 24	 999000	 98	 7.380933e+02	 683.33	 633.33	 78.00	 31	 0.14	 
bfer_167	 1	 16	 2201.jpg	 7.390774e+02	 22	 9.134672e+02	 220	 6.333593e+02	 98	 7.400956e+02	 683.33	 650.00	 52.00	 22	 0.63	 
bfer_167	 1	 16	 2110.jpg	 7.420809e+02	 22	 9.500298e+02	 220	 6.500259e+02	 98	 7.430990e+02	 683.33	 666.67	 47.00	 10	 0.66	 
bfer_167	 1	 16	 1114.jpg	 7.490720e+02	 12	 999000	 120	 999000	 999	 7.500902e+02	 683.33	 666.67	 16.00	 14	 0.54	 
bfer_167	 1	 16	 1202.jpg	 7.530765e+02	 12	 3.303704e+02	 12	 999000	 98	 7.540948e+02	 683.33	 666.67	 3.00	 23	 0.70	 
bfer_167	 1	 16	 2107.jpg	 7.600677e+02	 22	 9.072197e+02	 220	 6.666824e+02	 98	 7.610859e+02	 683.33	 683.33	 53.00	 7	 0.61	 
