subjectID	 order	 runNum	 itemName	 onsetTime	 shuff_trialType	 RT	 respInTime	 AudioTime	 response	 fixationTime	 ladder1	 ladder2	 bidIndex	 itemNameIndex	 bidValue	 
bfer_123	 1	 8	 2105.jpg	 1.077253e+03	 24	 999000	 240	 999000	 999	 1.078271e+03	 916.67	 650.00	 77.00	 5	 0.22	 
bfer_123	 1	 8	 1115.jpg	 1.080256e+03	 12	 999000	 120	 999000	 999	 1.081274e+03	 916.67	 650.00	 21.00	 15	 0.50	 
bfer_123	 1	 8	 2219.jpg	 1.082242e+03	 24	 999000	 240	 999000	 999	 1.083260e+03	 916.67	 650.00	 51.00	 40	 0.65	 
bfer_123	 1	 8	 2207.jpg	 1.084244e+03	 24	 999000	 240	 999000	 999	 1.085262e+03	 916.67	 650.00	 59.00	 28	 0.56	 
bfer_123	 1	 8	 2201.jpg	 1.086246e+03	 24	 999000	 240	 999000	 999	 1.087264e+03	 916.67	 650.00	 56.00	 22	 0.56	 
bfer_123	 1	 8	 2101.jpg	 1.089250e+03	 22	 6.051855e+02	 22	 6.500222e+02	 98	 1.090268e+03	 916.67	 666.67	 52.00	 1	 0.64	 
bfer_123	 1	 8	 1211.jpg	 1.091252e+03	 11	 6.427560e+02	 11	 9.166922e+02	 98	 1.092353e+03	 916.67	 666.67	 7.00	 32	 0.71	 
bfer_123	 1	 8	 2209.jpg	 1.095256e+03	 24	 999000	 240	 999000	 999	 1.096275e+03	 916.67	 666.67	 57.00	 30	 0.56	 
bfer_123	 1	 8	 1121.jpg	 1.097242e+03	 12	 999000	 120	 999000	 999	 1.098260e+03	 916.67	 666.67	 11.00	 21	 0.66	 
bfer_123	 1	 8	 2205.jpg	 1.102248e+03	 24	 999000	 240	 999000	 999	 1.103266e+03	 916.67	 666.67	 48.00	 26	 0.70	 
bfer_123	 1	 8	 1216.jpg	 1.104250e+03	 12	 999000	 120	 999000	 999	 1.105268e+03	 916.67	 666.67	 14.00	 37	 0.64	 
bfer_123	 1	 8	 2216.jpg	 1.108254e+03	 22	 8.805420e+02	 220	 6.666826e+02	 98	 1.109272e+03	 916.67	 683.33	 47.00	 37	 0.78	 
bfer_123	 1	 8	 1119.jpg	 1.110257e+03	 12	 999000	 120	 999000	 999	 1.111275e+03	 916.67	 683.33	 19.00	 19	 0.54	 
bfer_123	 1	 8	 2111.jpg	 1.113243e+03	 24	 999000	 240	 999000	 999	 1.114261e+03	 916.67	 683.33	 62.00	 11	 0.47	 
bfer_123	 1	 8	 1206.jpg	 1.118249e+03	 12	 999000	 120	 999000	 999	 1.119267e+03	 916.67	 683.33	 16.00	 27	 0.63	 
bfer_123	 1	 8	 1114.jpg	 1.120251e+03	 11	 5.396783e+02	 11	 9.166809e+02	 98	 1.121353e+03	 916.67	 683.33	 13.00	 14	 0.64	 
bfer_123	 1	 8	 1102.jpg	 1.122253e+03	 12	 999000	 120	 999000	 999	 1.123272e+03	 916.67	 683.33	 37.00	 2	 0.20	 
bfer_123	 1	 8	 1219.jpg	 1.126258e+03	 12	 999000	 120	 999000	 999	 1.127276e+03	 916.67	 683.33	 3.00	 40	 0.82	 
bfer_123	 1	 8	 1207.jpg	 1.130246e+03	 12	 999000	 120	 999000	 999	 1.131264e+03	 916.67	 683.33	 9.00	 28	 0.67	 
bfer_123	 1	 8	 1106.jpg	 1.134250e+03	 12	 999000	 120	 999000	 999	 1.135268e+03	 916.67	 683.33	 22.00	 6	 0.45	 
bfer_123	 1	 8	 1215.jpg	 1.136252e+03	 11	 8.664059e+02	 11	 9.166926e+02	 98	 1.137354e+03	 916.67	 683.33	 10.00	 36	 0.66	 
bfer_123	 1	 8	 2113.jpg	 1.138255e+03	 24	 999000	 240	 999000	 999	 1.139273e+03	 916.67	 683.33	 78.00	 13	 0.21	 
bfer_123	 1	 8	 2109.jpg	 1.140257e+03	 24	 999000	 240	 999000	 999	 1.141275e+03	 916.67	 683.33	 60.00	 9	 0.51	 
bfer_123	 1	 8	 2119.jpg	 1.142242e+03	 24	 999000	 240	 999000	 999	 1.143261e+03	 916.67	 683.33	 54.00	 19	 0.62	 
bfer_123	 1	 8	 2206.jpg	 1.148249e+03	 22	 6.535322e+02	 22	 6.833486e+02	 98	 1.149267e+03	 916.67	 700.00	 58.00	 27	 0.56	 
bfer_123	 1	 8	 1101.jpg	 1.151253e+03	 12	 6.582167e+02	 12	 999000	 98	 1.152271e+03	 916.67	 700.00	 4.00	 1	 0.76	 
bfer_123	 1	 8	 1120.jpg	 1.153255e+03	 11	 5.439802e+02	 11	 9.166945e+02	 98	 1.154356e+03	 916.67	 700.00	 15.00	 20	 0.64	 
bfer_123	 1	 8	 1117.jpg	 1.155257e+03	 11	 6.457381e+02	 11	 9.166822e+02	 98	 1.156359e+03	 916.67	 700.00	 18.00	 17	 0.57	 
bfer_123	 1	 8	 1213.jpg	 1.158244e+03	 12	 7.869763e+02	 12	 999000	 98	 1.159262e+03	 916.67	 700.00	 20.00	 34	 0.51	 
bfer_123	 1	 8	 2114.jpg	 1.160246e+03	 24	 999000	 240	 999000	 999	 1.161264e+03	 916.67	 700.00	 49.00	 14	 0.70	 
bfer_123	 1	 8	 2115.jpg	 1.162248e+03	 22	 1.038423e+03	 2200	 7.000131e+02	 98	 1.163266e+03	 916.67	 650.00	 55.00	 15	 0.57	 
bfer_123	 1	 8	 2214.jpg	 1.164251e+03	 24	 999000	 240	 999000	 999	 1.165269e+03	 916.67	 650.00	 61.00	 35	 0.50	 
bfer_123	 1	 8	 2215.jpg	 1.167254e+03	 24	 999000	 240	 999000	 999	 1.168272e+03	 916.67	 650.00	 43.00	 36	 0.86	 
bfer_123	 1	 8	 1110.jpg	 1.169256e+03	 12	 999000	 120	 999000	 999	 1.170274e+03	 916.67	 650.00	 8.00	 10	 0.68	 
bfer_123	 1	 8	 2217.jpg	 1.171241e+03	 22	 8.134854e+02	 220	 6.500267e+02	 98	 1.172260e+03	 916.67	 666.67	 50.00	 38	 0.65	 
bfer_123	 1	 8	 1217.jpg	 1.173244e+03	 12	 999000	 120	 999000	 999	 1.174262e+03	 916.67	 666.67	 17.00	 38	 0.60	 
bfer_123	 1	 8	 2213.jpg	 1.175246e+03	 22	 6.967271e+02	 220	 6.666904e+02	 98	 1.176264e+03	 916.67	 683.33	 53.00	 34	 0.64	 
bfer_123	 1	 8	 1201.jpg	 1.181253e+03	 11	 1.121948e+03	 1100	 9.166804e+02	 98	 1.182355e+03	 866.67	 683.33	 12.00	 22	 0.66	 
bfer_123	 1	 8	 2120.jpg	 1.184256e+03	 24	 999000	 240	 999000	 999	 1.185274e+03	 866.67	 683.33	 44.00	 20	 0.82	 
bfer_123	 1	 8	 1203.jpg	 1.188244e+03	 12	 999000	 120	 999000	 999	 1.189262e+03	 866.67	 683.33	 38.00	 24	 0.18	 
