subjectID	 order	 runNum	 itemName	 onsetTime	 shuff_trialType	 RT	 respInTime	 AudioTime	 response	 fixationTime	 ladder1	 ladder2	 bidIndex	 itemNameIndex	 bidValue	 
bfer_115	 1	 7	 1115.jpg	 9.219599e+02	 12	 999000	 120	 999000	 999	 9.229781e+02	 283.33	 283.33	 8.00	 15	 0.69	 
bfer_115	 1	 7	 1120.jpg	 9.239624e+02	 12	 999000	 120	 999000	 999	 9.249803e+02	 283.33	 283.33	 19.00	 20	 0.52	 
bfer_115	 1	 7	 1207.jpg	 9.279500e+02	 11	 5.049592e+02	 110	 2.833541e+02	 98	 9.289681e+02	 300.00	 283.33	 13.00	 28	 0.63	 
bfer_115	 1	 7	 2205.jpg	 9.309534e+02	 22	 5.015023e+02	 220	 2.833801e+02	 98	 9.319715e+02	 300.00	 300.00	 50.00	 26	 0.68	 
bfer_115	 1	 7	 1102.jpg	 9.329557e+02	 12	 999000	 120	 999000	 999	 9.339738e+02	 300.00	 300.00	 22.00	 2	 0.51	 
bfer_115	 1	 7	 2207.jpg	 9.359590e+02	 22	 5.039509e+02	 220	 3.000295e+02	 98	 9.369773e+02	 300.00	 316.67	 53.00	 28	 0.62	 
bfer_115	 1	 7	 2106.jpg	 9.399635e+02	 22	 4.994703e+02	 220	 3.166845e+02	 98	 9.409816e+02	 300.00	 333.33	 58.00	 6	 0.56	 
bfer_115	 1	 7	 2209.jpg	 9.439512e+02	 24	 999000	 240	 999000	 999	 9.449694e+02	 300.00	 333.33	 56.00	 30	 0.58	 
bfer_115	 1	 7	 2109.jpg	 9.459536e+02	 24	 999000	 240	 999000	 999	 9.469716e+02	 300.00	 333.33	 48.00	 9	 0.71	 
bfer_115	 1	 7	 2201.jpg	 9.509592e+02	 22	 6.237902e+02	 220	 3.333463e+02	 98	 9.519773e+02	 300.00	 350.00	 52.00	 22	 0.63	 
bfer_115	 1	 7	 1117.jpg	 9.529614e+02	 12	 999000	 120	 999000	 999	 9.539796e+02	 300.00	 350.00	 37.00	 17	 0.19	 
bfer_115	 1	 7	 2210.jpg	 9.549637e+02	 24	 999000	 240	 999000	 999	 9.559818e+02	 300.00	 350.00	 59.00	 31	 0.55	 
bfer_115	 1	 7	 2204.jpg	 9.609538e+02	 24	 2.691824e+02	 24	 999000	 98	 9.619718e+02	 300.00	 350.00	 62.00	 25	 0.53	 
bfer_115	 1	 7	 2219.jpg	 9.629561e+02	 24	 999000	 240	 999000	 999	 9.639741e+02	 300.00	 350.00	 43.00	 40	 0.91	 
bfer_115	 1	 7	 2214.jpg	 9.649582e+02	 24	 999000	 240	 999000	 999	 9.659765e+02	 300.00	 350.00	 51.00	 35	 0.64	 
bfer_115	 1	 7	 2114.jpg	 9.669605e+02	 24	 999000	 240	 999000	 999	 9.679787e+02	 300.00	 350.00	 57.00	 14	 0.57	 
bfer_115	 1	 7	 1214.jpg	 9.709650e+02	 11	 4.979803e+02	 110	 3.000155e+02	 98	 9.719832e+02	 316.67	 350.00	 15.00	 35	 0.56	 
bfer_115	 1	 7	 1209.jpg	 9.749528e+02	 12	 999000	 120	 999000	 999	 9.759709e+02	 316.67	 350.00	 3.00	 30	 0.81	 
bfer_115	 1	 7	 1218.jpg	 9.779561e+02	 11	 6.027916e+02	 110	 3.166950e+02	 98	 9.789743e+02	 333.33	 350.00	 18.00	 39	 0.54	 
bfer_115	 1	 7	 2111.jpg	 9.819606e+02	 24	 999000	 240	 999000	 999	 9.829788e+02	 333.33	 350.00	 49.00	 11	 0.68	 
bfer_115	 1	 7	 1109.jpg	 9.849641e+02	 12	 999000	 120	 999000	 999	 9.859822e+02	 333.33	 350.00	 9.00	 9	 0.66	 
bfer_115	 1	 7	 1108.jpg	 9.869492e+02	 12	 999000	 120	 999000	 999	 9.879678e+02	 333.33	 350.00	 38.00	 8	 0.19	 
bfer_115	 1	 7	 2212.jpg	 9.909541e+02	 24	 999000	 240	 999000	 999	 9.919722e+02	 333.33	 350.00	 60.00	 33	 0.54	 
bfer_115	 1	 7	 2121.jpg	 9.929564e+02	 24	 999000	 240	 999000	 999	 9.939745e+02	 333.33	 350.00	 44.00	 21	 0.84	 
bfer_115	 1	 7	 1217.jpg	 9.949587e+02	 12	 999000	 120	 999000	 999	 9.959769e+02	 333.33	 350.00	 16.00	 38	 0.56	 
bfer_115	 1	 7	 2208.jpg	 9.989632e+02	 22	 5.557738e+02	 220	 3.500132e+02	 98	 9.999813e+02	 333.33	 366.67	 55.00	 29	 0.59	 
bfer_115	 1	 7	 1106.jpg	 1.000948e+03	 12	 999000	 120	 999000	 999	 1.001967e+03	 333.33	 366.67	 14.00	 6	 0.62	 
bfer_115	 1	 7	 2108.jpg	 1.004953e+03	 24	 999000	 240	 999000	 999	 1.005971e+03	 333.33	 366.67	 78.00	 8	 0.18	 
bfer_115	 1	 7	 2102.jpg	 1.008958e+03	 24	 999000	 240	 999000	 999	 1.009976e+03	 333.33	 366.67	 77.00	 2	 0.20	 
bfer_115	 1	 7	 1219.jpg	 1.011961e+03	 12	 999000	 120	 999000	 999	 1.012979e+03	 333.33	 366.67	 4.00	 40	 0.78	 
bfer_115	 1	 7	 1213.jpg	 1.017951e+03	 12	 999000	 120	 999000	 999	 1.018969e+03	 333.33	 366.67	 20.00	 34	 0.52	 
bfer_115	 1	 7	 2115.jpg	 1.019953e+03	 24	 999000	 240	 999000	 999	 1.020972e+03	 333.33	 366.67	 54.00	 15	 0.60	 
bfer_115	 1	 7	 1211.jpg	 1.023958e+03	 11	 6.411373e+02	 110	 3.333573e+02	 98	 1.024976e+03	 350.00	 366.67	 12.00	 32	 0.63	 
bfer_115	 1	 7	 1208.jpg	 1.025960e+03	 11	 3.108500e+02	 11	 3.500205e+02	 98	 1.026978e+03	 366.67	 366.67	 10.00	 29	 0.65	 
bfer_115	 1	 7	 1107.jpg	 1.027962e+03	 12	 999000	 120	 999000	 999	 1.028980e+03	 366.67	 366.67	 17.00	 7	 0.55	 
bfer_115	 1	 7	 1204.jpg	 1.029948e+03	 11	 6.591547e+02	 110	 3.666830e+02	 98	 1.030966e+03	 383.33	 366.67	 7.00	 25	 0.69	 
bfer_115	 1	 7	 2211.jpg	 1.034954e+03	 22	 5.574294e+02	 220	 3.666879e+02	 98	 1.035972e+03	 383.33	 383.33	 47.00	 32	 0.73	 
bfer_115	 1	 7	 1103.jpg	 1.036956e+03	 12	 999000	 120	 999000	 999	 1.037974e+03	 383.33	 383.33	 11.00	 3	 0.64	 
bfer_115	 1	 7	 1111.jpg	 1.038958e+03	 12	 999000	 120	 999000	 999	 1.039976e+03	 383.33	 383.33	 21.00	 11	 0.51	 
bfer_115	 1	 7	 2218.jpg	 1.041961e+03	 24	 999000	 240	 999000	 999	 1.042980e+03	 383.33	 383.33	 61.00	 39	 0.54	 
