subjectID	 order	 runNum	 itemName	 onsetTime	 shuff_trialType	 RT	 respInTime	 AudioTime	 response	 fixationTime	 ladder1	 ladder2	 bidIndex	 itemNameIndex	 bidValue	 
bfer_167	 1	 5	 2214.jpg	 4.946580e+02	 24	 999000	 240	 999000	 999	 4.956763e+02	 683.33	 683.33	 59.00	 35	 0.56	 
bfer_167	 1	 5	 1113.jpg	 4.996637e+02	 11	 9.668810e+02	 110	 6.833532e+02	 98	 5.006819e+02	 700.00	 683.33	 18.00	 13	 0.52	 
bfer_167	 1	 5	 1114.jpg	 5.016660e+02	 12	 999000	 120	 999000	 999	 5.026841e+02	 700.00	 683.33	 16.00	 14	 0.54	 
bfer_167	 1	 5	 2210.jpg	 5.036514e+02	 24	 999000	 240	 999000	 999	 5.046698e+02	 700.00	 683.33	 78.00	 31	 0.14	 
bfer_167	 1	 5	 1118.jpg	 5.096584e+02	 11	 9.642395e+02	 110	 7.000234e+02	 98	 5.106765e+02	 716.67	 683.33	 15.00	 18	 0.59	 
bfer_167	 1	 5	 1121.jpg	 5.116606e+02	 11	 9.460252e+02	 110	 7.166807e+02	 98	 5.126787e+02	 733.33	 683.33	 10.00	 21	 0.63	 
bfer_167	 1	 5	 1117.jpg	 5.146639e+02	 12	 999000	 120	 999000	 999	 5.156821e+02	 733.33	 683.33	 38.00	 17	 0.25	 
bfer_167	 1	 5	 2113.jpg	 5.166662e+02	 22	 1.036409e+03	 2200	 6.833592e+02	 98	 5.176844e+02	 733.33	 633.33	 55.00	 13	 0.61	 
bfer_167	 1	 5	 2215.jpg	 5.206540e+02	 24	 999000	 240	 999000	 999	 5.216722e+02	 733.33	 633.33	 77.00	 36	 0.17	 
bfer_167	 1	 5	 2213.jpg	 5.226565e+02	 24	 4.221283e+02	 24	 999000	 98	 5.236744e+02	 733.33	 633.33	 44.00	 34	 0.73	 
bfer_167	 1	 5	 2109.jpg	 5.276619e+02	 24	 999000	 240	 999000	 999	 5.286801e+02	 733.33	 633.33	 48.00	 9	 0.64	 
bfer_167	 1	 5	 2217.jpg	 5.346531e+02	 24	 999000	 240	 999000	 999	 5.356713e+02	 733.33	 633.33	 60.00	 38	 0.55	 
bfer_167	 1	 5	 2114.jpg	 5.366553e+02	 24	 999000	 240	 999000	 999	 5.376735e+02	 733.33	 633.33	 56.00	 14	 0.60	 
bfer_167	 1	 5	 2204.jpg	 5.396587e+02	 22	 8.758989e+02	 220	 6.333545e+02	 98	 5.406769e+02	 733.33	 650.00	 58.00	 25	 0.57	 
bfer_167	 1	 5	 1115.jpg	 5.426621e+02	 12	 999000	 120	 999000	 999	 5.436802e+02	 733.33	 650.00	 14.00	 15	 0.59	 
bfer_167	 1	 5	 2110.jpg	 5.466665e+02	 22	 8.680496e+02	 220	 6.500179e+02	 98	 5.476847e+02	 733.33	 666.67	 47.00	 10	 0.66	 
bfer_167	 1	 5	 1202.jpg	 5.506544e+02	 12	 999000	 120	 999000	 999	 5.516726e+02	 733.33	 666.67	 3.00	 23	 0.70	 
bfer_167	 1	 5	 1101.jpg	 5.546589e+02	 12	 999000	 120	 999000	 999	 5.556771e+02	 733.33	 666.67	 37.00	 1	 0.32	 
bfer_167	 1	 5	 2201.jpg	 5.576623e+02	 22	 9.443380e+02	 220	 6.666907e+02	 98	 5.586804e+02	 733.33	 683.33	 52.00	 22	 0.63	 
bfer_167	 1	 5	 1217.jpg	 5.636520e+02	 12	 999000	 120	 999000	 999	 5.646705e+02	 733.33	 683.33	 21.00	 38	 0.48	 
bfer_167	 1	 5	 1205.jpg	 5.656546e+02	 11	 9.920572e+02	 110	 7.333513e+02	 98	 5.666728e+02	 750.00	 683.33	 7.00	 26	 0.67	 
bfer_167	 1	 5	 1106.jpg	 5.686579e+02	 12	 999000	 120	 999000	 999	 5.696761e+02	 750.00	 683.33	 9.00	 6	 0.64	 
bfer_167	 1	 5	 1206.jpg	 5.706601e+02	 12	 999000	 120	 999000	 999	 5.716783e+02	 750.00	 683.33	 20.00	 27	 0.48	 
bfer_167	 1	 5	 2108.jpg	 5.726625e+02	 24	 999000	 240	 999000	 999	 5.736806e+02	 750.00	 683.33	 62.00	 8	 0.54	 
bfer_167	 1	 5	 2206.jpg	 5.746647e+02	 22	 8.859096e+02	 220	 6.833494e+02	 98	 5.756829e+02	 750.00	 700.00	 50.00	 27	 0.63	 
bfer_167	 1	 5	 1120.jpg	 5.776681e+02	 12	 999000	 120	 999000	 999	 5.786862e+02	 750.00	 700.00	 8.00	 20	 0.65	 
bfer_167	 1	 5	 2107.jpg	 5.816559e+02	 22	 9.186991e+02	 220	 7.000243e+02	 98	 5.826740e+02	 750.00	 716.67	 53.00	 7	 0.61	 
bfer_167	 1	 5	 1203.jpg	 5.836581e+02	 12	 999000	 120	 999000	 999	 5.846763e+02	 750.00	 716.67	 22.00	 24	 0.48	 
bfer_167	 1	 5	 1104.jpg	 5.856604e+02	 12	 999000	 120	 999000	 999	 5.866785e+02	 750.00	 716.67	 19.00	 4	 0.49	 
bfer_167	 1	 5	 1209.jpg	 5.876626e+02	 11	 1.007969e+03	 1100	 7.500250e+02	 98	 5.886808e+02	 700.00	 716.67	 12.00	 30	 0.60	 
bfer_167	 1	 5	 2118.jpg	 5.896649e+02	 24	 999000	 240	 999000	 999	 5.906830e+02	 700.00	 716.67	 57.00	 18	 0.59	 
bfer_167	 1	 5	 1216.jpg	 5.916672e+02	 12	 999000	 120	 999000	 999	 5.926854e+02	 700.00	 716.67	 17.00	 37	 0.53	 
bfer_167	 1	 5	 2120.jpg	 5.956549e+02	 24	 999000	 240	 999000	 999	 5.966731e+02	 700.00	 716.67	 54.00	 20	 0.61	 
bfer_167	 1	 5	 1102.jpg	 5.996595e+02	 11	 9.231605e+02	 110	 7.000609e+02	 98	 6.006776e+02	 716.67	 716.67	 13.00	 2	 0.60	 
bfer_167	 1	 5	 2219.jpg	 6.016618e+02	 24	 999000	 240	 999000	 999	 6.026798e+02	 716.67	 716.67	 49.00	 40	 0.64	 
bfer_167	 1	 5	 1219.jpg	 6.036640e+02	 12	 999000	 120	 999000	 999	 6.046821e+02	 716.67	 716.67	 11.00	 40	 0.63	 
bfer_167	 1	 5	 2102.jpg	 6.056662e+02	 24	 999000	 240	 999000	 999	 6.066843e+02	 716.67	 716.67	 61.00	 2	 0.54	 
bfer_167	 1	 5	 2106.jpg	 6.076515e+02	 24	 999000	 240	 999000	 999	 6.086699e+02	 716.67	 716.67	 51.00	 6	 0.63	 
bfer_167	 1	 5	 1204.jpg	 6.136585e+02	 12	 999000	 120	 999000	 999	 6.146767e+02	 716.67	 716.67	 4.00	 25	 0.70	 
bfer_167	 1	 5	 2121.jpg	 6.156608e+02	 24	 999000	 240	 999000	 999	 6.166789e+02	 716.67	 716.67	 43.00	 21	 0.73	 
