subjectID	 order	 runNum	 itemName	 onsetTime	 shuff_trialType	 RT	 respInTime	 AudioTime	 response	 fixationTime	 ladder1	 ladder2	 bidIndex	 itemNameIndex	 bidValue	 
bfer_115	 1	 15	 2106.jpg	 5.517333e+02	 22	 9.614205e+02	 220	 6.833480e+02	 98	 5.527513e+02	 750.00	 700.00	 58.00	 6	 0.56	 
bfer_115	 1	 15	 1117.jpg	 5.547200e+02	 12	 999000	 120	 999000	 999	 5.557378e+02	 750.00	 700.00	 37.00	 17	 0.19	 
bfer_115	 1	 15	 1115.jpg	 5.567223e+02	 12	 999000	 120	 999000	 999	 5.577401e+02	 750.00	 700.00	 8.00	 15	 0.69	 
bfer_115	 1	 15	 1106.jpg	 5.587245e+02	 12	 999000	 120	 999000	 999	 5.597423e+02	 750.00	 700.00	 14.00	 6	 0.62	 
bfer_115	 1	 15	 2205.jpg	 5.607268e+02	 22	 9.678791e+02	 220	 7.000142e+02	 98	 5.617445e+02	 750.00	 716.67	 50.00	 26	 0.68	 
bfer_115	 1	 15	 2211.jpg	 5.637135e+02	 22	 9.491711e+02	 220	 7.166890e+02	 98	 5.647312e+02	 750.00	 733.33	 47.00	 32	 0.73	 
bfer_115	 1	 15	 1107.jpg	 5.657158e+02	 12	 999000	 120	 999000	 999	 5.667336e+02	 750.00	 733.33	 17.00	 7	 0.55	 
bfer_115	 1	 15	 1214.jpg	 5.697202e+02	 11	 9.984849e+02	 110	 7.500264e+02	 98	 5.707381e+02	 766.67	 733.33	 15.00	 35	 0.56	 
bfer_115	 1	 15	 1208.jpg	 5.717225e+02	 11	 9.802571e+02	 110	 7.666852e+02	 98	 5.727402e+02	 783.33	 733.33	 10.00	 29	 0.65	 
bfer_115	 1	 15	 1111.jpg	 5.767283e+02	 12	 999000	 120	 999000	 999	 5.777459e+02	 783.33	 733.33	 21.00	 11	 0.51	 
bfer_115	 1	 15	 2114.jpg	 5.787137e+02	 24	 999000	 240	 999000	 999	 5.797314e+02	 783.33	 733.33	 57.00	 14	 0.57	 
bfer_115	 1	 15	 2108.jpg	 5.827182e+02	 24	 999000	 240	 999000	 999	 5.837360e+02	 783.33	 733.33	 78.00	 8	 0.18	 
bfer_115	 1	 15	 2201.jpg	 5.847204e+02	 22	 1.110287e+03	 2200	 7.333516e+02	 98	 5.857382e+02	 783.33	 683.33	 52.00	 22	 0.63	 
bfer_115	 1	 15	 1109.jpg	 5.877238e+02	 12	 999000	 120	 999000	 999	 5.887416e+02	 783.33	 683.33	 9.00	 9	 0.66	 
bfer_115	 1	 15	 1211.jpg	 5.927125e+02	 11	 1.046216e+03	 1100	 7.833588e+02	 98	 5.937306e+02	 733.33	 683.33	 12.00	 32	 0.63	 
bfer_115	 1	 15	 1108.jpg	 5.947150e+02	 12	 999000	 120	 999000	 999	 5.957328e+02	 733.33	 683.33	 38.00	 8	 0.19	 
bfer_115	 1	 15	 2212.jpg	 5.967172e+02	 24	 999000	 240	 999000	 999	 5.977350e+02	 733.33	 683.33	 60.00	 33	 0.54	 
bfer_115	 1	 15	 2218.jpg	 6.007217e+02	 24	 999000	 240	 999000	 999	 6.017396e+02	 733.33	 683.33	 61.00	 39	 0.54	 
bfer_115	 1	 15	 2111.jpg	 6.047263e+02	 24	 999000	 240	 999000	 999	 6.057440e+02	 733.33	 683.33	 49.00	 11	 0.68	 
bfer_115	 1	 15	 2208.jpg	 6.087141e+02	 22	 9.165851e+02	 220	 6.833574e+02	 98	 6.097319e+02	 733.33	 700.00	 55.00	 29	 0.59	 
bfer_115	 1	 15	 1209.jpg	 6.107163e+02	 12	 999000	 120	 999000	 999	 6.117341e+02	 733.33	 700.00	 3.00	 30	 0.81	 
bfer_115	 1	 15	 1218.jpg	 6.127185e+02	 11	 1.024178e+03	 1100	 7.333528e+02	 98	 6.137365e+02	 683.33	 700.00	 18.00	 39	 0.54	 
bfer_115	 1	 15	 2214.jpg	 6.147208e+02	 24	 999000	 240	 999000	 999	 6.157386e+02	 683.33	 700.00	 51.00	 35	 0.64	 
bfer_115	 1	 15	 1102.jpg	 6.167230e+02	 12	 999000	 120	 999000	 999	 6.177408e+02	 683.33	 700.00	 22.00	 2	 0.51	 
bfer_115	 1	 15	 2204.jpg	 6.227129e+02	 24	 999000	 240	 999000	 999	 6.237309e+02	 683.33	 700.00	 62.00	 25	 0.53	 
bfer_115	 1	 15	 2121.jpg	 6.257165e+02	 24	 999000	 240	 999000	 999	 6.267343e+02	 683.33	 700.00	 44.00	 21	 0.84	 
bfer_115	 1	 15	 1120.jpg	 6.277188e+02	 12	 999000	 120	 999000	 999	 6.287365e+02	 683.33	 700.00	 19.00	 20	 0.52	 
bfer_115	 1	 15	 2109.jpg	 6.297210e+02	 24	 999000	 240	 999000	 999	 6.307388e+02	 683.33	 700.00	 48.00	 9	 0.71	 
bfer_115	 1	 15	 2115.jpg	 6.327245e+02	 24	 999000	 240	 999000	 999	 6.337422e+02	 683.33	 700.00	 54.00	 15	 0.60	 
bfer_115	 1	 15	 1103.jpg	 6.347268e+02	 12	 999000	 120	 999000	 999	 6.357444e+02	 683.33	 700.00	 11.00	 3	 0.64	 
bfer_115	 1	 15	 1213.jpg	 6.367124e+02	 12	 999000	 120	 999000	 999	 6.377300e+02	 683.33	 700.00	 20.00	 34	 0.52	 
bfer_115	 1	 15	 1217.jpg	 6.387145e+02	 12	 999000	 120	 999000	 999	 6.397323e+02	 683.33	 700.00	 16.00	 38	 0.56	 
bfer_115	 1	 15	 1207.jpg	 6.417179e+02	 11	 1.120848e+03	 1100	 6.833631e+02	 98	 6.427356e+02	 633.33	 700.00	 13.00	 28	 0.63	 
bfer_115	 1	 15	 2210.jpg	 6.437201e+02	 24	 999000	 240	 999000	 999	 6.447378e+02	 633.33	 700.00	 59.00	 31	 0.55	 
bfer_115	 1	 15	 2207.jpg	 6.457223e+02	 22	 999000	 2	 7.000176e+02	 999	 6.467402e+02	 633.33	 650.00	 53.00	 28	 0.62	 
bfer_115	 1	 15	 2219.jpg	 6.477245e+02	 24	 999000	 240	 999000	 999	 6.487424e+02	 633.33	 650.00	 43.00	 40	 0.91	 
bfer_115	 1	 15	 2102.jpg	 6.497268e+02	 24	 999000	 240	 999000	 999	 6.507446e+02	 633.33	 650.00	 77.00	 2	 0.20	 
bfer_115	 1	 15	 2209.jpg	 6.557169e+02	 24	 999000	 240	 999000	 999	 6.567346e+02	 633.33	 650.00	 56.00	 30	 0.58	 
bfer_115	 1	 15	 1204.jpg	 6.587203e+02	 11	 9.024737e+02	 110	 6.333640e+02	 98	 6.597381e+02	 650.00	 650.00	 7.00	 25	 0.69	 
bfer_115	 1	 15	 1219.jpg	 6.627248e+02	 12	 999000	 120	 999000	 999	 6.637426e+02	 650.00	 650.00	 4.00	 40	 0.78	 
