subjectID	 order	 runNum	 itemName	 onsetTime	 shuff_trialType	 RT	 respInTime	 AudioTime	 response	 fixationTime	 ladder1	 ladder2	 bidIndex	 itemNameIndex	 bidValue	 
bfer_154	 2	 3	 2110.jpg	 2.642428e+02	 22	 8.676571e+02	 220	 6.833627e+02	 98	 2.652607e+02	 616.67	 700.00	 48.00	 10	 0.69	 
bfer_154	 2	 3	 1203.jpg	 2.662451e+02	 11	 8.093964e+02	 110	 6.166818e+02	 98	 2.672628e+02	 633.33	 700.00	 11.00	 24	 0.66	 
bfer_154	 2	 3	 1121.jpg	 2.702329e+02	 11	 9.415845e+02	 110	 6.333503e+02	 98	 2.712507e+02	 650.00	 700.00	 17.00	 21	 0.53	 
bfer_154	 2	 3	 1110.jpg	 2.732363e+02	 12	 999000	 120	 999000	 999	 2.742541e+02	 650.00	 700.00	 19.00	 10	 0.50	 
bfer_154	 2	 3	 1106.jpg	 2.752386e+02	 11	 8.878539e+02	 110	 6.500162e+02	 98	 2.762563e+02	 666.67	 700.00	 16.00	 6	 0.54	 
bfer_154	 2	 3	 1212.jpg	 2.782420e+02	 12	 2.765090e+02	 12	 999000	 98	 2.792598e+02	 666.67	 700.00	 20.00	 33	 0.47	 
bfer_154	 2	 3	 1102.jpg	 2.822299e+02	 12	 999000	 120	 999000	 999	 2.832476e+02	 666.67	 700.00	 15.00	 2	 0.55	 
bfer_154	 2	 3	 2201.jpg	 2.862343e+02	 24	 1.452132e+03	 24	 999000	 98	 2.872520e+02	 666.67	 700.00	 44.00	 22	 0.83	 
bfer_154	 2	 3	 2106.jpg	 2.882365e+02	 24	 999000	 240	 999000	 999	 2.892543e+02	 666.67	 700.00	 43.00	 6	 0.85	 
bfer_154	 2	 3	 1219.jpg	 2.932421e+02	 12	 999000	 120	 999000	 999	 2.942601e+02	 666.67	 700.00	 7.00	 40	 0.77	 
bfer_154	 2	 3	 2211.jpg	 2.952444e+02	 24	 999000	 240	 999000	 999	 2.962622e+02	 666.67	 700.00	 52.00	 32	 0.64	 
bfer_154	 2	 3	 2104.jpg	 2.972300e+02	 24	 999000	 240	 999000	 999	 2.982477e+02	 666.67	 700.00	 61.00	 4	 0.53	 
bfer_154	 2	 3	 1112.jpg	 3.032368e+02	 12	 999000	 120	 999000	 999	 3.042545e+02	 666.67	 700.00	 37.00	 12	 0.20	 
bfer_154	 2	 3	 2117.jpg	 3.052389e+02	 24	 999000	 240	 999000	 999	 3.062567e+02	 666.67	 700.00	 78.00	 17	 0.20	 
bfer_154	 2	 3	 1107.jpg	 3.072411e+02	 11	 9.253269e+02	 110	 6.666904e+02	 98	 3.082589e+02	 683.33	 700.00	 14.00	 7	 0.57	 
bfer_154	 2	 3	 2212.jpg	 3.092434e+02	 22	 1.027022e+03	 2200	 7.000156e+02	 98	 3.102613e+02	 683.33	 650.00	 56.00	 33	 0.56	 
bfer_154	 2	 3	 2111.jpg	 3.132313e+02	 22	 9.751235e+02	 220	 6.500231e+02	 98	 3.142490e+02	 683.33	 666.67	 54.00	 11	 0.60	 
bfer_154	 2	 3	 1103.jpg	 3.172357e+02	 12	 999000	 120	 999000	 999	 3.182535e+02	 683.33	 666.67	 3.00	 3	 0.82	 
bfer_154	 2	 3	 1218.jpg	 3.202391e+02	 12	 999000	 120	 999000	 999	 3.212569e+02	 683.33	 666.67	 21.00	 39	 0.47	 
bfer_154	 2	 3	 2205.jpg	 3.242436e+02	 24	 999000	 240	 999000	 999	 3.252614e+02	 683.33	 666.67	 60.00	 26	 0.53	 
bfer_154	 2	 3	 1111.jpg	 3.272304e+02	 12	 999000	 120	 999000	 999	 3.282481e+02	 683.33	 666.67	 13.00	 11	 0.59	 
bfer_154	 2	 3	 2107.jpg	 3.292326e+02	 24	 999000	 240	 999000	 999	 3.302503e+02	 683.33	 666.67	 55.00	 7	 0.57	 
bfer_154	 2	 3	 1120.jpg	 3.332370e+02	 12	 999000	 120	 999000	 999	 3.342549e+02	 683.33	 666.67	 38.00	 20	 0.16	 
bfer_154	 2	 3	 2216.jpg	 3.352393e+02	 22	 9.751878e+02	 220	 6.667138e+02	 98	 3.362571e+02	 683.33	 683.33	 51.00	 37	 0.67	 
bfer_154	 2	 3	 2214.jpg	 3.372415e+02	 24	 999000	 240	 999000	 999	 3.382593e+02	 683.33	 683.33	 47.00	 35	 0.72	 
bfer_154	 2	 3	 2105.jpg	 3.412291e+02	 24	 999000	 240	 999000	 999	 3.422471e+02	 683.33	 683.33	 58.00	 5	 0.55	 
bfer_154	 2	 3	 1207.jpg	 3.432317e+02	 12	 999000	 120	 999000	 999	 3.442494e+02	 683.33	 683.33	 12.00	 28	 0.60	 
bfer_154	 2	 3	 2121.jpg	 3.472361e+02	 22	 8.503849e+02	 220	 6.833668e+02	 98	 3.482539e+02	 683.33	 700.00	 49.00	 21	 0.69	 
bfer_154	 2	 3	 2114.jpg	 3.512406e+02	 22	 9.578591e+02	 220	 7.000181e+02	 98	 3.522584e+02	 683.33	 716.67	 57.00	 14	 0.56	 
bfer_154	 2	 3	 1215.jpg	 3.542440e+02	 11	 9.464736e+02	 110	 6.833610e+02	 98	 3.552618e+02	 700.00	 716.67	 8.00	 36	 0.69	 
bfer_154	 2	 3	 1214.jpg	 3.602340e+02	 12	 9.564722e+02	 12	 999000	 98	 3.612519e+02	 700.00	 716.67	 18.00	 35	 0.50	 
bfer_154	 2	 3	 1205.jpg	 3.622363e+02	 12	 999000	 120	 999000	 999	 3.632541e+02	 700.00	 716.67	 10.00	 26	 0.67	 
bfer_154	 2	 3	 2109.jpg	 3.662409e+02	 24	 999000	 240	 999000	 999	 3.672586e+02	 700.00	 716.67	 53.00	 9	 0.63	 
bfer_154	 2	 3	 1210.jpg	 3.682430e+02	 12	 999000	 120	 999000	 999	 3.692608e+02	 700.00	 716.67	 22.00	 31	 0.46	 
bfer_154	 2	 3	 2219.jpg	 3.702452e+02	 24	 999000	 240	 999000	 999	 3.712631e+02	 700.00	 716.67	 59.00	 40	 0.53	 
bfer_154	 2	 3	 1201.jpg	 3.722308e+02	 11	 1.047660e+03	 1100	 7.000172e+02	 98	 3.732487e+02	 650.00	 716.67	 9.00	 22	 0.69	 
bfer_154	 2	 3	 1216.jpg	 3.772364e+02	 12	 999000	 120	 999000	 999	 3.782543e+02	 650.00	 716.67	 4.00	 37	 0.80	 
bfer_154	 2	 3	 2108.jpg	 3.792387e+02	 24	 999000	 240	 999000	 999	 3.802566e+02	 650.00	 716.67	 77.00	 8	 0.22	 
bfer_154	 2	 3	 2207.jpg	 3.812410e+02	 24	 999000	 240	 999000	 999	 3.822587e+02	 650.00	 716.67	 50.00	 28	 0.68	 
bfer_154	 2	 3	 2115.jpg	 3.842443e+02	 24	 999000	 240	 999000	 999	 3.852621e+02	 650.00	 716.67	 62.00	 15	 0.45	 
