subjectID	 order	 runNum	 itemName	 onsetTime	 shuff_trialType	 RT	 respInTime	 AudioTime	 response	 fixationTime	 ladder1	 ladder2	 bidIndex	 itemNameIndex	 bidValue	 
bfer_154	 2	 15	 1110.jpg	 4.978838e+02	 12	 999000	 120	 999000	 999	 4.989014e+02	 683.33	 683.33	 19.00	 10	 0.50	 
bfer_154	 2	 15	 1212.jpg	 5.008704e+02	 12	 999000	 120	 999000	 999	 5.018882e+02	 683.33	 683.33	 20.00	 33	 0.47	 
bfer_154	 2	 15	 1112.jpg	 5.028727e+02	 12	 999000	 120	 999000	 999	 5.038904e+02	 683.33	 683.33	 37.00	 12	 0.20	 
bfer_154	 2	 15	 2214.jpg	 5.048749e+02	 24	 999000	 240	 999000	 999	 5.058927e+02	 683.33	 683.33	 47.00	 35	 0.72	 
bfer_154	 2	 15	 1215.jpg	 5.068772e+02	 11	 9.696688e+02	 110	 6.833548e+02	 98	 5.078949e+02	 700.00	 683.33	 8.00	 36	 0.69	 
bfer_154	 2	 15	 1218.jpg	 5.098805e+02	 12	 999000	 120	 999000	 999	 5.108982e+02	 700.00	 683.33	 21.00	 39	 0.47	 
bfer_154	 2	 15	 1103.jpg	 5.118827e+02	 12	 999000	 120	 999000	 999	 5.129005e+02	 700.00	 683.33	 3.00	 3	 0.82	 
bfer_154	 2	 15	 2201.jpg	 5.158706e+02	 24	 999000	 240	 999000	 999	 5.168884e+02	 700.00	 683.33	 44.00	 22	 0.83	 
bfer_154	 2	 15	 1106.jpg	 5.178728e+02	 11	 9.660073e+02	 110	 7.000246e+02	 98	 5.188906e+02	 716.67	 683.33	 16.00	 6	 0.54	 
bfer_154	 2	 15	 1111.jpg	 5.228785e+02	 12	 999000	 120	 999000	 999	 5.238962e+02	 716.67	 683.33	 13.00	 11	 0.59	 
bfer_154	 2	 15	 1210.jpg	 5.248807e+02	 12	 999000	 120	 999000	 999	 5.258984e+02	 716.67	 683.33	 22.00	 31	 0.46	 
bfer_154	 2	 15	 2205.jpg	 5.288684e+02	 24	 999000	 240	 999000	 999	 5.298863e+02	 716.67	 683.33	 60.00	 26	 0.53	 
bfer_154	 2	 15	 2108.jpg	 5.308707e+02	 24	 999000	 240	 999000	 999	 5.318886e+02	 716.67	 683.33	 77.00	 8	 0.22	 
bfer_154	 2	 15	 1203.jpg	 5.338742e+02	 11	 9.166666e+02	 110	 7.166895e+02	 98	 5.348921e+02	 733.33	 683.33	 11.00	 24	 0.66	 
bfer_154	 2	 15	 2107.jpg	 5.388798e+02	 24	 999000	 240	 999000	 999	 5.398976e+02	 733.33	 683.33	 55.00	 7	 0.57	 
bfer_154	 2	 15	 2114.jpg	 5.408820e+02	 22	 1.076804e+03	 2200	 6.833468e+02	 98	 5.418997e+02	 733.33	 633.33	 57.00	 14	 0.56	 
bfer_154	 2	 15	 1214.jpg	 5.428842e+02	 12	 999000	 120	 999000	 999	 5.439020e+02	 733.33	 633.33	 18.00	 35	 0.50	 
bfer_154	 2	 15	 2117.jpg	 5.468721e+02	 24	 999000	 240	 999000	 999	 5.478899e+02	 733.33	 633.33	 78.00	 17	 0.20	 
bfer_154	 2	 15	 1201.jpg	 5.508766e+02	 11	 1.042267e+03	 1100	 7.333523e+02	 98	 5.518944e+02	 683.33	 633.33	 9.00	 22	 0.69	 
bfer_154	 2	 15	 2109.jpg	 5.548810e+02	 24	 999000	 240	 999000	 999	 5.558991e+02	 683.33	 633.33	 53.00	 9	 0.63	 
bfer_154	 2	 15	 2211.jpg	 5.568833e+02	 24	 999000	 240	 999000	 999	 5.579011e+02	 683.33	 633.33	 52.00	 32	 0.64	 
bfer_154	 2	 15	 2216.jpg	 5.588687e+02	 22	 9.701840e+02	 220	 6.333637e+02	 98	 5.598867e+02	 683.33	 650.00	 51.00	 37	 0.67	 
bfer_154	 2	 15	 1207.jpg	 5.608711e+02	 12	 999000	 120	 999000	 999	 5.618889e+02	 683.33	 650.00	 12.00	 28	 0.60	 
bfer_154	 2	 15	 2115.jpg	 5.628734e+02	 24	 999000	 240	 999000	 999	 5.638913e+02	 683.33	 650.00	 62.00	 15	 0.45	 
bfer_154	 2	 15	 2104.jpg	 5.688802e+02	 24	 999000	 240	 999000	 999	 5.698979e+02	 683.33	 650.00	 61.00	 4	 0.53	 
bfer_154	 2	 15	 1102.jpg	 5.718836e+02	 12	 999000	 120	 999000	 999	 5.729013e+02	 683.33	 650.00	 15.00	 2	 0.55	 
bfer_154	 2	 15	 2105.jpg	 5.738688e+02	 24	 999000	 240	 999000	 999	 5.748869e+02	 683.33	 650.00	 58.00	 5	 0.55	 
bfer_154	 2	 15	 1107.jpg	 5.758715e+02	 11	 9.673718e+02	 110	 6.833494e+02	 98	 5.768891e+02	 700.00	 650.00	 14.00	 7	 0.57	 
bfer_154	 2	 15	 2106.jpg	 5.788747e+02	 24	 999000	 240	 999000	 999	 5.798925e+02	 700.00	 650.00	 43.00	 6	 0.85	 
bfer_154	 2	 15	 2121.jpg	 5.808788e+02	 22	 1.095997e+03	 2200	 6.500241e+02	 98	 5.818948e+02	 700.00	 600.00	 49.00	 21	 0.69	 
bfer_154	 2	 15	 1121.jpg	 5.828792e+02	 11	 9.596310e+02	 110	 7.000177e+02	 98	 5.838969e+02	 716.67	 600.00	 17.00	 21	 0.53	 
bfer_154	 2	 15	 1120.jpg	 5.848815e+02	 12	 999000	 120	 999000	 999	 5.858993e+02	 716.67	 600.00	 38.00	 20	 0.16	 
bfer_154	 2	 15	 1205.jpg	 5.878681e+02	 12	 999000	 120	 999000	 999	 5.888859e+02	 716.67	 600.00	 10.00	 26	 0.67	 
bfer_154	 2	 15	 1216.jpg	 5.898705e+02	 12	 8.883594e+02	 12	 999000	 98	 5.908882e+02	 716.67	 600.00	 4.00	 37	 0.80	 
bfer_154	 2	 15	 2219.jpg	 5.918727e+02	 24	 999000	 240	 999000	 999	 5.928904e+02	 716.67	 600.00	 59.00	 40	 0.53	 
bfer_154	 2	 15	 1219.jpg	 5.938749e+02	 12	 999000	 120	 999000	 999	 5.948927e+02	 716.67	 600.00	 7.00	 40	 0.77	 
bfer_154	 2	 15	 2110.jpg	 5.958772e+02	 22	 9.296880e+02	 220	 6.000240e+02	 98	 5.968951e+02	 716.67	 616.67	 48.00	 10	 0.69	 
bfer_154	 2	 15	 2111.jpg	 6.018840e+02	 22	 8.268937e+02	 220	 6.167140e+02	 98	 6.029017e+02	 716.67	 633.33	 54.00	 11	 0.60	 
bfer_154	 2	 15	 2212.jpg	 6.048707e+02	 22	 1.016217e+03	 2200	 6.333602e+02	 98	 6.058884e+02	 716.67	 583.33	 56.00	 33	 0.56	 
bfer_154	 2	 15	 2207.jpg	 6.088751e+02	 24	 999000	 240	 999000	 999	 6.098928e+02	 716.67	 583.33	 50.00	 28	 0.68	 
