subjectID	 order	 runNum	 itemName	 onsetTime	 shuff_trialType	 RT	 respInTime	 AudioTime	 response	 fixationTime	 ladder1	 ladder2	 bidIndex	 itemNameIndex	 bidValue	 
bfer_167	 1	 13	 1204.jpg	 2.584541e+02	 12	 999000	 120	 999000	 999	 2.594726e+02	 683.33	 683.33	 4.00	 25	 0.70	 
bfer_167	 1	 13	 2121.jpg	 2.614576e+02	 24	 3.493048e+02	 24	 999000	 98	 2.624757e+02	 683.33	 683.33	 43.00	 21	 0.73	 
bfer_167	 1	 13	 2109.jpg	 2.634597e+02	 24	 999000	 240	 999000	 999	 2.644779e+02	 683.33	 683.33	 48.00	 9	 0.64	 
bfer_167	 1	 13	 1101.jpg	 2.654620e+02	 12	 999000	 120	 999000	 999	 2.664801e+02	 683.33	 683.33	 37.00	 1	 0.32	 
bfer_167	 1	 13	 2201.jpg	 2.674473e+02	 22	 8.475374e+02	 220	 6.835115e+02	 98	 2.684657e+02	 683.33	 700.00	 52.00	 22	 0.63	 
bfer_167	 1	 13	 1217.jpg	 2.704510e+02	 12	 999000	 120	 999000	 999	 2.714691e+02	 683.33	 700.00	 21.00	 38	 0.48	 
bfer_167	 1	 13	 2217.jpg	 2.724533e+02	 24	 999000	 240	 999000	 999	 2.734713e+02	 683.33	 700.00	 60.00	 38	 0.55	 
bfer_167	 1	 13	 1219.jpg	 2.764577e+02	 12	 9.331992e+02	 12	 999000	 98	 2.774758e+02	 683.33	 700.00	 11.00	 40	 0.63	 
bfer_167	 1	 13	 1120.jpg	 2.784599e+02	 12	 999000	 120	 999000	 999	 2.794781e+02	 683.33	 700.00	 8.00	 20	 0.65	 
bfer_167	 1	 13	 1118.jpg	 2.834489e+02	 11	 8.860362e+02	 110	 6.835002e+02	 98	 2.844669e+02	 700.00	 700.00	 15.00	 18	 0.59	 
bfer_167	 1	 13	 2206.jpg	 2.854512e+02	 22	 9.076828e+02	 220	 7.000544e+02	 98	 2.864692e+02	 700.00	 716.67	 50.00	 27	 0.63	 
bfer_167	 1	 13	 2219.jpg	 2.894556e+02	 24	 999000	 240	 999000	 999	 2.904738e+02	 700.00	 716.67	 49.00	 40	 0.64	 
bfer_167	 1	 13	 1216.jpg	 2.914580e+02	 12	 999000	 120	 999000	 999	 2.924760e+02	 700.00	 716.67	 17.00	 37	 0.53	 
bfer_167	 1	 13	 2214.jpg	 2.944613e+02	 24	 999000	 240	 999000	 999	 2.954795e+02	 700.00	 716.67	 59.00	 35	 0.56	 
bfer_167	 1	 13	 1104.jpg	 2.994502e+02	 12	 999000	 120	 999000	 999	 3.004683e+02	 700.00	 716.67	 19.00	 4	 0.49	 
bfer_167	 1	 13	 2102.jpg	 3.014524e+02	 24	 999000	 240	 999000	 999	 3.024707e+02	 700.00	 716.67	 61.00	 2	 0.54	 
bfer_167	 1	 13	 2213.jpg	 3.034547e+02	 24	 999000	 240	 999000	 999	 3.044729e+02	 700.00	 716.67	 44.00	 34	 0.73	 
bfer_167	 1	 13	 1117.jpg	 3.074592e+02	 12	 999000	 120	 999000	 999	 3.084773e+02	 700.00	 716.67	 38.00	 17	 0.25	 
bfer_167	 1	 13	 2120.jpg	 3.114469e+02	 24	 999000	 240	 999000	 999	 3.124652e+02	 700.00	 716.67	 54.00	 20	 0.61	 
bfer_167	 1	 13	 2118.jpg	 3.154516e+02	 24	 999000	 240	 999000	 999	 3.164696e+02	 700.00	 716.67	 57.00	 18	 0.59	 
bfer_167	 1	 13	 1102.jpg	 3.174538e+02	 11	 1.041118e+03	 1100	 7.000592e+02	 98	 3.184719e+02	 650.00	 716.67	 13.00	 2	 0.60	 
bfer_167	 1	 13	 1113.jpg	 3.194561e+02	 11	 1.182834e+03	 1100	 6.500268e+02	 98	 3.204741e+02	 600.00	 716.67	 18.00	 13	 0.52	 
bfer_167	 1	 13	 1206.jpg	 3.214582e+02	 12	 999000	 120	 999000	 999	 3.224763e+02	 600.00	 716.67	 20.00	 27	 0.48	 
bfer_167	 1	 13	 2215.jpg	 3.234605e+02	 24	 999000	 240	 999000	 999	 3.244787e+02	 600.00	 716.67	 77.00	 36	 0.17	 
bfer_167	 1	 13	 1203.jpg	 3.294506e+02	 12	 999000	 120	 999000	 999	 3.304687e+02	 600.00	 716.67	 22.00	 24	 0.48	 
bfer_167	 1	 13	 1205.jpg	 3.324539e+02	 11	 8.169419e+02	 110	 6.000147e+02	 98	 3.334721e+02	 616.67	 716.67	 7.00	 26	 0.67	 
bfer_167	 1	 13	 2210.jpg	 3.344562e+02	 24	 999000	 240	 999000	 999	 3.354743e+02	 616.67	 716.67	 78.00	 31	 0.14	 
bfer_167	 1	 13	 2107.jpg	 3.364585e+02	 22	 8.764093e+02	 220	 7.166894e+02	 98	 3.374766e+02	 616.67	 733.33	 53.00	 7	 0.61	 
bfer_167	 1	 13	 1114.jpg	 3.394618e+02	 12	 999000	 120	 999000	 999	 3.404799e+02	 616.67	 733.33	 16.00	 14	 0.54	 
bfer_167	 1	 13	 1209.jpg	 3.414471e+02	 11	 8.237395e+02	 110	 6.166901e+02	 98	 3.424655e+02	 633.33	 733.33	 12.00	 30	 0.60	 
bfer_167	 1	 13	 1202.jpg	 3.434496e+02	 12	 1.173297e+03	 12	 999000	 98	 3.444678e+02	 633.33	 733.33	 3.00	 23	 0.70	 
bfer_167	 1	 13	 2108.jpg	 3.454519e+02	 24	 999000	 240	 999000	 999	 3.464700e+02	 633.33	 733.33	 62.00	 8	 0.54	 
bfer_167	 1	 13	 2114.jpg	 3.484553e+02	 24	 999000	 240	 999000	 999	 3.494734e+02	 633.33	 733.33	 56.00	 14	 0.60	 
bfer_167	 1	 13	 2113.jpg	 3.504575e+02	 22	 1.093417e+03	 2200	 7.333613e+02	 98	 3.514756e+02	 633.33	 683.33	 55.00	 13	 0.61	 
bfer_167	 1	 13	 1121.jpg	 3.524599e+02	 11	 1.050953e+03	 1100	 6.333585e+02	 98	 3.534779e+02	 583.33	 683.33	 10.00	 21	 0.63	 
bfer_167	 1	 13	 2106.jpg	 3.544619e+02	 24	 4.089511e+02	 24	 999000	 98	 3.554802e+02	 583.33	 683.33	 51.00	 6	 0.63	 
bfer_167	 1	 13	 1115.jpg	 3.564476e+02	 12	 999000	 120	 999000	 999	 3.574658e+02	 583.33	 683.33	 14.00	 15	 0.59	 
bfer_167	 1	 13	 1106.jpg	 3.624543e+02	 12	 999000	 120	 999000	 999	 3.634725e+02	 583.33	 683.33	 9.00	 6	 0.64	 
bfer_167	 1	 13	 2204.jpg	 3.654577e+02	 22	 1.021144e+03	 2200	 6.833541e+02	 98	 3.664758e+02	 583.33	 633.33	 58.00	 25	 0.57	 
bfer_167	 1	 13	 2110.jpg	 3.694623e+02	 22	 9.446189e+02	 220	 6.333635e+02	 98	 3.704803e+02	 583.33	 650.00	 47.00	 10	 0.66	 
