subjectID	 order	 runNum	 itemName	 onsetTime	 shuff_trialType	 RT	 respInTime	 AudioTime	 response	 fixationTime	 ladder1	 ladder2	 bidIndex	 itemNameIndex	 bidValue	 
bfer_123	 1	 17	 2219.jpg	 8.443894e+02	 24	 999000	 240	 999000	 999	 8.454079e+02	 900.00	 900.00	 51.00	 40	 0.65	 
bfer_123	 1	 17	 2214.jpg	 8.463919e+02	 24	 999000	 240	 999000	 999	 8.474101e+02	 900.00	 900.00	 61.00	 35	 0.50	 
bfer_123	 1	 17	 1211.jpg	 8.503796e+02	 11	 5.153201e+02	 11	 9.000226e+02	 98	 8.514647e+02	 916.67	 900.00	 7.00	 32	 0.71	 
bfer_123	 1	 17	 2209.jpg	 8.533831e+02	 24	 999000	 240	 999000	 999	 8.544012e+02	 916.67	 900.00	 57.00	 30	 0.56	 
bfer_123	 1	 17	 1219.jpg	 8.553853e+02	 12	 999000	 120	 999000	 999	 8.564035e+02	 916.67	 900.00	 3.00	 40	 0.82	 
bfer_123	 1	 17	 1121.jpg	 8.583887e+02	 12	 999000	 120	 999000	 999	 8.594068e+02	 916.67	 900.00	 11.00	 21	 0.66	 
bfer_123	 1	 17	 2205.jpg	 8.623932e+02	 24	 999000	 240	 999000	 999	 8.634113e+02	 916.67	 900.00	 48.00	 26	 0.70	 
bfer_123	 1	 17	 2213.jpg	 8.663809e+02	 22	 7.140366e+02	 22	 9.000302e+02	 98	 8.674661e+02	 916.67	 916.67	 53.00	 34	 0.64	 
bfer_123	 1	 17	 1119.jpg	 8.683833e+02	 12	 999000	 120	 999000	 999	 8.694013e+02	 916.67	 916.67	 19.00	 19	 0.54	 
bfer_123	 1	 17	 1203.jpg	 8.733888e+02	 12	 999000	 120	 999000	 999	 8.744069e+02	 916.67	 916.67	 38.00	 24	 0.18	 
bfer_123	 1	 17	 2115.jpg	 8.753911e+02	 22	 6.558230e+02	 22	 9.167028e+02	 98	 8.764927e+02	 916.67	 916.67	 55.00	 15	 0.57	 
bfer_123	 1	 17	 2206.jpg	 8.773934e+02	 22	 1.061710e+03	 2200	 9.166981e+02	 98	 8.784947e+02	 916.67	 866.67	 58.00	 27	 0.56	 
bfer_123	 1	 17	 2109.jpg	 8.833834e+02	 24	 999000	 240	 999000	 999	 8.844016e+02	 916.67	 866.67	 60.00	 9	 0.51	 
bfer_123	 1	 17	 2113.jpg	 8.853857e+02	 24	 999000	 240	 999000	 999	 8.864037e+02	 916.67	 866.67	 78.00	 13	 0.21	 
bfer_123	 1	 17	 1206.jpg	 8.873879e+02	 12	 6.830887e+02	 12	 999000	 98	 8.884060e+02	 916.67	 866.67	 16.00	 27	 0.63	 
bfer_123	 1	 17	 2119.jpg	 8.893901e+02	 24	 999000	 240	 999000	 999	 8.904083e+02	 916.67	 866.67	 54.00	 19	 0.62	 
bfer_123	 1	 17	 2216.jpg	 8.933947e+02	 22	 7.722952e+02	 22	 8.666921e+02	 98	 8.944462e+02	 916.67	 883.33	 47.00	 37	 0.78	 
bfer_123	 1	 17	 1216.jpg	 8.973825e+02	 12	 999000	 120	 999000	 999	 8.984006e+02	 916.67	 883.33	 14.00	 37	 0.64	 
bfer_123	 1	 17	 1207.jpg	 9.003859e+02	 12	 999000	 120	 999000	 999	 9.014040e+02	 916.67	 883.33	 9.00	 28	 0.67	 
bfer_123	 1	 17	 2207.jpg	 9.043903e+02	 24	 999000	 240	 999000	 999	 9.054084e+02	 916.67	 883.33	 59.00	 28	 0.56	 
bfer_123	 1	 17	 2215.jpg	 9.073937e+02	 24	 6.852535e+02	 24	 999000	 98	 9.084118e+02	 916.67	 883.33	 43.00	 36	 0.86	 
bfer_123	 1	 17	 1102.jpg	 9.093789e+02	 12	 999000	 120	 999000	 999	 9.103974e+02	 916.67	 883.33	 37.00	 2	 0.20	 
bfer_123	 1	 17	 1213.jpg	 9.133838e+02	 12	 6.711138e+02	 12	 999000	 98	 9.144019e+02	 916.67	 883.33	 20.00	 34	 0.51	 
bfer_123	 1	 17	 1106.jpg	 9.153861e+02	 12	 999000	 120	 999000	 999	 9.164041e+02	 916.67	 883.33	 22.00	 6	 0.45	 
bfer_123	 1	 17	 1201.jpg	 9.173882e+02	 11	 1.130751e+03	 1100	 9.167045e+02	 98	 9.184896e+02	 866.67	 883.33	 12.00	 22	 0.66	 
bfer_123	 1	 17	 2217.jpg	 9.213927e+02	 22	 6.702815e+02	 22	 8.833568e+02	 98	 9.224609e+02	 866.67	 900.00	 50.00	 38	 0.65	 
bfer_123	 1	 17	 1117.jpg	 9.233780e+02	 11	 5.490199e+02	 11	 8.666942e+02	 98	 9.244298e+02	 883.33	 900.00	 18.00	 17	 0.57	 
bfer_123	 1	 17	 1114.jpg	 9.273827e+02	 11	 5.842289e+02	 11	 8.833520e+02	 98	 9.284510e+02	 900.00	 900.00	 13.00	 14	 0.64	 
bfer_123	 1	 17	 1110.jpg	 9.313872e+02	 12	 999000	 120	 999000	 999	 9.324055e+02	 900.00	 900.00	 8.00	 10	 0.68	 
bfer_123	 1	 17	 2114.jpg	 9.343907e+02	 24	 999000	 240	 999000	 999	 9.354088e+02	 900.00	 900.00	 49.00	 14	 0.70	 
bfer_123	 1	 17	 2105.jpg	 9.403807e+02	 24	 999000	 240	 999000	 999	 9.413989e+02	 900.00	 900.00	 77.00	 5	 0.22	 
bfer_123	 1	 17	 1120.jpg	 9.423829e+02	 11	 5.280210e+02	 11	 9.000163e+02	 98	 9.434678e+02	 916.67	 900.00	 15.00	 20	 0.64	 
bfer_123	 1	 17	 1217.jpg	 9.463874e+02	 12	 999000	 120	 999000	 999	 9.474056e+02	 916.67	 900.00	 17.00	 38	 0.60	 
bfer_123	 1	 17	 1215.jpg	 9.483896e+02	 11	 9.133236e+02	 11	 9.166906e+02	 98	 9.494913e+02	 916.67	 900.00	 10.00	 36	 0.66	 
bfer_123	 1	 17	 2111.jpg	 9.503919e+02	 24	 999000	 240	 999000	 999	 9.514101e+02	 916.67	 900.00	 62.00	 11	 0.47	 
bfer_123	 1	 17	 2120.jpg	 9.523942e+02	 24	 999000	 240	 999000	 999	 9.534124e+02	 916.67	 900.00	 44.00	 20	 0.82	 
bfer_123	 1	 17	 1115.jpg	 9.573831e+02	 12	 999000	 120	 999000	 999	 9.584012e+02	 916.67	 900.00	 21.00	 15	 0.50	 
bfer_123	 1	 17	 1101.jpg	 9.593854e+02	 12	 999000	 120	 999000	 999	 9.604035e+02	 916.67	 900.00	 4.00	 1	 0.76	 
bfer_123	 1	 17	 2101.jpg	 9.613875e+02	 22	 6.194175e+02	 22	 9.000237e+02	 98	 9.624725e+02	 916.67	 916.67	 52.00	 1	 0.64	 
bfer_123	 1	 17	 2201.jpg	 9.643910e+02	 24	 999000	 240	 999000	 999	 9.654091e+02	 916.67	 916.67	 56.00	 22	 0.56	 
