subjectID	 order	 runNum	 itemName	 onsetTime	 shuff_trialType	 RT	 respInTime	 AudioTime	 response	 fixationTime	 ladder1	 ladder2	 bidIndex	 itemNameIndex	 bidValue	 
bfer_154	 2	 8	 1112.jpg	 9.020260e+02	 12	 999000	 120	 999000	 999	 9.030439e+02	 716.67	 583.33	 37.00	 12	 0.20	 
bfer_154	 2	 8	 2212.jpg	 9.050124e+02	 22	 9.141042e+02	 220	 5.833504e+02	 98	 9.060306e+02	 716.67	 600.00	 56.00	 33	 0.56	 
bfer_154	 2	 8	 1203.jpg	 9.070149e+02	 11	 1.071532e+03	 1100	 7.166863e+02	 98	 9.080328e+02	 666.67	 600.00	 11.00	 24	 0.66	 
bfer_154	 2	 8	 2121.jpg	 9.090172e+02	 22	 8.052803e+02	 220	 6.000181e+02	 98	 9.100350e+02	 666.67	 616.67	 49.00	 21	 0.69	 
bfer_154	 2	 8	 2201.jpg	 9.110195e+02	 24	 999000	 240	 999000	 999	 9.120372e+02	 666.67	 616.67	 44.00	 22	 0.83	 
bfer_154	 2	 8	 2106.jpg	 9.140228e+02	 24	 999000	 240	 999000	 999	 9.150407e+02	 666.67	 616.67	 43.00	 6	 0.85	 
bfer_154	 2	 8	 1111.jpg	 9.160251e+02	 12	 999000	 120	 999000	 999	 9.170429e+02	 666.67	 616.67	 13.00	 11	 0.59	 
bfer_154	 2	 8	 2109.jpg	 9.200126e+02	 24	 999000	 240	 999000	 999	 9.210307e+02	 666.67	 616.67	 53.00	 9	 0.63	 
bfer_154	 2	 8	 1121.jpg	 9.220152e+02	 11	 8.953085e+02	 110	 6.666898e+02	 98	 9.230330e+02	 683.33	 616.67	 17.00	 21	 0.53	 
bfer_154	 2	 8	 1205.jpg	 9.270208e+02	 12	 999000	 120	 999000	 999	 9.280386e+02	 683.33	 616.67	 10.00	 26	 0.67	 
bfer_154	 2	 8	 1219.jpg	 9.290230e+02	 12	 999000	 120	 999000	 999	 9.300408e+02	 683.33	 616.67	 7.00	 40	 0.77	 
bfer_154	 2	 8	 1218.jpg	 9.330277e+02	 12	 999000	 120	 999000	 999	 9.340453e+02	 683.33	 616.67	 21.00	 39	 0.47	 
bfer_154	 2	 8	 1102.jpg	 9.350128e+02	 12	 999000	 120	 999000	 999	 9.360309e+02	 683.33	 616.67	 15.00	 2	 0.55	 
bfer_154	 2	 8	 2216.jpg	 9.380164e+02	 22	 7.820321e+02	 220	 6.166961e+02	 98	 9.390343e+02	 683.33	 633.33	 51.00	 37	 0.67	 
bfer_154	 2	 8	 1210.jpg	 9.430222e+02	 12	 999000	 120	 999000	 999	 9.440398e+02	 683.33	 633.33	 22.00	 31	 0.46	 
bfer_154	 2	 8	 1201.jpg	 9.450243e+02	 11	 8.541464e+02	 110	 6.833625e+02	 98	 9.460421e+02	 700.00	 633.33	 9.00	 22	 0.69	 
bfer_154	 2	 8	 2110.jpg	 9.470266e+02	 22	 9.239261e+02	 220	 6.333535e+02	 98	 9.480444e+02	 700.00	 650.00	 48.00	 10	 0.69	 
bfer_154	 2	 8	 2207.jpg	 9.510144e+02	 24	 999000	 240	 999000	 999	 9.520322e+02	 700.00	 650.00	 50.00	 28	 0.68	 
bfer_154	 2	 8	 2219.jpg	 9.550190e+02	 24	 999000	 240	 999000	 999	 9.560366e+02	 700.00	 650.00	 59.00	 40	 0.53	 
bfer_154	 2	 8	 1110.jpg	 9.590235e+02	 12	 3.669975e+02	 12	 999000	 98	 9.600414e+02	 700.00	 650.00	 19.00	 10	 0.50	 
bfer_154	 2	 8	 1212.jpg	 9.610256e+02	 12	 999000	 120	 999000	 999	 9.620435e+02	 700.00	 650.00	 20.00	 33	 0.47	 
bfer_154	 2	 8	 1106.jpg	 9.630279e+02	 11	 1.058564e+03	 1100	 7.000296e+02	 98	 9.640458e+02	 650.00	 650.00	 16.00	 6	 0.54	 
bfer_154	 2	 8	 2104.jpg	 9.650132e+02	 24	 999000	 240	 999000	 999	 9.660313e+02	 650.00	 650.00	 61.00	 4	 0.53	 
bfer_154	 2	 8	 2211.jpg	 9.670158e+02	 24	 999000	 240	 999000	 999	 9.680335e+02	 650.00	 650.00	 52.00	 32	 0.64	 
bfer_154	 2	 8	 2107.jpg	 9.730225e+02	 24	 999000	 240	 999000	 999	 9.740402e+02	 650.00	 650.00	 55.00	 7	 0.57	 
bfer_154	 2	 8	 2108.jpg	 9.760259e+02	 24	 999000	 240	 999000	 999	 9.770437e+02	 650.00	 650.00	 77.00	 8	 0.22	 
bfer_154	 2	 8	 2115.jpg	 9.780282e+02	 24	 999000	 240	 999000	 999	 9.790458e+02	 650.00	 650.00	 62.00	 15	 0.45	 
bfer_154	 2	 8	 1214.jpg	 9.800134e+02	 12	 999000	 120	 999000	 999	 9.810314e+02	 650.00	 650.00	 18.00	 35	 0.50	 
bfer_154	 2	 8	 1103.jpg	 9.830170e+02	 12	 999000	 120	 999000	 999	 9.840349e+02	 650.00	 650.00	 3.00	 3	 0.82	 
bfer_154	 2	 8	 2105.jpg	 9.850193e+02	 24	 999000	 240	 999000	 999	 9.860372e+02	 650.00	 650.00	 58.00	 5	 0.55	 
bfer_154	 2	 8	 2111.jpg	 9.870215e+02	 22	 8.969342e+02	 220	 6.500241e+02	 98	 9.880394e+02	 650.00	 666.67	 54.00	 11	 0.60	 
bfer_154	 2	 8	 2117.jpg	 9.890238e+02	 24	 999000	 240	 999000	 999	 9.900417e+02	 650.00	 666.67	 78.00	 17	 0.20	 
bfer_154	 2	 8	 2205.jpg	 9.920272e+02	 24	 999000	 240	 999000	 999	 9.930449e+02	 650.00	 666.67	 60.00	 26	 0.53	 
bfer_154	 2	 8	 1207.jpg	 9.940295e+02	 12	 999000	 120	 999000	 999	 9.950471e+02	 650.00	 666.67	 12.00	 28	 0.60	 
bfer_154	 2	 8	 1215.jpg	 9.960151e+02	 11	 9.113901e+02	 110	 6.500219e+02	 98	 9.970328e+02	 666.67	 666.67	 8.00	 36	 0.69	 
bfer_154	 2	 8	 1120.jpg	 9.980173e+02	 12	 999000	 120	 999000	 999	 9.990350e+02	 666.67	 666.67	 38.00	 20	 0.16	 
bfer_154	 2	 8	 1216.jpg	 1.000019e+03	 12	 9.630227e+02	 12	 999000	 98	 1.001037e+03	 666.67	 666.67	 4.00	 37	 0.80	 
bfer_154	 2	 8	 1107.jpg	 1.006026e+03	 11	 8.761631e+02	 110	 6.666824e+02	 98	 1.007044e+03	 683.33	 666.67	 14.00	 7	 0.57	 
bfer_154	 2	 8	 2214.jpg	 1.009030e+03	 24	 999000	 240	 999000	 999	 1.010048e+03	 683.33	 666.67	 47.00	 35	 0.72	 
bfer_154	 2	 8	 2114.jpg	 1.013017e+03	 22	 9.330161e+02	 220	 6.666820e+02	 98	 1.014035e+03	 683.33	 683.33	 57.00	 14	 0.56	 
