subjectID	 order	 runNum	 itemName	 onsetTime	 shuff_trialType	 RT	 respInTime	 AudioTime	 response	 fixationTime	 ladder1	 ladder2	 bidIndex	 itemNameIndex	 bidValue	 
bfer_158	 2	 14	 1211.jpg	 3.820641e+02	 12	 999000	 120	 999000	 999	 3.830823e+02	 516.67	 583.33	 20.00	 32	 0.55	 
bfer_158	 2	 14	 2121.jpg	 3.850676e+02	 22	 9.551914e+02	 220	 5.833842e+02	 98	 3.860856e+02	 516.67	 600.00	 48.00	 21	 0.74	 
bfer_158	 2	 14	 2101.jpg	 3.890553e+02	 22	 9.755060e+02	 220	 6.000253e+02	 98	 3.900735e+02	 516.67	 616.67	 57.00	 1	 0.59	 
bfer_158	 2	 14	 1219.jpg	 3.910575e+02	 11	 7.972418e+02	 110	 5.166958e+02	 98	 3.920757e+02	 533.33	 616.67	 14.00	 40	 0.59	 
bfer_158	 2	 14	 1101.jpg	 3.930598e+02	 11	 7.709379e+02	 110	 5.333576e+02	 98	 3.940779e+02	 550.00	 616.67	 11.00	 1	 0.63	 
bfer_158	 2	 14	 1205.jpg	 3.970643e+02	 12	 999000	 120	 999000	 999	 3.980825e+02	 550.00	 616.67	 19.00	 26	 0.55	 
bfer_158	 2	 14	 2214.jpg	 3.990666e+02	 24	 999000	 240	 999000	 999	 4.000848e+02	 550.00	 616.67	 58.00	 35	 0.59	 
bfer_158	 2	 14	 1110.jpg	 4.040555e+02	 12	 999000	 120	 999000	 999	 4.050737e+02	 550.00	 616.67	 18.00	 10	 0.57	 
bfer_158	 2	 14	 2204.jpg	 4.060578e+02	 24	 999000	 240	 999000	 999	 4.070759e+02	 550.00	 616.67	 55.00	 25	 0.64	 
bfer_158	 2	 14	 2113.jpg	 4.090611e+02	 24	 999000	 240	 999000	 999	 4.100793e+02	 550.00	 616.67	 60.00	 13	 0.54	 
bfer_158	 2	 14	 1207.jpg	 4.120645e+02	 12	 999000	 120	 999000	 999	 4.130827e+02	 550.00	 616.67	 21.00	 28	 0.55	 
bfer_158	 2	 14	 2216.jpg	 4.160689e+02	 22	 1.009808e+03	 2200	 6.166967e+02	 98	 4.170873e+02	 550.00	 566.67	 49.00	 37	 0.68	 
bfer_158	 2	 14	 2114.jpg	 4.190558e+02	 24	 999000	 240	 999000	 999	 4.200738e+02	 550.00	 566.67	 61.00	 14	 0.52	 
bfer_158	 2	 14	 1203.jpg	 4.210579e+02	 11	 9.168902e+02	 110	 5.500206e+02	 98	 4.220760e+02	 566.67	 566.67	 9.00	 24	 0.65	 
bfer_158	 2	 14	 2104.jpg	 4.240613e+02	 24	 999000	 240	 999000	 999	 4.250794e+02	 566.67	 566.67	 59.00	 4	 0.57	 
bfer_158	 2	 14	 1105.jpg	 4.280657e+02	 12	 999000	 120	 999000	 999	 4.290840e+02	 566.67	 566.67	 12.00	 5	 0.62	 
bfer_158	 2	 14	 2120.jpg	 4.310692e+02	 24	 999000	 240	 999000	 999	 4.320872e+02	 566.67	 566.67	 78.00	 20	 0.27	 
bfer_158	 2	 14	 2103.jpg	 4.330547e+02	 22	 8.880665e+02	 220	 5.666843e+02	 98	 4.340728e+02	 566.67	 583.33	 54.00	 3	 0.65	 
bfer_158	 2	 14	 2111.jpg	 4.350570e+02	 24	 999000	 240	 999000	 999	 4.360751e+02	 566.67	 583.33	 77.00	 11	 0.35	 
bfer_158	 2	 14	 1103.jpg	 4.400626e+02	 12	 999000	 120	 999000	 999	 4.410807e+02	 566.67	 583.33	 3.00	 3	 0.77	 
bfer_158	 2	 14	 1213.jpg	 4.440671e+02	 12	 999000	 120	 999000	 999	 4.450852e+02	 566.67	 583.33	 13.00	 34	 0.62	 
bfer_158	 2	 14	 2202.jpg	 4.480550e+02	 24	 4.717720e+02	 24	 999000	 98	 4.490731e+02	 566.67	 583.33	 62.00	 23	 0.52	 
bfer_158	 2	 14	 1111.jpg	 4.540616e+02	 11	 9.851501e+02	 110	 5.666864e+02	 98	 4.550797e+02	 583.33	 583.33	 17.00	 11	 0.58	 
bfer_158	 2	 14	 1204.jpg	 4.560639e+02	 12	 999000	 120	 999000	 999	 4.570820e+02	 583.33	 583.33	 15.00	 25	 0.58	 
bfer_158	 2	 14	 1218.jpg	 4.580661e+02	 12	 999000	 120	 999000	 999	 4.590843e+02	 583.33	 583.33	 10.00	 39	 0.63	 
bfer_158	 2	 14	 2117.jpg	 4.600683e+02	 22	 9.785087e+02	 220	 5.833579e+02	 98	 4.610864e+02	 583.33	 600.00	 51.00	 17	 0.67	 
bfer_158	 2	 14	 1201.jpg	 4.620537e+02	 11	 9.370972e+02	 110	 5.833576e+02	 98	 4.630722e+02	 600.00	 600.00	 8.00	 22	 0.66	 
bfer_158	 2	 14	 1214.jpg	 4.660584e+02	 12	 999000	 120	 999000	 999	 4.670765e+02	 600.00	 600.00	 4.00	 35	 0.76	 
bfer_158	 2	 14	 1121.jpg	 4.680607e+02	 11	 9.220513e+02	 110	 6.000231e+02	 98	 4.690788e+02	 616.67	 600.00	 16.00	 21	 0.58	 
bfer_158	 2	 14	 1208.jpg	 4.720652e+02	 12	 999000	 120	 999000	 999	 4.730833e+02	 616.67	 600.00	 22.00	 29	 0.55	 
bfer_158	 2	 14	 2203.jpg	 4.740674e+02	 24	 999000	 240	 999000	 999	 4.750855e+02	 616.67	 600.00	 44.00	 24	 0.82	 
bfer_158	 2	 14	 1114.jpg	 4.760527e+02	 12	 999000	 120	 999000	 999	 4.770712e+02	 616.67	 600.00	 38.00	 14	 0.24	 
bfer_158	 2	 14	 2109.jpg	 4.780552e+02	 24	 999000	 240	 999000	 999	 4.790734e+02	 616.67	 600.00	 47.00	 9	 0.78	 
bfer_158	 2	 14	 1117.jpg	 4.830608e+02	 12	 999000	 120	 999000	 999	 4.840790e+02	 616.67	 600.00	 7.00	 17	 0.70	 
bfer_158	 2	 14	 2206.jpg	 4.850631e+02	 24	 999000	 240	 999000	 999	 4.860812e+02	 616.67	 600.00	 43.00	 27	 0.85	 
bfer_158	 2	 14	 2105.jpg	 4.870654e+02	 24	 999000	 240	 999000	 999	 4.880835e+02	 616.67	 600.00	 52.00	 5	 0.66	 
bfer_158	 2	 14	 2205.jpg	 4.900520e+02	 22	 1.042783e+03	 2200	 6.000166e+02	 98	 4.910701e+02	 616.67	 550.00	 56.00	 26	 0.62	 
bfer_158	 2	 14	 2102.jpg	 4.970599e+02	 24	 999000	 240	 999000	 999	 4.980780e+02	 616.67	 550.00	 53.00	 2	 0.65	 
bfer_158	 2	 14	 2211.jpg	 5.010644e+02	 24	 999000	 240	 999000	 999	 5.020825e+02	 616.67	 550.00	 50.00	 32	 0.68	 
bfer_158	 2	 14	 1209.jpg	 5.080556e+02	 12	 999000	 120	 999000	 999	 5.090737e+02	 616.67	 550.00	 37.00	 30	 0.24	 
