subjectID	 order	 runNum	 itemName	 onsetTime	 shuff_trialType	 RT	 respInTime	 AudioTime	 response	 fixationTime	 ladder1	 ladder2	 bidIndex	 itemNameIndex	 bidValue	 
bfer_167	 1	 14	 2219.jpg	 3.732995e+02	 24	 999000	 240	 999000	 999	 3.743180e+02	 583.33	 650.00	 49.00	 40	 0.64	 
bfer_167	 1	 14	 2109.jpg	 3.763032e+02	 24	 999000	 240	 999000	 999	 3.773213e+02	 583.33	 650.00	 48.00	 9	 0.64	 
bfer_167	 1	 14	 1101.jpg	 3.802911e+02	 12	 999000	 120	 999000	 999	 3.813092e+02	 583.33	 650.00	 37.00	 1	 0.32	 
bfer_167	 1	 14	 1216.jpg	 3.822933e+02	 12	 999000	 120	 999000	 999	 3.833114e+02	 583.33	 650.00	 17.00	 37	 0.53	 
bfer_167	 1	 14	 1209.jpg	 3.842955e+02	 11	 8.474055e+02	 110	 5.833952e+02	 98	 3.853137e+02	 600.00	 650.00	 12.00	 30	 0.60	 
bfer_167	 1	 14	 2214.jpg	 3.883000e+02	 24	 999000	 240	 999000	 999	 3.893182e+02	 600.00	 650.00	 59.00	 35	 0.56	 
bfer_167	 1	 14	 1203.jpg	 3.903023e+02	 12	 999000	 120	 999000	 999	 3.913205e+02	 600.00	 650.00	 22.00	 24	 0.48	 
bfer_167	 1	 14	 1102.jpg	 3.952913e+02	 11	 9.235602e+02	 110	 6.000239e+02	 98	 3.963093e+02	 616.67	 650.00	 13.00	 2	 0.60	 
bfer_167	 1	 14	 1117.jpg	 3.972934e+02	 12	 999000	 120	 999000	 999	 3.983117e+02	 616.67	 650.00	 38.00	 17	 0.25	 
bfer_167	 1	 14	 1106.jpg	 4.002969e+02	 12	 1.021999e+03	 12	 999000	 98	 4.013150e+02	 616.67	 650.00	 9.00	 6	 0.64	 
bfer_167	 1	 14	 2204.jpg	 4.033002e+02	 22	 8.266414e+02	 220	 6.500194e+02	 98	 4.043183e+02	 616.67	 666.67	 58.00	 25	 0.57	 
bfer_167	 1	 14	 2118.jpg	 4.073048e+02	 24	 999000	 240	 999000	 999	 4.083228e+02	 616.67	 666.67	 57.00	 18	 0.59	 
bfer_167	 1	 14	 1115.jpg	 4.102915e+02	 12	 999000	 120	 999000	 999	 4.113095e+02	 616.67	 666.67	 14.00	 15	 0.59	 
bfer_167	 1	 14	 1205.jpg	 4.122936e+02	 11	 1.113245e+03	 1100	 6.166873e+02	 98	 4.133117e+02	 566.67	 666.67	 7.00	 26	 0.67	 
bfer_167	 1	 14	 1217.jpg	 4.152970e+02	 12	 999000	 120	 999000	 999	 4.163152e+02	 566.67	 666.67	 21.00	 38	 0.48	 
bfer_167	 1	 14	 1120.jpg	 4.193015e+02	 12	 5.214304e+02	 12	 999000	 98	 4.203197e+02	 566.67	 666.67	 8.00	 20	 0.65	 
bfer_167	 1	 14	 1121.jpg	 4.223049e+02	 11	 7.579396e+02	 110	 5.666944e+02	 98	 4.233230e+02	 583.33	 666.67	 10.00	 21	 0.63	 
bfer_167	 1	 14	 1118.jpg	 4.242905e+02	 11	 7.884315e+02	 110	 5.833628e+02	 98	 4.253086e+02	 600.00	 666.67	 15.00	 18	 0.59	 
bfer_167	 1	 14	 2206.jpg	 4.262926e+02	 22	 1.050469e+03	 2200	 6.666927e+02	 98	 4.273108e+02	 600.00	 616.67	 50.00	 27	 0.63	 
bfer_167	 1	 14	 2121.jpg	 4.312983e+02	 24	 6.845457e+02	 24	 999000	 98	 4.323165e+02	 600.00	 616.67	 43.00	 21	 0.73	 
bfer_167	 1	 14	 1204.jpg	 4.353029e+02	 12	 999000	 120	 999000	 999	 4.363210e+02	 600.00	 616.67	 4.00	 25	 0.70	 
bfer_167	 1	 14	 1206.jpg	 4.392904e+02	 12	 999000	 120	 999000	 999	 4.403087e+02	 600.00	 616.67	 20.00	 27	 0.48	 
bfer_167	 1	 14	 2215.jpg	 4.452974e+02	 24	 999000	 240	 999000	 999	 4.463156e+02	 600.00	 616.67	 77.00	 36	 0.17	 
bfer_167	 1	 14	 2120.jpg	 4.472997e+02	 24	 999000	 240	 999000	 999	 4.483178e+02	 600.00	 616.67	 54.00	 20	 0.61	 
bfer_167	 1	 14	 2102.jpg	 4.493018e+02	 24	 999000	 240	 999000	 999	 4.503200e+02	 600.00	 616.67	 61.00	 2	 0.54	 
bfer_167	 1	 14	 1104.jpg	 4.513041e+02	 12	 999000	 120	 999000	 999	 4.523223e+02	 600.00	 616.67	 19.00	 4	 0.49	 
bfer_167	 1	 14	 2210.jpg	 4.532895e+02	 24	 999000	 240	 999000	 999	 4.543078e+02	 600.00	 616.67	 78.00	 31	 0.14	 
bfer_167	 1	 14	 2201.jpg	 4.572942e+02	 22	 9.446631e+02	 220	 6.166967e+02	 98	 4.583123e+02	 600.00	 633.33	 52.00	 22	 0.63	 
bfer_167	 1	 14	 1113.jpg	 4.592965e+02	 11	 1.006442e+03	 1100	 6.000164e+02	 98	 4.603147e+02	 550.00	 633.33	 18.00	 13	 0.52	 
bfer_167	 1	 14	 2108.jpg	 4.633010e+02	 24	 999000	 240	 999000	 999	 4.643191e+02	 550.00	 633.33	 62.00	 8	 0.54	 
bfer_167	 1	 14	 1202.jpg	 4.653033e+02	 12	 999000	 120	 999000	 999	 4.663213e+02	 550.00	 633.33	 3.00	 23	 0.70	 
bfer_167	 1	 14	 2106.jpg	 4.673054e+02	 24	 999000	 240	 999000	 999	 4.683236e+02	 550.00	 633.33	 51.00	 6	 0.63	 
bfer_167	 1	 14	 2113.jpg	 4.692911e+02	 22	 9.317389e+02	 220	 6.333608e+02	 98	 4.703091e+02	 550.00	 650.00	 55.00	 13	 0.61	 
bfer_167	 1	 14	 1114.jpg	 4.742967e+02	 12	 999000	 120	 999000	 999	 4.753148e+02	 550.00	 650.00	 16.00	 14	 0.54	 
bfer_167	 1	 14	 2114.jpg	 4.762988e+02	 24	 999000	 240	 999000	 999	 4.773170e+02	 550.00	 650.00	 56.00	 14	 0.60	 
bfer_167	 1	 14	 2213.jpg	 4.783012e+02	 24	 999000	 240	 999000	 999	 4.793193e+02	 550.00	 650.00	 44.00	 34	 0.73	 
bfer_167	 1	 14	 1219.jpg	 4.813045e+02	 12	 999000	 120	 999000	 999	 4.823227e+02	 550.00	 650.00	 11.00	 40	 0.63	 
bfer_167	 1	 14	 2110.jpg	 4.882957e+02	 22	 1.031173e+03	 2200	 6.500177e+02	 98	 4.893139e+02	 550.00	 600.00	 47.00	 10	 0.66	 
bfer_167	 1	 14	 2107.jpg	 4.923002e+02	 22	 8.506852e+02	 220	 6.000277e+02	 98	 4.933183e+02	 550.00	 616.67	 53.00	 7	 0.61	 
bfer_167	 1	 14	 2217.jpg	 4.992914e+02	 24	 999000	 240	 999000	 999	 5.003095e+02	 550.00	 616.67	 60.00	 38	 0.55	 
