subjectID	 order	 runNum	 itemName	 onsetTime	 shuff_trialType	 RT	 respInTime	 AudioTime	 response	 fixationTime	 ladder1	 ladder2	 bidIndex	 itemNameIndex	 bidValue	 
bfer_140	 2	 7	 2212.jpg	 8.332953e+02	 24	 999000	 240	 999000	 999	 8.343134e+02	 683.33	 683.33	 55.00	 33	 0.61	 
bfer_140	 2	 7	 2103.jpg	 8.362987e+02	 24	 999000	 240	 999000	 999	 8.373167e+02	 683.33	 683.33	 59.00	 3	 0.52	 
bfer_140	 2	 7	 2205.jpg	 8.402865e+02	 22	 9.520263e+02	 220	 6.833637e+02	 98	 8.413046e+02	 683.33	 700.00	 49.00	 26	 0.73	 
bfer_140	 2	 7	 1216.jpg	 8.422886e+02	 12	 999000	 120	 999000	 999	 8.433068e+02	 683.33	 700.00	 20.00	 37	 0.51	 
bfer_140	 2	 7	 1214.jpg	 8.442909e+02	 11	 9.635889e+02	 110	 6.833642e+02	 98	 8.453090e+02	 700.00	 700.00	 16.00	 35	 0.56	 
bfer_140	 2	 7	 1219.jpg	 8.482954e+02	 12	 999000	 120	 999000	 999	 8.493135e+02	 700.00	 700.00	 7.00	 40	 0.77	 
bfer_140	 2	 7	 1102.jpg	 8.502977e+02	 12	 999000	 120	 999000	 999	 8.513158e+02	 700.00	 700.00	 19.00	 2	 0.52	 
bfer_140	 2	 7	 2203.jpg	 8.552865e+02	 24	 999000	 240	 999000	 999	 8.563047e+02	 700.00	 700.00	 78.00	 24	 0.24	 
bfer_140	 2	 7	 2217.jpg	 8.572888e+02	 24	 999000	 240	 999000	 999	 8.583070e+02	 700.00	 700.00	 44.00	 38	 0.77	 
bfer_140	 2	 7	 1202.jpg	 8.602922e+02	 12	 999000	 120	 999000	 999	 8.613103e+02	 700.00	 700.00	 21.00	 23	 0.50	 
bfer_140	 2	 7	 2201.jpg	 8.632956e+02	 22	 9.829321e+02	 220	 7.000254e+02	 98	 8.643137e+02	 700.00	 716.67	 48.00	 22	 0.74	 
bfer_140	 2	 7	 1111.jpg	 8.672831e+02	 12	 999000	 120	 999000	 999	 8.683015e+02	 700.00	 716.67	 18.00	 11	 0.52	 
bfer_140	 2	 7	 2114.jpg	 8.702868e+02	 24	 999000	 240	 999000	 999	 8.713049e+02	 700.00	 716.67	 61.00	 14	 0.49	 
bfer_140	 2	 7	 1213.jpg	 8.722890e+02	 11	 1.029492e+03	 1100	 7.000160e+02	 98	 8.733071e+02	 650.00	 716.67	 11.00	 34	 0.69	 
bfer_140	 2	 7	 2215.jpg	 8.752924e+02	 24	 999000	 240	 999000	 999	 8.763105e+02	 650.00	 716.67	 50.00	 36	 0.69	 
bfer_140	 2	 7	 1204.jpg	 8.792968e+02	 12	 999000	 120	 999000	 999	 8.803150e+02	 650.00	 716.67	 12.00	 25	 0.64	 
bfer_140	 2	 7	 2121.jpg	 8.822833e+02	 22	 9.792444e+02	 220	 7.166879e+02	 98	 8.833016e+02	 650.00	 733.33	 56.00	 21	 0.60	 
bfer_140	 2	 7	 2210.jpg	 8.842857e+02	 24	 999000	 240	 999000	 999	 8.853039e+02	 650.00	 733.33	 62.00	 31	 0.47	 
bfer_140	 2	 7	 1108.jpg	 8.862890e+02	 12	 999000	 120	 999000	 999	 8.873064e+02	 650.00	 733.33	 38.00	 8	 0.14	 
bfer_140	 2	 7	 1205.jpg	 8.912936e+02	 11	 8.409146e+02	 110	 6.500255e+02	 98	 8.923118e+02	 666.67	 733.33	 8.00	 26	 0.76	 
bfer_140	 2	 7	 2111.jpg	 8.952981e+02	 24	 999000	 240	 999000	 999	 8.963163e+02	 666.67	 733.33	 60.00	 11	 0.51	 
bfer_140	 2	 7	 1207.jpg	 8.992860e+02	 12	 999000	 120	 999000	 999	 9.003040e+02	 666.67	 733.33	 4.00	 28	 0.78	 
bfer_140	 2	 7	 1103.jpg	 9.052927e+02	 12	 999000	 120	 999000	 999	 9.063107e+02	 666.67	 733.33	 15.00	 3	 0.57	 
bfer_140	 2	 7	 2119.jpg	 9.072949e+02	 24	 999000	 240	 999000	 999	 9.083131e+02	 666.67	 733.33	 77.00	 19	 0.24	 
bfer_140	 2	 7	 1209.jpg	 9.092972e+02	 12	 999000	 120	 999000	 999	 9.103153e+02	 666.67	 733.33	 3.00	 30	 0.87	 
bfer_140	 2	 7	 2218.jpg	 9.112994e+02	 24	 999000	 240	 999000	 999	 9.123176e+02	 666.67	 733.33	 47.00	 39	 0.74	 
bfer_140	 2	 7	 1106.jpg	 9.132847e+02	 11	 9.938347e+02	 110	 6.666804e+02	 98	 9.143032e+02	 683.33	 733.33	 17.00	 6	 0.54	 
bfer_140	 2	 7	 1218.jpg	 9.172903e+02	 12	 999000	 120	 999000	 999	 9.183076e+02	 683.33	 733.33	 10.00	 39	 0.70	 
bfer_140	 2	 7	 2216.jpg	 9.192917e+02	 22	 1.250815e+03	 2200	 7.333838e+02	 98	 9.203098e+02	 683.33	 683.33	 54.00	 37	 0.64	 
bfer_140	 2	 7	 2219.jpg	 9.232962e+02	 24	 999000	 240	 999000	 999	 9.243143e+02	 683.33	 683.33	 53.00	 40	 0.64	 
bfer_140	 2	 7	 2202.jpg	 9.252984e+02	 24	 999000	 240	 999000	 999	 9.263166e+02	 683.33	 683.33	 52.00	 23	 0.65	 
bfer_140	 2	 7	 2109.jpg	 9.272836e+02	 24	 999000	 240	 999000	 999	 9.283022e+02	 683.33	 683.33	 58.00	 9	 0.59	 
bfer_140	 2	 7	 1117.jpg	 9.292863e+02	 12	 999000	 120	 999000	 999	 9.303044e+02	 683.33	 683.33	 37.00	 17	 0.16	 
bfer_140	 2	 7	 2214.jpg	 9.342918e+02	 22	 1.042659e+03	 2200	 6.833640e+02	 98	 9.353100e+02	 683.33	 633.33	 51.00	 35	 0.67	 
bfer_140	 2	 7	 1120.jpg	 9.362941e+02	 11	 9.684430e+02	 110	 6.833548e+02	 98	 9.373122e+02	 700.00	 633.33	 14.00	 20	 0.57	 
bfer_140	 2	 7	 2207.jpg	 9.382964e+02	 24	 999000	 240	 999000	 999	 9.393145e+02	 700.00	 633.33	 43.00	 28	 0.79	 
bfer_140	 2	 7	 1121.jpg	 9.412998e+02	 12	 999000	 120	 999000	 999	 9.423179e+02	 700.00	 633.33	 22.00	 21	 0.50	 
bfer_140	 2	 7	 1109.jpg	 9.482908e+02	 11	 9.396752e+02	 110	 7.000138e+02	 98	 9.493090e+02	 716.67	 633.33	 9.00	 9	 0.74	 
bfer_140	 2	 7	 2204.jpg	 9.522954e+02	 22	 8.951414e+02	 220	 6.333521e+02	 98	 9.533135e+02	 716.67	 650.00	 57.00	 25	 0.59	 
bfer_140	 2	 7	 1217.jpg	 9.592865e+02	 12	 4.479748e+02	 12	 999000	 98	 9.603047e+02	 716.67	 650.00	 13.00	 38	 0.61	 
