subjectID	 order	 runNum	 itemName	 onsetTime	 shuff_trialType	 RT	 respInTime	 AudioTime	 response	 fixationTime	 ladder1	 ladder2	 bidIndex	 itemNameIndex	 bidValue	 
bfer_123	 1	 15	 2111.jpg	 5.434015e+02	 24	 999000	 240	 999000	 999	 5.444201e+02	 916.67	 883.33	 62.00	 11	 0.47	 
bfer_123	 1	 15	 1119.jpg	 5.464054e+02	 12	 999000	 120	 999000	 999	 5.474233e+02	 916.67	 883.33	 19.00	 19	 0.54	 
bfer_123	 1	 15	 1213.jpg	 5.503931e+02	 12	 9.498632e+02	 12	 999000	 98	 5.514112e+02	 916.67	 883.33	 20.00	 34	 0.51	 
bfer_123	 1	 15	 2206.jpg	 5.523953e+02	 22	 9.956612e+02	 220	 8.833496e+02	 98	 5.534635e+02	 916.67	 900.00	 58.00	 27	 0.56	 
bfer_123	 1	 15	 1219.jpg	 5.543975e+02	 12	 999000	 120	 999000	 999	 5.554158e+02	 916.67	 900.00	 3.00	 40	 0.82	 
bfer_123	 1	 15	 1215.jpg	 5.584020e+02	 11	 6.529629e+02	 11	 9.166869e+02	 98	 5.595034e+02	 916.67	 900.00	 10.00	 36	 0.66	 
bfer_123	 1	 15	 1117.jpg	 5.604043e+02	 11	 5.946810e+02	 11	 9.166940e+02	 98	 5.615078e+02	 916.67	 900.00	 18.00	 17	 0.57	 
bfer_123	 1	 15	 2105.jpg	 5.653933e+02	 24	 999000	 240	 999000	 999	 5.664115e+02	 916.67	 900.00	 77.00	 5	 0.22	 
bfer_123	 1	 15	 1102.jpg	 5.673955e+02	 12	 999000	 120	 999000	 999	 5.684135e+02	 916.67	 900.00	 37.00	 2	 0.20	 
bfer_123	 1	 15	 1120.jpg	 5.703989e+02	 11	 5.761194e+02	 11	 9.166914e+02	 98	 5.715005e+02	 916.67	 900.00	 15.00	 20	 0.64	 
bfer_123	 1	 15	 1217.jpg	 5.734023e+02	 12	 999000	 120	 999000	 999	 5.744205e+02	 916.67	 900.00	 17.00	 38	 0.60	 
bfer_123	 1	 15	 1211.jpg	 5.774067e+02	 11	 5.842846e+02	 11	 9.166823e+02	 98	 5.785083e+02	 916.67	 900.00	 7.00	 32	 0.71	 
bfer_123	 1	 15	 2207.jpg	 5.803934e+02	 24	 999000	 240	 999000	 999	 5.814115e+02	 916.67	 900.00	 59.00	 28	 0.56	 
bfer_123	 1	 15	 1115.jpg	 5.823956e+02	 12	 999000	 120	 999000	 999	 5.834138e+02	 916.67	 900.00	 21.00	 15	 0.50	 
bfer_123	 1	 15	 1206.jpg	 5.853990e+02	 12	 9.199822e+02	 12	 999000	 98	 5.864171e+02	 916.67	 900.00	 16.00	 27	 0.63	 
bfer_123	 1	 15	 1207.jpg	 5.894035e+02	 12	 999000	 120	 999000	 999	 5.904217e+02	 916.67	 900.00	 9.00	 28	 0.67	 
bfer_123	 1	 15	 1201.jpg	 5.924068e+02	 11	 6.401428e+02	 11	 9.166811e+02	 98	 5.935085e+02	 916.67	 900.00	 12.00	 22	 0.66	 
bfer_123	 1	 15	 1216.jpg	 5.943922e+02	 12	 6.707794e+02	 12	 999000	 98	 5.954106e+02	 916.67	 900.00	 14.00	 37	 0.64	 
bfer_123	 1	 15	 1114.jpg	 5.963946e+02	 11	 7.003194e+02	 11	 9.166908e+02	 98	 5.974964e+02	 916.67	 900.00	 13.00	 14	 0.64	 
bfer_123	 1	 15	 1110.jpg	 6.014003e+02	 12	 999000	 120	 999000	 999	 6.024184e+02	 916.67	 900.00	 8.00	 10	 0.68	 
bfer_123	 1	 15	 1203.jpg	 6.054048e+02	 12	 999000	 120	 999000	 999	 6.064229e+02	 916.67	 900.00	 38.00	 24	 0.18	 
bfer_123	 1	 15	 2101.jpg	 6.093923e+02	 22	 5.586275e+02	 22	 9.000263e+02	 98	 6.104775e+02	 916.67	 916.67	 52.00	 1	 0.64	 
bfer_123	 1	 15	 1121.jpg	 6.153994e+02	 12	 999000	 120	 999000	 999	 6.164175e+02	 916.67	 916.67	 11.00	 21	 0.66	 
bfer_123	 1	 15	 1101.jpg	 6.174016e+02	 12	 5.013108e+02	 12	 999000	 98	 6.184199e+02	 916.67	 916.67	 4.00	 1	 0.76	 
bfer_123	 1	 15	 2214.jpg	 6.194038e+02	 24	 999000	 240	 999000	 999	 6.204220e+02	 916.67	 916.67	 61.00	 35	 0.50	 
bfer_123	 1	 15	 2119.jpg	 6.214061e+02	 24	 999000	 240	 999000	 999	 6.224243e+02	 916.67	 916.67	 54.00	 19	 0.62	 
bfer_123	 1	 15	 2219.jpg	 6.233915e+02	 24	 999000	 240	 999000	 999	 6.244098e+02	 916.67	 916.67	 51.00	 40	 0.65	 
bfer_123	 1	 15	 2115.jpg	 6.273961e+02	 22	 8.508310e+02	 22	 9.166977e+02	 98	 6.284978e+02	 916.67	 916.67	 55.00	 15	 0.57	 
bfer_123	 1	 15	 2205.jpg	 6.293984e+02	 24	 999000	 240	 999000	 999	 6.304166e+02	 916.67	 916.67	 48.00	 26	 0.70	 
bfer_123	 1	 15	 2113.jpg	 6.334030e+02	 24	 999000	 240	 999000	 999	 6.344211e+02	 916.67	 916.67	 78.00	 13	 0.21	 
bfer_123	 1	 15	 2120.jpg	 6.354051e+02	 24	 5.458734e+02	 24	 999000	 98	 6.364234e+02	 916.67	 916.67	 44.00	 20	 0.82	 
bfer_123	 1	 15	 2213.jpg	 6.374074e+02	 22	 6.635864e+02	 22	 9.166829e+02	 98	 6.385090e+02	 916.67	 916.67	 53.00	 34	 0.64	 
bfer_123	 1	 15	 2109.jpg	 6.393927e+02	 24	 999000	 240	 999000	 999	 6.404111e+02	 916.67	 916.67	 60.00	 9	 0.51	 
bfer_123	 1	 15	 2216.jpg	 6.443986e+02	 22	 7.523767e+02	 22	 9.166807e+02	 98	 6.455001e+02	 916.67	 916.67	 47.00	 37	 0.78	 
bfer_123	 1	 15	 1106.jpg	 6.464008e+02	 12	 999000	 120	 999000	 999	 6.474189e+02	 916.67	 916.67	 22.00	 6	 0.45	 
bfer_123	 1	 15	 2114.jpg	 6.484031e+02	 24	 999000	 240	 999000	 999	 6.494212e+02	 916.67	 916.67	 49.00	 14	 0.70	 
bfer_123	 1	 15	 2209.jpg	 6.514065e+02	 24	 999000	 240	 999000	 999	 6.524245e+02	 916.67	 916.67	 57.00	 30	 0.56	 
bfer_123	 1	 15	 2217.jpg	 6.583976e+02	 22	 1.177345e+03	 2200	 9.166823e+02	 98	 6.594992e+02	 916.67	 866.67	 50.00	 38	 0.65	 
bfer_123	 1	 15	 2215.jpg	 6.624021e+02	 24	 999000	 240	 999000	 999	 6.634203e+02	 916.67	 866.67	 43.00	 36	 0.86	 
bfer_123	 1	 15	 2201.jpg	 6.693933e+02	 24	 999000	 240	 999000	 999	 6.704114e+02	 916.67	 866.67	 56.00	 22	 0.56	 
