subjectID	 order	 runNum	 itemName	 onsetTime	 shuff_trialType	 RT	 respInTime	 AudioTime	 response	 fixationTime	 ladder1	 ladder2	 bidIndex	 itemNameIndex	 bidValue	 
bfer_126	 2	 6	 1209.jpg	 6.134734e+02	 12	 8.613503e+02	 12	 999000	 98	 6.144919e+02	 783.33	 716.67	 12.00	 30	 0.59	 
bfer_126	 2	 6	 2211.jpg	 6.154760e+02	 22	 9.946936e+02	 220	 7.166888e+02	 98	 6.164941e+02	 783.33	 733.33	 48.00	 32	 0.72	 
bfer_126	 2	 6	 1119.jpg	 6.194805e+02	 12	 999000	 120	 999000	 999	 6.204986e+02	 783.33	 733.33	 21.00	 19	 0.51	 
bfer_126	 2	 6	 2107.jpg	 6.224671e+02	 22	 9.555663e+02	 220	 7.333640e+02	 98	 6.234853e+02	 783.33	 750.00	 51.00	 7	 0.68	 
bfer_126	 2	 6	 1102.jpg	 6.244695e+02	 12	 999000	 120	 999000	 999	 6.254876e+02	 783.33	 750.00	 19.00	 2	 0.55	 
bfer_126	 2	 6	 1214.jpg	 6.274728e+02	 12	 999000	 120	 999000	 999	 6.284911e+02	 783.33	 750.00	 4.00	 35	 0.74	 
bfer_126	 2	 6	 2111.jpg	 6.314774e+02	 24	 999000	 240	 999000	 999	 6.324955e+02	 783.33	 750.00	 53.00	 11	 0.64	 
bfer_126	 2	 6	 2205.jpg	 6.354649e+02	 24	 999000	 240	 999000	 999	 6.364834e+02	 783.33	 750.00	 59.00	 26	 0.51	 
bfer_126	 2	 6	 2104.jpg	 6.374674e+02	 24	 999000	 240	 999000	 999	 6.384854e+02	 783.33	 750.00	 61.00	 4	 0.48	 
bfer_126	 2	 6	 2202.jpg	 6.424730e+02	 22	 9.657056e+02	 220	 7.500246e+02	 98	 6.434911e+02	 783.33	 766.67	 57.00	 23	 0.58	 
bfer_126	 2	 6	 2206.jpg	 6.444752e+02	 24	 999000	 240	 999000	 999	 6.454933e+02	 783.33	 766.67	 43.00	 27	 0.86	 
bfer_126	 2	 6	 2216.jpg	 6.464775e+02	 24	 999000	 240	 999000	 999	 6.474955e+02	 783.33	 766.67	 47.00	 37	 0.75	 
bfer_126	 2	 6	 2218.jpg	 6.524674e+02	 24	 9.712568e+02	 24	 999000	 98	 6.534856e+02	 783.33	 766.67	 50.00	 39	 0.70	 
bfer_126	 2	 6	 1105.jpg	 6.544699e+02	 12	 999000	 120	 999000	 999	 6.554879e+02	 783.33	 766.67	 37.00	 5	 0.22	 
bfer_126	 2	 6	 2103.jpg	 6.564719e+02	 22	 8.147603e+02	 220	 7.666888e+02	 98	 6.574901e+02	 783.33	 783.33	 49.00	 3	 0.72	 
bfer_126	 2	 6	 1212.jpg	 6.584743e+02	 11	 1.036444e+03	 1100	 7.833566e+02	 98	 6.594923e+02	 733.33	 783.33	 17.00	 33	 0.57	 
bfer_126	 2	 6	 1120.jpg	 6.624787e+02	 12	 999000	 120	 999000	 999	 6.634969e+02	 733.33	 783.33	 13.00	 20	 0.59	 
bfer_126	 2	 6	 1208.jpg	 6.664666e+02	 12	 999000	 120	 999000	 999	 6.674848e+02	 733.33	 783.33	 10.00	 29	 0.63	 
bfer_126	 2	 6	 1106.jpg	 6.694699e+02	 11	 9.848161e+02	 110	 7.333528e+02	 98	 6.704880e+02	 750.00	 783.33	 16.00	 6	 0.57	 
bfer_126	 2	 6	 2219.jpg	 6.734744e+02	 24	 6.203377e+02	 24	 999000	 98	 6.744926e+02	 750.00	 783.33	 55.00	 40	 0.60	 
bfer_126	 2	 6	 2209.jpg	 6.764778e+02	 24	 6.248975e+02	 24	 999000	 98	 6.774960e+02	 750.00	 783.33	 44.00	 30	 0.82	 
bfer_126	 2	 6	 1115.jpg	 6.784799e+02	 12	 999000	 120	 999000	 999	 6.794981e+02	 750.00	 783.33	 22.00	 15	 0.48	 
bfer_126	 2	 6	 1218.jpg	 6.824678e+02	 11	 9.549180e+02	 110	 7.500156e+02	 98	 6.834859e+02	 766.67	 783.33	 11.00	 39	 0.62	 
bfer_126	 2	 6	 1215.jpg	 6.844700e+02	 11	 9.686711e+02	 110	 7.666944e+02	 98	 6.854882e+02	 783.33	 783.33	 8.00	 36	 0.67	 
bfer_126	 2	 6	 1210.jpg	 6.864723e+02	 12	 999000	 120	 999000	 999	 6.874905e+02	 783.33	 783.33	 38.00	 31	 0.20	 
bfer_126	 2	 6	 1113.jpg	 6.904768e+02	 12	 999000	 120	 999000	 999	 6.914950e+02	 783.33	 783.33	 15.00	 13	 0.58	 
bfer_126	 2	 6	 1103.jpg	 6.924790e+02	 12	 8.316746e+02	 12	 999000	 98	 6.934971e+02	 783.33	 783.33	 3.00	 3	 0.75	 
bfer_126	 2	 6	 1217.jpg	 6.964669e+02	 12	 999000	 120	 999000	 999	 6.974852e+02	 783.33	 783.33	 20.00	 38	 0.52	 
bfer_126	 2	 6	 2212.jpg	 7.004713e+02	 24	 999000	 240	 999000	 999	 7.014896e+02	 783.33	 783.33	 78.00	 33	 0.22	 
bfer_126	 2	 6	 2208.jpg	 7.034747e+02	 24	 999000	 240	 999000	 999	 7.044929e+02	 783.33	 783.33	 62.00	 29	 0.47	 
bfer_126	 2	 6	 2201.jpg	 7.094644e+02	 22	 1.054261e+03	 2200	 7.833568e+02	 98	 7.104828e+02	 783.33	 733.33	 56.00	 22	 0.58	 
bfer_126	 2	 6	 1109.jpg	 7.114670e+02	 12	 999000	 120	 999000	 999	 7.124851e+02	 783.33	 733.33	 7.00	 9	 0.67	 
bfer_126	 2	 6	 1202.jpg	 7.154715e+02	 12	 999000	 120	 999000	 999	 7.164897e+02	 783.33	 733.33	 18.00	 23	 0.56	 
bfer_126	 2	 6	 1107.jpg	 7.174738e+02	 11	 9.969184e+02	 110	 7.833470e+02	 98	 7.184919e+02	 800.00	 733.33	 14.00	 7	 0.58	 
bfer_126	 2	 6	 2109.jpg	 7.194759e+02	 24	 999000	 240	 999000	 999	 7.204942e+02	 800.00	 733.33	 52.00	 9	 0.66	 
bfer_126	 2	 6	 1216.jpg	 7.214783e+02	 11	 8.083712e+02	 110	 8.000297e+02	 98	 7.224964e+02	 816.67	 733.33	 9.00	 37	 0.66	 
bfer_126	 2	 6	 2101.jpg	 7.264671e+02	 24	 1.227550e+03	 24	 999000	 98	 7.274852e+02	 816.67	 733.33	 58.00	 1	 0.57	 
bfer_126	 2	 6	 2117.jpg	 7.284695e+02	 24	 999000	 240	 999000	 999	 7.294875e+02	 816.67	 733.33	 77.00	 17	 0.24	 
bfer_126	 2	 6	 2110.jpg	 7.304716e+02	 22	 1.015101e+03	 2200	 7.333523e+02	 98	 7.314911e+02	 816.67	 683.33	 54.00	 10	 0.60	 
bfer_126	 2	 6	 2204.jpg	 7.334751e+02	 24	 999000	 240	 999000	 999	 7.344933e+02	 816.67	 683.33	 60.00	 25	 0.50	 
