subjectID	 order	 runNum	 itemName	 onsetTime	 shuff_trialType	 RT	 respInTime	 AudioTime	 response	 fixationTime	 ladder1	 ladder2	 bidIndex	 itemNameIndex	 bidValue	 
bfer_140	 2	 4	 2210.jpg	 4.277068e+02	 24	 999000	 240	 999000	 999	 4.287252e+02	 716.67	 716.67	 62.00	 31	 0.47	 
bfer_140	 2	 4	 1214.jpg	 4.307104e+02	 11	 9.841368e+02	 110	 7.166889e+02	 98	 4.317286e+02	 733.33	 716.67	 16.00	 35	 0.56	 
bfer_140	 2	 4	 1111.jpg	 4.347150e+02	 12	 999000	 120	 999000	 999	 4.357330e+02	 733.33	 716.67	 18.00	 11	 0.52	 
bfer_140	 2	 4	 2109.jpg	 4.367003e+02	 24	 999000	 240	 999000	 999	 4.377184e+02	 733.33	 716.67	 58.00	 9	 0.59	 
bfer_140	 2	 4	 2114.jpg	 4.387027e+02	 24	 999000	 240	 999000	 999	 4.397209e+02	 733.33	 716.67	 61.00	 14	 0.49	 
bfer_140	 2	 4	 2119.jpg	 4.427073e+02	 24	 999000	 240	 999000	 999	 4.437254e+02	 733.33	 716.67	 77.00	 19	 0.24	 
bfer_140	 2	 4	 1219.jpg	 4.447094e+02	 12	 999000	 120	 999000	 999	 4.457276e+02	 733.33	 716.67	 7.00	 40	 0.77	 
bfer_140	 2	 4	 2203.jpg	 4.497151e+02	 24	 999000	 240	 999000	 999	 4.507332e+02	 733.33	 716.67	 78.00	 24	 0.24	 
bfer_140	 2	 4	 1109.jpg	 4.517003e+02	 11	 1.114215e+03	 1100	 7.333489e+02	 98	 4.527188e+02	 683.33	 716.67	 9.00	 9	 0.74	 
bfer_140	 2	 4	 2216.jpg	 4.547040e+02	 22	 1.038517e+03	 2200	 7.166903e+02	 98	 4.557222e+02	 683.33	 666.67	 54.00	 37	 0.64	 
bfer_140	 2	 4	 2214.jpg	 4.577074e+02	 22	 8.830950e+02	 220	 6.666843e+02	 98	 4.587255e+02	 683.33	 683.33	 51.00	 35	 0.67	 
bfer_140	 2	 4	 1216.jpg	 4.617118e+02	 12	 999000	 120	 999000	 999	 4.627300e+02	 683.33	 683.33	 20.00	 37	 0.51	 
bfer_140	 2	 4	 1218.jpg	 4.647152e+02	 12	 4.193283e+02	 12	 999000	 98	 4.657333e+02	 683.33	 683.33	 10.00	 39	 0.70	 
bfer_140	 2	 4	 1205.jpg	 4.667004e+02	 11	 9.540853e+02	 110	 6.833862e+02	 98	 4.677189e+02	 700.00	 683.33	 8.00	 26	 0.76	 
bfer_140	 2	 4	 1213.jpg	 4.697041e+02	 11	 1.022409e+03	 1100	 7.000324e+02	 98	 4.707223e+02	 650.00	 683.33	 11.00	 34	 0.69	 
bfer_140	 2	 4	 2212.jpg	 4.737086e+02	 24	 999000	 240	 999000	 999	 4.747269e+02	 650.00	 683.33	 55.00	 33	 0.61	 
bfer_140	 2	 4	 2219.jpg	 4.767120e+02	 24	 999000	 240	 999000	 999	 4.777302e+02	 650.00	 683.33	 53.00	 40	 0.64	 
bfer_140	 2	 4	 1202.jpg	 4.787143e+02	 12	 999000	 120	 999000	 999	 4.797324e+02	 650.00	 683.33	 21.00	 23	 0.50	 
bfer_140	 2	 4	 2205.jpg	 4.807165e+02	 22	 9.299636e+02	 220	 6.833613e+02	 98	 4.817346e+02	 650.00	 700.00	 49.00	 26	 0.73	 
bfer_140	 2	 4	 1120.jpg	 4.857054e+02	 11	 8.930865e+02	 110	 6.500322e+02	 98	 4.867236e+02	 666.67	 700.00	 14.00	 20	 0.57	 
bfer_140	 2	 4	 2218.jpg	 4.897099e+02	 24	 7.926099e+02	 24	 999000	 98	 4.907281e+02	 666.67	 700.00	 47.00	 39	 0.74	 
bfer_140	 2	 4	 1204.jpg	 4.937144e+02	 12	 999000	 120	 999000	 999	 4.947325e+02	 666.67	 700.00	 12.00	 25	 0.64	 
bfer_140	 2	 4	 2103.jpg	 4.997044e+02	 24	 999000	 240	 999000	 999	 5.007226e+02	 666.67	 700.00	 59.00	 3	 0.52	 
bfer_140	 2	 4	 2201.jpg	 5.017067e+02	 22	 9.797984e+02	 220	 7.000218e+02	 98	 5.027247e+02	 666.67	 716.67	 48.00	 22	 0.74	 
bfer_140	 2	 4	 1102.jpg	 5.037089e+02	 12	 999000	 120	 999000	 999	 5.047271e+02	 666.67	 716.67	 19.00	 2	 0.52	 
bfer_140	 2	 4	 2121.jpg	 5.057112e+02	 22	 9.993474e+02	 220	 7.166992e+02	 98	 5.067293e+02	 666.67	 733.33	 56.00	 21	 0.60	 
bfer_140	 2	 4	 2217.jpg	 5.077135e+02	 24	 999000	 240	 999000	 999	 5.087316e+02	 666.67	 733.33	 44.00	 38	 0.77	 
bfer_140	 2	 4	 2111.jpg	 5.117010e+02	 24	 999000	 240	 999000	 999	 5.127193e+02	 666.67	 733.33	 60.00	 11	 0.51	 
bfer_140	 2	 4	 2202.jpg	 5.137035e+02	 24	 999000	 240	 999000	 999	 5.147217e+02	 666.67	 733.33	 52.00	 23	 0.65	 
bfer_140	 2	 4	 1207.jpg	 5.177080e+02	 12	 999000	 120	 999000	 999	 5.187261e+02	 666.67	 733.33	 4.00	 28	 0.78	 
bfer_140	 2	 4	 1117.jpg	 5.197103e+02	 12	 999000	 120	 999000	 999	 5.207283e+02	 666.67	 733.33	 37.00	 17	 0.16	 
bfer_140	 2	 4	 1108.jpg	 5.217124e+02	 12	 999000	 120	 999000	 999	 5.227307e+02	 666.67	 733.33	 38.00	 8	 0.14	 
bfer_140	 2	 4	 2204.jpg	 5.237147e+02	 22	 1.035800e+03	 2200	 7.333550e+02	 98	 5.247329e+02	 666.67	 683.33	 57.00	 25	 0.59	 
bfer_140	 2	 4	 2207.jpg	 5.287036e+02	 24	 999000	 240	 999000	 999	 5.297218e+02	 666.67	 683.33	 43.00	 28	 0.79	 
bfer_140	 2	 4	 1121.jpg	 5.307059e+02	 12	 999000	 120	 999000	 999	 5.317241e+02	 666.67	 683.33	 22.00	 21	 0.50	 
bfer_140	 2	 4	 1217.jpg	 5.327082e+02	 12	 999000	 120	 999000	 999	 5.337264e+02	 666.67	 683.33	 13.00	 38	 0.61	 
bfer_140	 2	 4	 1103.jpg	 5.357115e+02	 12	 999000	 120	 999000	 999	 5.367296e+02	 666.67	 683.33	 15.00	 3	 0.57	 
bfer_140	 2	 4	 2215.jpg	 5.427028e+02	 24	 999000	 240	 999000	 999	 5.437209e+02	 666.67	 683.33	 50.00	 36	 0.69	 
bfer_140	 2	 4	 1106.jpg	 5.467071e+02	 11	 9.633806e+02	 110	 6.667045e+02	 98	 5.477253e+02	 683.33	 683.33	 17.00	 6	 0.54	 
bfer_140	 2	 4	 1209.jpg	 5.537151e+02	 12	 999000	 120	 999000	 999	 5.547332e+02	 683.33	 683.33	 3.00	 30	 0.87	 
