subjectID	 order	 runNum	 itemName	 onsetTime	 shuff_trialType	 RT	 respInTime	 AudioTime	 response	 fixationTime	 ladder1	 ladder2	 bidIndex	 itemNameIndex	 bidValue	 
bfer_123	 1	 1	 1211.jpg	 1.395355e+00	 11	 1.267487e+03	 1100	 7.502613e+02	 98	 2.414206e+00	 700.00	 750.00	 7.00	 32	 0.71	 
bfer_123	 1	 1	 1213.jpg	 6.401371e+00	 12	 999000	 120	 999000	 999	 7.419684e+00	 700.00	 750.00	 20.00	 34	 0.51	 
bfer_123	 1	 1	 2205.jpg	 8.403550e+00	 24	 999000	 240	 999000	 999	 9.421876e+00	 700.00	 750.00	 48.00	 26	 0.70	 
bfer_123	 1	 1	 2109.jpg	 1.038883e+01	 24	 999000	 240	 999000	 999	 1.140764e+01	 700.00	 750.00	 60.00	 9	 0.51	 
bfer_123	 1	 1	 1217.jpg	 1.639602e+01	 12	 999000	 120	 999000	 999	 1.741477e+01	 700.00	 750.00	 17.00	 38	 0.60	 
bfer_123	 1	 1	 2115.jpg	 1.839809e+01	 22	 1.120751e+03	 2200	 7.502550e+02	 98	 1.941632e+01	 700.00	 700.00	 55.00	 15	 0.57	 
bfer_123	 1	 1	 2219.jpg	 2.140145e+01	 24	 999000	 240	 999000	 999	 2.241956e+01	 700.00	 700.00	 51.00	 40	 0.65	 
bfer_123	 1	 1	 2114.jpg	 2.340370e+01	 24	 999000	 240	 999000	 999	 2.442191e+01	 700.00	 700.00	 49.00	 14	 0.70	 
bfer_123	 1	 1	 2216.jpg	 2.739147e+01	 22	 1.015446e+03	 2200	 7.000897e+02	 98	 2.841128e+01	 700.00	 650.00	 47.00	 37	 0.78	 
bfer_123	 1	 1	 2101.jpg	 2.939375e+01	 22	 9.571015e+02	 220	 6.500659e+02	 98	 3.041190e+01	 700.00	 666.67	 52.00	 1	 0.64	 
bfer_123	 1	 1	 2213.jpg	 3.439942e+01	 22	 9.274259e+02	 220	 6.667477e+02	 98	 3.541753e+01	 700.00	 683.33	 53.00	 34	 0.64	 
bfer_123	 1	 1	 1102.jpg	 4.139050e+01	 12	 999000	 120	 999000	 999	 4.240865e+01	 700.00	 683.33	 37.00	 2	 0.20	 
bfer_123	 1	 1	 2209.jpg	 4.339283e+01	 24	 999000	 240	 999000	 999	 4.441099e+01	 700.00	 683.33	 57.00	 30	 0.56	 
bfer_123	 1	 1	 1201.jpg	 4.639618e+01	 11	 1.034666e+03	 1100	 7.001263e+02	 98	 4.741425e+01	 650.00	 683.33	 12.00	 22	 0.66	 
bfer_123	 1	 1	 2111.jpg	 4.939946e+01	 24	 999000	 240	 999000	 999	 5.041769e+01	 650.00	 683.33	 62.00	 11	 0.47	 
bfer_123	 1	 1	 2214.jpg	 5.340398e+01	 24	 999000	 240	 999000	 999	 5.442221e+01	 650.00	 683.33	 61.00	 35	 0.50	 
bfer_123	 1	 1	 1119.jpg	 5.739185e+01	 12	 999000	 120	 999000	 999	 5.840990e+01	 650.00	 683.33	 19.00	 19	 0.54	 
bfer_123	 1	 1	 2215.jpg	 6.139637e+01	 24	 999000	 240	 999000	 999	 6.241445e+01	 650.00	 683.33	 43.00	 36	 0.86	 
bfer_123	 1	 1	 1110.jpg	 6.439969e+01	 12	 999000	 120	 999000	 999	 6.541802e+01	 650.00	 683.33	 8.00	 10	 0.68	 
bfer_123	 1	 1	 1203.jpg	 7.038981e+01	 12	 999000	 120	 999000	 999	 7.140789e+01	 650.00	 683.33	 38.00	 24	 0.18	 
bfer_123	 1	 1	 1120.jpg	 7.239204e+01	 11	 9.268391e+02	 110	 6.500790e+02	 98	 7.341010e+01	 666.67	 683.33	 15.00	 20	 0.64	 
bfer_123	 1	 1	 1106.jpg	 7.539539e+01	 12	 999000	 120	 999000	 999	 7.641350e+01	 666.67	 683.33	 22.00	 6	 0.45	 
bfer_123	 1	 1	 2207.jpg	 7.739763e+01	 24	 999000	 240	 999000	 999	 7.841587e+01	 666.67	 683.33	 59.00	 28	 0.56	 
bfer_123	 1	 1	 1215.jpg	 7.939986e+01	 11	 9.430108e+02	 110	 6.667344e+02	 98	 8.041801e+01	 683.33	 683.33	 10.00	 36	 0.66	 
bfer_123	 1	 1	 1115.jpg	 8.140218e+01	 12	 999000	 120	 999000	 999	 8.242021e+01	 683.33	 683.33	 21.00	 15	 0.50	 
bfer_123	 1	 1	 1216.jpg	 8.438885e+01	 12	 999000	 120	 999000	 999	 8.540688e+01	 683.33	 683.33	 14.00	 37	 0.64	 
bfer_123	 1	 1	 1101.jpg	 8.839323e+01	 12	 999000	 120	 999000	 999	 8.941146e+01	 683.33	 683.33	 4.00	 1	 0.76	 
bfer_123	 1	 1	 2201.jpg	 9.039689e+01	 24	 999000	 240	 999000	 999	 9.141369e+01	 683.33	 683.33	 56.00	 22	 0.56	 
bfer_123	 1	 1	 1121.jpg	 9.239778e+01	 12	 999000	 120	 999000	 999	 9.341593e+01	 683.33	 683.33	 11.00	 21	 0.66	 
bfer_123	 1	 1	 1219.jpg	 9.440004e+01	 12	 999000	 120	 999000	 999	 9.541832e+01	 683.33	 683.33	 3.00	 40	 0.82	 
bfer_123	 1	 1	 2217.jpg	 9.640231e+01	 22	 9.485349e+02	 220	 6.837176e+02	 98	 9.742040e+01	 683.33	 700.00	 50.00	 38	 0.65	 
bfer_123	 1	 1	 1114.jpg	 9.838751e+01	 11	 9.713382e+02	 110	 6.836088e+02	 98	 9.940589e+01	 700.00	 700.00	 13.00	 14	 0.64	 
bfer_123	 1	 1	 2120.jpg	 1.023924e+02	 24	 999000	 240	 999000	 999	 1.034105e+02	 700.00	 700.00	 44.00	 20	 0.82	 
bfer_123	 1	 1	 1206.jpg	 1.063966e+02	 12	 999000	 120	 999000	 999	 1.074149e+02	 700.00	 700.00	 16.00	 27	 0.63	 
bfer_123	 1	 1	 2206.jpg	 1.083991e+02	 22	 9.597832e+02	 220	 7.001318e+02	 98	 1.094172e+02	 700.00	 716.67	 58.00	 27	 0.56	 
bfer_123	 1	 1	 1117.jpg	 1.104013e+02	 11	 1.037553e+03	 1100	 7.000345e+02	 98	 1.114195e+02	 650.00	 716.67	 18.00	 17	 0.57	 
bfer_123	 1	 1	 1207.jpg	 1.124035e+02	 12	 999000	 120	 999000	 999	 1.134218e+02	 650.00	 716.67	 9.00	 28	 0.67	 
bfer_123	 1	 1	 2113.jpg	 1.143892e+02	 24	 999000	 240	 999000	 999	 1.154072e+02	 650.00	 716.67	 78.00	 13	 0.21	 
bfer_123	 1	 1	 2119.jpg	 1.203958e+02	 24	 999000	 240	 999000	 999	 1.214140e+02	 650.00	 716.67	 54.00	 19	 0.62	 
bfer_123	 1	 1	 2105.jpg	 1.223982e+02	 24	 999000	 240	 999000	 999	 1.234163e+02	 650.00	 716.67	 77.00	 5	 0.22	 
