subjectID	 order	 runNum	 itemName	 onsetTime	 shuff_trialType	 RT	 respInTime	 AudioTime	 response	 fixationTime	 ladder1	 ladder2	 bidIndex	 itemNameIndex	 bidValue	 
bfer_123	 1	 18	 1215.jpg	 9.682116e+02	 11	 1.171326e+03	 1100	 9.166916e+02	 98	 9.693134e+02	 866.67	 916.67	 10.00	 36	 0.66	 
bfer_123	 1	 18	 1114.jpg	 9.702142e+02	 11	 7.607919e+02	 11	 8.667002e+02	 98	 9.712658e+02	 883.33	 916.67	 13.00	 14	 0.64	 
bfer_123	 1	 18	 1217.jpg	 9.742187e+02	 12	 999000	 120	 999000	 999	 9.752368e+02	 883.33	 916.67	 17.00	 38	 0.60	 
bfer_123	 1	 18	 1120.jpg	 9.772054e+02	 11	 6.415700e+02	 11	 8.833609e+02	 98	 9.782736e+02	 900.00	 916.67	 15.00	 20	 0.64	 
bfer_123	 1	 18	 1115.jpg	 9.792076e+02	 12	 999000	 120	 999000	 999	 9.802258e+02	 900.00	 916.67	 21.00	 15	 0.50	 
bfer_123	 1	 18	 2213.jpg	 9.822110e+02	 22	 8.599725e+02	 22	 9.167035e+02	 98	 9.833125e+02	 900.00	 916.67	 53.00	 34	 0.64	 
bfer_123	 1	 18	 1102.jpg	 9.862154e+02	 12	 999000	 120	 999000	 999	 9.872336e+02	 900.00	 916.67	 37.00	 2	 0.20	 
bfer_123	 1	 18	 1216.jpg	 9.902033e+02	 12	 7.236614e+02	 12	 999000	 98	 9.912214e+02	 900.00	 916.67	 14.00	 37	 0.64	 
bfer_123	 1	 18	 2201.jpg	 9.922056e+02	 24	 999000	 240	 999000	 999	 9.932236e+02	 900.00	 916.67	 56.00	 22	 0.56	 
bfer_123	 1	 18	 2209.jpg	 9.972111e+02	 24	 999000	 240	 999000	 999	 9.982293e+02	 900.00	 916.67	 57.00	 30	 0.56	 
bfer_123	 1	 18	 1219.jpg	 9.992134e+02	 12	 999000	 120	 999000	 999	 1.000232e+03	 900.00	 916.67	 3.00	 40	 0.82	 
bfer_123	 1	 18	 2105.jpg	 1.001216e+03	 24	 999000	 240	 999000	 999	 1.002234e+03	 900.00	 916.67	 77.00	 5	 0.22	 
bfer_123	 1	 18	 1117.jpg	 1.007206e+03	 11	 6.492674e+02	 11	 9.000139e+02	 98	 1.008291e+03	 916.67	 916.67	 18.00	 17	 0.57	 
bfer_123	 1	 18	 1101.jpg	 1.009208e+03	 12	 999000	 120	 999000	 999	 1.010226e+03	 916.67	 916.67	 4.00	 1	 0.76	 
bfer_123	 1	 18	 1207.jpg	 1.011210e+03	 12	 999000	 120	 999000	 999	 1.012228e+03	 916.67	 916.67	 9.00	 28	 0.67	 
bfer_123	 1	 18	 1203.jpg	 1.013212e+03	 12	 999000	 120	 999000	 999	 1.014230e+03	 916.67	 916.67	 38.00	 24	 0.18	 
bfer_123	 1	 18	 2119.jpg	 1.017217e+03	 24	 999000	 240	 999000	 999	 1.018235e+03	 916.67	 916.67	 54.00	 19	 0.62	 
bfer_123	 1	 18	 1213.jpg	 1.021205e+03	 12	 8.582056e+02	 12	 999000	 98	 1.022223e+03	 916.67	 916.67	 20.00	 34	 0.51	 
bfer_123	 1	 18	 1211.jpg	 1.024208e+03	 11	 6.947920e+02	 11	 9.166871e+02	 98	 1.025310e+03	 916.67	 916.67	 7.00	 32	 0.71	 
bfer_123	 1	 18	 2114.jpg	 1.028213e+03	 24	 999000	 240	 999000	 999	 1.029231e+03	 916.67	 916.67	 49.00	 14	 0.70	 
bfer_123	 1	 18	 2219.jpg	 1.031216e+03	 24	 999000	 240	 999000	 999	 1.032234e+03	 916.67	 916.67	 51.00	 40	 0.65	 
bfer_123	 1	 18	 2216.jpg	 1.033218e+03	 22	 6.607161e+02	 22	 9.166855e+02	 98	 1.034320e+03	 916.67	 916.67	 47.00	 37	 0.78	 
bfer_123	 1	 18	 2111.jpg	 1.037206e+03	 24	 999000	 240	 999000	 999	 1.038224e+03	 916.67	 916.67	 62.00	 11	 0.47	 
bfer_123	 1	 18	 2109.jpg	 1.039208e+03	 24	 999000	 240	 999000	 999	 1.040226e+03	 916.67	 916.67	 60.00	 9	 0.51	 
bfer_123	 1	 18	 2215.jpg	 1.041211e+03	 24	 9.564396e+02	 24	 999000	 98	 1.042229e+03	 916.67	 916.67	 43.00	 36	 0.86	 
bfer_123	 1	 18	 2120.jpg	 1.045215e+03	 24	 999000	 240	 999000	 999	 1.046233e+03	 916.67	 916.67	 44.00	 20	 0.82	 
bfer_123	 1	 18	 1106.jpg	 1.047217e+03	 12	 999000	 120	 999000	 999	 1.048235e+03	 916.67	 916.67	 22.00	 6	 0.45	 
bfer_123	 1	 18	 1119.jpg	 1.051205e+03	 12	 999000	 120	 999000	 999	 1.052223e+03	 916.67	 916.67	 19.00	 19	 0.54	 
bfer_123	 1	 18	 1206.jpg	 1.055210e+03	 12	 9.093662e+02	 12	 999000	 98	 1.056228e+03	 916.67	 916.67	 16.00	 27	 0.63	 
bfer_123	 1	 18	 2206.jpg	 1.058213e+03	 22	 6.580706e+02	 22	 9.166844e+02	 98	 1.059315e+03	 916.67	 916.67	 58.00	 27	 0.56	 
bfer_123	 1	 18	 2205.jpg	 1.064203e+03	 24	 999000	 240	 999000	 999	 1.065221e+03	 916.67	 916.67	 48.00	 26	 0.70	 
bfer_123	 1	 18	 2217.jpg	 1.066205e+03	 22	 7.777375e+02	 22	 9.166876e+02	 98	 1.067307e+03	 916.67	 916.67	 50.00	 38	 0.65	 
bfer_123	 1	 18	 1121.jpg	 1.070210e+03	 12	 999000	 120	 999000	 999	 1.071228e+03	 916.67	 916.67	 11.00	 21	 0.66	 
bfer_123	 1	 18	 2115.jpg	 1.072212e+03	 22	 7.390404e+02	 22	 9.166880e+02	 98	 1.073314e+03	 916.67	 916.67	 55.00	 15	 0.57	 
bfer_123	 1	 18	 2214.jpg	 1.074214e+03	 24	 999000	 240	 999000	 999	 1.075232e+03	 916.67	 916.67	 61.00	 35	 0.50	 
bfer_123	 1	 18	 2101.jpg	 1.076216e+03	 22	 5.905485e+02	 22	 9.166827e+02	 98	 1.077318e+03	 916.67	 916.67	 52.00	 1	 0.64	 
bfer_123	 1	 18	 2113.jpg	 1.081205e+03	 24	 999000	 240	 999000	 999	 1.082224e+03	 916.67	 916.67	 78.00	 13	 0.21	 
bfer_123	 1	 18	 1201.jpg	 1.083208e+03	 11	 1.127366e+03	 1100	 9.166945e+02	 98	 1.084309e+03	 866.67	 916.67	 12.00	 22	 0.66	 
bfer_123	 1	 18	 1110.jpg	 1.085210e+03	 12	 999000	 120	 999000	 999	 1.086228e+03	 866.67	 916.67	 8.00	 10	 0.68	 
bfer_123	 1	 18	 2207.jpg	 1.088213e+03	 24	 999000	 240	 999000	 999	 1.089231e+03	 866.67	 916.67	 59.00	 28	 0.56	 
