subjectID	 order	 runNum	 itemName	 onsetTime	 shuff_trialType	 RT	 respInTime	 AudioTime	 response	 fixationTime	 ladder1	 ladder2	 bidIndex	 itemNameIndex	 bidValue	 
bfer_115	 1	 3	 2106.jpg	 3.139264e+02	 22	 8.965076e+02	 2	 6.833594e+02	 118	 3.149449e+02	 683.33	 633.33	 58.00	 6	 0.56	 
bfer_115	 1	 3	 2218.jpg	 3.169302e+02	 24	 999000	 240	 999000	 999	 3.179485e+02	 683.33	 633.33	 61.00	 39	 0.54	 
bfer_115	 1	 3	 2212.jpg	 3.189325e+02	 24	 999000	 240	 999000	 999	 3.199505e+02	 683.33	 633.33	 60.00	 33	 0.54	 
bfer_115	 1	 3	 1107.jpg	 3.209348e+02	 12	 999000	 120	 999000	 999	 3.219529e+02	 683.33	 633.33	 17.00	 7	 0.55	 
bfer_115	 1	 3	 1109.jpg	 3.229202e+02	 12	 999000	 120	 999000	 999	 3.239384e+02	 683.33	 633.33	 9.00	 9	 0.66	 
bfer_115	 1	 3	 2115.jpg	 3.259236e+02	 24	 999000	 240	 999000	 999	 3.269419e+02	 683.33	 633.33	 54.00	 15	 0.60	 
bfer_115	 1	 3	 2214.jpg	 3.279259e+02	 24	 999000	 240	 999000	 999	 3.289440e+02	 683.33	 633.33	 51.00	 35	 0.64	 
bfer_115	 1	 3	 2208.jpg	 3.319304e+02	 22	 8.365867e+02	 2	 6.333524e+02	 118	 3.329485e+02	 683.33	 583.33	 55.00	 29	 0.59	 
bfer_115	 1	 3	 1217.jpg	 3.339326e+02	 12	 999000	 120	 999000	 999	 3.349508e+02	 683.33	 583.33	 16.00	 38	 0.56	 
bfer_115	 1	 3	 2111.jpg	 3.389215e+02	 24	 999000	 240	 999000	 999	 3.399396e+02	 683.33	 583.33	 49.00	 11	 0.68	 
bfer_115	 1	 3	 1204.jpg	 3.409239e+02	 11	 8.990771e+02	 1	 6.833534e+02	 118	 3.419420e+02	 633.33	 583.33	 7.00	 25	 0.69	 
bfer_115	 1	 3	 2102.jpg	 3.449283e+02	 24	 999000	 240	 999000	 999	 3.459465e+02	 633.33	 583.33	 77.00	 2	 0.20	 
bfer_115	 1	 3	 2114.jpg	 3.469305e+02	 24	 999000	 240	 999000	 999	 3.479487e+02	 633.33	 583.33	 57.00	 14	 0.57	 
bfer_115	 1	 3	 1208.jpg	 3.499339e+02	 11	 8.570103e+02	 1	 6.333548e+02	 118	 3.509520e+02	 583.33	 583.33	 10.00	 29	 0.65	 
bfer_115	 1	 3	 2201.jpg	 3.549229e+02	 22	 8.360576e+02	 2	 5.833554e+02	 118	 3.559411e+02	 583.33	 533.33	 52.00	 22	 0.63	 
bfer_115	 1	 3	 1219.jpg	 3.569252e+02	 12	 999000	 120	 999000	 999	 3.579433e+02	 583.33	 533.33	 4.00	 40	 0.78	 
bfer_115	 1	 3	 2209.jpg	 3.589275e+02	 24	 999000	 240	 999000	 999	 3.599455e+02	 583.33	 533.33	 56.00	 30	 0.58	 
bfer_115	 1	 3	 2211.jpg	 3.629319e+02	 22	 8.110836e+02	 2	 5.333542e+02	 118	 3.639500e+02	 583.33	 483.33	 47.00	 32	 0.73	 
bfer_115	 1	 3	 1115.jpg	 3.669197e+02	 12	 999000	 120	 999000	 999	 3.679378e+02	 583.33	 483.33	 8.00	 15	 0.69	 
bfer_115	 1	 3	 2108.jpg	 3.709242e+02	 24	 999000	 240	 999000	 999	 3.719424e+02	 583.33	 483.33	 78.00	 8	 0.18	 
bfer_115	 1	 3	 1102.jpg	 3.729264e+02	 12	 999000	 120	 999000	 999	 3.739447e+02	 583.33	 483.33	 22.00	 2	 0.51	 
bfer_115	 1	 3	 1111.jpg	 3.749287e+02	 12	 999000	 120	 999000	 999	 3.759468e+02	 583.33	 483.33	 21.00	 11	 0.51	 
bfer_115	 1	 3	 2121.jpg	 3.769310e+02	 24	 999000	 240	 999000	 999	 3.779492e+02	 583.33	 483.33	 44.00	 21	 0.84	 
bfer_115	 1	 3	 1117.jpg	 3.789332e+02	 12	 999000	 120	 999000	 999	 3.799513e+02	 583.33	 483.33	 37.00	 17	 0.19	 
bfer_115	 1	 3	 1211.jpg	 3.849233e+02	 11	 3.236656e+02	 1	 5.833498e+02	 118	 3.859413e+02	 533.33	 483.33	 12.00	 32	 0.63	 
bfer_115	 1	 3	 1106.jpg	 3.879266e+02	 12	 999000	 120	 999000	 999	 3.889448e+02	 533.33	 483.33	 14.00	 6	 0.62	 
bfer_115	 1	 3	 1214.jpg	 3.899289e+02	 11	 8.140231e+02	 1	 5.333609e+02	 118	 3.909470e+02	 483.33	 483.33	 15.00	 35	 0.56	 
bfer_115	 1	 3	 1213.jpg	 3.919312e+02	 12	 999000	 120	 999000	 999	 3.929492e+02	 483.33	 483.33	 20.00	 34	 0.52	 
bfer_115	 1	 3	 1209.jpg	 3.949176e+02	 12	 999000	 120	 999000	 999	 3.959360e+02	 483.33	 483.33	 3.00	 30	 0.81	 
bfer_115	 1	 3	 2219.jpg	 3.969201e+02	 24	 999000	 240	 999000	 999	 3.979383e+02	 483.33	 483.33	 43.00	 40	 0.91	 
bfer_115	 1	 3	 2205.jpg	 3.989224e+02	 22	 7.805655e+02	 2	 4.833503e+02	 118	 3.999404e+02	 483.33	 433.33	 50.00	 26	 0.68	 
bfer_115	 1	 3	 1103.jpg	 4.009246e+02	 12	 999000	 120	 999000	 999	 4.019427e+02	 483.33	 433.33	 11.00	 3	 0.64	 
bfer_115	 1	 3	 1120.jpg	 4.039279e+02	 12	 999000	 120	 999000	 999	 4.049460e+02	 483.33	 433.33	 19.00	 20	 0.52	 
bfer_115	 1	 3	 2210.jpg	 4.059301e+02	 24	 999000	 240	 999000	 999	 4.069483e+02	 483.33	 433.33	 59.00	 31	 0.55	 
bfer_115	 1	 3	 2204.jpg	 4.079324e+02	 24	 999000	 240	 999000	 999	 4.089506e+02	 483.33	 433.33	 62.00	 25	 0.53	 
bfer_115	 1	 3	 2207.jpg	 4.099347e+02	 22	 7.522527e+02	 2	 4.333512e+02	 118	 4.109528e+02	 483.33	 383.33	 53.00	 28	 0.62	 
bfer_115	 1	 3	 1218.jpg	 4.119203e+02	 11	 7.986987e+02	 1	 4.833489e+02	 118	 4.129384e+02	 433.33	 383.33	 18.00	 39	 0.54	 
bfer_115	 1	 3	 2109.jpg	 4.179270e+02	 24	 999000	 240	 999000	 999	 4.189452e+02	 433.33	 383.33	 48.00	 9	 0.71	 
bfer_115	 1	 3	 1207.jpg	 4.209303e+02	 11	 7.886157e+02	 1	 4.333541e+02	 118	 4.219485e+02	 383.33	 383.33	 13.00	 28	 0.63	 
bfer_115	 1	 3	 1108.jpg	 4.249179e+02	 12	 999000	 120	 999000	 999	 4.259363e+02	 383.33	 383.33	 38.00	 8	 0.19	 
