subjectID	 order	 runNum	 itemName	 onsetTime	 shuff_trialType	 RT	 respInTime	 AudioTime	 response	 fixationTime	 ladder1	 ladder2	 bidIndex	 itemNameIndex	 bidValue	 
bfer_158	 2	 19	 2206.jpg	 1.034947e+03	 24	 999000	 240	 999000	 999	 1.035965e+03	 616.67	 616.67	 43.00	 27	 0.85	 
bfer_158	 2	 19	 2203.jpg	 1.037950e+03	 24	 999000	 240	 999000	 999	 1.038968e+03	 616.67	 616.67	 44.00	 24	 0.82	 
bfer_158	 2	 19	 2113.jpg	 1.041938e+03	 24	 999000	 240	 999000	 999	 1.042956e+03	 616.67	 616.67	 60.00	 13	 0.54	 
bfer_158	 2	 19	 2102.jpg	 1.043940e+03	 24	 999000	 240	 999000	 999	 1.044959e+03	 616.67	 616.67	 53.00	 2	 0.65	 
bfer_158	 2	 19	 2121.jpg	 1.045943e+03	 22	 1.112143e+03	 2200	 6.166863e+02	 98	 1.046961e+03	 616.67	 566.67	 48.00	 21	 0.74	 
bfer_158	 2	 19	 1103.jpg	 1.049947e+03	 12	 999000	 120	 999000	 999	 1.050965e+03	 616.67	 566.67	 3.00	 3	 0.77	 
bfer_158	 2	 19	 1209.jpg	 1.051949e+03	 12	 999000	 120	 999000	 999	 1.052967e+03	 616.67	 566.67	 37.00	 30	 0.24	 
bfer_158	 2	 19	 2104.jpg	 1.056938e+03	 24	 999000	 240	 999000	 999	 1.057956e+03	 616.67	 566.67	 59.00	 4	 0.57	 
bfer_158	 2	 19	 2109.jpg	 1.058941e+03	 24	 999000	 240	 999000	 999	 1.059959e+03	 616.67	 566.67	 47.00	 9	 0.78	 
bfer_158	 2	 19	 1203.jpg	 1.061944e+03	 11	 1.038817e+03	 1100	 6.166804e+02	 98	 1.062962e+03	 566.67	 566.67	 9.00	 24	 0.65	 
bfer_158	 2	 19	 2214.jpg	 1.064947e+03	 24	 999000	 240	 999000	 999	 1.065965e+03	 566.67	 566.67	 58.00	 35	 0.59	 
bfer_158	 2	 19	 1213.jpg	 1.068952e+03	 12	 999000	 120	 999000	 999	 1.069970e+03	 566.67	 566.67	 13.00	 34	 0.62	 
bfer_158	 2	 19	 2105.jpg	 1.071939e+03	 24	 999000	 240	 999000	 999	 1.072957e+03	 566.67	 566.67	 52.00	 5	 0.66	 
bfer_158	 2	 19	 1101.jpg	 1.073941e+03	 11	 9.380359e+02	 110	 5.666908e+02	 98	 1.074959e+03	 583.33	 566.67	 11.00	 1	 0.63	 
bfer_158	 2	 19	 1211.jpg	 1.076944e+03	 12	 999000	 120	 999000	 999	 1.077962e+03	 583.33	 566.67	 20.00	 32	 0.55	 
bfer_158	 2	 19	 1114.jpg	 1.080949e+03	 12	 999000	 120	 999000	 999	 1.081967e+03	 583.33	 566.67	 38.00	 14	 0.24	 
bfer_158	 2	 19	 2101.jpg	 1.083952e+03	 22	 8.947690e+02	 220	 5.666939e+02	 98	 1.084970e+03	 583.33	 583.33	 57.00	 1	 0.59	 
bfer_158	 2	 19	 1214.jpg	 1.085938e+03	 12	 999000	 120	 999000	 999	 1.086956e+03	 583.33	 583.33	 4.00	 35	 0.76	 
bfer_158	 2	 19	 2216.jpg	 1.087940e+03	 22	 1.091033e+03	 2200	 5.833603e+02	 98	 1.088958e+03	 583.33	 533.33	 49.00	 37	 0.68	 
bfer_158	 2	 19	 1204.jpg	 1.092945e+03	 12	 999000	 120	 999000	 999	 1.093963e+03	 583.33	 533.33	 15.00	 25	 0.58	 
bfer_158	 2	 19	 1121.jpg	 1.096950e+03	 11	 9.529341e+02	 110	 5.833465e+02	 98	 1.097968e+03	 600.00	 533.33	 16.00	 21	 0.58	 
bfer_158	 2	 19	 1111.jpg	 1.100938e+03	 11	 9.170074e+02	 110	 6.000250e+02	 98	 1.101956e+03	 616.67	 533.33	 17.00	 11	 0.58	 
bfer_158	 2	 19	 1117.jpg	 1.106944e+03	 12	 999000	 120	 999000	 999	 1.107963e+03	 616.67	 533.33	 7.00	 17	 0.70	 
bfer_158	 2	 19	 2211.jpg	 1.108947e+03	 24	 999000	 240	 999000	 999	 1.109965e+03	 616.67	 533.33	 50.00	 32	 0.68	 
bfer_158	 2	 19	 2103.jpg	 1.110949e+03	 22	 9.296981e+02	 220	 5.333590e+02	 98	 1.111967e+03	 616.67	 550.00	 54.00	 3	 0.65	 
bfer_158	 2	 19	 2120.jpg	 1.112951e+03	 24	 3.515887e+02	 24	 999000	 98	 1.113969e+03	 616.67	 550.00	 78.00	 20	 0.27	 
bfer_158	 2	 19	 1207.jpg	 1.114936e+03	 12	 999000	 120	 999000	 999	 1.115955e+03	 616.67	 550.00	 21.00	 28	 0.55	 
bfer_158	 2	 19	 2202.jpg	 1.118941e+03	 24	 999000	 240	 999000	 999	 1.119959e+03	 616.67	 550.00	 62.00	 23	 0.52	 
bfer_158	 2	 19	 2111.jpg	 1.120944e+03	 24	 999000	 240	 999000	 999	 1.121962e+03	 616.67	 550.00	 77.00	 11	 0.35	 
bfer_158	 2	 19	 2205.jpg	 1.124948e+03	 22	 1.042773e+03	 2200	 5.500254e+02	 98	 1.125966e+03	 616.67	 500.00	 56.00	 26	 0.62	 
bfer_158	 2	 19	 1205.jpg	 1.126950e+03	 12	 999000	 120	 999000	 999	 1.127968e+03	 616.67	 500.00	 19.00	 26	 0.55	 
bfer_158	 2	 19	 2117.jpg	 1.128952e+03	 22	 9.582931e+02	 220	 5.000171e+02	 98	 1.129971e+03	 616.67	 516.67	 51.00	 17	 0.67	 
bfer_158	 2	 19	 1105.jpg	 1.130938e+03	 12	 999000	 120	 999000	 999	 1.131956e+03	 616.67	 516.67	 12.00	 5	 0.62	 
bfer_158	 2	 19	 1201.jpg	 1.135944e+03	 11	 8.551154e+02	 110	 6.166907e+02	 98	 1.136962e+03	 633.33	 516.67	 8.00	 22	 0.66	 
bfer_158	 2	 19	 1219.jpg	 1.137946e+03	 11	 1.036921e+03	 1100	 6.333511e+02	 98	 1.138964e+03	 583.33	 516.67	 14.00	 40	 0.59	 
bfer_158	 2	 19	 2114.jpg	 1.139948e+03	 24	 999000	 240	 999000	 999	 1.140966e+03	 583.33	 516.67	 61.00	 14	 0.52	 
bfer_158	 2	 19	 1208.jpg	 1.142952e+03	 12	 999000	 120	 999000	 999	 1.143970e+03	 583.33	 516.67	 22.00	 29	 0.55	 
bfer_158	 2	 19	 1110.jpg	 1.149943e+03	 12	 999000	 120	 999000	 999	 1.150961e+03	 583.33	 516.67	 18.00	 10	 0.57	 
bfer_158	 2	 19	 2204.jpg	 1.153947e+03	 24	 999000	 240	 999000	 999	 1.154965e+03	 583.33	 516.67	 55.00	 25	 0.64	 
bfer_158	 2	 19	 1218.jpg	 1.160938e+03	 12	 999000	 120	 999000	 999	 1.161957e+03	 583.33	 516.67	 10.00	 39	 0.63	 
