subjectID	 order	 runNum	 itemName	 onsetTime	 shuff_trialType	 RT	 respInTime	 AudioTime	 response	 fixationTime	 ladder1	 ladder2	 bidIndex	 itemNameIndex	 bidValue	 
bfer_115	 1	 17	 1120.jpg	 8.371709e+02	 12	 999000	 120	 999000	 999	 8.381885e+02	 616.67	 750.00	 19.00	 20	 0.52	 
bfer_115	 1	 17	 2102.jpg	 8.401741e+02	 24	 999000	 240	 999000	 999	 8.411919e+02	 616.67	 750.00	 77.00	 2	 0.20	 
bfer_115	 1	 17	 2106.jpg	 8.441620e+02	 22	 1.140756e+03	 2200	 7.500214e+02	 98	 8.451797e+02	 616.67	 700.00	 58.00	 6	 0.56	 
bfer_115	 1	 17	 2121.jpg	 8.461642e+02	 24	 999000	 240	 999000	 999	 8.471819e+02	 616.67	 700.00	 44.00	 21	 0.84	 
bfer_115	 1	 17	 1218.jpg	 8.481665e+02	 11	 8.722219e+02	 110	 6.166965e+02	 98	 8.491842e+02	 633.33	 700.00	 18.00	 39	 0.54	 
bfer_115	 1	 17	 1214.jpg	 8.521709e+02	 11	 8.757838e+02	 110	 6.333632e+02	 98	 8.531887e+02	 650.00	 700.00	 15.00	 35	 0.56	 
bfer_115	 1	 17	 2201.jpg	 8.541733e+02	 22	 9.373871e+02	 220	 7.000146e+02	 98	 8.551910e+02	 650.00	 716.67	 52.00	 22	 0.63	 
bfer_115	 1	 17	 1102.jpg	 8.591620e+02	 12	 3.406584e+02	 12	 999000	 98	 8.601799e+02	 650.00	 716.67	 22.00	 2	 0.51	 
bfer_115	 1	 17	 2219.jpg	 8.611643e+02	 24	 999000	 240	 999000	 999	 8.621821e+02	 650.00	 716.67	 43.00	 40	 0.91	 
bfer_115	 1	 17	 1219.jpg	 8.641677e+02	 12	 999000	 120	 999000	 999	 8.651855e+02	 650.00	 716.67	 4.00	 40	 0.78	 
bfer_115	 1	 17	 1209.jpg	 8.671711e+02	 12	 999000	 120	 999000	 999	 8.681889e+02	 650.00	 716.67	 3.00	 30	 0.81	 
bfer_115	 1	 17	 1211.jpg	 8.711586e+02	 11	 9.201323e+02	 110	 6.500269e+02	 98	 8.721766e+02	 666.67	 716.67	 12.00	 32	 0.63	 
bfer_115	 1	 17	 1217.jpg	 8.741623e+02	 12	 999000	 120	 999000	 999	 8.751801e+02	 666.67	 716.67	 16.00	 38	 0.56	 
bfer_115	 1	 17	 1103.jpg	 8.761646e+02	 12	 999000	 120	 999000	 999	 8.771823e+02	 666.67	 716.67	 11.00	 3	 0.64	 
bfer_115	 1	 17	 2205.jpg	 8.791680e+02	 22	 1.070755e+03	 2200	 7.166840e+02	 98	 8.801857e+02	 666.67	 666.67	 50.00	 26	 0.68	 
bfer_115	 1	 17	 1208.jpg	 8.831723e+02	 11	 9.223600e+02	 110	 6.666887e+02	 98	 8.841902e+02	 683.33	 666.67	 10.00	 29	 0.65	 
bfer_115	 1	 17	 2209.jpg	 8.861588e+02	 24	 999000	 240	 999000	 999	 8.871769e+02	 683.33	 666.67	 56.00	 30	 0.58	 
bfer_115	 1	 17	 1213.jpg	 8.881614e+02	 12	 999000	 120	 999000	 999	 8.891791e+02	 683.33	 666.67	 20.00	 34	 0.52	 
bfer_115	 1	 17	 2210.jpg	 8.901635e+02	 24	 999000	 240	 999000	 999	 8.911814e+02	 683.33	 666.67	 59.00	 31	 0.55	 
bfer_115	 1	 17	 2115.jpg	 8.951692e+02	 24	 999000	 240	 999000	 999	 8.961870e+02	 683.33	 666.67	 54.00	 15	 0.60	 
bfer_115	 1	 17	 1107.jpg	 8.991737e+02	 12	 999000	 120	 999000	 999	 9.001915e+02	 683.33	 666.67	 17.00	 7	 0.55	 
bfer_115	 1	 17	 2204.jpg	 9.031616e+02	 24	 999000	 240	 999000	 999	 9.041793e+02	 683.33	 666.67	 62.00	 25	 0.53	 
bfer_115	 1	 17	 1108.jpg	 9.091682e+02	 12	 999000	 120	 999000	 999	 9.101860e+02	 683.33	 666.67	 38.00	 8	 0.19	 
bfer_115	 1	 17	 2207.jpg	 9.111705e+02	 22	 9.241882e+02	 220	 6.666921e+02	 98	 9.121883e+02	 683.33	 683.33	 53.00	 28	 0.62	 
bfer_115	 1	 17	 2214.jpg	 9.131728e+02	 24	 999000	 240	 999000	 999	 9.141905e+02	 683.33	 683.33	 51.00	 35	 0.64	 
bfer_115	 1	 17	 2212.jpg	 9.151583e+02	 24	 999000	 240	 999000	 999	 9.161761e+02	 683.33	 683.33	 60.00	 33	 0.54	 
bfer_115	 1	 17	 2218.jpg	 9.171605e+02	 24	 999000	 240	 999000	 999	 9.181784e+02	 683.33	 683.33	 61.00	 39	 0.54	 
bfer_115	 1	 17	 2108.jpg	 9.211651e+02	 24	 999000	 240	 999000	 999	 9.221829e+02	 683.33	 683.33	 78.00	 8	 0.18	 
bfer_115	 1	 17	 1117.jpg	 9.231673e+02	 12	 999000	 120	 999000	 999	 9.241851e+02	 683.33	 683.33	 37.00	 17	 0.19	 
bfer_115	 1	 17	 2211.jpg	 9.271718e+02	 22	 9.789117e+02	 220	 6.833587e+02	 98	 9.281897e+02	 683.33	 700.00	 47.00	 32	 0.73	 
bfer_115	 1	 17	 1204.jpg	 9.291741e+02	 11	 9.686640e+02	 110	 6.833468e+02	 98	 9.301918e+02	 700.00	 700.00	 7.00	 25	 0.69	 
bfer_115	 1	 17	 1111.jpg	 9.311594e+02	 12	 999000	 120	 999000	 999	 9.321776e+02	 700.00	 700.00	 21.00	 11	 0.51	 
bfer_115	 1	 17	 1207.jpg	 9.331619e+02	 11	 9.488054e+02	 110	 7.000205e+02	 98	 9.341797e+02	 716.67	 700.00	 13.00	 28	 0.63	 
bfer_115	 1	 17	 2109.jpg	 9.381675e+02	 24	 999000	 240	 999000	 999	 9.391853e+02	 716.67	 700.00	 48.00	 9	 0.71	 
bfer_115	 1	 17	 1115.jpg	 9.401698e+02	 12	 999000	 120	 999000	 999	 9.411875e+02	 716.67	 700.00	 8.00	 15	 0.69	 
bfer_115	 1	 17	 2114.jpg	 9.421721e+02	 24	 999000	 240	 999000	 999	 9.431898e+02	 716.67	 700.00	 57.00	 14	 0.57	 
bfer_115	 1	 17	 2208.jpg	 9.451584e+02	 22	 9.762946e+02	 220	 7.000263e+02	 98	 9.461765e+02	 716.67	 716.67	 55.00	 29	 0.59	 
bfer_115	 1	 17	 2111.jpg	 9.521666e+02	 24	 999000	 240	 999000	 999	 9.531843e+02	 716.67	 716.67	 49.00	 11	 0.68	 
bfer_115	 1	 17	 1109.jpg	 9.561711e+02	 12	 999000	 120	 999000	 999	 9.571889e+02	 716.67	 716.67	 9.00	 9	 0.66	 
bfer_115	 1	 17	 1106.jpg	 9.631623e+02	 12	 999000	 120	 999000	 999	 9.641801e+02	 716.67	 716.67	 14.00	 6	 0.62	 
