subjectID	 order	 runNum	 itemName	 onsetTime	 shuff_trialType	 RT	 respInTime	 AudioTime	 response	 fixationTime	 ladder1	 ladder2	 bidIndex	 itemNameIndex	 bidValue	 
bfer_154	 2	 18	 1112.jpg	 8.630106e+02	 12	 999000	 120	 999000	 999	 8.640285e+02	 716.67	 650.00	 37.00	 12	 0.20	 
bfer_154	 2	 18	 2109.jpg	 8.659970e+02	 24	 999000	 240	 999000	 999	 8.670152e+02	 716.67	 650.00	 53.00	 9	 0.63	 
bfer_154	 2	 18	 1210.jpg	 8.679996e+02	 12	 999000	 120	 999000	 999	 8.690174e+02	 716.67	 650.00	 22.00	 31	 0.46	 
bfer_154	 2	 18	 1218.jpg	 8.700019e+02	 12	 999000	 120	 999000	 999	 8.710197e+02	 716.67	 650.00	 21.00	 39	 0.47	 
bfer_154	 2	 18	 1121.jpg	 8.720041e+02	 11	 9.707589e+02	 110	 7.166927e+02	 98	 8.730219e+02	 733.33	 650.00	 17.00	 21	 0.53	 
bfer_154	 2	 18	 2108.jpg	 8.750075e+02	 24	 999000	 240	 999000	 999	 8.760253e+02	 733.33	 650.00	 77.00	 8	 0.22	 
bfer_154	 2	 18	 1203.jpg	 8.770097e+02	 11	 1.029192e+03	 1100	 7.333522e+02	 98	 8.780277e+02	 683.33	 650.00	 11.00	 24	 0.66	 
bfer_154	 2	 18	 2207.jpg	 8.809972e+02	 24	 999000	 240	 999000	 999	 8.820154e+02	 683.33	 650.00	 50.00	 28	 0.68	 
bfer_154	 2	 18	 2201.jpg	 8.829998e+02	 24	 999000	 240	 999000	 999	 8.840176e+02	 683.33	 650.00	 44.00	 22	 0.83	 
bfer_154	 2	 18	 2117.jpg	 8.880054e+02	 24	 999000	 240	 999000	 999	 8.890233e+02	 683.33	 650.00	 78.00	 17	 0.20	 
bfer_154	 2	 18	 2212.jpg	 8.900078e+02	 22	 9.990100e+02	 220	 6.500196e+02	 98	 8.910254e+02	 683.33	 666.67	 56.00	 33	 0.56	 
bfer_154	 2	 18	 2211.jpg	 8.940122e+02	 24	 999000	 240	 999000	 999	 8.950299e+02	 683.33	 666.67	 52.00	 32	 0.64	 
bfer_154	 2	 18	 1219.jpg	 8.959978e+02	 12	 999000	 120	 999000	 999	 8.970155e+02	 683.33	 666.67	 7.00	 40	 0.77	 
bfer_154	 2	 18	 2107.jpg	 8.990011e+02	 24	 999000	 240	 999000	 999	 9.000188e+02	 683.33	 666.67	 55.00	 7	 0.57	 
bfer_154	 2	 18	 1216.jpg	 9.040068e+02	 12	 999000	 120	 999000	 999	 9.050245e+02	 683.33	 666.67	 4.00	 37	 0.80	 
bfer_154	 2	 18	 1207.jpg	 9.060089e+02	 12	 999000	 120	 999000	 999	 9.070267e+02	 683.33	 666.67	 12.00	 28	 0.60	 
bfer_154	 2	 18	 1214.jpg	 9.080112e+02	 12	 999000	 120	 999000	 999	 9.090290e+02	 683.33	 666.67	 18.00	 35	 0.50	 
bfer_154	 2	 18	 2219.jpg	 9.119990e+02	 24	 999000	 240	 999000	 999	 9.130169e+02	 683.33	 666.67	 59.00	 40	 0.53	 
bfer_154	 2	 18	 2104.jpg	 9.160036e+02	 24	 999000	 240	 999000	 999	 9.170213e+02	 683.33	 666.67	 61.00	 4	 0.53	 
bfer_154	 2	 18	 1102.jpg	 9.200080e+02	 12	 999000	 120	 999000	 999	 9.210258e+02	 683.33	 666.67	 15.00	 2	 0.55	 
bfer_154	 2	 18	 2106.jpg	 9.220103e+02	 24	 999000	 240	 999000	 999	 9.230281e+02	 683.33	 666.67	 43.00	 6	 0.85	 
bfer_154	 2	 18	 1205.jpg	 9.240127e+02	 12	 999000	 120	 999000	 999	 9.250303e+02	 683.33	 666.67	 10.00	 26	 0.67	 
bfer_154	 2	 18	 1103.jpg	 9.259981e+02	 12	 999000	 120	 999000	 999	 9.270159e+02	 683.33	 666.67	 3.00	 3	 0.82	 
bfer_154	 2	 18	 2121.jpg	 9.280004e+02	 22	 1.030470e+03	 2200	 6.666954e+02	 98	 9.290181e+02	 683.33	 616.67	 49.00	 21	 0.69	 
bfer_154	 2	 18	 1106.jpg	 9.340070e+02	 11	 1.015833e+03	 1100	 6.833487e+02	 98	 9.350248e+02	 633.33	 616.67	 16.00	 6	 0.54	 
bfer_154	 2	 18	 1212.jpg	 9.370104e+02	 12	 999000	 120	 999000	 999	 9.380283e+02	 633.33	 616.67	 20.00	 33	 0.47	 
bfer_154	 2	 18	 1111.jpg	 9.390127e+02	 12	 999000	 120	 999000	 999	 9.400305e+02	 633.33	 616.67	 13.00	 11	 0.59	 
bfer_154	 2	 18	 2110.jpg	 9.409984e+02	 22	 8.164600e+02	 220	 6.166997e+02	 98	 9.420161e+02	 633.33	 633.33	 48.00	 10	 0.69	 
bfer_154	 2	 18	 1215.jpg	 9.440016e+02	 11	 8.612149e+02	 110	 6.333581e+02	 98	 9.450195e+02	 650.00	 633.33	 8.00	 36	 0.69	 
bfer_154	 2	 18	 1201.jpg	 9.460040e+02	 11	 9.468554e+02	 110	 6.500232e+02	 98	 9.470216e+02	 666.67	 633.33	 9.00	 22	 0.69	 
bfer_154	 2	 18	 2105.jpg	 9.480062e+02	 24	 999000	 240	 999000	 999	 9.490240e+02	 666.67	 633.33	 58.00	 5	 0.55	 
bfer_154	 2	 18	 2216.jpg	 9.500084e+02	 22	 6.944523e+02	 220	 6.333572e+02	 98	 9.510262e+02	 666.67	 650.00	 51.00	 37	 0.67	 
bfer_154	 2	 18	 2114.jpg	 9.530118e+02	 22	 9.550176e+02	 220	 6.500465e+02	 98	 9.540296e+02	 666.67	 666.67	 57.00	 14	 0.56	 
bfer_154	 2	 18	 1120.jpg	 9.549971e+02	 12	 999000	 120	 999000	 999	 9.560152e+02	 666.67	 666.67	 38.00	 20	 0.16	 
bfer_154	 2	 18	 2115.jpg	 9.569996e+02	 24	 999000	 240	 999000	 999	 9.580174e+02	 666.67	 666.67	 62.00	 15	 0.45	 
bfer_154	 2	 18	 2111.jpg	 9.590018e+02	 22	 9.650066e+02	 220	 6.666930e+02	 98	 9.600196e+02	 666.67	 683.33	 54.00	 11	 0.60	 
bfer_154	 2	 18	 1110.jpg	 9.610041e+02	 12	 999000	 120	 999000	 999	 9.620218e+02	 666.67	 683.33	 19.00	 10	 0.50	 
bfer_154	 2	 18	 2214.jpg	 9.670109e+02	 24	 999000	 240	 999000	 999	 9.680287e+02	 666.67	 683.33	 47.00	 35	 0.72	 
bfer_154	 2	 18	 1107.jpg	 9.699972e+02	 11	 8.736178e+02	 110	 6.666969e+02	 98	 9.710153e+02	 683.33	 683.33	 14.00	 7	 0.57	 
bfer_154	 2	 18	 2205.jpg	 9.740021e+02	 24	 999000	 240	 999000	 999	 9.750199e+02	 683.33	 683.33	 60.00	 26	 0.53	 
