subjectID	 order	 runNum	 itemName	 onsetTime	 shuff_trialType	 RT	 respInTime	 AudioTime	 response	 fixationTime	 ladder1	 ladder2	 bidIndex	 itemNameIndex	 bidValue	 
bfer_123	 1	 12	 1120.jpg	 1.252159e+02	 11	 6.870892e+02	 11	 7.833497e+02	 98	 1.262341e+02	 800.00	 850.00	 15.00	 20	 0.64	 
bfer_123	 1	 12	 1114.jpg	 1.272182e+02	 11	 1.028803e+03	 1	 8.000149e+02	 115	 1.282363e+02	 750.00	 850.00	 13.00	 14	 0.64	 
bfer_123	 1	 12	 1110.jpg	 1.312061e+02	 12	 999000	 120	 999000	 999	 1.322244e+02	 750.00	 850.00	 8.00	 10	 0.68	 
bfer_123	 1	 12	 2114.jpg	 1.342094e+02	 24	 999000	 240	 999000	 999	 1.352275e+02	 750.00	 850.00	 49.00	 14	 0.70	 
bfer_123	 1	 12	 1216.jpg	 1.362117e+02	 12	 999000	 120	 999000	 999	 1.372297e+02	 750.00	 850.00	 14.00	 37	 0.64	 
bfer_123	 1	 12	 1201.jpg	 1.392149e+02	 11	 9.440233e+02	 110	 7.501885e+02	 98	 1.402331e+02	 766.67	 850.00	 12.00	 22	 0.66	 
bfer_123	 1	 12	 2101.jpg	 1.432195e+02	 22	 6.034596e+02	 22	 8.500197e+02	 98	 1.442543e+02	 766.67	 866.67	 52.00	 1	 0.64	 
bfer_123	 1	 12	 1203.jpg	 1.472072e+02	 12	 999000	 120	 999000	 999	 1.482254e+02	 766.67	 866.67	 38.00	 24	 0.18	 
bfer_123	 1	 12	 2105.jpg	 1.492096e+02	 24	 999000	 240	 999000	 999	 1.502277e+02	 766.67	 866.67	 77.00	 5	 0.22	 
bfer_123	 1	 12	 1119.jpg	 1.542151e+02	 12	 999000	 120	 999000	 999	 1.552334e+02	 766.67	 866.67	 19.00	 19	 0.54	 
bfer_123	 1	 12	 1206.jpg	 1.562174e+02	 12	 7.175574e+02	 12	 999000	 98	 1.572355e+02	 766.67	 866.67	 16.00	 27	 0.63	 
bfer_123	 1	 12	 1211.jpg	 1.582196e+02	 11	 6.045053e+02	 11	 7.666952e+02	 98	 1.592378e+02	 783.33	 866.67	 7.00	 32	 0.71	 
bfer_123	 1	 12	 2209.jpg	 1.642097e+02	 24	 999000	 240	 999000	 999	 1.652278e+02	 783.33	 866.67	 57.00	 30	 0.56	 
bfer_123	 1	 12	 2219.jpg	 1.662120e+02	 24	 999000	 240	 999000	 999	 1.672300e+02	 783.33	 866.67	 51.00	 40	 0.65	 
bfer_123	 1	 12	 1101.jpg	 1.682142e+02	 12	 6.648254e+02	 12	 999000	 98	 1.692323e+02	 783.33	 866.67	 4.00	 1	 0.76	 
bfer_123	 1	 12	 1217.jpg	 1.702164e+02	 12	 999000	 120	 999000	 999	 1.712347e+02	 783.33	 866.67	 17.00	 38	 0.60	 
bfer_123	 1	 12	 2111.jpg	 1.742041e+02	 24	 999000	 240	 999000	 999	 1.752223e+02	 783.33	 866.67	 62.00	 11	 0.47	 
bfer_123	 1	 12	 2201.jpg	 1.782088e+02	 24	 999000	 240	 999000	 999	 1.792269e+02	 783.33	 866.67	 56.00	 22	 0.56	 
bfer_123	 1	 12	 2205.jpg	 1.812121e+02	 24	 999000	 240	 999000	 999	 1.822302e+02	 783.33	 866.67	 48.00	 26	 0.70	 
bfer_123	 1	 12	 2120.jpg	 1.852166e+02	 24	 999000	 240	 999000	 999	 1.862348e+02	 783.33	 866.67	 44.00	 20	 0.82	 
bfer_123	 1	 12	 1215.jpg	 1.882200e+02	 11	 8.429350e+02	 110	 7.833713e+02	 98	 1.892381e+02	 800.00	 866.67	 10.00	 36	 0.66	 
bfer_123	 1	 12	 1117.jpg	 1.902056e+02	 11	 5.533469e+02	 11	 8.000149e+02	 98	 1.912236e+02	 816.67	 866.67	 18.00	 17	 0.57	 
bfer_123	 1	 12	 2214.jpg	 1.942101e+02	 24	 999000	 240	 999000	 999	 1.952283e+02	 816.67	 866.67	 61.00	 35	 0.50	 
bfer_123	 1	 12	 2115.jpg	 1.962123e+02	 22	 1.106637e+03	 2200	 8.666840e+02	 98	 1.972635e+02	 816.67	 816.67	 55.00	 15	 0.57	 
bfer_123	 1	 12	 1219.jpg	 1.982146e+02	 12	 999000	 120	 999000	 999	 1.992327e+02	 816.67	 816.67	 3.00	 40	 0.82	 
bfer_123	 1	 12	 1213.jpg	 2.022190e+02	 12	 7.159894e+02	 12	 999000	 98	 2.032372e+02	 816.67	 816.67	 20.00	 34	 0.51	 
bfer_123	 1	 12	 2216.jpg	 2.042046e+02	 22	 8.183790e+02	 220	 8.166865e+02	 98	 2.052227e+02	 816.67	 833.33	 47.00	 37	 0.78	 
bfer_123	 1	 12	 2113.jpg	 2.082091e+02	 24	 999000	 240	 999000	 999	 2.092272e+02	 816.67	 833.33	 78.00	 13	 0.21	 
bfer_123	 1	 12	 1121.jpg	 2.122136e+02	 12	 999000	 120	 999000	 999	 2.132317e+02	 816.67	 833.33	 11.00	 21	 0.66	 
bfer_123	 1	 12	 2213.jpg	 2.152170e+02	 22	 1.014035e+03	 2200	 8.333551e+02	 98	 2.162373e+02	 816.67	 783.33	 53.00	 34	 0.64	 
bfer_123	 1	 12	 2109.jpg	 2.212071e+02	 24	 999000	 240	 999000	 999	 2.222253e+02	 816.67	 783.33	 60.00	 9	 0.51	 
bfer_123	 1	 12	 1207.jpg	 2.232092e+02	 12	 999000	 120	 999000	 999	 2.242274e+02	 816.67	 783.33	 9.00	 28	 0.67	 
bfer_123	 1	 12	 2207.jpg	 2.272138e+02	 24	 999000	 240	 999000	 999	 2.282318e+02	 816.67	 783.33	 59.00	 28	 0.56	 
bfer_123	 1	 12	 1102.jpg	 2.292159e+02	 12	 999000	 120	 999000	 999	 2.302341e+02	 816.67	 783.33	 37.00	 2	 0.20	 
bfer_123	 1	 12	 2119.jpg	 2.312182e+02	 24	 999000	 240	 999000	 999	 2.322364e+02	 816.67	 783.33	 54.00	 19	 0.62	 
bfer_123	 1	 12	 2217.jpg	 2.332035e+02	 22	 8.034417e+02	 220	 7.833542e+02	 98	 2.342220e+02	 816.67	 800.00	 50.00	 38	 0.65	 
bfer_123	 1	 12	 2215.jpg	 2.382094e+02	 24	 6.775150e+02	 24	 999000	 98	 2.392276e+02	 816.67	 800.00	 43.00	 36	 0.86	 
bfer_123	 1	 12	 1106.jpg	 2.402116e+02	 12	 999000	 120	 999000	 999	 2.412299e+02	 816.67	 800.00	 22.00	 6	 0.45	 
bfer_123	 1	 12	 2206.jpg	 2.422139e+02	 22	 6.810435e+02	 22	 8.000228e+02	 98	 2.432320e+02	 816.67	 816.67	 58.00	 27	 0.56	 
bfer_123	 1	 12	 1115.jpg	 2.452173e+02	 12	 6.616727e+02	 12	 999000	 98	 2.462355e+02	 816.67	 816.67	 21.00	 15	 0.50	 
