subjectID	 order	 runNum	 itemName	 onsetTime	 shuff_trialType	 RT	 respInTime	 AudioTime	 response	 fixationTime	 ladder1	 ladder2	 bidIndex	 itemNameIndex	 bidValue	 
bfer_167	 1	 1	 2210.jpg	 1.454185e+00	 24	 999000	 240	 999000	 999	 2.472529e+00	 750.00	 750.00	 78.00	 31	 0.14	 
bfer_167	 1	 1	 2118.jpg	 3.439444e+00	 24	 999000	 240	 999000	 999	 4.458116e+00	 750.00	 750.00	 57.00	 18	 0.59	 
bfer_167	 1	 1	 1217.jpg	 7.444323e+00	 12	 999000	 120	 999000	 999	 8.462561e+00	 750.00	 750.00	 21.00	 38	 0.48	 
bfer_167	 1	 1	 2102.jpg	 1.044768e+01	 24	 999000	 240	 999000	 999	 1.146609e+01	 750.00	 750.00	 61.00	 2	 0.54	 
bfer_167	 1	 1	 2204.jpg	 1.244996e+01	 22	 9.726471e+02	 220	 7.502539e+02	 98	 1.346866e+01	 750.00	 766.67	 58.00	 25	 0.57	 
bfer_167	 1	 1	 2215.jpg	 1.545326e+01	 24	 999000	 240	 999000	 999	 1.647143e+01	 750.00	 766.67	 77.00	 36	 0.17	 
bfer_167	 1	 1	 2219.jpg	 1.944114e+01	 24	 999000	 240	 999000	 999	 2.045914e+01	 750.00	 766.67	 49.00	 40	 0.64	 
bfer_167	 1	 1	 2113.jpg	 2.344550e+01	 22	 1.025090e+03	 2200	 7.667616e+02	 98	 2.446358e+01	 750.00	 716.67	 55.00	 13	 0.61	 
bfer_167	 1	 1	 1203.jpg	 2.544774e+01	 12	 999000	 120	 999000	 999	 2.646592e+01	 750.00	 716.67	 22.00	 24	 0.48	 
bfer_167	 1	 1	 1106.jpg	 3.045335e+01	 12	 999000	 120	 999000	 999	 3.147163e+01	 750.00	 716.67	 9.00	 6	 0.64	 
bfer_167	 1	 1	 2109.jpg	 3.245582e+01	 24	 999000	 240	 999000	 999	 3.347377e+01	 750.00	 716.67	 48.00	 9	 0.64	 
bfer_167	 1	 1	 2106.jpg	 3.444132e+01	 24	 2.372826e+02	 24	 999000	 98	 3.545937e+01	 750.00	 716.67	 51.00	 6	 0.63	 
bfer_167	 1	 1	 2206.jpg	 4.044800e+01	 22	 9.265990e+02	 220	 7.167424e+02	 98	 4.146607e+01	 750.00	 733.33	 50.00	 27	 0.63	 
bfer_167	 1	 1	 1117.jpg	 4.245020e+01	 12	 999000	 120	 999000	 999	 4.346840e+01	 750.00	 733.33	 38.00	 17	 0.25	 
bfer_167	 1	 1	 2114.jpg	 4.445249e+01	 24	 999000	 240	 999000	 999	 4.547067e+01	 750.00	 733.33	 56.00	 14	 0.60	 
bfer_167	 1	 1	 2213.jpg	 4.645469e+01	 24	 999000	 240	 999000	 999	 4.747286e+01	 750.00	 733.33	 44.00	 34	 0.73	 
bfer_167	 1	 1	 2107.jpg	 5.044258e+01	 22	 9.800162e+02	 220	 7.334025e+02	 98	 5.146056e+01	 750.00	 750.00	 53.00	 7	 0.61	 
bfer_167	 1	 1	 1118.jpg	 5.444704e+01	 11	 9.755544e+02	 110	 7.502286e+02	 98	 5.546503e+01	 766.67	 750.00	 15.00	 18	 0.59	 
bfer_167	 1	 1	 1202.jpg	 5.745042e+01	 12	 999000	 120	 999000	 999	 5.846856e+01	 766.67	 750.00	 3.00	 23	 0.70	 
bfer_167	 1	 1	 1121.jpg	 6.145492e+01	 11	 9.836892e+02	 110	 7.667615e+02	 98	 6.247304e+01	 783.33	 750.00	 10.00	 21	 0.63	 
bfer_167	 1	 1	 2120.jpg	 6.444162e+01	 24	 999000	 240	 999000	 999	 6.545974e+01	 783.33	 750.00	 54.00	 20	 0.61	 
bfer_167	 1	 1	 1115.jpg	 6.644381e+01	 12	 999000	 120	 999000	 999	 6.746196e+01	 783.33	 750.00	 14.00	 15	 0.59	 
bfer_167	 1	 1	 1209.jpg	 7.044838e+01	 11	 9.582171e+02	 110	 7.834011e+02	 98	 7.146643e+01	 800.00	 750.00	 12.00	 30	 0.60	 
bfer_167	 1	 1	 1104.jpg	 7.245059e+01	 12	 999000	 120	 999000	 999	 7.346871e+01	 800.00	 750.00	 19.00	 4	 0.49	 
bfer_167	 1	 1	 2217.jpg	 7.445287e+01	 24	 999000	 240	 999000	 999	 7.547106e+01	 800.00	 750.00	 60.00	 38	 0.55	 
bfer_167	 1	 1	 1101.jpg	 7.844051e+01	 12	 999000	 120	 999000	 999	 7.945880e+01	 800.00	 750.00	 37.00	 1	 0.32	 
bfer_167	 1	 1	 1102.jpg	 8.044286e+01	 11	 9.877367e+02	 110	 8.000755e+02	 98	 8.146093e+01	 816.67	 750.00	 13.00	 2	 0.60	 
bfer_167	 1	 1	 2108.jpg	 8.444736e+01	 24	 999000	 240	 999000	 999	 8.546547e+01	 816.67	 750.00	 62.00	 8	 0.54	 
bfer_167	 1	 1	 1113.jpg	 8.845193e+01	 11	 1.042664e+03	 1100	 8.169974e+02	 98	 8.946999e+01	 766.67	 750.00	 18.00	 13	 0.52	 
bfer_167	 1	 1	 1204.jpg	 9.145524e+01	 12	 999000	 120	 999000	 999	 9.247343e+01	 766.67	 750.00	 4.00	 25	 0.70	 
bfer_167	 1	 1	 2201.jpg	 9.744533e+01	 22	 9.052707e+02	 220	 7.502936e+02	 98	 9.846340e+01	 766.67	 766.67	 52.00	 22	 0.63	 
bfer_167	 1	 1	 1114.jpg	 9.944759e+01	 12	 999000	 120	 999000	 999	 1.004657e+02	 766.67	 766.67	 16.00	 14	 0.54	 
bfer_167	 1	 1	 1216.jpg	 1.034520e+02	 12	 5.785554e+02	 12	 999000	 98	 1.044702e+02	 766.67	 766.67	 17.00	 37	 0.53	 
bfer_167	 1	 1	 2110.jpg	 1.054543e+02	 22	 5.922801e+02	 22	 7.668168e+02	 98	 1.064725e+02	 766.67	 783.33	 47.00	 10	 0.66	 
bfer_167	 1	 1	 2121.jpg	 1.074566e+02	 24	 999000	 240	 999000	 999	 1.084749e+02	 766.67	 783.33	 43.00	 21	 0.73	 
bfer_167	 1	 1	 1219.jpg	 1.094422e+02	 12	 999000	 120	 999000	 999	 1.104603e+02	 766.67	 783.33	 11.00	 40	 0.63	 
bfer_167	 1	 1	 1120.jpg	 1.144478e+02	 12	 999000	 120	 999000	 999	 1.154659e+02	 766.67	 783.33	 8.00	 20	 0.65	 
bfer_167	 1	 1	 1206.jpg	 1.164500e+02	 12	 999000	 120	 999000	 999	 1.174682e+02	 766.67	 783.33	 20.00	 27	 0.48	 
bfer_167	 1	 1	 2214.jpg	 1.184522e+02	 24	 999000	 240	 999000	 999	 1.194704e+02	 766.67	 783.33	 59.00	 35	 0.56	 
bfer_167	 1	 1	 1205.jpg	 1.214556e+02	 11	 9.669749e+02	 110	 7.667035e+02	 98	 1.224736e+02	 783.33	 783.33	 7.00	 26	 0.67	 
