subjectID	 order	 runNum	 itemName	 onsetTime	 shuff_trialType	 RT	 respInTime	 AudioTime	 response	 fixationTime	 ladder1	 ladder2	 bidIndex	 itemNameIndex	 bidValue	 
bfer_103	 1	 20	 1115.jpg	 1.145835e+03	 11	 5.562641e+02	 11	 9.166882e+02	 98	 1.146937e+03	 916.67	 916.67	 18.00	 15	 0.53	 
bfer_103	 1	 20	 2110.jpg	 1.147837e+03	 24	 999000	 240	 999000	 999	 1.148855e+03	 916.67	 916.67	 78.00	 10	 0.21	 
bfer_103	 1	 20	 1107.jpg	 1.151825e+03	 12	 999000	 120	 999000	 999	 1.152843e+03	 916.67	 916.67	 21.00	 7	 0.47	 
bfer_103	 1	 20	 1121.jpg	 1.154828e+03	 12	 999000	 120	 999000	 999	 1.155847e+03	 916.67	 916.67	 3.00	 21	 0.78	 
bfer_103	 1	 20	 1203.jpg	 1.156831e+03	 12	 999000	 120	 999000	 999	 1.157849e+03	 916.67	 916.67	 38.00	 24	 0.20	 
bfer_103	 1	 20	 2112.jpg	 1.159834e+03	 24	 999000	 240	 999000	 999	 1.160852e+03	 916.67	 916.67	 77.00	 12	 0.22	 
bfer_103	 1	 20	 2202.jpg	 1.163839e+03	 22	 5.443594e+02	 22	 9.166860e+02	 98	 1.164940e+03	 916.67	 916.67	 58.00	 23	 0.55	 
bfer_103	 1	 20	 1103.jpg	 1.167826e+03	 12	 999000	 120	 999000	 999	 1.168845e+03	 916.67	 916.67	 11.00	 3	 0.64	 
bfer_103	 1	 20	 2118.jpg	 1.169829e+03	 24	 999000	 240	 999000	 999	 1.170847e+03	 916.67	 916.67	 54.00	 18	 0.58	 
bfer_103	 1	 20	 1211.jpg	 1.174834e+03	 12	 999000	 120	 999000	 999	 1.175852e+03	 916.67	 916.67	 8.00	 32	 0.73	 
bfer_103	 1	 20	 2217.jpg	 1.176837e+03	 24	 999000	 240	 999000	 999	 1.177855e+03	 916.67	 916.67	 44.00	 38	 0.85	 
bfer_103	 1	 20	 2101.jpg	 1.178839e+03	 22	 6.641510e+02	 22	 9.166893e+02	 98	 1.179940e+03	 916.67	 916.67	 55.00	 1	 0.57	 
bfer_103	 1	 20	 2103.jpg	 1.184829e+03	 24	 999000	 240	 999000	 999	 1.185847e+03	 916.67	 916.67	 48.00	 3	 0.76	 
bfer_103	 1	 20	 2201.jpg	 1.186831e+03	 22	 5.118150e+02	 22	 9.166869e+02	 98	 1.187933e+03	 916.67	 916.67	 50.00	 22	 0.63	 
bfer_103	 1	 20	 1105.jpg	 1.188833e+03	 12	 999000	 120	 999000	 999	 1.189851e+03	 916.67	 916.67	 22.00	 5	 0.45	 
bfer_103	 1	 20	 1118.jpg	 1.190836e+03	 11	 5.553150e+02	 11	 9.166859e+02	 98	 1.191937e+03	 916.67	 916.67	 12.00	 18	 0.59	 
bfer_103	 1	 20	 2121.jpg	 1.194840e+03	 22	 5.829029e+02	 22	 9.166927e+02	 98	 1.195944e+03	 916.67	 916.67	 53.00	 21	 0.58	 
bfer_103	 1	 20	 2208.jpg	 1.198828e+03	 24	 999000	 240	 999000	 999	 1.199846e+03	 916.67	 916.67	 43.00	 29	 0.87	 
bfer_103	 1	 20	 2207.jpg	 1.201831e+03	 24	 999000	 240	 999000	 999	 1.202849e+03	 916.67	 916.67	 60.00	 28	 0.52	 
bfer_103	 1	 20	 1209.jpg	 1.205836e+03	 11	 5.231901e+02	 11	 9.166797e+02	 98	 1.206937e+03	 916.67	 916.67	 13.00	 30	 0.57	 
bfer_103	 1	 20	 1214.jpg	 1.208839e+03	 11	 4.957850e+02	 11	 9.166982e+02	 98	 1.209941e+03	 916.67	 916.67	 10.00	 35	 0.66	 
bfer_103	 1	 20	 2116.jpg	 1.210841e+03	 22	 5.896013e+02	 22	 9.166824e+02	 98	 1.211943e+03	 916.67	 916.67	 52.00	 16	 0.59	 
bfer_103	 1	 20	 2107.jpg	 1.214829e+03	 22	 4.737416e+02	 22	 9.166928e+02	 98	 1.215931e+03	 916.67	 916.67	 47.00	 7	 0.76	 
bfer_103	 1	 20	 1201.jpg	 1.216831e+03	 11	 4.554929e+02	 11	 9.166816e+02	 98	 1.217933e+03	 916.67	 916.67	 7.00	 22	 0.74	 
bfer_103	 1	 20	 1216.jpg	 1.218834e+03	 12	 999000	 120	 999000	 999	 1.219852e+03	 916.67	 916.67	 9.00	 37	 0.68	 
bfer_103	 1	 20	 1206.jpg	 1.222838e+03	 12	 999000	 120	 999000	 999	 1.223856e+03	 916.67	 916.67	 4.00	 27	 0.77	 
bfer_103	 1	 20	 2117.jpg	 1.224841e+03	 24	 999000	 240	 999000	 999	 1.225859e+03	 916.67	 916.67	 56.00	 17	 0.56	 
bfer_103	 1	 20	 2218.jpg	 1.228828e+03	 24	 999000	 240	 999000	 999	 1.229846e+03	 916.67	 916.67	 51.00	 39	 0.61	 
bfer_103	 1	 20	 1104.jpg	 1.232833e+03	 12	 999000	 120	 999000	 999	 1.233851e+03	 916.67	 916.67	 20.00	 4	 0.47	 
bfer_103	 1	 20	 1218.jpg	 1.235836e+03	 12	 999000	 120	 999000	 999	 1.236854e+03	 916.67	 916.67	 16.00	 39	 0.55	 
bfer_103	 1	 20	 2205.jpg	 1.241826e+03	 24	 999000	 240	 999000	 999	 1.242844e+03	 916.67	 916.67	 49.00	 26	 0.65	 
bfer_103	 1	 20	 1204.jpg	 1.243829e+03	 12	 999000	 120	 999000	 999	 1.244847e+03	 916.67	 916.67	 19.00	 25	 0.53	 
bfer_103	 1	 20	 1207.jpg	 1.247833e+03	 12	 999000	 120	 999000	 999	 1.248851e+03	 916.67	 916.67	 17.00	 28	 0.54	 
bfer_103	 1	 20	 1120.jpg	 1.249835e+03	 12	 999000	 120	 999000	 999	 1.250853e+03	 916.67	 916.67	 37.00	 20	 0.23	 
bfer_103	 1	 20	 2111.jpg	 1.251837e+03	 24	 999000	 240	 999000	 999	 1.252856e+03	 916.67	 916.67	 59.00	 11	 0.54	 
bfer_103	 1	 20	 1213.jpg	 1.253840e+03	 12	 999000	 120	 999000	 999	 1.254858e+03	 916.67	 916.67	 14.00	 34	 0.57	 
bfer_103	 1	 20	 2104.jpg	 1.258829e+03	 24	 999000	 240	 999000	 999	 1.259847e+03	 916.67	 916.67	 62.00	 4	 0.51	 
bfer_103	 1	 20	 2213.jpg	 1.260831e+03	 24	 999000	 240	 999000	 999	 1.261849e+03	 916.67	 916.67	 61.00	 34	 0.52	 
bfer_103	 1	 20	 2115.jpg	 1.262833e+03	 24	 999000	 240	 999000	 999	 1.263851e+03	 916.67	 916.67	 57.00	 15	 0.56	 
bfer_103	 1	 20	 1101.jpg	 1.265837e+03	 11	 5.624219e+02	 11	 9.166864e+02	 98	 1.266938e+03	 916.67	 916.67	 15.00	 1	 0.56	 
