subjectID	 order	 runNum	 itemName	 onsetTime	 shuff_trialType	 RT	 respInTime	 AudioTime	 response	 fixationTime	 ladder1	 ladder2	 bidIndex	 itemNameIndex	 bidValue	 
bfer_103	 1	 16	 1120.jpg	 6.270858e+02	 12	 999000	 120	 999000	 999	 6.281039e+02	 916.67	 916.67	 37.00	 20	 0.23	 
bfer_103	 1	 16	 1105.jpg	 6.300893e+02	 12	 999000	 120	 999000	 999	 6.311073e+02	 916.67	 916.67	 22.00	 5	 0.45	 
bfer_103	 1	 16	 2116.jpg	 6.340769e+02	 22	 5.380447e+02	 22	 9.166950e+02	 98	 6.351787e+02	 916.67	 916.67	 52.00	 16	 0.59	 
bfer_103	 1	 16	 1104.jpg	 6.360791e+02	 12	 999000	 120	 999000	 999	 6.370973e+02	 916.67	 916.67	 20.00	 4	 0.47	 
bfer_103	 1	 16	 1107.jpg	 6.380815e+02	 12	 999000	 120	 999000	 999	 6.390995e+02	 916.67	 916.67	 21.00	 7	 0.47	 
bfer_103	 1	 16	 1206.jpg	 6.420859e+02	 12	 999000	 120	 999000	 999	 6.431041e+02	 916.67	 916.67	 4.00	 27	 0.77	 
bfer_103	 1	 16	 2205.jpg	 6.440881e+02	 24	 999000	 240	 999000	 999	 6.451063e+02	 916.67	 916.67	 49.00	 26	 0.65	 
bfer_103	 1	 16	 2107.jpg	 6.490772e+02	 22	 6.017983e+02	 22	 9.166943e+02	 98	 6.501788e+02	 916.67	 916.67	 47.00	 7	 0.76	 
bfer_103	 1	 16	 2103.jpg	 6.510793e+02	 24	 999000	 240	 999000	 999	 6.520975e+02	 916.67	 916.67	 48.00	 3	 0.76	 
bfer_103	 1	 16	 1118.jpg	 6.540828e+02	 11	 4.761879e+02	 11	 9.166804e+02	 98	 6.551844e+02	 916.67	 916.67	 12.00	 18	 0.59	 
bfer_103	 1	 16	 2201.jpg	 6.570861e+02	 22	 6.568916e+02	 22	 9.166839e+02	 98	 6.581879e+02	 916.67	 916.67	 50.00	 22	 0.63	 
bfer_103	 1	 16	 1115.jpg	 6.610737e+02	 11	 6.692439e+02	 11	 9.166911e+02	 98	 6.621755e+02	 916.67	 916.67	 18.00	 15	 0.53	 
bfer_103	 1	 16	 2111.jpg	 6.640773e+02	 24	 999000	 240	 999000	 999	 6.650955e+02	 916.67	 916.67	 59.00	 11	 0.54	 
bfer_103	 1	 16	 2207.jpg	 6.660796e+02	 24	 999000	 240	 999000	 999	 6.670976e+02	 916.67	 916.67	 60.00	 28	 0.52	 
bfer_103	 1	 16	 2121.jpg	 6.690829e+02	 22	 6.600972e+02	 22	 9.166911e+02	 98	 6.701845e+02	 916.67	 916.67	 53.00	 21	 0.58	 
bfer_103	 1	 16	 1121.jpg	 6.730874e+02	 12	 999000	 120	 999000	 999	 6.741056e+02	 916.67	 916.67	 3.00	 21	 0.78	 
bfer_103	 1	 16	 1211.jpg	 6.760738e+02	 12	 999000	 120	 999000	 999	 6.770923e+02	 916.67	 916.67	 8.00	 32	 0.73	 
bfer_103	 1	 16	 1201.jpg	 6.780764e+02	 11	 5.305770e+02	 11	 9.166899e+02	 98	 6.791781e+02	 916.67	 916.67	 7.00	 22	 0.74	 
bfer_103	 1	 16	 2118.jpg	 6.800786e+02	 24	 999000	 240	 999000	 999	 6.810968e+02	 916.67	 916.67	 54.00	 18	 0.58	 
bfer_103	 1	 16	 1101.jpg	 6.850842e+02	 11	 5.387872e+02	 11	 9.166812e+02	 98	 6.861859e+02	 916.67	 916.67	 15.00	 1	 0.56	 
bfer_103	 1	 16	 1207.jpg	 6.890887e+02	 12	 999000	 120	 999000	 999	 6.901070e+02	 916.67	 916.67	 17.00	 28	 0.54	 
bfer_103	 1	 16	 2104.jpg	 6.930765e+02	 24	 999000	 240	 999000	 999	 6.940948e+02	 916.67	 916.67	 62.00	 4	 0.51	 
bfer_103	 1	 16	 2218.jpg	 6.990832e+02	 24	 999000	 240	 999000	 999	 7.001014e+02	 916.67	 916.67	 51.00	 39	 0.61	 
bfer_103	 1	 16	 2117.jpg	 7.010855e+02	 24	 999000	 240	 999000	 999	 7.021036e+02	 916.67	 916.67	 56.00	 17	 0.56	 
bfer_103	 1	 16	 2217.jpg	 7.030878e+02	 24	 999000	 240	 999000	 999	 7.041059e+02	 916.67	 916.67	 44.00	 38	 0.85	 
bfer_103	 1	 16	 1218.jpg	 7.050731e+02	 12	 999000	 120	 999000	 999	 7.060914e+02	 916.67	 916.67	 16.00	 39	 0.55	 
bfer_103	 1	 16	 2213.jpg	 7.070757e+02	 24	 999000	 240	 999000	 999	 7.080938e+02	 916.67	 916.67	 61.00	 34	 0.52	 
bfer_103	 1	 16	 2202.jpg	 7.110801e+02	 22	 5.828494e+02	 22	 9.166875e+02	 98	 7.121817e+02	 916.67	 916.67	 58.00	 23	 0.55	 
bfer_103	 1	 16	 2208.jpg	 7.130824e+02	 24	 999000	 240	 999000	 999	 7.141006e+02	 916.67	 916.67	 43.00	 29	 0.87	 
bfer_103	 1	 16	 1103.jpg	 7.170869e+02	 12	 999000	 120	 999000	 999	 7.181050e+02	 916.67	 916.67	 11.00	 3	 0.64	 
bfer_103	 1	 16	 2115.jpg	 7.190891e+02	 24	 999000	 240	 999000	 999	 7.201073e+02	 916.67	 916.67	 57.00	 15	 0.56	 
bfer_103	 1	 16	 1216.jpg	 7.210748e+02	 12	 999000	 120	 999000	 999	 7.220928e+02	 916.67	 916.67	 9.00	 37	 0.68	 
bfer_103	 1	 16	 1209.jpg	 7.230769e+02	 11	 5.860618e+02	 11	 9.166875e+02	 98	 7.241782e+02	 916.67	 916.67	 13.00	 30	 0.57	 
bfer_103	 1	 16	 1213.jpg	 7.280826e+02	 12	 999000	 120	 999000	 999	 7.291007e+02	 916.67	 916.67	 14.00	 34	 0.57	 
bfer_103	 1	 16	 1203.jpg	 7.300847e+02	 12	 999000	 120	 999000	 999	 7.311029e+02	 916.67	 916.67	 38.00	 24	 0.20	 
bfer_103	 1	 16	 2110.jpg	 7.320870e+02	 24	 999000	 240	 999000	 999	 7.331052e+02	 916.67	 916.67	 78.00	 10	 0.21	 
bfer_103	 1	 16	 2112.jpg	 7.350734e+02	 24	 999000	 240	 999000	 999	 7.360919e+02	 916.67	 916.67	 77.00	 12	 0.22	 
bfer_103	 1	 16	 1204.jpg	 7.420817e+02	 12	 999000	 120	 999000	 999	 7.430997e+02	 916.67	 916.67	 19.00	 25	 0.53	 
bfer_103	 1	 16	 1214.jpg	 7.460861e+02	 11	 6.009285e+02	 11	 9.166933e+02	 98	 7.471878e+02	 916.67	 916.67	 10.00	 35	 0.66	 
bfer_103	 1	 16	 2101.jpg	 7.530772e+02	 22	 6.817566e+02	 22	 9.166819e+02	 98	 7.541789e+02	 916.67	 916.67	 55.00	 1	 0.57	 
