subjectID	 order	 runNum	 itemName	 onsetTime	 shuff_trialType	 RT	 respInTime	 AudioTime	 response	 fixationTime	 ladder1	 ladder2	 bidIndex	 itemNameIndex	 bidValue	 
bfer_140	 2	 6	 2109.jpg	 6.842782e+02	 24	 999000	 240	 999000	 999	 6.852963e+02	 650.00	 716.67	 58.00	 9	 0.59	 
bfer_140	 2	 6	 1108.jpg	 6.872814e+02	 12	 999000	 120	 999000	 999	 6.882996e+02	 650.00	 716.67	 38.00	 8	 0.14	 
bfer_140	 2	 6	 1209.jpg	 6.912693e+02	 12	 999000	 120	 999000	 999	 6.922874e+02	 650.00	 716.67	 3.00	 30	 0.87	 
bfer_140	 2	 6	 2202.jpg	 6.932716e+02	 24	 999000	 240	 999000	 999	 6.942897e+02	 650.00	 716.67	 52.00	 23	 0.65	 
bfer_140	 2	 6	 2111.jpg	 6.952738e+02	 24	 999000	 240	 999000	 999	 6.962919e+02	 650.00	 716.67	 60.00	 11	 0.51	 
bfer_140	 2	 6	 1117.jpg	 6.992782e+02	 12	 999000	 120	 999000	 999	 7.002964e+02	 650.00	 716.67	 37.00	 17	 0.16	 
bfer_140	 2	 6	 1111.jpg	 7.012805e+02	 12	 999000	 120	 999000	 999	 7.022986e+02	 650.00	 716.67	 18.00	 11	 0.52	 
bfer_140	 2	 6	 1207.jpg	 7.062695e+02	 12	 999000	 120	 999000	 999	 7.072877e+02	 650.00	 716.67	 4.00	 28	 0.78	 
bfer_140	 2	 6	 2214.jpg	 7.082719e+02	 22	 9.506111e+02	 220	 7.166870e+02	 98	 7.092899e+02	 650.00	 733.33	 51.00	 35	 0.67	 
bfer_140	 2	 6	 1217.jpg	 7.112751e+02	 12	 999000	 120	 999000	 999	 7.122932e+02	 650.00	 733.33	 13.00	 38	 0.61	 
bfer_140	 2	 6	 1204.jpg	 7.142785e+02	 12	 999000	 120	 999000	 999	 7.152966e+02	 650.00	 733.33	 12.00	 25	 0.64	 
bfer_140	 2	 6	 2216.jpg	 7.182660e+02	 22	 1.068499e+03	 2200	 7.333478e+02	 98	 7.192845e+02	 650.00	 683.33	 54.00	 37	 0.64	 
bfer_140	 2	 6	 1205.jpg	 7.212696e+02	 11	 9.369151e+02	 110	 6.500283e+02	 98	 7.222878e+02	 666.67	 683.33	 8.00	 26	 0.76	 
bfer_140	 2	 6	 2204.jpg	 7.232718e+02	 22	 9.747144e+02	 220	 6.833614e+02	 98	 7.242900e+02	 666.67	 700.00	 57.00	 25	 0.59	 
bfer_140	 2	 6	 1121.jpg	 7.262752e+02	 12	 999000	 120	 999000	 999	 7.272933e+02	 666.67	 700.00	 22.00	 21	 0.50	 
bfer_140	 2	 6	 2121.jpg	 7.302798e+02	 22	 1.006753e+03	 2200	 7.000308e+02	 98	 7.312980e+02	 666.67	 650.00	 56.00	 21	 0.60	 
bfer_140	 2	 6	 1213.jpg	 7.332661e+02	 11	 9.244124e+02	 110	 6.666885e+02	 98	 7.342845e+02	 683.33	 650.00	 11.00	 34	 0.69	 
bfer_140	 2	 6	 2201.jpg	 7.352686e+02	 22	 9.139165e+02	 220	 6.500302e+02	 98	 7.362868e+02	 683.33	 666.67	 48.00	 22	 0.74	 
bfer_140	 2	 6	 1219.jpg	 7.372709e+02	 12	 999000	 120	 999000	 999	 7.382890e+02	 683.33	 666.67	 7.00	 40	 0.77	 
bfer_140	 2	 6	 2210.jpg	 7.422765e+02	 24	 999000	 240	 999000	 999	 7.432946e+02	 683.33	 666.67	 62.00	 31	 0.47	 
bfer_140	 2	 6	 1109.jpg	 7.462810e+02	 11	 1.101487e+03	 1100	 6.833501e+02	 98	 7.472992e+02	 633.33	 666.67	 9.00	 9	 0.74	 
bfer_140	 2	 6	 1106.jpg	 7.502689e+02	 11	 9.056074e+02	 110	 6.333610e+02	 98	 7.512871e+02	 650.00	 666.67	 17.00	 6	 0.54	 
bfer_140	 2	 6	 2103.jpg	 7.562756e+02	 24	 999000	 240	 999000	 999	 7.572937e+02	 650.00	 666.67	 59.00	 3	 0.52	 
bfer_140	 2	 6	 1102.jpg	 7.582778e+02	 12	 999000	 120	 999000	 999	 7.592959e+02	 650.00	 666.67	 19.00	 2	 0.52	 
bfer_140	 2	 6	 2207.jpg	 7.602800e+02	 24	 999000	 240	 999000	 999	 7.612982e+02	 650.00	 666.67	 43.00	 28	 0.79	 
bfer_140	 2	 6	 2114.jpg	 7.622654e+02	 24	 999000	 240	 999000	 999	 7.632838e+02	 650.00	 666.67	 61.00	 14	 0.49	 
bfer_140	 2	 6	 2217.jpg	 7.642679e+02	 24	 999000	 240	 999000	 999	 7.652861e+02	 650.00	 666.67	 44.00	 38	 0.77	 
bfer_140	 2	 6	 1218.jpg	 7.682723e+02	 12	 5.422056e+02	 12	 999000	 98	 7.692904e+02	 650.00	 666.67	 10.00	 39	 0.70	 
bfer_140	 2	 6	 2212.jpg	 7.702745e+02	 24	 999000	 240	 999000	 999	 7.712928e+02	 650.00	 666.67	 55.00	 33	 0.61	 
bfer_140	 2	 6	 1120.jpg	 7.742791e+02	 11	 9.193735e+02	 110	 6.500213e+02	 98	 7.752972e+02	 666.67	 666.67	 14.00	 20	 0.57	 
bfer_140	 2	 6	 2218.jpg	 7.762813e+02	 24	 8.931661e+02	 24	 999000	 98	 7.772995e+02	 666.67	 666.67	 47.00	 39	 0.74	 
bfer_140	 2	 6	 1202.jpg	 7.782671e+02	 12	 999000	 120	 999000	 999	 7.792850e+02	 666.67	 666.67	 21.00	 23	 0.50	 
bfer_140	 2	 6	 1103.jpg	 7.802691e+02	 12	 999000	 120	 999000	 999	 7.812873e+02	 666.67	 666.67	 15.00	 3	 0.57	 
bfer_140	 2	 6	 2215.jpg	 7.852748e+02	 24	 4.197618e+02	 24	 999000	 98	 7.862929e+02	 666.67	 666.67	 50.00	 36	 0.69	 
bfer_140	 2	 6	 2219.jpg	 7.872770e+02	 24	 999000	 240	 999000	 999	 7.882951e+02	 666.67	 666.67	 53.00	 40	 0.64	 
bfer_140	 2	 6	 1216.jpg	 7.892793e+02	 12	 999000	 120	 999000	 999	 7.902974e+02	 666.67	 666.67	 20.00	 37	 0.51	 
bfer_140	 2	 6	 2205.jpg	 7.922656e+02	 22	 8.688711e+02	 220	 6.666916e+02	 98	 7.932841e+02	 666.67	 683.33	 49.00	 26	 0.73	 
bfer_140	 2	 6	 1214.jpg	 7.992738e+02	 11	 9.167535e+02	 110	 6.666862e+02	 98	 8.002918e+02	 683.33	 683.33	 16.00	 35	 0.56	 
bfer_140	 2	 6	 2119.jpg	 8.032782e+02	 24	 999000	 240	 999000	 999	 8.042963e+02	 683.33	 683.33	 77.00	 19	 0.24	 
bfer_140	 2	 6	 2203.jpg	 8.102695e+02	 24	 999000	 240	 999000	 999	 8.112876e+02	 683.33	 683.33	 78.00	 24	 0.24	 
