subjectID	 order	 runNum	 itemName	 onsetTime	 shuff_trialType	 RT	 respInTime	 AudioTime	 response	 fixationTime	 ladder1	 ladder2	 bidIndex	 itemNameIndex	 bidValue	 
bfer_158	 2	 18	 1209.jpg	 9.063526e+02	 12	 999000	 120	 999000	 999	 9.073707e+02	 583.33	 583.33	 37.00	 30	 0.24	 
bfer_158	 2	 18	 1201.jpg	 9.113412e+02	 11	 9.535164e+02	 110	 5.833575e+02	 98	 9.123597e+02	 600.00	 583.33	 8.00	 22	 0.66	 
bfer_158	 2	 18	 2202.jpg	 9.133438e+02	 24	 999000	 240	 999000	 999	 9.143619e+02	 600.00	 583.33	 62.00	 23	 0.52	 
bfer_158	 2	 18	 2109.jpg	 9.153460e+02	 24	 999000	 240	 999000	 999	 9.163642e+02	 600.00	 583.33	 47.00	 9	 0.78	 
bfer_158	 2	 18	 2214.jpg	 9.213527e+02	 24	 999000	 240	 999000	 999	 9.223708e+02	 600.00	 583.33	 58.00	 35	 0.59	 
bfer_158	 2	 18	 2204.jpg	 9.233551e+02	 24	 999000	 240	 999000	 999	 9.243732e+02	 600.00	 583.33	 55.00	 25	 0.64	 
bfer_158	 2	 18	 1103.jpg	 9.263415e+02	 12	 999000	 120	 999000	 999	 9.273598e+02	 600.00	 583.33	 3.00	 3	 0.77	 
bfer_158	 2	 18	 2121.jpg	 9.283439e+02	 22	 1.030817e+03	 2200	 5.833510e+02	 98	 9.293620e+02	 600.00	 533.33	 48.00	 21	 0.74	 
bfer_158	 2	 18	 1204.jpg	 9.323485e+02	 12	 999000	 120	 999000	 999	 9.333666e+02	 600.00	 533.33	 15.00	 25	 0.58	 
bfer_158	 2	 18	 2216.jpg	 9.343507e+02	 22	 9.840503e+02	 220	 5.333519e+02	 98	 9.353687e+02	 600.00	 550.00	 49.00	 37	 0.68	 
bfer_158	 2	 18	 1111.jpg	 9.393563e+02	 11	 1.002451e+03	 1100	 6.000151e+02	 98	 9.403745e+02	 550.00	 550.00	 17.00	 11	 0.58	 
bfer_158	 2	 18	 2102.jpg	 9.463475e+02	 24	 999000	 240	 999000	 999	 9.473656e+02	 550.00	 550.00	 53.00	 2	 0.65	 
bfer_158	 2	 18	 2105.jpg	 9.483497e+02	 24	 999000	 240	 999000	 999	 9.493679e+02	 550.00	 550.00	 52.00	 5	 0.66	 
bfer_158	 2	 18	 1213.jpg	 9.513531e+02	 12	 999000	 120	 999000	 999	 9.523713e+02	 550.00	 550.00	 13.00	 34	 0.62	 
bfer_158	 2	 18	 2206.jpg	 9.543565e+02	 24	 999000	 240	 999000	 999	 9.553746e+02	 550.00	 550.00	 43.00	 27	 0.85	 
bfer_158	 2	 18	 1117.jpg	 9.583443e+02	 12	 999000	 120	 999000	 999	 9.593625e+02	 550.00	 550.00	 7.00	 17	 0.70	 
bfer_158	 2	 18	 1208.jpg	 9.623488e+02	 12	 999000	 120	 999000	 999	 9.633669e+02	 550.00	 550.00	 22.00	 29	 0.55	 
bfer_158	 2	 18	 2120.jpg	 9.663533e+02	 24	 999000	 240	 999000	 999	 9.673714e+02	 550.00	 550.00	 78.00	 20	 0.27	 
bfer_158	 2	 18	 2211.jpg	 9.693567e+02	 24	 999000	 240	 999000	 999	 9.703748e+02	 550.00	 550.00	 50.00	 32	 0.68	 
bfer_158	 2	 18	 1205.jpg	 9.753467e+02	 12	 999000	 120	 999000	 999	 9.763648e+02	 550.00	 550.00	 19.00	 26	 0.55	 
bfer_158	 2	 18	 2114.jpg	 9.773490e+02	 24	 999000	 240	 999000	 999	 9.783671e+02	 550.00	 550.00	 61.00	 14	 0.52	 
bfer_158	 2	 18	 2101.jpg	 9.803524e+02	 22	 9.423869e+02	 220	 5.500149e+02	 98	 9.813704e+02	 550.00	 566.67	 57.00	 1	 0.59	 
bfer_158	 2	 18	 2117.jpg	 9.823546e+02	 22	 8.601499e+02	 220	 5.666888e+02	 98	 9.833727e+02	 550.00	 583.33	 51.00	 17	 0.67	 
bfer_158	 2	 18	 1218.jpg	 9.843399e+02	 12	 4.668445e+02	 12	 999000	 98	 9.853583e+02	 550.00	 583.33	 10.00	 39	 0.63	 
bfer_158	 2	 18	 2113.jpg	 9.863425e+02	 24	 999000	 240	 999000	 999	 9.873607e+02	 550.00	 583.33	 60.00	 13	 0.54	 
bfer_158	 2	 18	 1207.jpg	 9.893458e+02	 12	 999000	 120	 999000	 999	 9.903639e+02	 550.00	 583.33	 21.00	 28	 0.55	 
bfer_158	 2	 18	 2111.jpg	 9.933516e+02	 24	 999000	 240	 999000	 999	 9.943683e+02	 550.00	 583.33	 77.00	 11	 0.35	 
bfer_158	 2	 18	 1114.jpg	 9.953525e+02	 12	 999000	 120	 999000	 999	 9.963707e+02	 550.00	 583.33	 38.00	 14	 0.24	 
bfer_158	 2	 18	 1101.jpg	 9.973548e+02	 11	 9.559314e+02	 110	 5.500135e+02	 98	 9.983728e+02	 566.67	 583.33	 11.00	 1	 0.63	 
bfer_158	 2	 18	 1203.jpg	 9.993401e+02	 11	 8.827066e+02	 110	 5.666913e+02	 98	 1.000358e+03	 583.33	 583.33	 9.00	 24	 0.65	 
bfer_158	 2	 18	 1211.jpg	 1.001343e+03	 12	 999000	 120	 999000	 999	 1.002361e+03	 583.33	 583.33	 20.00	 32	 0.55	 
bfer_158	 2	 18	 2203.jpg	 1.003345e+03	 24	 999000	 240	 999000	 999	 1.004363e+03	 583.33	 583.33	 44.00	 24	 0.82	 
bfer_158	 2	 18	 1121.jpg	 1.007349e+03	 11	 9.294498e+02	 110	 5.833838e+02	 98	 1.008367e+03	 600.00	 583.33	 16.00	 21	 0.58	 
bfer_158	 2	 18	 1214.jpg	 1.011354e+03	 12	 999000	 120	 999000	 999	 1.012372e+03	 600.00	 583.33	 4.00	 35	 0.76	 
bfer_158	 2	 18	 2103.jpg	 1.013356e+03	 22	 8.987125e+02	 220	 5.833628e+02	 98	 1.014374e+03	 600.00	 600.00	 54.00	 3	 0.65	 
bfer_158	 2	 18	 1219.jpg	 1.015342e+03	 11	 8.731332e+02	 110	 6.000192e+02	 98	 1.016360e+03	 616.67	 600.00	 14.00	 40	 0.59	 
bfer_158	 2	 18	 2205.jpg	 1.017344e+03	 22	 8.789139e+02	 220	 6.000247e+02	 98	 1.018362e+03	 616.67	 616.67	 56.00	 26	 0.62	 
bfer_158	 2	 18	 1105.jpg	 1.019346e+03	 12	 999000	 120	 999000	 999	 1.020364e+03	 616.67	 616.67	 12.00	 5	 0.62	 
bfer_158	 2	 18	 1110.jpg	 1.025353e+03	 12	 999000	 120	 999000	 999	 1.026371e+03	 616.67	 616.67	 18.00	 10	 0.57	 
bfer_158	 2	 18	 2104.jpg	 1.027355e+03	 24	 999000	 240	 999000	 999	 1.028373e+03	 616.67	 616.67	 59.00	 4	 0.57	 
