subjectID	 order	 runNum	 itemName	 onsetTime	 shuff_trialType	 RT	 respInTime	 AudioTime	 response	 fixationTime	 ladder1	 ladder2	 bidIndex	 itemNameIndex	 bidValue	 
bfer_103	 1	 6	 1209.jpg	 6.924418e+02	 11	 6.127166e+02	 11	 7.833494e+02	 98	 6.934602e+02	 800.00	 783.33	 13.00	 30	 0.57	 
bfer_103	 1	 6	 1118.jpg	 6.954455e+02	 11	 5.610181e+02	 11	 8.000397e+02	 98	 6.964636e+02	 816.67	 783.33	 12.00	 18	 0.59	 
bfer_103	 1	 6	 1115.jpg	 6.974477e+02	 11	 8.948063e+02	 110	 8.166788e+02	 98	 6.984659e+02	 833.33	 783.33	 18.00	 15	 0.53	 
bfer_103	 1	 6	 2103.jpg	 6.994331e+02	 24	 999000	 240	 999000	 999	 7.004515e+02	 833.33	 783.33	 48.00	 3	 0.76	 
bfer_103	 1	 6	 1211.jpg	 7.014357e+02	 12	 5.868465e+02	 12	 999000	 98	 7.024537e+02	 833.33	 783.33	 8.00	 32	 0.73	 
bfer_103	 1	 6	 1201.jpg	 7.044391e+02	 11	 5.993963e+02	 11	 8.333492e+02	 98	 7.054572e+02	 850.00	 783.33	 7.00	 22	 0.74	 
bfer_103	 1	 6	 2217.jpg	 7.064414e+02	 24	 999000	 240	 999000	 999	 7.074593e+02	 850.00	 783.33	 44.00	 38	 0.85	 
bfer_103	 1	 6	 2205.jpg	 7.104457e+02	 24	 999000	 240	 999000	 999	 7.114638e+02	 850.00	 783.33	 49.00	 26	 0.65	 
bfer_103	 1	 6	 2112.jpg	 7.124480e+02	 24	 999000	 240	 999000	 999	 7.134661e+02	 850.00	 783.33	 77.00	 12	 0.22	 
bfer_103	 1	 6	 1105.jpg	 7.174369e+02	 12	 999000	 120	 999000	 999	 7.184550e+02	 850.00	 783.33	 22.00	 5	 0.45	 
bfer_103	 1	 6	 2115.jpg	 7.194392e+02	 24	 999000	 240	 999000	 999	 7.204573e+02	 850.00	 783.33	 57.00	 15	 0.56	 
bfer_103	 1	 6	 2118.jpg	 7.234436e+02	 24	 999000	 240	 999000	 999	 7.244618e+02	 850.00	 783.33	 54.00	 18	 0.58	 
bfer_103	 1	 6	 1203.jpg	 7.254458e+02	 12	 999000	 120	 999000	 999	 7.264640e+02	 850.00	 783.33	 38.00	 24	 0.20	 
bfer_103	 1	 6	 2101.jpg	 7.284323e+02	 22	 7.422004e+02	 22	 7.833545e+02	 98	 7.294506e+02	 850.00	 800.00	 55.00	 1	 0.57	 
bfer_103	 1	 6	 2111.jpg	 7.334382e+02	 24	 999000	 240	 999000	 999	 7.344563e+02	 850.00	 800.00	 59.00	 11	 0.54	 
bfer_103	 1	 6	 1218.jpg	 7.354404e+02	 12	 999000	 120	 999000	 999	 7.364585e+02	 850.00	 800.00	 16.00	 39	 0.55	 
bfer_103	 1	 6	 1104.jpg	 7.374428e+02	 12	 999000	 120	 999000	 999	 7.384608e+02	 850.00	 800.00	 20.00	 4	 0.47	 
bfer_103	 1	 6	 2121.jpg	 7.414472e+02	 22	 1.183336e+03	 2200	 8.000196e+02	 98	 7.424654e+02	 850.00	 750.00	 53.00	 21	 0.58	 
bfer_103	 1	 6	 2104.jpg	 7.454350e+02	 24	 999000	 240	 999000	 999	 7.464531e+02	 850.00	 750.00	 62.00	 4	 0.51	 
bfer_103	 1	 6	 2218.jpg	 7.494395e+02	 24	 999000	 240	 999000	 999	 7.504576e+02	 850.00	 750.00	 51.00	 39	 0.61	 
bfer_103	 1	 6	 1204.jpg	 7.514418e+02	 12	 999000	 120	 999000	 999	 7.524599e+02	 850.00	 750.00	 19.00	 25	 0.53	 
bfer_103	 1	 6	 1107.jpg	 7.534440e+02	 12	 7.464858e+02	 12	 999000	 98	 7.544621e+02	 850.00	 750.00	 21.00	 7	 0.47	 
bfer_103	 1	 6	 2207.jpg	 7.554462e+02	 24	 999000	 240	 999000	 999	 7.564643e+02	 850.00	 750.00	 60.00	 28	 0.52	 
bfer_103	 1	 6	 1214.jpg	 7.574484e+02	 11	 4.860627e+02	 11	 8.500280e+02	 98	 7.584831e+02	 866.67	 750.00	 10.00	 35	 0.66	 
bfer_103	 1	 6	 1120.jpg	 7.634385e+02	 12	 999000	 120	 999000	 999	 7.644566e+02	 866.67	 750.00	 37.00	 20	 0.23	 
bfer_103	 1	 6	 2201.jpg	 7.664419e+02	 22	 9.086138e+02	 220	 7.500212e+02	 98	 7.674601e+02	 866.67	 766.67	 50.00	 22	 0.63	 
bfer_103	 1	 6	 1206.jpg	 7.684442e+02	 12	 999000	 120	 999000	 999	 7.694623e+02	 866.67	 766.67	 4.00	 27	 0.77	 
bfer_103	 1	 6	 1121.jpg	 7.704464e+02	 12	 999000	 120	 999000	 999	 7.714646e+02	 866.67	 766.67	 3.00	 21	 0.78	 
bfer_103	 1	 6	 1103.jpg	 7.734328e+02	 12	 999000	 120	 999000	 999	 7.744512e+02	 866.67	 766.67	 11.00	 3	 0.64	 
bfer_103	 1	 6	 2208.jpg	 7.754354e+02	 24	 999000	 240	 999000	 999	 7.764535e+02	 866.67	 766.67	 43.00	 29	 0.87	 
bfer_103	 1	 6	 2213.jpg	 7.774376e+02	 24	 999000	 240	 999000	 999	 7.784558e+02	 866.67	 766.67	 61.00	 34	 0.52	 
bfer_103	 1	 6	 2202.jpg	 7.794398e+02	 22	 9.906756e+02	 220	 7.666923e+02	 98	 7.804579e+02	 866.67	 783.33	 58.00	 23	 0.55	 
bfer_103	 1	 6	 1216.jpg	 7.824432e+02	 12	 999000	 120	 999000	 999	 7.834613e+02	 866.67	 783.33	 9.00	 37	 0.68	 
bfer_103	 1	 6	 2116.jpg	 7.844454e+02	 22	 1.089089e+03	 2200	 7.833593e+02	 98	 7.854636e+02	 866.67	 733.33	 52.00	 16	 0.59	 
bfer_103	 1	 6	 1207.jpg	 7.864478e+02	 12	 999000	 120	 999000	 999	 7.874660e+02	 866.67	 733.33	 17.00	 28	 0.54	 
bfer_103	 1	 6	 1101.jpg	 7.884330e+02	 11	 4.774704e+02	 11	 8.667085e+02	 98	 7.894847e+02	 883.33	 733.33	 15.00	 1	 0.56	 
bfer_103	 1	 6	 2117.jpg	 7.904356e+02	 24	 999000	 240	 999000	 999	 7.914537e+02	 883.33	 733.33	 56.00	 17	 0.56	 
bfer_103	 1	 6	 2107.jpg	 7.964422e+02	 22	 8.762720e+02	 220	 7.333600e+02	 98	 7.974604e+02	 883.33	 750.00	 47.00	 7	 0.76	 
bfer_103	 1	 6	 1213.jpg	 7.994456e+02	 12	 6.568813e+02	 12	 999000	 98	 8.004638e+02	 883.33	 750.00	 14.00	 34	 0.57	 
bfer_103	 1	 6	 2110.jpg	 8.034335e+02	 24	 999000	 240	 999000	 999	 8.044517e+02	 883.33	 750.00	 78.00	 10	 0.21	 
