subjectID	 order	 runNum	 itemName	 onsetTime	 shuff_trialType	 RT	 respInTime	 AudioTime	 response	 fixationTime	 ladder1	 ladder2	 bidIndex	 itemNameIndex	 bidValue	 
bfer_123	 1	 16	 1215.jpg	 6.732309e+02	 11	 7.120311e+02	 11	 9.166888e+02	 98	 6.743326e+02	 916.67	 866.67	 10.00	 36	 0.66	 
bfer_123	 1	 16	 1117.jpg	 6.762344e+02	 11	 5.886287e+02	 11	 9.166900e+02	 98	 6.773359e+02	 916.67	 866.67	 18.00	 17	 0.57	 
bfer_123	 1	 16	 1115.jpg	 6.782195e+02	 12	 999000	 120	 999000	 999	 6.792380e+02	 916.67	 866.67	 21.00	 15	 0.50	 
bfer_123	 1	 16	 2120.jpg	 6.802220e+02	 24	 999000	 240	 999000	 999	 6.812402e+02	 916.67	 866.67	 44.00	 20	 0.82	 
bfer_123	 1	 16	 1120.jpg	 6.822245e+02	 11	 4.065070e+02	 11	 9.166814e+02	 98	 6.833260e+02	 916.67	 866.67	 15.00	 20	 0.64	 
bfer_123	 1	 16	 2209.jpg	 6.852277e+02	 24	 999000	 240	 999000	 999	 6.862459e+02	 916.67	 866.67	 57.00	 30	 0.56	 
bfer_123	 1	 16	 2216.jpg	 6.872299e+02	 22	 6.970504e+02	 22	 8.666906e+02	 98	 6.882814e+02	 916.67	 883.33	 47.00	 37	 0.78	 
bfer_123	 1	 16	 1207.jpg	 6.912344e+02	 12	 999000	 120	 999000	 999	 6.922526e+02	 916.67	 883.33	 9.00	 28	 0.67	 
bfer_123	 1	 16	 1101.jpg	 6.932197e+02	 12	 999000	 120	 999000	 999	 6.942382e+02	 916.67	 883.33	 4.00	 1	 0.76	 
bfer_123	 1	 16	 2119.jpg	 6.982257e+02	 24	 999000	 240	 999000	 999	 6.992438e+02	 916.67	 883.33	 54.00	 19	 0.62	 
bfer_123	 1	 16	 1110.jpg	 7.002278e+02	 12	 999000	 120	 999000	 999	 7.012461e+02	 916.67	 883.33	 8.00	 10	 0.68	 
bfer_123	 1	 16	 1206.jpg	 7.042324e+02	 12	 9.505757e+02	 12	 999000	 98	 7.052505e+02	 916.67	 883.33	 16.00	 27	 0.63	 
bfer_123	 1	 16	 1201.jpg	 7.062346e+02	 11	 1.012396e+03	 1100	 9.166870e+02	 98	 7.073362e+02	 866.67	 883.33	 12.00	 22	 0.66	 
bfer_123	 1	 16	 2214.jpg	 7.092214e+02	 24	 999000	 240	 999000	 999	 7.102394e+02	 866.67	 883.33	 61.00	 35	 0.50	 
bfer_123	 1	 16	 2109.jpg	 7.142269e+02	 24	 999000	 240	 999000	 999	 7.152450e+02	 866.67	 883.33	 60.00	 9	 0.51	 
bfer_123	 1	 16	 1119.jpg	 7.162291e+02	 12	 999000	 120	 999000	 999	 7.172473e+02	 866.67	 883.33	 19.00	 19	 0.54	 
bfer_123	 1	 16	 2205.jpg	 7.182316e+02	 24	 999000	 240	 999000	 999	 7.192495e+02	 866.67	 883.33	 48.00	 26	 0.70	 
bfer_123	 1	 16	 1211.jpg	 7.222359e+02	 11	 6.430802e+02	 11	 8.666968e+02	 98	 7.232875e+02	 883.33	 883.33	 7.00	 32	 0.71	 
bfer_123	 1	 16	 1121.jpg	 7.262239e+02	 12	 999000	 120	 999000	 999	 7.272418e+02	 883.33	 883.33	 11.00	 21	 0.66	 
bfer_123	 1	 16	 1216.jpg	 7.302282e+02	 12	 999000	 120	 999000	 999	 7.312464e+02	 883.33	 883.33	 14.00	 37	 0.64	 
bfer_123	 1	 16	 2113.jpg	 7.322304e+02	 24	 999000	 240	 999000	 999	 7.332486e+02	 883.33	 883.33	 78.00	 13	 0.21	 
bfer_123	 1	 16	 1114.jpg	 7.342328e+02	 11	 6.221808e+02	 11	 8.833583e+02	 98	 7.353010e+02	 900.00	 883.33	 13.00	 14	 0.64	 
bfer_123	 1	 16	 2219.jpg	 7.362181e+02	 24	 999000	 240	 999000	 999	 7.372364e+02	 900.00	 883.33	 51.00	 40	 0.65	 
bfer_123	 1	 16	 2213.jpg	 7.382201e+02	 22	 8.348238e+02	 22	 8.833583e+02	 98	 7.392887e+02	 900.00	 900.00	 53.00	 34	 0.64	 
bfer_123	 1	 16	 1102.jpg	 7.442273e+02	 12	 999000	 120	 999000	 999	 7.452454e+02	 900.00	 900.00	 37.00	 2	 0.20	 
bfer_123	 1	 16	 2114.jpg	 7.472306e+02	 24	 999000	 240	 999000	 999	 7.482487e+02	 900.00	 900.00	 49.00	 14	 0.70	 
bfer_123	 1	 16	 1203.jpg	 7.492329e+02	 12	 999000	 120	 999000	 999	 7.502509e+02	 900.00	 900.00	 38.00	 24	 0.18	 
bfer_123	 1	 16	 2111.jpg	 7.512183e+02	 24	 999000	 240	 999000	 999	 7.522367e+02	 900.00	 900.00	 62.00	 11	 0.47	 
bfer_123	 1	 16	 2207.jpg	 7.542219e+02	 24	 999000	 240	 999000	 999	 7.552400e+02	 900.00	 900.00	 59.00	 28	 0.56	 
bfer_123	 1	 16	 2115.jpg	 7.562240e+02	 22	 1.007005e+03	 2200	 9.000273e+02	 98	 7.573090e+02	 900.00	 850.00	 55.00	 15	 0.57	 
bfer_123	 1	 16	 1219.jpg	 7.582263e+02	 12	 999000	 120	 999000	 999	 7.592445e+02	 900.00	 850.00	 3.00	 40	 0.82	 
bfer_123	 1	 16	 2101.jpg	 7.602285e+02	 22	 6.184157e+02	 22	 8.500305e+02	 98	 7.612633e+02	 900.00	 866.67	 52.00	 1	 0.64	 
bfer_123	 1	 16	 2201.jpg	 7.632319e+02	 24	 8.150759e+02	 24	 999000	 98	 7.642500e+02	 900.00	 866.67	 56.00	 22	 0.56	 
bfer_123	 1	 16	 2105.jpg	 7.652342e+02	 24	 999000	 240	 999000	 999	 7.662523e+02	 900.00	 866.67	 77.00	 5	 0.22	 
bfer_123	 1	 16	 1106.jpg	 7.672199e+02	 12	 999000	 120	 999000	 999	 7.682379e+02	 900.00	 866.67	 22.00	 6	 0.45	 
bfer_123	 1	 16	 2206.jpg	 7.692220e+02	 22	 6.249683e+02	 22	 8.666799e+02	 98	 7.702737e+02	 900.00	 883.33	 58.00	 27	 0.56	 
bfer_123	 1	 16	 1213.jpg	 7.712243e+02	 12	 7.027117e+02	 12	 999000	 98	 7.722423e+02	 900.00	 883.33	 20.00	 34	 0.51	 
bfer_123	 1	 16	 2215.jpg	 7.772310e+02	 24	 7.039765e+02	 24	 999000	 98	 7.782491e+02	 900.00	 883.33	 43.00	 36	 0.86	 
bfer_123	 1	 16	 2217.jpg	 7.802344e+02	 22	 6.925445e+02	 22	 8.833488e+02	 98	 7.813025e+02	 900.00	 900.00	 50.00	 38	 0.65	 
bfer_123	 1	 16	 1217.jpg	 7.842221e+02	 12	 999000	 120	 999000	 999	 7.852403e+02	 900.00	 900.00	 17.00	 38	 0.60	 
