subjectID	 order	 runNum	 itemName	 onsetTime	 shuff_trialType	 RT	 respInTime	 AudioTime	 response	 fixationTime	 ladder1	 ladder2	 bidIndex	 itemNameIndex	 bidValue	 
bfer_126	 2	 13	 2107.jpg	 2.433451e+02	 22	 4.940155e+02	 22	 7.504920e+02	 98	 2.443635e+02	 816.67	 766.67	 51.00	 7	 0.68	 
bfer_126	 2	 13	 1212.jpg	 2.463484e+02	 11	 1.122699e+03	 1100	 8.168304e+02	 98	 2.473666e+02	 766.67	 766.67	 17.00	 33	 0.57	 
bfer_126	 2	 13	 1215.jpg	 2.503529e+02	 11	 8.062129e+02	 110	 7.667188e+02	 98	 2.513710e+02	 783.33	 766.67	 8.00	 36	 0.67	 
bfer_126	 2	 13	 2211.jpg	 2.523385e+02	 22	 9.246288e+02	 220	 7.667156e+02	 98	 2.533565e+02	 783.33	 783.33	 48.00	 32	 0.72	 
bfer_126	 2	 13	 1105.jpg	 2.543407e+02	 12	 999000	 120	 999000	 999	 2.553589e+02	 783.33	 783.33	 37.00	 5	 0.22	 
bfer_126	 2	 13	 2208.jpg	 2.583451e+02	 24	 999000	 240	 999000	 999	 2.593633e+02	 783.33	 783.33	 62.00	 29	 0.47	 
bfer_126	 2	 13	 1209.jpg	 2.603473e+02	 12	 7.957926e+02	 12	 999000	 98	 2.613656e+02	 783.33	 783.33	 12.00	 30	 0.59	 
bfer_126	 2	 13	 1210.jpg	 2.653530e+02	 12	 999000	 120	 999000	 999	 2.663711e+02	 783.33	 783.33	 38.00	 31	 0.20	 
bfer_126	 2	 13	 2110.jpg	 2.673387e+02	 22	 6.444554e+02	 22	 7.833608e+02	 98	 2.683567e+02	 783.33	 800.00	 54.00	 10	 0.60	 
bfer_126	 2	 13	 2216.jpg	 2.703419e+02	 24	 7.371770e+02	 24	 999000	 98	 2.713600e+02	 783.33	 800.00	 47.00	 37	 0.75	 
bfer_126	 2	 13	 2104.jpg	 2.733453e+02	 24	 999000	 240	 999000	 999	 2.743634e+02	 783.33	 800.00	 61.00	 4	 0.48	 
bfer_126	 2	 13	 1102.jpg	 2.773497e+02	 12	 999000	 120	 999000	 999	 2.783680e+02	 783.33	 800.00	 19.00	 2	 0.55	 
bfer_126	 2	 13	 1113.jpg	 2.803532e+02	 12	 999000	 120	 999000	 999	 2.813713e+02	 783.33	 800.00	 15.00	 13	 0.58	 
bfer_126	 2	 13	 2202.jpg	 2.823388e+02	 22	 1.052295e+03	 2200	 8.000153e+02	 98	 2.833569e+02	 783.33	 750.00	 57.00	 23	 0.58	 
bfer_126	 2	 13	 2206.jpg	 2.853421e+02	 24	 999000	 240	 999000	 999	 2.863604e+02	 783.33	 750.00	 43.00	 27	 0.86	 
bfer_126	 2	 13	 2219.jpg	 2.893466e+02	 24	 7.404794e+02	 24	 999000	 98	 2.903647e+02	 783.33	 750.00	 55.00	 40	 0.60	 
bfer_126	 2	 13	 2109.jpg	 2.923500e+02	 24	 999000	 240	 999000	 999	 2.933681e+02	 783.33	 750.00	 52.00	 9	 0.66	 
bfer_126	 2	 13	 1115.jpg	 2.943522e+02	 12	 999000	 120	 999000	 999	 2.953704e+02	 783.33	 750.00	 22.00	 15	 0.48	 
bfer_126	 2	 13	 1218.jpg	 2.963378e+02	 11	 8.532845e+02	 110	 7.833485e+02	 98	 2.973559e+02	 800.00	 750.00	 11.00	 39	 0.62	 
bfer_126	 2	 13	 1107.jpg	 3.013433e+02	 11	 4.877667e+02	 11	 8.000229e+02	 98	 3.023616e+02	 816.67	 750.00	 14.00	 7	 0.58	 
bfer_126	 2	 13	 1214.jpg	 3.053479e+02	 12	 999000	 120	 999000	 999	 3.063660e+02	 816.67	 750.00	 4.00	 35	 0.74	 
bfer_126	 2	 13	 2201.jpg	 3.093524e+02	 22	 7.347047e+02	 22	 7.500190e+02	 98	 3.103705e+02	 816.67	 766.67	 56.00	 22	 0.58	 
bfer_126	 2	 13	 1217.jpg	 3.153425e+02	 12	 999000	 120	 999000	 999	 3.163606e+02	 816.67	 766.67	 20.00	 38	 0.52	 
bfer_126	 2	 13	 1216.jpg	 3.173447e+02	 11	 9.744362e+02	 110	 8.166858e+02	 98	 3.183628e+02	 833.33	 766.67	 9.00	 37	 0.66	 
bfer_126	 2	 13	 2209.jpg	 3.193469e+02	 24	 999000	 240	 999000	 999	 3.203650e+02	 833.33	 766.67	 44.00	 30	 0.82	 
bfer_126	 2	 13	 1106.jpg	 3.213492e+02	 11	 7.779512e+02	 11	 8.333459e+02	 98	 3.223674e+02	 850.00	 766.67	 16.00	 6	 0.57	 
bfer_126	 2	 13	 2103.jpg	 3.233515e+02	 22	 7.516638e+02	 22	 7.666902e+02	 98	 3.243696e+02	 850.00	 783.33	 49.00	 3	 0.72	 
bfer_126	 2	 13	 2212.jpg	 3.273392e+02	 24	 6.999398e+02	 24	 999000	 98	 3.283573e+02	 850.00	 783.33	 78.00	 33	 0.22	 
bfer_126	 2	 13	 1208.jpg	 3.293415e+02	 12	 999000	 120	 999000	 999	 3.303596e+02	 850.00	 783.33	 10.00	 29	 0.63	 
bfer_126	 2	 13	 1119.jpg	 3.333460e+02	 12	 999000	 120	 999000	 999	 3.343641e+02	 850.00	 783.33	 21.00	 19	 0.51	 
bfer_126	 2	 13	 1202.jpg	 3.353483e+02	 12	 8.108559e+02	 12	 999000	 98	 3.363663e+02	 850.00	 783.33	 18.00	 23	 0.56	 
bfer_126	 2	 13	 2205.jpg	 3.373504e+02	 24	 7.207184e+02	 24	 999000	 98	 3.383686e+02	 850.00	 783.33	 59.00	 26	 0.51	 
bfer_126	 2	 13	 2111.jpg	 3.393528e+02	 24	 999000	 240	 999000	 999	 3.403709e+02	 850.00	 783.33	 53.00	 11	 0.64	 
bfer_126	 2	 13	 2101.jpg	 3.443416e+02	 24	 999000	 240	 999000	 999	 3.453598e+02	 850.00	 783.33	 58.00	 1	 0.57	 
bfer_126	 2	 13	 2117.jpg	 3.463439e+02	 24	 999000	 240	 999000	 999	 3.473620e+02	 850.00	 783.33	 77.00	 17	 0.24	 
bfer_126	 2	 13	 2204.jpg	 3.483463e+02	 24	 999000	 240	 999000	 999	 3.493642e+02	 850.00	 783.33	 60.00	 25	 0.50	 
bfer_126	 2	 13	 2218.jpg	 3.513494e+02	 24	 8.336861e+02	 24	 999000	 98	 3.523678e+02	 850.00	 783.33	 50.00	 39	 0.70	 
bfer_126	 2	 13	 1109.jpg	 3.583407e+02	 12	 999000	 120	 999000	 999	 3.593587e+02	 850.00	 783.33	 7.00	 9	 0.67	 
bfer_126	 2	 13	 1120.jpg	 3.623452e+02	 12	 999000	 120	 999000	 999	 3.633633e+02	 850.00	 783.33	 13.00	 20	 0.59	 
bfer_126	 2	 13	 1103.jpg	 3.693361e+02	 12	 4.950007e+02	 12	 999000	 98	 3.703544e+02	 850.00	 783.33	 3.00	 3	 0.75	 
