subjectID	 order	 runNum	 itemName	 onsetTime	 shuff_trialType	 RT	 respInTime	 AudioTime	 response	 fixationTime	 ladder1	 ladder2	 bidIndex	 itemNameIndex	 bidValue	 
bfer_123	 1	 19	 1215.jpg	 1.115360e+03	 11	 8.708670e+02	 110	 8.666929e+02	 98	 1.116412e+03	 883.33	 916.67	 10.00	 36	 0.66	 
bfer_123	 1	 19	 2205.jpg	 1.118364e+03	 24	 999000	 240	 999000	 999	 1.119382e+03	 883.33	 916.67	 48.00	 26	 0.70	 
bfer_123	 1	 19	 2213.jpg	 1.120366e+03	 22	 6.729563e+02	 22	 9.166906e+02	 98	 1.121468e+03	 883.33	 916.67	 53.00	 34	 0.64	 
bfer_123	 1	 19	 1203.jpg	 1.122352e+03	 12	 999000	 120	 999000	 999	 1.123370e+03	 883.33	 916.67	 38.00	 24	 0.18	 
bfer_123	 1	 19	 1219.jpg	 1.124354e+03	 12	 999000	 120	 999000	 999	 1.125372e+03	 883.33	 916.67	 3.00	 40	 0.82	 
bfer_123	 1	 19	 1206.jpg	 1.127357e+03	 12	 9.377388e+02	 12	 999000	 98	 1.128375e+03	 883.33	 916.67	 16.00	 27	 0.63	 
bfer_123	 1	 19	 1114.jpg	 1.129359e+03	 11	 5.754947e+02	 11	 8.833512e+02	 98	 1.130428e+03	 900.00	 916.67	 13.00	 14	 0.64	 
bfer_123	 1	 19	 2214.jpg	 1.133364e+03	 24	 999000	 240	 999000	 999	 1.134382e+03	 900.00	 916.67	 61.00	 35	 0.50	 
bfer_123	 1	 19	 1207.jpg	 1.135350e+03	 12	 999000	 120	 999000	 999	 1.136368e+03	 900.00	 916.67	 9.00	 28	 0.67	 
bfer_123	 1	 19	 2217.jpg	 1.140355e+03	 22	 7.398533e+02	 22	 9.166891e+02	 98	 1.141456e+03	 900.00	 916.67	 50.00	 38	 0.65	 
bfer_123	 1	 19	 1101.jpg	 1.142357e+03	 12	 999000	 120	 999000	 999	 1.143375e+03	 900.00	 916.67	 4.00	 1	 0.76	 
bfer_123	 1	 19	 2209.jpg	 1.146362e+03	 24	 999000	 240	 999000	 999	 1.147380e+03	 900.00	 916.67	 57.00	 30	 0.56	 
bfer_123	 1	 19	 1115.jpg	 1.148364e+03	 12	 7.629167e+02	 12	 999000	 98	 1.149382e+03	 900.00	 916.67	 21.00	 15	 0.50	 
bfer_123	 1	 19	 2215.jpg	 1.151351e+03	 24	 999000	 240	 999000	 999	 1.152369e+03	 900.00	 916.67	 43.00	 36	 0.86	 
bfer_123	 1	 19	 2201.jpg	 1.156356e+03	 24	 7.385414e+02	 24	 999000	 98	 1.157375e+03	 900.00	 916.67	 56.00	 22	 0.56	 
bfer_123	 1	 19	 2119.jpg	 1.158359e+03	 24	 999000	 240	 999000	 999	 1.159377e+03	 900.00	 916.67	 54.00	 19	 0.62	 
bfer_123	 1	 19	 1120.jpg	 1.160361e+03	 11	 6.141171e+02	 11	 9.000153e+02	 98	 1.161446e+03	 916.67	 916.67	 15.00	 20	 0.64	 
bfer_123	 1	 19	 1110.jpg	 1.164365e+03	 12	 999000	 120	 999000	 999	 1.165384e+03	 916.67	 916.67	 8.00	 10	 0.68	 
bfer_123	 1	 19	 2105.jpg	 1.168353e+03	 24	 999000	 240	 999000	 999	 1.169371e+03	 916.67	 916.67	 77.00	 5	 0.22	 
bfer_123	 1	 19	 2101.jpg	 1.172358e+03	 22	 6.733414e+02	 22	 9.166908e+02	 98	 1.173459e+03	 916.67	 916.67	 52.00	 1	 0.64	 
bfer_123	 1	 19	 2111.jpg	 1.174360e+03	 24	 999000	 240	 999000	 999	 1.175378e+03	 916.67	 916.67	 62.00	 11	 0.47	 
bfer_123	 1	 19	 2216.jpg	 1.176362e+03	 22	 6.848322e+02	 22	 9.166901e+02	 98	 1.177464e+03	 916.67	 916.67	 47.00	 37	 0.78	 
bfer_123	 1	 19	 1201.jpg	 1.178364e+03	 11	 1.058669e+03	 1100	 9.166815e+02	 98	 1.179466e+03	 866.67	 916.67	 12.00	 22	 0.66	 
bfer_123	 1	 19	 1119.jpg	 1.180350e+03	 12	 999000	 120	 999000	 999	 1.181368e+03	 866.67	 916.67	 19.00	 19	 0.54	 
bfer_123	 1	 19	 1216.jpg	 1.186357e+03	 12	 999000	 120	 999000	 999	 1.187375e+03	 866.67	 916.67	 14.00	 37	 0.64	 
bfer_123	 1	 19	 1121.jpg	 1.189360e+03	 12	 999000	 120	 999000	 999	 1.190378e+03	 866.67	 916.67	 11.00	 21	 0.66	 
bfer_123	 1	 19	 2120.jpg	 1.191362e+03	 24	 5.886384e+02	 24	 999000	 98	 1.192380e+03	 866.67	 916.67	 44.00	 20	 0.82	 
bfer_123	 1	 19	 2219.jpg	 1.193365e+03	 24	 999000	 240	 999000	 999	 1.194383e+03	 866.67	 916.67	 51.00	 40	 0.65	 
bfer_123	 1	 19	 2115.jpg	 1.196351e+03	 22	 1.015707e+03	 2200	 9.166912e+02	 98	 1.197453e+03	 866.67	 866.67	 55.00	 15	 0.57	 
bfer_123	 1	 19	 2113.jpg	 1.198354e+03	 24	 999000	 240	 999000	 999	 1.199372e+03	 866.67	 866.67	 78.00	 13	 0.21	 
bfer_123	 1	 19	 1102.jpg	 1.200356e+03	 12	 999000	 120	 999000	 999	 1.201374e+03	 866.67	 866.67	 37.00	 2	 0.20	 
bfer_123	 1	 19	 1217.jpg	 1.202358e+03	 12	 8.009796e+02	 12	 999000	 98	 1.203376e+03	 866.67	 866.67	 17.00	 38	 0.60	 
bfer_123	 1	 19	 1211.jpg	 1.205361e+03	 11	 5.976462e+02	 11	 8.666909e+02	 98	 1.206413e+03	 883.33	 866.67	 7.00	 32	 0.71	 
bfer_123	 1	 19	 2109.jpg	 1.207364e+03	 24	 999000	 240	 999000	 999	 1.208382e+03	 883.33	 866.67	 60.00	 9	 0.51	 
bfer_123	 1	 19	 2114.jpg	 1.209349e+03	 24	 999000	 240	 999000	 999	 1.210367e+03	 883.33	 866.67	 49.00	 14	 0.70	 
bfer_123	 1	 19	 1213.jpg	 1.211351e+03	 12	 9.275540e+02	 12	 999000	 98	 1.212370e+03	 883.33	 866.67	 20.00	 34	 0.51	 
bfer_123	 1	 19	 2206.jpg	 1.213354e+03	 22	 7.652736e+02	 22	 8.666847e+02	 98	 1.214405e+03	 883.33	 883.33	 58.00	 27	 0.56	 
bfer_123	 1	 19	 1106.jpg	 1.219360e+03	 12	 999000	 120	 999000	 999	 1.220379e+03	 883.33	 883.33	 22.00	 6	 0.45	 
bfer_123	 1	 19	 2207.jpg	 1.222364e+03	 24	 999000	 240	 999000	 999	 1.223382e+03	 883.33	 883.33	 59.00	 28	 0.56	 
bfer_123	 1	 19	 1117.jpg	 1.226352e+03	 11	 5.833667e+02	 11	 8.833466e+02	 98	 1.227420e+03	 900.00	 883.33	 18.00	 17	 0.57	 
