subjectID	 order	 runNum	 itemName	 onsetTime	 shuff_trialType	 RT	 respInTime	 AudioTime	 response	 fixationTime	 ladder1	 ladder2	 bidIndex	 itemNameIndex	 bidValue	 
bfer_154	 2	 14	 2107.jpg	 3.814195e+02	 24	 999000	 240	 999000	 999	 3.824374e+02	 650.00	 716.67	 55.00	 7	 0.57	 
bfer_154	 2	 14	 1212.jpg	 3.844062e+02	 12	 999000	 120	 999000	 999	 3.854240e+02	 650.00	 716.67	 20.00	 33	 0.47	 
bfer_154	 2	 14	 2109.jpg	 3.864085e+02	 24	 999000	 240	 999000	 999	 3.874262e+02	 650.00	 716.67	 53.00	 9	 0.63	 
bfer_154	 2	 14	 1103.jpg	 3.884107e+02	 12	 999000	 120	 999000	 999	 3.894285e+02	 650.00	 716.67	 3.00	 3	 0.82	 
bfer_154	 2	 14	 2205.jpg	 3.904129e+02	 24	 999000	 240	 999000	 999	 3.914307e+02	 650.00	 716.67	 60.00	 26	 0.53	 
bfer_154	 2	 14	 1106.jpg	 3.934164e+02	 11	 8.384474e+02	 110	 6.500212e+02	 98	 3.944341e+02	 666.67	 716.67	 16.00	 6	 0.54	 
bfer_154	 2	 14	 2216.jpg	 3.954185e+02	 22	 1.068310e+03	 2200	 7.166931e+02	 98	 3.964363e+02	 666.67	 666.67	 51.00	 37	 0.67	 
bfer_154	 2	 14	 2212.jpg	 3.994064e+02	 22	 9.684330e+02	 220	 6.666845e+02	 98	 4.004241e+02	 666.67	 683.33	 56.00	 33	 0.56	 
bfer_154	 2	 14	 2114.jpg	 4.014087e+02	 22	 8.701559e+02	 220	 6.833592e+02	 98	 4.024264e+02	 666.67	 700.00	 57.00	 14	 0.56	 
bfer_154	 2	 14	 1218.jpg	 4.064142e+02	 12	 999000	 120	 999000	 999	 4.074321e+02	 666.67	 700.00	 21.00	 39	 0.47	 
bfer_154	 2	 14	 2201.jpg	 4.084166e+02	 24	 999000	 240	 999000	 999	 4.094342e+02	 666.67	 700.00	 44.00	 22	 0.83	 
bfer_154	 2	 14	 1121.jpg	 4.124210e+02	 11	 8.978450e+02	 110	 6.666912e+02	 98	 4.134388e+02	 683.33	 700.00	 17.00	 21	 0.53	 
bfer_154	 2	 14	 2108.jpg	 4.144065e+02	 24	 1.352311e+03	 24	 999000	 98	 4.154244e+02	 683.33	 700.00	 77.00	 8	 0.22	 
bfer_154	 2	 14	 1216.jpg	 4.174099e+02	 12	 7.729047e+02	 12	 999000	 98	 4.184277e+02	 683.33	 700.00	 4.00	 37	 0.80	 
bfer_154	 2	 14	 1219.jpg	 4.224155e+02	 12	 999000	 120	 999000	 999	 4.234333e+02	 683.33	 700.00	 7.00	 40	 0.77	 
bfer_154	 2	 14	 2211.jpg	 4.244178e+02	 24	 999000	 240	 999000	 999	 4.254356e+02	 683.33	 700.00	 52.00	 32	 0.64	 
bfer_154	 2	 14	 2105.jpg	 4.264201e+02	 24	 999000	 240	 999000	 999	 4.274378e+02	 683.33	 700.00	 58.00	 5	 0.55	 
bfer_154	 2	 14	 2117.jpg	 4.304079e+02	 24	 999000	 240	 999000	 999	 4.314257e+02	 683.33	 700.00	 78.00	 17	 0.20	 
bfer_154	 2	 14	 1207.jpg	 4.344124e+02	 12	 999000	 120	 999000	 999	 4.354301e+02	 683.33	 700.00	 12.00	 28	 0.60	 
bfer_154	 2	 14	 1110.jpg	 4.384169e+02	 12	 999000	 120	 999000	 999	 4.394346e+02	 683.33	 700.00	 19.00	 10	 0.50	 
bfer_154	 2	 14	 2111.jpg	 4.404192e+02	 22	 9.716455e+02	 220	 7.000268e+02	 98	 4.414370e+02	 683.33	 716.67	 54.00	 11	 0.60	 
bfer_154	 2	 14	 1102.jpg	 4.424044e+02	 12	 999000	 120	 999000	 999	 4.434225e+02	 683.33	 716.67	 15.00	 2	 0.55	 
bfer_154	 2	 14	 2115.jpg	 4.444069e+02	 24	 2.559189e+02	 24	 999000	 98	 4.454247e+02	 683.33	 716.67	 62.00	 15	 0.45	 
bfer_154	 2	 14	 2110.jpg	 4.464092e+02	 22	 9.336372e+02	 220	 7.166936e+02	 98	 4.474270e+02	 683.33	 733.33	 48.00	 10	 0.69	 
bfer_154	 2	 14	 2214.jpg	 4.524159e+02	 24	 999000	 240	 999000	 999	 4.534338e+02	 683.33	 733.33	 47.00	 35	 0.72	 
bfer_154	 2	 14	 1203.jpg	 4.554193e+02	 11	 9.155269e+02	 110	 6.833628e+02	 98	 4.564371e+02	 700.00	 733.33	 11.00	 24	 0.66	 
bfer_154	 2	 14	 1215.jpg	 4.574046e+02	 11	 1.074218e+03	 1100	 7.000193e+02	 98	 4.584227e+02	 650.00	 733.33	 8.00	 36	 0.69	 
bfer_154	 2	 14	 2219.jpg	 4.594071e+02	 24	 999000	 240	 999000	 999	 4.604250e+02	 650.00	 733.33	 59.00	 40	 0.53	 
bfer_154	 2	 14	 1120.jpg	 4.624105e+02	 12	 999000	 120	 999000	 999	 4.634283e+02	 650.00	 733.33	 38.00	 20	 0.16	 
bfer_154	 2	 14	 1201.jpg	 4.644128e+02	 11	 9.940276e+02	 110	 6.500340e+02	 98	 4.654306e+02	 666.67	 733.33	 9.00	 22	 0.69	 
bfer_154	 2	 14	 1107.jpg	 4.664155e+02	 11	 9.833387e+02	 110	 6.666879e+02	 98	 4.674328e+02	 683.33	 733.33	 14.00	 7	 0.57	 
bfer_154	 2	 14	 2106.jpg	 4.684173e+02	 24	 999000	 240	 999000	 999	 4.694351e+02	 683.33	 733.33	 43.00	 6	 0.85	 
bfer_154	 2	 14	 1112.jpg	 4.714037e+02	 12	 999000	 120	 999000	 999	 4.724218e+02	 683.33	 733.33	 37.00	 12	 0.20	 
bfer_154	 2	 14	 1205.jpg	 4.734062e+02	 12	 999000	 120	 999000	 999	 4.744240e+02	 683.33	 733.33	 10.00	 26	 0.67	 
bfer_154	 2	 14	 1214.jpg	 4.754084e+02	 12	 999000	 120	 999000	 999	 4.764262e+02	 683.33	 733.33	 18.00	 35	 0.50	 
bfer_154	 2	 14	 2207.jpg	 4.774107e+02	 24	 999000	 240	 999000	 999	 4.784284e+02	 683.33	 733.33	 50.00	 28	 0.68	 
bfer_154	 2	 14	 1210.jpg	 4.794129e+02	 12	 999000	 120	 999000	 999	 4.804309e+02	 683.33	 733.33	 22.00	 31	 0.46	 
bfer_154	 2	 14	 1111.jpg	 4.854197e+02	 12	 999000	 120	 999000	 999	 4.864375e+02	 683.33	 733.33	 13.00	 11	 0.59	 
bfer_154	 2	 14	 2121.jpg	 4.884066e+02	 22	 1.048254e+03	 2200	 7.333592e+02	 98	 4.894242e+02	 683.33	 683.33	 49.00	 21	 0.69	 
bfer_154	 2	 14	 2104.jpg	 4.924109e+02	 24	 999000	 240	 999000	 999	 4.934286e+02	 683.33	 683.33	 61.00	 4	 0.53	 
