subjectID	 order	 runNum	 itemName	 onsetTime	 shuff_trialType	 RT	 respInTime	 AudioTime	 response	 fixationTime	 ladder1	 ladder2	 bidIndex	 itemNameIndex	 bidValue	 
bfer_167	 1	 7	 2217.jpg	 7.568361e+02	 24	 999000	 240	 999000	 999	 7.578541e+02	 683.33	 750.00	 60.00	 38	 0.55	 
bfer_167	 1	 7	 1114.jpg	 7.598393e+02	 12	 999000	 120	 999000	 999	 7.608576e+02	 683.33	 750.00	 16.00	 14	 0.54	 
bfer_167	 1	 7	 2214.jpg	 7.618416e+02	 24	 999000	 240	 999000	 999	 7.628598e+02	 683.33	 750.00	 59.00	 35	 0.56	 
bfer_167	 1	 7	 2201.jpg	 7.638439e+02	 22	 1.066749e+03	 2200	 7.500157e+02	 98	 7.648621e+02	 683.33	 700.00	 52.00	 22	 0.63	 
bfer_167	 1	 7	 2120.jpg	 7.658292e+02	 24	 999000	 240	 999000	 999	 7.668476e+02	 683.33	 700.00	 54.00	 20	 0.61	 
bfer_167	 1	 7	 1217.jpg	 7.688329e+02	 12	 999000	 120	 999000	 999	 7.698510e+02	 683.33	 700.00	 21.00	 38	 0.48	 
bfer_167	 1	 7	 2204.jpg	 7.708351e+02	 22	 8.915415e+02	 220	 7.000156e+02	 98	 7.718532e+02	 683.33	 716.67	 58.00	 25	 0.57	 
bfer_167	 1	 7	 2102.jpg	 7.748396e+02	 24	 999000	 240	 999000	 999	 7.758577e+02	 683.33	 716.67	 61.00	 2	 0.54	 
bfer_167	 1	 7	 2114.jpg	 7.768419e+02	 24	 8.287193e+02	 24	 999000	 98	 7.778599e+02	 683.33	 716.67	 56.00	 14	 0.60	 
bfer_167	 1	 7	 1205.jpg	 7.818308e+02	 11	 1.007825e+03	 1100	 6.833620e+02	 98	 7.828504e+02	 633.33	 716.67	 7.00	 26	 0.67	 
bfer_167	 1	 7	 1203.jpg	 7.838331e+02	 12	 999000	 120	 999000	 999	 7.848511e+02	 633.33	 716.67	 22.00	 24	 0.48	 
bfer_167	 1	 7	 2219.jpg	 7.878375e+02	 24	 999000	 240	 999000	 999	 7.888556e+02	 633.33	 716.67	 49.00	 40	 0.64	 
bfer_167	 1	 7	 1113.jpg	 7.898398e+02	 11	 8.868313e+02	 110	 6.333588e+02	 98	 7.908580e+02	 650.00	 716.67	 18.00	 13	 0.52	 
bfer_167	 1	 7	 1202.jpg	 7.928432e+02	 12	 4.114217e+02	 12	 999000	 98	 7.938613e+02	 650.00	 716.67	 3.00	 23	 0.70	 
bfer_167	 1	 7	 2210.jpg	 7.978321e+02	 24	 999000	 240	 999000	 999	 7.988501e+02	 650.00	 716.67	 78.00	 31	 0.14	 
bfer_167	 1	 7	 2206.jpg	 7.998343e+02	 22	 9.162846e+02	 220	 7.166803e+02	 98	 8.008526e+02	 650.00	 733.33	 50.00	 27	 0.63	 
bfer_167	 1	 7	 1216.jpg	 8.018366e+02	 12	 999000	 120	 999000	 999	 8.028549e+02	 650.00	 733.33	 17.00	 37	 0.53	 
bfer_167	 1	 7	 1120.jpg	 8.058411e+02	 12	 999000	 120	 999000	 999	 8.068592e+02	 650.00	 733.33	 8.00	 20	 0.65	 
bfer_167	 1	 7	 1209.jpg	 8.098456e+02	 11	 9.769886e+02	 110	 6.500253e+02	 98	 8.108638e+02	 666.67	 733.33	 12.00	 30	 0.60	 
bfer_167	 1	 7	 1121.jpg	 8.138333e+02	 11	 8.772902e+02	 110	 6.666835e+02	 98	 8.148515e+02	 683.33	 733.33	 10.00	 21	 0.63	 
bfer_167	 1	 7	 2213.jpg	 8.158356e+02	 24	 999000	 240	 999000	 999	 8.168538e+02	 683.33	 733.33	 44.00	 34	 0.73	 
bfer_167	 1	 7	 1115.jpg	 8.178379e+02	 12	 999000	 120	 999000	 999	 8.188560e+02	 683.33	 733.33	 14.00	 15	 0.59	 
bfer_167	 1	 7	 2113.jpg	 8.198401e+02	 22	 1.062484e+03	 2200	 7.333611e+02	 98	 8.208582e+02	 683.33	 683.33	 55.00	 13	 0.61	 
bfer_167	 1	 7	 1117.jpg	 8.218423e+02	 12	 999000	 120	 999000	 999	 8.228606e+02	 683.33	 683.33	 38.00	 17	 0.25	 
bfer_167	 1	 7	 2106.jpg	 8.278324e+02	 24	 999000	 240	 999000	 999	 8.288506e+02	 683.33	 683.33	 51.00	 6	 0.63	 
bfer_167	 1	 7	 2107.jpg	 8.308359e+02	 22	 1.010743e+03	 2200	 6.833502e+02	 98	 8.318552e+02	 683.33	 633.33	 53.00	 7	 0.61	 
bfer_167	 1	 7	 1204.jpg	 8.328380e+02	 12	 999000	 120	 999000	 999	 8.338562e+02	 683.33	 633.33	 4.00	 25	 0.70	 
bfer_167	 1	 7	 2215.jpg	 8.348404e+02	 24	 999000	 240	 999000	 999	 8.358584e+02	 683.33	 633.33	 77.00	 36	 0.17	 
bfer_167	 1	 7	 1219.jpg	 8.378437e+02	 12	 999000	 120	 999000	 999	 8.388618e+02	 683.33	 633.33	 11.00	 40	 0.63	 
bfer_167	 1	 7	 2108.jpg	 8.398459e+02	 24	 999000	 240	 999000	 999	 8.408641e+02	 683.33	 633.33	 62.00	 8	 0.54	 
bfer_167	 1	 7	 1104.jpg	 8.418316e+02	 12	 999000	 120	 999000	 999	 8.428496e+02	 683.33	 633.33	 19.00	 4	 0.49	 
bfer_167	 1	 7	 2118.jpg	 8.438338e+02	 24	 999000	 240	 999000	 999	 8.448519e+02	 683.33	 633.33	 57.00	 18	 0.59	 
bfer_167	 1	 7	 1101.jpg	 8.468371e+02	 12	 999000	 120	 999000	 999	 8.478553e+02	 683.33	 633.33	 37.00	 1	 0.32	 
bfer_167	 1	 7	 1102.jpg	 8.488394e+02	 11	 9.672073e+02	 110	 6.833591e+02	 98	 8.498575e+02	 700.00	 633.33	 13.00	 2	 0.60	 
bfer_167	 1	 7	 1206.jpg	 8.508416e+02	 12	 3.570259e+02	 12	 999000	 98	 8.518598e+02	 700.00	 633.33	 20.00	 27	 0.48	 
bfer_167	 1	 7	 2110.jpg	 8.528439e+02	 22	 8.587163e+02	 220	 6.333610e+02	 98	 8.538621e+02	 700.00	 650.00	 47.00	 10	 0.66	 
bfer_167	 1	 7	 1106.jpg	 8.548461e+02	 12	 999000	 120	 999000	 999	 8.558643e+02	 700.00	 650.00	 9.00	 6	 0.64	 
bfer_167	 1	 7	 2121.jpg	 8.608362e+02	 24	 999000	 240	 999000	 999	 8.618543e+02	 700.00	 650.00	 43.00	 21	 0.73	 
bfer_167	 1	 7	 2109.jpg	 8.638396e+02	 24	 999000	 240	 999000	 999	 8.648577e+02	 700.00	 650.00	 48.00	 9	 0.64	 
bfer_167	 1	 7	 1118.jpg	 8.678440e+02	 11	 9.225900e+02	 110	 7.000270e+02	 98	 8.688624e+02	 716.67	 650.00	 15.00	 18	 0.59	 
