subjectID	 order	 runNum	 itemName	 onsetTime	 shuff_trialType	 RT	 respInTime	 AudioTime	 response	 fixationTime	 ladder1	 ladder2	 bidIndex	 itemNameIndex	 bidValue	 
bfer_123	 1	 9	 1211.jpg	 1.253501e+03	 11	 6.022490e+02	 1	 8.666919e+02	 118	 1.254552e+03	 816.67	 683.33	 7.00	 32	 0.71	 
bfer_123	 1	 9	 2111.jpg	 1.255503e+03	 24	 999000	 240	 999000	 999	 1.256521e+03	 816.67	 683.33	 62.00	 11	 0.47	 
bfer_123	 1	 9	 1213.jpg	 1.259491e+03	 12	 4.841659e+02	 12	 999000	 98	 1.260509e+03	 816.67	 683.33	 20.00	 34	 0.51	 
bfer_123	 1	 9	 2207.jpg	 1.262494e+03	 24	 999000	 240	 999000	 999	 1.263512e+03	 816.67	 683.33	 59.00	 28	 0.56	 
bfer_123	 1	 9	 2101.jpg	 1.264496e+03	 22	 5.744962e+02	 22	 6.833596e+02	 98	 1.265514e+03	 816.67	 700.00	 52.00	 1	 0.64	 
bfer_123	 1	 9	 1114.jpg	 1.267500e+03	 11	 5.232074e+02	 11	 8.166952e+02	 98	 1.268518e+03	 833.33	 700.00	 13.00	 14	 0.64	 
bfer_123	 1	 9	 2105.jpg	 1.271504e+03	 24	 999000	 240	 999000	 999	 1.272522e+03	 833.33	 700.00	 77.00	 5	 0.22	 
bfer_123	 1	 9	 1117.jpg	 1.275492e+03	 11	 5.628194e+02	 11	 8.333468e+02	 98	 1.276510e+03	 850.00	 700.00	 18.00	 17	 0.57	 
bfer_123	 1	 9	 2114.jpg	 1.277494e+03	 24	 999000	 240	 999000	 999	 1.278512e+03	 850.00	 700.00	 49.00	 14	 0.70	 
bfer_123	 1	 9	 2206.jpg	 1.282500e+03	 22	 6.510480e+02	 22	 7.000178e+02	 98	 1.283518e+03	 850.00	 716.67	 58.00	 27	 0.56	 
bfer_123	 1	 9	 2216.jpg	 1.284502e+03	 22	 7.447860e+02	 220	 7.166862e+02	 98	 1.285520e+03	 850.00	 733.33	 47.00	 37	 0.78	 
bfer_123	 1	 9	 1106.jpg	 1.286504e+03	 12	 999000	 120	 999000	 999	 1.287523e+03	 850.00	 733.33	 22.00	 6	 0.45	 
bfer_123	 1	 9	 2109.jpg	 1.292494e+03	 24	 999000	 240	 999000	 999	 1.293513e+03	 850.00	 733.33	 60.00	 9	 0.51	 
bfer_123	 1	 9	 1101.jpg	 1.294497e+03	 12	 999000	 120	 999000	 999	 1.295515e+03	 850.00	 733.33	 4.00	 1	 0.76	 
bfer_123	 1	 9	 2217.jpg	 1.296499e+03	 22	 6.279339e+02	 22	 7.333522e+02	 98	 1.297517e+03	 850.00	 750.00	 50.00	 38	 0.65	 
bfer_123	 1	 9	 2113.jpg	 1.298501e+03	 24	 999000	 240	 999000	 999	 1.299519e+03	 850.00	 750.00	 78.00	 13	 0.21	 
bfer_123	 1	 9	 1217.jpg	 1.302506e+03	 12	 999000	 120	 999000	 999	 1.303524e+03	 850.00	 750.00	 17.00	 38	 0.60	 
bfer_123	 1	 9	 1120.jpg	 1.306493e+03	 11	 4.894422e+02	 11	 8.500225e+02	 98	 1.307528e+03	 866.67	 750.00	 15.00	 20	 0.64	 
bfer_123	 1	 9	 1215.jpg	 1.309497e+03	 11	 5.660623e+02	 11	 8.666818e+02	 98	 1.310548e+03	 883.33	 750.00	 10.00	 36	 0.66	 
bfer_123	 1	 9	 2201.jpg	 1.313501e+03	 24	 999000	 240	 999000	 999	 1.314519e+03	 883.33	 750.00	 56.00	 22	 0.56	 
bfer_123	 1	 9	 1115.jpg	 1.316505e+03	 12	 999000	 120	 999000	 999	 1.317523e+03	 883.33	 750.00	 21.00	 15	 0.50	 
bfer_123	 1	 9	 1119.jpg	 1.318490e+03	 12	 999000	 120	 999000	 999	 1.319508e+03	 883.33	 750.00	 19.00	 19	 0.54	 
bfer_123	 1	 9	 1216.jpg	 1.322495e+03	 12	 999000	 120	 999000	 999	 1.323513e+03	 883.33	 750.00	 14.00	 37	 0.64	 
bfer_123	 1	 9	 2213.jpg	 1.324497e+03	 22	 1.045817e+03	 2200	 7.500140e+02	 98	 1.325515e+03	 883.33	 700.00	 53.00	 34	 0.64	 
bfer_123	 1	 9	 1207.jpg	 1.326499e+03	 12	 999000	 120	 999000	 999	 1.327517e+03	 883.33	 700.00	 9.00	 28	 0.67	 
bfer_123	 1	 9	 1203.jpg	 1.330504e+03	 12	 999000	 120	 999000	 999	 1.331522e+03	 883.33	 700.00	 38.00	 24	 0.18	 
bfer_123	 1	 9	 2209.jpg	 1.332489e+03	 24	 999000	 240	 999000	 999	 1.333507e+03	 883.33	 700.00	 57.00	 30	 0.56	 
bfer_123	 1	 9	 1219.jpg	 1.336494e+03	 12	 999000	 120	 999000	 999	 1.337512e+03	 883.33	 700.00	 3.00	 40	 0.82	 
bfer_123	 1	 9	 2120.jpg	 1.340498e+03	 24	 999000	 240	 999000	 999	 1.341516e+03	 883.33	 700.00	 44.00	 20	 0.82	 
bfer_123	 1	 9	 1102.jpg	 1.343502e+03	 12	 999000	 120	 999000	 999	 1.344520e+03	 883.33	 700.00	 37.00	 2	 0.20	 
bfer_123	 1	 9	 1206.jpg	 1.349492e+03	 12	 8.270556e+02	 12	 999000	 98	 1.350510e+03	 883.33	 700.00	 16.00	 27	 0.63	 
bfer_123	 1	 9	 1121.jpg	 1.351494e+03	 12	 999000	 120	 999000	 999	 1.352512e+03	 883.33	 700.00	 11.00	 21	 0.66	 
bfer_123	 1	 9	 1201.jpg	 1.355498e+03	 11	 1.140460e+03	 1100	 8.833474e+02	 98	 1.356567e+03	 833.33	 700.00	 12.00	 22	 0.66	 
bfer_123	 1	 9	 2115.jpg	 1.357501e+03	 22	 9.222389e+02	 220	 7.000134e+02	 98	 1.358519e+03	 833.33	 716.67	 55.00	 15	 0.57	 
bfer_123	 1	 9	 2215.jpg	 1.359503e+03	 24	 6.479745e+02	 24	 999000	 98	 1.360521e+03	 833.33	 716.67	 43.00	 36	 0.86	 
bfer_123	 1	 9	 2205.jpg	 1.361505e+03	 24	 999000	 240	 999000	 999	 1.362523e+03	 833.33	 716.67	 48.00	 26	 0.70	 
bfer_123	 1	 9	 2219.jpg	 1.366494e+03	 24	 999000	 240	 999000	 999	 1.367512e+03	 833.33	 716.67	 51.00	 40	 0.65	 
bfer_123	 1	 9	 1110.jpg	 1.368496e+03	 12	 999000	 120	 999000	 999	 1.369515e+03	 833.33	 716.67	 8.00	 10	 0.68	 
bfer_123	 1	 9	 2214.jpg	 1.370499e+03	 24	 999000	 240	 999000	 999	 1.371517e+03	 833.33	 716.67	 61.00	 35	 0.50	 
bfer_123	 1	 9	 2119.jpg	 1.373502e+03	 24	 999000	 240	 999000	 999	 1.374520e+03	 833.33	 716.67	 54.00	 19	 0.62	 
