subjectID	 order	 runNum	 itemName	 onsetTime	 shuff_trialType	 RT	 respInTime	 AudioTime	 response	 fixationTime	 ladder1	 ladder2	 bidIndex	 itemNameIndex	 bidValue	 
bfer_167	 1	 18	 2107.jpg	 8.915151e+02	 22	 8.438153e+02	 220	 6.500236e+02	 98	 8.925335e+02	 650.00	 666.67	 53.00	 7	 0.61	 
bfer_167	 1	 18	 1104.jpg	 8.965040e+02	 12	 999000	 120	 999000	 999	 8.975225e+02	 650.00	 666.67	 19.00	 4	 0.49	 
bfer_167	 1	 18	 2121.jpg	 8.985066e+02	 24	 999000	 240	 999000	 999	 8.995247e+02	 650.00	 666.67	 43.00	 21	 0.73	 
bfer_167	 1	 18	 1209.jpg	 9.005088e+02	 11	 8.740737e+02	 110	 6.500302e+02	 98	 9.015270e+02	 666.67	 666.67	 12.00	 30	 0.60	 
bfer_167	 1	 18	 1115.jpg	 9.065155e+02	 12	 2.433997e+02	 12	 999000	 98	 9.075337e+02	 666.67	 666.67	 14.00	 15	 0.59	 
bfer_167	 1	 18	 2217.jpg	 9.085179e+02	 24	 999000	 240	 999000	 999	 9.095359e+02	 666.67	 666.67	 60.00	 38	 0.55	 
bfer_167	 1	 18	 2201.jpg	 9.115042e+02	 22	 9.187146e+02	 220	 6.666950e+02	 98	 9.125227e+02	 666.67	 683.33	 52.00	 22	 0.63	 
bfer_167	 1	 18	 2214.jpg	 9.135068e+02	 24	 1.412108e+03	 24	 999000	 98	 9.145249e+02	 666.67	 683.33	 59.00	 35	 0.56	 
bfer_167	 1	 18	 2219.jpg	 9.175113e+02	 24	 999000	 240	 999000	 999	 9.185295e+02	 666.67	 683.33	 49.00	 40	 0.64	 
bfer_167	 1	 18	 1203.jpg	 9.195136e+02	 12	 999000	 120	 999000	 999	 9.205317e+02	 666.67	 683.33	 22.00	 24	 0.48	 
bfer_167	 1	 18	 2108.jpg	 9.245192e+02	 24	 999000	 240	 999000	 999	 9.255372e+02	 666.67	 683.33	 62.00	 8	 0.54	 
bfer_167	 1	 18	 2213.jpg	 9.315103e+02	 24	 999000	 240	 999000	 999	 9.325285e+02	 666.67	 683.33	 44.00	 34	 0.73	 
bfer_167	 1	 18	 2204.jpg	 9.335125e+02	 22	 8.863714e+02	 220	 6.833534e+02	 98	 9.345307e+02	 666.67	 700.00	 58.00	 25	 0.57	 
bfer_167	 1	 18	 2210.jpg	 9.365159e+02	 24	 999000	 240	 999000	 999	 9.375340e+02	 666.67	 700.00	 78.00	 31	 0.14	 
bfer_167	 1	 18	 2109.jpg	 9.395193e+02	 24	 999000	 240	 999000	 999	 9.405374e+02	 666.67	 700.00	 48.00	 9	 0.64	 
bfer_167	 1	 18	 1118.jpg	 9.435071e+02	 11	 8.677958e+02	 110	 6.666908e+02	 98	 9.445252e+02	 683.33	 700.00	 15.00	 18	 0.59	 
bfer_167	 1	 18	 2102.jpg	 9.475117e+02	 24	 999000	 240	 999000	 999	 9.485298e+02	 683.33	 700.00	 61.00	 2	 0.54	 
bfer_167	 1	 18	 1205.jpg	 9.515161e+02	 11	 9.788292e+02	 110	 6.833589e+02	 98	 9.525342e+02	 700.00	 700.00	 7.00	 26	 0.67	 
bfer_167	 1	 18	 2120.jpg	 9.545195e+02	 24	 999000	 240	 999000	 999	 9.555376e+02	 700.00	 700.00	 54.00	 20	 0.61	 
bfer_167	 1	 18	 1120.jpg	 9.605096e+02	 12	 999000	 120	 999000	 999	 9.615277e+02	 700.00	 700.00	 8.00	 20	 0.65	 
bfer_167	 1	 18	 1202.jpg	 9.625119e+02	 12	 999000	 120	 999000	 999	 9.635301e+02	 700.00	 700.00	 3.00	 23	 0.70	 
bfer_167	 1	 18	 2110.jpg	 9.655152e+02	 22	 9.956559e+02	 220	 7.000276e+02	 98	 9.665333e+02	 700.00	 716.67	 47.00	 10	 0.66	 
bfer_167	 1	 18	 1106.jpg	 9.675174e+02	 12	 999000	 120	 999000	 999	 9.685356e+02	 700.00	 716.67	 9.00	 6	 0.64	 
bfer_167	 1	 18	 1113.jpg	 9.695197e+02	 11	 2.551824e+02	 11	 7.000185e+02	 98	 9.705378e+02	 716.67	 716.67	 18.00	 13	 0.52	 
bfer_167	 1	 18	 2206.jpg	 9.715050e+02	 22	 3.659100e+02	 22	 7.166904e+02	 98	 9.725234e+02	 716.67	 733.33	 50.00	 27	 0.63	 
bfer_167	 1	 18	 1102.jpg	 9.745086e+02	 11	 9.782486e+02	 110	 7.166994e+02	 98	 9.755267e+02	 733.33	 733.33	 13.00	 2	 0.60	 
bfer_167	 1	 18	 2215.jpg	 9.785131e+02	 24	 999000	 240	 999000	 999	 9.795313e+02	 733.33	 733.33	 77.00	 36	 0.17	 
bfer_167	 1	 18	 1114.jpg	 9.805153e+02	 12	 999000	 120	 999000	 999	 9.815337e+02	 733.33	 733.33	 16.00	 14	 0.54	 
bfer_167	 1	 18	 1101.jpg	 9.825176e+02	 12	 999000	 120	 999000	 999	 9.835357e+02	 733.33	 733.33	 37.00	 1	 0.32	 
bfer_167	 1	 18	 1121.jpg	 9.845199e+02	 11	 1.078938e+03	 1100	 7.333493e+02	 98	 9.855379e+02	 683.33	 733.33	 10.00	 21	 0.63	 
bfer_167	 1	 18	 1117.jpg	 9.865052e+02	 12	 999000	 120	 999000	 999	 9.875236e+02	 683.33	 733.33	 38.00	 17	 0.25	 
bfer_167	 1	 18	 1204.jpg	 9.885077e+02	 12	 999000	 120	 999000	 999	 9.895259e+02	 683.33	 733.33	 4.00	 25	 0.70	 
bfer_167	 1	 18	 2113.jpg	 9.925122e+02	 22	 1.014640e+03	 2200	 7.333513e+02	 98	 9.935305e+02	 683.33	 683.33	 55.00	 13	 0.61	 
bfer_167	 1	 18	 1216.jpg	 9.965167e+02	 12	 3.301921e+02	 12	 999000	 98	 9.975349e+02	 683.33	 683.33	 17.00	 37	 0.53	 
bfer_167	 1	 18	 2106.jpg	 9.985189e+02	 24	 999000	 240	 999000	 999	 9.995372e+02	 683.33	 683.33	 51.00	 6	 0.63	 
bfer_167	 1	 18	 2118.jpg	 1.000521e+03	 24	 999000	 240	 999000	 999	 1.001539e+03	 683.33	 683.33	 57.00	 18	 0.59	 
bfer_167	 1	 18	 2114.jpg	 1.002507e+03	 24	 999000	 240	 999000	 999	 1.003525e+03	 683.33	 683.33	 56.00	 14	 0.60	 
bfer_167	 1	 18	 1206.jpg	 1.004509e+03	 12	 999000	 120	 999000	 999	 1.005527e+03	 683.33	 683.33	 20.00	 27	 0.48	 
bfer_167	 1	 18	 1219.jpg	 1.010516e+03	 12	 999000	 120	 999000	 999	 1.011534e+03	 683.33	 683.33	 11.00	 40	 0.63	 
bfer_167	 1	 18	 1217.jpg	 1.012518e+03	 12	 999000	 120	 999000	 999	 1.013536e+03	 683.33	 683.33	 21.00	 38	 0.48	 
