subjectID	 order	 runNum	 itemName	 onsetTime	 shuff_trialType	 RT	 respInTime	 AudioTime	 response	 fixationTime	 ladder1	 ladder2	 bidIndex	 itemNameIndex	 bidValue	 
bfer_115	 1	 12	 1209.jpg	 1.311272e+02	 12	 999000	 120	 999000	 999	 1.321453e+02	 650.00	 716.67	 3.00	 30	 0.81	 
bfer_115	 1	 12	 1211.jpg	 1.331298e+02	 11	 9.089050e+02	 110	 6.500149e+02	 98	 1.341475e+02	 666.67	 716.67	 12.00	 32	 0.63	 
bfer_115	 1	 12	 1213.jpg	 1.371343e+02	 12	 999000	 120	 999000	 999	 1.381521e+02	 666.67	 716.67	 20.00	 34	 0.52	 
bfer_115	 1	 12	 1117.jpg	 1.401209e+02	 12	 999000	 120	 999000	 999	 1.411388e+02	 666.67	 716.67	 37.00	 17	 0.19	 
bfer_115	 1	 12	 1103.jpg	 1.421232e+02	 12	 999000	 120	 999000	 999	 1.431410e+02	 666.67	 716.67	 11.00	 3	 0.64	 
bfer_115	 1	 12	 2115.jpg	 1.451266e+02	 24	 999000	 240	 999000	 999	 1.461444e+02	 666.67	 716.67	 54.00	 15	 0.60	 
bfer_115	 1	 12	 1208.jpg	 1.491311e+02	 11	 9.716310e+02	 110	 6.666939e+02	 98	 1.501488e+02	 683.33	 716.67	 10.00	 29	 0.65	 
bfer_115	 1	 12	 2212.jpg	 1.531355e+02	 24	 999000	 240	 999000	 999	 1.541534e+02	 683.33	 716.67	 60.00	 33	 0.54	 
bfer_115	 1	 12	 1214.jpg	 1.551214e+02	 11	 9.893273e+02	 110	 6.833539e+02	 98	 1.561389e+02	 700.00	 716.67	 15.00	 35	 0.56	 
bfer_115	 1	 12	 2205.jpg	 1.601268e+02	 22	 9.919069e+02	 220	 7.166876e+02	 98	 1.611445e+02	 700.00	 733.33	 50.00	 26	 0.68	 
bfer_115	 1	 12	 2114.jpg	 1.621290e+02	 24	 999000	 240	 999000	 999	 1.631468e+02	 700.00	 733.33	 57.00	 14	 0.57	 
bfer_115	 1	 12	 2219.jpg	 1.641312e+02	 24	 999000	 240	 999000	 999	 1.651492e+02	 700.00	 733.33	 43.00	 40	 0.91	 
bfer_115	 1	 12	 1109.jpg	 1.701213e+02	 12	 999000	 120	 999000	 999	 1.711391e+02	 700.00	 733.33	 9.00	 9	 0.66	 
bfer_115	 1	 12	 1219.jpg	 1.721236e+02	 12	 999000	 120	 999000	 999	 1.731413e+02	 700.00	 733.33	 4.00	 40	 0.78	 
bfer_115	 1	 12	 1120.jpg	 1.741258e+02	 12	 999000	 120	 999000	 999	 1.751436e+02	 700.00	 733.33	 19.00	 20	 0.52	 
bfer_115	 1	 12	 2106.jpg	 1.761281e+02	 22	 9.986250e+02	 220	 7.333496e+02	 98	 1.771459e+02	 700.00	 750.00	 58.00	 6	 0.56	 
bfer_115	 1	 12	 1218.jpg	 1.801325e+02	 11	 1.002261e+03	 1100	 7.000307e+02	 98	 1.811504e+02	 650.00	 750.00	 18.00	 39	 0.54	 
bfer_115	 1	 12	 1207.jpg	 1.841203e+02	 11	 9.024629e+02	 110	 6.500140e+02	 98	 1.851381e+02	 666.67	 750.00	 13.00	 28	 0.63	 
bfer_115	 1	 12	 2109.jpg	 1.871238e+02	 24	 999000	 240	 999000	 999	 1.881415e+02	 666.67	 750.00	 48.00	 9	 0.71	 
bfer_115	 1	 12	 2210.jpg	 1.911282e+02	 24	 999000	 240	 999000	 999	 1.921460e+02	 666.67	 750.00	 59.00	 31	 0.55	 
bfer_115	 1	 12	 1102.jpg	 1.941316e+02	 12	 999000	 120	 999000	 999	 1.951494e+02	 666.67	 750.00	 22.00	 2	 0.51	 
bfer_115	 1	 12	 2214.jpg	 1.961338e+02	 24	 999000	 240	 999000	 999	 1.971517e+02	 666.67	 750.00	 51.00	 35	 0.64	 
bfer_115	 1	 12	 1108.jpg	 2.001218e+02	 12	 999000	 120	 999000	 999	 2.011395e+02	 666.67	 750.00	 38.00	 8	 0.19	 
bfer_115	 1	 12	 1107.jpg	 2.021239e+02	 12	 999000	 120	 999000	 999	 2.031417e+02	 666.67	 750.00	 17.00	 7	 0.55	 
bfer_115	 1	 12	 2211.jpg	 2.041263e+02	 22	 1.088443e+03	 2200	 7.500182e+02	 98	 2.051440e+02	 666.67	 700.00	 47.00	 32	 0.73	 
bfer_115	 1	 12	 1115.jpg	 2.081307e+02	 12	 999000	 120	 999000	 999	 2.091484e+02	 666.67	 700.00	 8.00	 15	 0.69	 
bfer_115	 1	 12	 2111.jpg	 2.101330e+02	 24	 999000	 240	 999000	 999	 2.111508e+02	 666.67	 700.00	 49.00	 11	 0.68	 
bfer_115	 1	 12	 2218.jpg	 2.141207e+02	 24	 999000	 240	 999000	 999	 2.151385e+02	 666.67	 700.00	 61.00	 39	 0.54	 
bfer_115	 1	 12	 2201.jpg	 2.181252e+02	 22	 1.073508e+03	 2200	 7.000219e+02	 98	 2.191430e+02	 666.67	 650.00	 52.00	 22	 0.63	 
bfer_115	 1	 12	 2121.jpg	 2.211287e+02	 24	 999000	 240	 999000	 999	 2.221464e+02	 666.67	 650.00	 44.00	 21	 0.84	 
bfer_115	 1	 12	 2102.jpg	 2.271354e+02	 24	 999000	 240	 999000	 999	 2.281532e+02	 666.67	 650.00	 77.00	 2	 0.20	 
bfer_115	 1	 12	 2108.jpg	 2.291209e+02	 24	 999000	 240	 999000	 999	 2.301387e+02	 666.67	 650.00	 78.00	 8	 0.18	 
bfer_115	 1	 12	 2204.jpg	 2.331254e+02	 24	 999000	 240	 999000	 999	 2.341432e+02	 666.67	 650.00	 62.00	 25	 0.53	 
bfer_115	 1	 12	 1204.jpg	 2.351277e+02	 11	 9.510148e+02	 110	 6.666897e+02	 98	 2.361455e+02	 683.33	 650.00	 7.00	 25	 0.69	 
bfer_115	 1	 12	 1111.jpg	 2.371300e+02	 12	 8.847311e+02	 12	 999000	 98	 2.381477e+02	 683.33	 650.00	 21.00	 11	 0.51	 
bfer_115	 1	 12	 2207.jpg	 2.391322e+02	 22	 9.865319e+02	 220	 6.500213e+02	 98	 2.401500e+02	 683.33	 666.67	 53.00	 28	 0.62	 
bfer_115	 1	 12	 2208.jpg	 2.441211e+02	 22	 1.005636e+03	 2200	 6.666926e+02	 98	 2.451390e+02	 683.33	 616.67	 55.00	 29	 0.59	 
bfer_115	 1	 12	 1217.jpg	 2.461234e+02	 12	 999000	 120	 999000	 999	 2.471412e+02	 683.33	 616.67	 16.00	 38	 0.56	 
bfer_115	 1	 12	 1106.jpg	 2.481257e+02	 12	 999000	 120	 999000	 999	 2.491433e+02	 683.33	 616.67	 14.00	 6	 0.62	 
bfer_115	 1	 12	 2209.jpg	 2.511290e+02	 24	 999000	 240	 999000	 999	 2.521467e+02	 683.33	 616.67	 56.00	 30	 0.58	 
