subjectID	 order	 runNum	 itemName	 onsetTime	 shuff_trialType	 RT	 respInTime	 AudioTime	 response	 fixationTime	 ladder1	 ladder2	 bidIndex	 itemNameIndex	 bidValue	 
bfer_154	 2	 9	 2111.jpg	 1.019341e+03	 22	 9.932988e+02	 220	 6.833606e+02	 98	 1.020359e+03	 683.33	 700.00	 54.00	 11	 0.60	 
bfer_154	 2	 9	 2201.jpg	 1.022345e+03	 24	 999000	 240	 999000	 999	 1.023362e+03	 683.33	 700.00	 44.00	 22	 0.83	 
bfer_154	 2	 9	 2107.jpg	 1.026333e+03	 24	 999000	 240	 999000	 999	 1.027350e+03	 683.33	 700.00	 55.00	 7	 0.57	 
bfer_154	 2	 9	 2117.jpg	 1.028335e+03	 24	 999000	 240	 999000	 999	 1.029352e+03	 683.33	 700.00	 78.00	 17	 0.20	 
bfer_154	 2	 9	 1110.jpg	 1.030337e+03	 12	 999000	 120	 999000	 999	 1.031355e+03	 683.33	 700.00	 19.00	 10	 0.50	 
bfer_154	 2	 9	 2114.jpg	 1.034341e+03	 22	 1.033113e+03	 2200	 7.000412e+02	 98	 1.035359e+03	 683.33	 650.00	 57.00	 14	 0.56	 
bfer_154	 2	 9	 2105.jpg	 1.036344e+03	 24	 999000	 240	 999000	 999	 1.037361e+03	 683.33	 650.00	 58.00	 5	 0.55	 
bfer_154	 2	 9	 1205.jpg	 1.041333e+03	 12	 999000	 120	 999000	 999	 1.042350e+03	 683.33	 650.00	 10.00	 26	 0.67	 
bfer_154	 2	 9	 1203.jpg	 1.043335e+03	 11	 1.055684e+03	 1100	 6.833578e+02	 98	 1.044353e+03	 633.33	 650.00	 11.00	 24	 0.66	 
bfer_154	 2	 9	 1106.jpg	 1.046338e+03	 11	 8.203376e+02	 110	 6.333502e+02	 98	 1.047356e+03	 650.00	 650.00	 16.00	 6	 0.54	 
bfer_154	 2	 9	 1111.jpg	 1.049342e+03	 12	 999000	 120	 999000	 999	 1.050359e+03	 650.00	 650.00	 13.00	 11	 0.59	 
bfer_154	 2	 9	 2106.jpg	 1.053329e+03	 24	 999000	 240	 999000	 999	 1.054347e+03	 650.00	 650.00	 43.00	 6	 0.85	 
bfer_154	 2	 9	 2110.jpg	 1.056333e+03	 22	 8.577079e+02	 220	 6.500235e+02	 98	 1.057351e+03	 650.00	 666.67	 48.00	 10	 0.69	 
bfer_154	 2	 9	 1112.jpg	 1.058335e+03	 12	 999000	 120	 999000	 999	 1.059353e+03	 650.00	 666.67	 37.00	 12	 0.20	 
bfer_154	 2	 9	 1207.jpg	 1.061338e+03	 12	 999000	 120	 999000	 999	 1.062356e+03	 650.00	 666.67	 12.00	 28	 0.60	 
bfer_154	 2	 9	 1201.jpg	 1.065343e+03	 11	 8.236073e+02	 110	 6.500160e+02	 98	 1.066361e+03	 666.67	 666.67	 9.00	 22	 0.69	 
bfer_154	 2	 9	 1120.jpg	 1.068329e+03	 12	 999000	 120	 999000	 999	 1.069347e+03	 666.67	 666.67	 38.00	 20	 0.16	 
bfer_154	 2	 9	 1214.jpg	 1.070332e+03	 12	 999000	 120	 999000	 999	 1.071350e+03	 666.67	 666.67	 18.00	 35	 0.50	 
bfer_154	 2	 9	 2104.jpg	 1.072334e+03	 24	 999000	 240	 999000	 999	 1.073352e+03	 666.67	 666.67	 61.00	 4	 0.53	 
bfer_154	 2	 9	 2115.jpg	 1.077340e+03	 24	 999000	 240	 999000	 999	 1.078357e+03	 666.67	 666.67	 62.00	 15	 0.45	 
bfer_154	 2	 9	 2207.jpg	 1.081327e+03	 24	 999000	 240	 999000	 999	 1.082345e+03	 666.67	 666.67	 50.00	 28	 0.68	 
bfer_154	 2	 9	 1103.jpg	 1.085332e+03	 12	 999000	 120	 999000	 999	 1.086350e+03	 666.67	 666.67	 3.00	 3	 0.82	 
bfer_154	 2	 9	 2219.jpg	 1.091339e+03	 24	 999000	 240	 999000	 999	 1.092357e+03	 666.67	 666.67	 59.00	 40	 0.53	 
bfer_154	 2	 9	 2121.jpg	 1.093341e+03	 22	 9.854071e+02	 220	 6.666842e+02	 98	 1.094359e+03	 666.67	 683.33	 49.00	 21	 0.69	 
bfer_154	 2	 9	 1218.jpg	 1.095343e+03	 12	 999000	 120	 999000	 999	 1.096361e+03	 666.67	 683.33	 21.00	 39	 0.47	 
bfer_154	 2	 9	 2109.jpg	 1.097329e+03	 24	 999000	 240	 999000	 999	 1.098347e+03	 666.67	 683.33	 53.00	 9	 0.63	 
bfer_154	 2	 9	 1216.jpg	 1.099331e+03	 12	 7.473586e+02	 12	 999000	 98	 1.100349e+03	 666.67	 683.33	 4.00	 37	 0.80	 
bfer_154	 2	 9	 1219.jpg	 1.103336e+03	 12	 999000	 120	 999000	 999	 1.104353e+03	 666.67	 683.33	 7.00	 40	 0.77	 
bfer_154	 2	 9	 1212.jpg	 1.105338e+03	 12	 999000	 120	 999000	 999	 1.106356e+03	 666.67	 683.33	 20.00	 33	 0.47	 
bfer_154	 2	 9	 2212.jpg	 1.109342e+03	 22	 9.921409e+02	 220	 6.833523e+02	 98	 1.110360e+03	 666.67	 700.00	 56.00	 33	 0.56	 
bfer_154	 2	 9	 2205.jpg	 1.111328e+03	 24	 999000	 240	 999000	 999	 1.112346e+03	 666.67	 700.00	 60.00	 26	 0.53	 
bfer_154	 2	 9	 2211.jpg	 1.113330e+03	 24	 999000	 240	 999000	 999	 1.114348e+03	 666.67	 700.00	 52.00	 32	 0.64	 
bfer_154	 2	 9	 1215.jpg	 1.115332e+03	 11	 8.901069e+02	 110	 6.666908e+02	 98	 1.116350e+03	 683.33	 700.00	 8.00	 36	 0.69	 
bfer_154	 2	 9	 2108.jpg	 1.120338e+03	 24	 999000	 240	 999000	 999	 1.121356e+03	 683.33	 700.00	 77.00	 8	 0.22	 
bfer_154	 2	 9	 2216.jpg	 1.122340e+03	 22	 9.142123e+02	 220	 7.000248e+02	 98	 1.123358e+03	 683.33	 716.67	 51.00	 37	 0.67	 
bfer_154	 2	 9	 2214.jpg	 1.124342e+03	 24	 999000	 240	 999000	 999	 1.125360e+03	 683.33	 716.67	 47.00	 35	 0.72	 
bfer_154	 2	 9	 1107.jpg	 1.127329e+03	 11	 8.852064e+02	 110	 6.833612e+02	 98	 1.128347e+03	 700.00	 716.67	 14.00	 7	 0.57	 
bfer_154	 2	 9	 1210.jpg	 1.134337e+03	 12	 999000	 120	 999000	 999	 1.135355e+03	 700.00	 716.67	 22.00	 31	 0.46	 
bfer_154	 2	 9	 1121.jpg	 1.138342e+03	 11	 9.608543e+02	 110	 7.000237e+02	 98	 1.139359e+03	 716.67	 716.67	 17.00	 21	 0.53	 
bfer_154	 2	 9	 1102.jpg	 1.145333e+03	 12	 999000	 120	 999000	 999	 1.146351e+03	 716.67	 716.67	 15.00	 2	 0.55	 
