subjectID	 order	 runNum	 itemName	 onsetTime	 shuff_trialType	 RT	 respInTime	 AudioTime	 response	 fixationTime	 ladder1	 ladder2	 bidIndex	 itemNameIndex	 bidValue	 
bfer_154	 2	 13	 1106.jpg	 2.515900e+02	 11	 1.096794e+03	 1100	 7.504318e+02	 98	 2.526081e+02	 700.00	 683.33	 16.00	 6	 0.54	 
bfer_154	 2	 13	 1216.jpg	 2.545937e+02	 12	 999000	 120	 999000	 999	 2.556114e+02	 700.00	 683.33	 4.00	 37	 0.80	 
bfer_154	 2	 13	 2201.jpg	 2.585815e+02	 24	 999000	 240	 999000	 999	 2.595992e+02	 700.00	 683.33	 44.00	 22	 0.83	 
bfer_154	 2	 13	 2109.jpg	 2.605838e+02	 24	 999000	 240	 999000	 999	 2.616015e+02	 700.00	 683.33	 53.00	 9	 0.63	 
bfer_154	 2	 13	 1207.jpg	 2.625861e+02	 12	 999000	 120	 999000	 999	 2.636038e+02	 700.00	 683.33	 12.00	 28	 0.60	 
bfer_154	 2	 13	 1210.jpg	 2.665905e+02	 12	 999000	 120	 999000	 999	 2.676083e+02	 700.00	 683.33	 22.00	 31	 0.46	 
bfer_154	 2	 13	 2106.jpg	 2.685929e+02	 24	 999000	 240	 999000	 999	 2.696105e+02	 700.00	 683.33	 43.00	 6	 0.85	 
bfer_154	 2	 13	 1212.jpg	 2.735816e+02	 12	 999000	 120	 999000	 999	 2.745995e+02	 700.00	 683.33	 20.00	 33	 0.47	 
bfer_154	 2	 13	 1103.jpg	 2.755840e+02	 12	 999000	 120	 999000	 999	 2.766017e+02	 700.00	 683.33	 3.00	 3	 0.82	 
bfer_154	 2	 13	 2114.jpg	 2.785873e+02	 22	 9.235818e+02	 220	 6.835045e+02	 98	 2.796051e+02	 700.00	 700.00	 57.00	 14	 0.56	 
bfer_154	 2	 13	 1203.jpg	 2.815906e+02	 11	 1.032201e+03	 1100	 7.000521e+02	 98	 2.826084e+02	 650.00	 700.00	 11.00	 24	 0.66	 
bfer_154	 2	 13	 2211.jpg	 2.855953e+02	 24	 999000	 240	 999000	 999	 2.866129e+02	 650.00	 700.00	 52.00	 32	 0.64	 
bfer_154	 2	 13	 2110.jpg	 2.885818e+02	 22	 8.810125e+02	 220	 7.000586e+02	 98	 2.895996e+02	 650.00	 716.67	 48.00	 10	 0.69	 
bfer_154	 2	 13	 2108.jpg	 2.905841e+02	 24	 999000	 240	 999000	 999	 2.916019e+02	 650.00	 716.67	 77.00	 8	 0.22	 
bfer_154	 2	 13	 1215.jpg	 2.935875e+02	 11	 8.433231e+02	 110	 6.500210e+02	 98	 2.946053e+02	 666.67	 716.67	 8.00	 36	 0.69	 
bfer_154	 2	 13	 2205.jpg	 2.975920e+02	 24	 999000	 240	 999000	 999	 2.986098e+02	 666.67	 716.67	 60.00	 26	 0.53	 
bfer_154	 2	 13	 2121.jpg	 3.005953e+02	 22	 9.075410e+02	 220	 7.166936e+02	 98	 3.016133e+02	 666.67	 733.33	 49.00	 21	 0.69	 
bfer_154	 2	 13	 1111.jpg	 3.025806e+02	 12	 999000	 120	 999000	 999	 3.035989e+02	 666.67	 733.33	 13.00	 11	 0.59	 
bfer_154	 2	 13	 1214.jpg	 3.045831e+02	 12	 999000	 120	 999000	 999	 3.056009e+02	 666.67	 733.33	 18.00	 35	 0.50	 
bfer_154	 2	 13	 2117.jpg	 3.095888e+02	 24	 999000	 240	 999000	 999	 3.106065e+02	 666.67	 733.33	 78.00	 17	 0.20	 
bfer_154	 2	 13	 2216.jpg	 3.135934e+02	 22	 9.974759e+02	 220	 7.333642e+02	 98	 3.146111e+02	 666.67	 750.00	 51.00	 37	 0.67	 
bfer_154	 2	 13	 1201.jpg	 3.175811e+02	 11	 1.065740e+03	 1100	 6.667175e+02	 98	 3.185989e+02	 616.67	 750.00	 9.00	 22	 0.69	 
bfer_154	 2	 13	 2104.jpg	 3.235878e+02	 24	 999000	 240	 999000	 999	 3.246056e+02	 616.67	 750.00	 61.00	 4	 0.53	 
bfer_154	 2	 13	 2219.jpg	 3.255901e+02	 24	 999000	 240	 999000	 999	 3.266079e+02	 616.67	 750.00	 59.00	 40	 0.53	 
bfer_154	 2	 13	 2214.jpg	 3.275924e+02	 24	 999000	 240	 999000	 999	 3.286102e+02	 616.67	 750.00	 47.00	 35	 0.72	 
bfer_154	 2	 13	 2105.jpg	 3.295946e+02	 24	 999000	 240	 999000	 999	 3.306125e+02	 616.67	 750.00	 58.00	 5	 0.55	 
bfer_154	 2	 13	 2212.jpg	 3.315802e+02	 22	 9.786624e+02	 220	 7.500184e+02	 98	 3.325979e+02	 616.67	 766.67	 56.00	 33	 0.56	 
bfer_154	 2	 13	 1102.jpg	 3.355847e+02	 12	 999000	 120	 999000	 999	 3.366025e+02	 616.67	 766.67	 15.00	 2	 0.55	 
bfer_154	 2	 13	 1205.jpg	 3.375870e+02	 12	 999000	 120	 999000	 999	 3.386063e+02	 616.67	 766.67	 10.00	 26	 0.67	 
bfer_154	 2	 13	 1107.jpg	 3.415914e+02	 11	 7.994694e+02	 110	 6.166852e+02	 98	 3.426091e+02	 633.33	 766.67	 14.00	 7	 0.57	 
bfer_154	 2	 13	 2207.jpg	 3.435937e+02	 24	 999000	 240	 999000	 999	 3.446115e+02	 633.33	 766.67	 50.00	 28	 0.68	 
bfer_154	 2	 13	 2115.jpg	 3.455790e+02	 24	 999000	 240	 999000	 999	 3.465970e+02	 633.33	 766.67	 62.00	 15	 0.45	 
bfer_154	 2	 13	 1121.jpg	 3.475815e+02	 11	 8.573231e+02	 110	 6.333610e+02	 98	 3.485992e+02	 650.00	 766.67	 17.00	 21	 0.53	 
bfer_154	 2	 13	 1112.jpg	 3.525871e+02	 12	 999000	 120	 999000	 999	 3.536049e+02	 650.00	 766.67	 37.00	 12	 0.20	 
bfer_154	 2	 13	 1110.jpg	 3.545893e+02	 12	 6.495046e+02	 12	 999000	 98	 3.556073e+02	 650.00	 766.67	 19.00	 10	 0.50	 
bfer_154	 2	 13	 2107.jpg	 3.565916e+02	 24	 999000	 240	 999000	 999	 3.576094e+02	 650.00	 766.67	 55.00	 7	 0.57	 
bfer_154	 2	 13	 1219.jpg	 3.595950e+02	 12	 5.878551e+02	 12	 999000	 98	 3.606128e+02	 650.00	 766.67	 7.00	 40	 0.77	 
bfer_154	 2	 13	 1120.jpg	 3.665863e+02	 12	 999000	 120	 999000	 999	 3.676040e+02	 650.00	 766.67	 38.00	 20	 0.16	 
bfer_154	 2	 13	 1218.jpg	 3.705907e+02	 12	 999000	 120	 999000	 999	 3.716084e+02	 650.00	 766.67	 21.00	 39	 0.47	 
bfer_154	 2	 13	 2111.jpg	 3.775818e+02	 22	 1.065019e+03	 2200	 7.666828e+02	 98	 3.785997e+02	 650.00	 716.67	 54.00	 11	 0.60	 
