subjectID	 order	 runNum	 itemName	 onsetTime	 shuff_trialType	 RT	 respInTime	 AudioTime	 response	 fixationTime	 ladder1	 ladder2	 bidIndex	 itemNameIndex	 bidValue	 
bfer_158	 2	 5	 1205.jpg	 5.721427e+02	 12	 1.223930e+03	 120	 999000	 115	 5.731608e+02	 350.00	 283.33	 19.00	 26	 0.55	 
bfer_158	 2	 5	 1209.jpg	 5.751461e+02	 12	 6.284983e+02	 120	 999000	 115	 5.761643e+02	 350.00	 283.33	 37.00	 30	 0.24	 
bfer_158	 2	 5	 1110.jpg	 5.771483e+02	 12	 999000	 120	 999000	 999	 5.781662e+02	 350.00	 283.33	 18.00	 10	 0.57	 
bfer_158	 2	 5	 1101.jpg	 5.791506e+02	 11	 8.080558e+02	 110	 3.501404e+02	 98	 5.801684e+02	 366.67	 283.33	 11.00	 1	 0.63	 
bfer_158	 2	 5	 2211.jpg	 5.811361e+02	 24	 999000	 240	 999000	 999	 5.821542e+02	 366.67	 283.33	 50.00	 32	 0.68	 
bfer_158	 2	 5	 2114.jpg	 5.841395e+02	 24	 999000	 240	 999000	 999	 5.851577e+02	 366.67	 283.33	 61.00	 14	 0.52	 
bfer_158	 2	 5	 2102.jpg	 5.861417e+02	 24	 999000	 240	 999000	 999	 5.871596e+02	 366.67	 283.33	 53.00	 2	 0.65	 
bfer_158	 2	 5	 1208.jpg	 5.901462e+02	 12	 999000	 120	 999000	 999	 5.911642e+02	 366.67	 283.33	 22.00	 29	 0.55	 
bfer_158	 2	 5	 1117.jpg	 5.921485e+02	 12	 999000	 120	 999000	 999	 5.931664e+02	 366.67	 283.33	 7.00	 17	 0.70	 
bfer_158	 2	 5	 2109.jpg	 5.971374e+02	 24	 999000	 240	 999000	 999	 5.981555e+02	 366.67	 283.33	 47.00	 9	 0.78	 
bfer_158	 2	 5	 1214.jpg	 5.991396e+02	 12	 999000	 120	 999000	 999	 6.001578e+02	 366.67	 283.33	 4.00	 35	 0.76	 
bfer_158	 2	 5	 2214.jpg	 6.031442e+02	 24	 999000	 240	 999000	 999	 6.041622e+02	 366.67	 283.33	 58.00	 35	 0.59	 
bfer_158	 2	 5	 2121.jpg	 6.051464e+02	 22	 1.268147e+03	 2200	 2.833693e+02	 98	 6.061645e+02	 366.67	 233.33	 48.00	 21	 0.74	 
bfer_158	 2	 5	 2104.jpg	 6.081497e+02	 24	 999000	 240	 999000	 999	 6.091678e+02	 366.67	 233.33	 59.00	 4	 0.57	 
bfer_158	 2	 5	 2203.jpg	 6.131387e+02	 24	 999000	 240	 999000	 999	 6.141567e+02	 366.67	 233.33	 44.00	 24	 0.82	 
bfer_158	 2	 5	 2105.jpg	 6.151410e+02	 24	 999000	 240	 999000	 999	 6.161591e+02	 366.67	 233.33	 52.00	 5	 0.66	 
bfer_158	 2	 5	 1203.jpg	 6.171431e+02	 11	 9.114551e+02	 110	 3.666788e+02	 98	 6.181612e+02	 383.33	 233.33	 9.00	 24	 0.65	 
bfer_158	 2	 5	 1121.jpg	 6.211476e+02	 11	 9.149522e+02	 110	 3.833560e+02	 98	 6.221658e+02	 400.00	 233.33	 16.00	 21	 0.58	 
bfer_158	 2	 5	 2205.jpg	 6.251351e+02	 22	 999000	 2	 2.333656e+02	 999	 6.261536e+02	 400.00	 183.33	 56.00	 26	 0.62	 
bfer_158	 2	 5	 1213.jpg	 6.291400e+02	 12	 999000	 120	 999000	 999	 6.301580e+02	 400.00	 183.33	 13.00	 34	 0.62	 
bfer_158	 2	 5	 1201.jpg	 6.311422e+02	 11	 6.084242e+02	 110	 4.000149e+02	 98	 6.321604e+02	 416.67	 183.33	 8.00	 22	 0.66	 
bfer_158	 2	 5	 1207.jpg	 6.331445e+02	 12	 999000	 120	 999000	 999	 6.341626e+02	 416.67	 183.33	 21.00	 28	 0.55	 
bfer_158	 2	 5	 2113.jpg	 6.351467e+02	 24	 999000	 240	 999000	 999	 6.361648e+02	 416.67	 183.33	 60.00	 13	 0.54	 
bfer_158	 2	 5	 2101.jpg	 6.371490e+02	 22	 999000	 2	 1.833509e+02	 999	 6.381671e+02	 416.67	 133.33	 57.00	 1	 0.59	 
bfer_158	 2	 5	 1204.jpg	 6.431390e+02	 12	 999000	 120	 999000	 999	 6.441572e+02	 416.67	 133.33	 15.00	 25	 0.58	 
bfer_158	 2	 5	 2117.jpg	 6.461424e+02	 22	 999000	 2	 1.333517e+02	 999	 6.471606e+02	 416.67	 83.33	 51.00	 17	 0.67	 
bfer_158	 2	 5	 2120.jpg	 6.481446e+02	 24	 999000	 240	 999000	 999	 6.491627e+02	 416.67	 83.33	 78.00	 20	 0.27	 
bfer_158	 2	 5	 2216.jpg	 6.501469e+02	 22	 999000	 2	 8.335453e+01	 999	 6.511649e+02	 416.67	 33.33	 49.00	 37	 0.68	 
bfer_158	 2	 5	 1105.jpg	 6.531503e+02	 12	 999000	 120	 999000	 999	 6.541683e+02	 416.67	 33.33	 12.00	 5	 0.62	 
bfer_158	 2	 5	 1114.jpg	 6.551355e+02	 12	 999000	 120	 999000	 999	 6.561539e+02	 416.67	 33.33	 38.00	 14	 0.24	 
bfer_158	 2	 5	 2204.jpg	 6.571381e+02	 24	 999000	 240	 999000	 999	 6.581561e+02	 416.67	 33.33	 55.00	 25	 0.64	 
bfer_158	 2	 5	 2206.jpg	 6.591403e+02	 24	 999000	 240	 999000	 999	 6.601584e+02	 416.67	 33.33	 43.00	 27	 0.85	 
bfer_158	 2	 5	 2111.jpg	 6.621436e+02	 24	 999000	 240	 999000	 999	 6.631618e+02	 416.67	 33.33	 77.00	 11	 0.35	 
bfer_158	 2	 5	 1211.jpg	 6.641459e+02	 12	 999000	 120	 999000	 999	 6.651640e+02	 416.67	 33.33	 20.00	 32	 0.55	 
bfer_158	 2	 5	 1219.jpg	 6.661482e+02	 11	 7.463786e+02	 110	 4.166889e+02	 98	 6.671663e+02	 433.33	 33.33	 14.00	 40	 0.59	 
bfer_158	 2	 5	 1218.jpg	 6.681505e+02	 12	 999000	 120	 999000	 999	 6.691686e+02	 433.33	 33.33	 10.00	 39	 0.63	 
bfer_158	 2	 5	 1103.jpg	 6.701358e+02	 12	 999000	 120	 999000	 999	 6.711542e+02	 433.33	 33.33	 3.00	 3	 0.77	 
bfer_158	 2	 5	 1111.jpg	 6.761427e+02	 11	 1.271900e+03	 1100	 4.333568e+02	 98	 6.771609e+02	 383.33	 33.33	 17.00	 11	 0.58	 
bfer_158	 2	 5	 2202.jpg	 6.791462e+02	 24	 999000	 240	 999000	 999	 6.801642e+02	 383.33	 33.33	 62.00	 23	 0.52	 
bfer_158	 2	 5	 2103.jpg	 6.831506e+02	 22	 999000	 2	 3.334882e+01	 999	 6.841688e+02	 383.33	 -16.67	 54.00	 3	 0.65	 
