subjectID	 order	 runNum	 itemName	 onsetTime	 shuff_trialType	 RT	 respInTime	 AudioTime	 response	 fixationTime	 ladder1	 ladder2	 bidIndex	 itemNameIndex	 bidValue	 
bfer_115	 1	 13	 1117.jpg	 2.799447e+02	 12	 999000	 120	 999000	 999	 2.809625e+02	 683.33	 616.67	 37.00	 17	 0.19	 
bfer_115	 1	 13	 2209.jpg	 2.819470e+02	 24	 999000	 240	 999000	 999	 2.829647e+02	 683.33	 616.67	 56.00	 30	 0.58	 
bfer_115	 1	 13	 2111.jpg	 2.859514e+02	 24	 999000	 240	 999000	 999	 2.869693e+02	 683.33	 616.67	 49.00	 11	 0.68	 
bfer_115	 1	 13	 1217.jpg	 2.889382e+02	 12	 999000	 120	 999000	 999	 2.899561e+02	 683.33	 616.67	 16.00	 38	 0.56	 
bfer_115	 1	 13	 2214.jpg	 2.909404e+02	 24	 999000	 240	 999000	 999	 2.919582e+02	 683.33	 616.67	 51.00	 35	 0.64	 
bfer_115	 1	 13	 1102.jpg	 2.939437e+02	 12	 999000	 120	 999000	 999	 2.949615e+02	 683.33	 616.67	 22.00	 2	 0.51	 
bfer_115	 1	 13	 2218.jpg	 2.979482e+02	 24	 999000	 240	 999000	 999	 2.989661e+02	 683.33	 616.67	 61.00	 39	 0.54	 
bfer_115	 1	 13	 2114.jpg	 3.019360e+02	 24	 999000	 240	 999000	 999	 3.029539e+02	 683.33	 616.67	 57.00	 14	 0.57	 
bfer_115	 1	 13	 2205.jpg	 3.039383e+02	 22	 9.884000e+02	 220	 6.167013e+02	 98	 3.049560e+02	 683.33	 633.33	 50.00	 26	 0.68	 
bfer_115	 1	 13	 1108.jpg	 3.089439e+02	 12	 999000	 120	 999000	 999	 3.099618e+02	 683.33	 633.33	 38.00	 8	 0.19	 
bfer_115	 1	 13	 2208.jpg	 3.109462e+02	 22	 9.405372e+02	 220	 6.333476e+02	 98	 3.119639e+02	 683.33	 650.00	 55.00	 29	 0.59	 
bfer_115	 1	 13	 1115.jpg	 3.129484e+02	 12	 999000	 120	 999000	 999	 3.139663e+02	 683.33	 650.00	 8.00	 15	 0.69	 
bfer_115	 1	 13	 1111.jpg	 3.189385e+02	 12	 999000	 120	 999000	 999	 3.199563e+02	 683.33	 650.00	 21.00	 11	 0.51	 
bfer_115	 1	 13	 1120.jpg	 3.209407e+02	 12	 999000	 120	 999000	 999	 3.219586e+02	 683.33	 650.00	 19.00	 20	 0.52	 
bfer_115	 1	 13	 1106.jpg	 3.229431e+02	 12	 999000	 120	 999000	 999	 3.239607e+02	 683.33	 650.00	 14.00	 6	 0.62	 
bfer_115	 1	 13	 2109.jpg	 3.249452e+02	 24	 999000	 240	 999000	 999	 3.259632e+02	 683.33	 650.00	 48.00	 9	 0.71	 
bfer_115	 1	 13	 2121.jpg	 3.289497e+02	 24	 999000	 240	 999000	 999	 3.299675e+02	 683.33	 650.00	 44.00	 21	 0.84	 
bfer_115	 1	 13	 1208.jpg	 3.329375e+02	 11	 9.491975e+02	 110	 6.833605e+02	 98	 3.339553e+02	 700.00	 650.00	 10.00	 29	 0.65	 
bfer_115	 1	 13	 2211.jpg	 3.359409e+02	 22	 9.218403e+02	 220	 6.500226e+02	 98	 3.369587e+02	 700.00	 666.67	 47.00	 32	 0.73	 
bfer_115	 1	 13	 2204.jpg	 3.399454e+02	 24	 999000	 240	 999000	 999	 3.409632e+02	 700.00	 666.67	 62.00	 25	 0.53	 
bfer_115	 1	 13	 1103.jpg	 3.429488e+02	 12	 999000	 120	 999000	 999	 3.439666e+02	 700.00	 666.67	 11.00	 3	 0.64	 
bfer_115	 1	 13	 1204.jpg	 3.449342e+02	 11	 1.104556e+03	 1100	 7.000286e+02	 98	 3.459521e+02	 650.00	 666.67	 7.00	 25	 0.69	 
bfer_115	 1	 13	 2219.jpg	 3.489389e+02	 24	 999000	 240	 999000	 999	 3.499566e+02	 650.00	 666.67	 43.00	 40	 0.91	 
bfer_115	 1	 13	 1107.jpg	 3.509411e+02	 12	 999000	 120	 999000	 999	 3.519588e+02	 650.00	 666.67	 17.00	 7	 0.55	 
bfer_115	 1	 13	 2207.jpg	 3.529433e+02	 22	 9.513739e+02	 220	 6.667146e+02	 98	 3.539611e+02	 650.00	 683.33	 53.00	 28	 0.62	 
bfer_115	 1	 13	 1214.jpg	 3.569479e+02	 11	 9.227615e+02	 110	 6.500149e+02	 98	 3.579657e+02	 666.67	 683.33	 15.00	 35	 0.56	 
bfer_115	 1	 13	 1209.jpg	 3.589501e+02	 12	 999000	 120	 999000	 999	 3.599680e+02	 666.67	 683.33	 3.00	 30	 0.81	 
bfer_115	 1	 13	 2106.jpg	 3.629379e+02	 22	 9.487851e+02	 220	 6.833637e+02	 98	 3.639557e+02	 666.67	 700.00	 58.00	 6	 0.56	 
bfer_115	 1	 13	 2108.jpg	 3.669426e+02	 24	 999000	 240	 999000	 999	 3.679603e+02	 666.67	 700.00	 78.00	 8	 0.18	 
bfer_115	 1	 13	 2102.jpg	 3.699459e+02	 24	 999000	 240	 999000	 999	 3.709636e+02	 666.67	 700.00	 77.00	 2	 0.20	 
bfer_115	 1	 13	 1213.jpg	 3.759357e+02	 12	 999000	 120	 999000	 999	 3.769537e+02	 666.67	 700.00	 20.00	 34	 0.52	 
bfer_115	 1	 13	 2201.jpg	 3.779382e+02	 22	 9.965548e+02	 220	 7.000241e+02	 98	 3.789559e+02	 666.67	 716.67	 52.00	 22	 0.63	 
bfer_115	 1	 13	 1219.jpg	 3.819426e+02	 12	 999000	 120	 999000	 999	 3.829604e+02	 666.67	 716.67	 4.00	 40	 0.78	 
bfer_115	 1	 13	 1109.jpg	 3.839448e+02	 12	 999000	 120	 999000	 999	 3.849627e+02	 666.67	 716.67	 9.00	 9	 0.66	 
bfer_115	 1	 13	 1218.jpg	 3.859471e+02	 11	 9.635848e+02	 110	 6.666824e+02	 98	 3.869650e+02	 683.33	 716.67	 18.00	 39	 0.54	 
bfer_115	 1	 13	 2212.jpg	 3.879494e+02	 24	 999000	 240	 999000	 999	 3.889672e+02	 683.33	 716.67	 60.00	 33	 0.54	 
bfer_115	 1	 13	 2115.jpg	 3.929384e+02	 24	 999000	 240	 999000	 999	 3.939561e+02	 683.33	 716.67	 54.00	 15	 0.60	 
bfer_115	 1	 13	 1211.jpg	 3.949406e+02	 11	 9.781189e+02	 110	 6.833606e+02	 98	 3.959583e+02	 700.00	 716.67	 12.00	 32	 0.63	 
bfer_115	 1	 13	 1207.jpg	 3.969427e+02	 11	 9.919582e+02	 110	 7.000281e+02	 98	 3.979606e+02	 716.67	 716.67	 13.00	 28	 0.63	 
bfer_115	 1	 13	 2210.jpg	 3.999463e+02	 24	 999000	 240	 999000	 999	 4.009640e+02	 716.67	 716.67	 59.00	 31	 0.55	 
