subjectID	 order	 runNum	 itemName	 onsetTime	 shuff_trialType	 RT	 respInTime	 AudioTime	 response	 fixationTime	 ladder1	 ladder2	 bidIndex	 itemNameIndex	 bidValue	 
bfer_126	 2	 8	 1109.jpg	 8.643051e+02	 12	 999000	 120	 999000	 999	 8.653233e+02	 716.67	 783.33	 7.00	 9	 0.67	 
bfer_126	 2	 8	 1119.jpg	 8.673085e+02	 12	 999000	 120	 999000	 999	 8.683266e+02	 716.67	 783.33	 21.00	 19	 0.51	 
bfer_126	 2	 8	 2208.jpg	 8.692938e+02	 24	 999000	 240	 999000	 999	 8.703121e+02	 716.67	 783.33	 62.00	 29	 0.47	 
bfer_126	 2	 8	 2212.jpg	 8.712963e+02	 24	 999000	 240	 999000	 999	 8.723144e+02	 716.67	 783.33	 78.00	 33	 0.22	 
bfer_126	 2	 8	 1218.jpg	 8.732985e+02	 11	 7.081879e+02	 11	 7.166963e+02	 98	 8.743166e+02	 733.33	 783.33	 11.00	 39	 0.62	 
bfer_126	 2	 8	 2204.jpg	 8.763019e+02	 24	 999000	 240	 999000	 999	 8.773200e+02	 733.33	 783.33	 60.00	 25	 0.50	 
bfer_126	 2	 8	 1202.jpg	 8.783041e+02	 12	 999000	 120	 999000	 999	 8.793223e+02	 733.33	 783.33	 18.00	 23	 0.56	 
bfer_126	 2	 8	 1103.jpg	 8.823086e+02	 12	 999000	 120	 999000	 999	 8.833269e+02	 733.33	 783.33	 3.00	 3	 0.75	 
bfer_126	 2	 8	 1115.jpg	 8.842943e+02	 12	 999000	 120	 999000	 999	 8.853123e+02	 733.33	 783.33	 22.00	 15	 0.48	 
bfer_126	 2	 8	 2111.jpg	 8.892998e+02	 24	 999000	 240	 999000	 999	 8.903179e+02	 733.33	 783.33	 53.00	 11	 0.64	 
bfer_126	 2	 8	 2101.jpg	 8.913021e+02	 24	 999000	 240	 999000	 999	 8.923202e+02	 733.33	 783.33	 58.00	 1	 0.57	 
bfer_126	 2	 8	 2209.jpg	 8.953065e+02	 24	 8.281905e+02	 24	 999000	 98	 8.963246e+02	 733.33	 783.33	 44.00	 30	 0.82	 
bfer_126	 2	 8	 2218.jpg	 8.973088e+02	 24	 999000	 240	 999000	 999	 8.983269e+02	 733.33	 783.33	 50.00	 39	 0.70	 
bfer_126	 2	 8	 2219.jpg	 9.002955e+02	 24	 999000	 240	 999000	 999	 9.013136e+02	 733.33	 783.33	 55.00	 40	 0.60	 
bfer_126	 2	 8	 2211.jpg	 9.053011e+02	 22	 1.033614e+03	 2200	 7.833540e+02	 98	 9.063192e+02	 733.33	 733.33	 48.00	 32	 0.72	 
bfer_126	 2	 8	 2202.jpg	 9.073034e+02	 22	 9.913514e+02	 220	 7.333559e+02	 98	 9.083214e+02	 733.33	 750.00	 57.00	 23	 0.58	 
bfer_126	 2	 8	 1215.jpg	 9.093056e+02	 11	 9.490987e+02	 110	 7.333652e+02	 98	 9.103238e+02	 750.00	 750.00	 8.00	 36	 0.67	 
bfer_126	 2	 8	 2117.jpg	 9.132931e+02	 24	 999000	 240	 999000	 999	 9.143115e+02	 750.00	 750.00	 77.00	 17	 0.24	 
bfer_126	 2	 8	 1113.jpg	 9.172979e+02	 12	 999000	 120	 999000	 999	 9.183161e+02	 750.00	 750.00	 15.00	 13	 0.58	 
bfer_126	 2	 8	 1120.jpg	 9.213024e+02	 12	 999000	 120	 999000	 999	 9.223205e+02	 750.00	 750.00	 13.00	 20	 0.59	 
bfer_126	 2	 8	 1217.jpg	 9.233046e+02	 12	 999000	 120	 999000	 999	 9.243228e+02	 750.00	 750.00	 20.00	 38	 0.52	 
bfer_126	 2	 8	 2107.jpg	 9.253069e+02	 22	 9.318116e+02	 220	 7.500168e+02	 98	 9.263249e+02	 750.00	 766.67	 51.00	 7	 0.68	 
bfer_126	 2	 8	 1212.jpg	 9.273091e+02	 11	 9.615560e+02	 110	 7.500156e+02	 98	 9.283272e+02	 766.67	 766.67	 17.00	 33	 0.57	 
bfer_126	 2	 8	 1106.jpg	 9.292946e+02	 11	 9.760746e+02	 110	 7.666956e+02	 98	 9.303128e+02	 783.33	 766.67	 16.00	 6	 0.57	 
bfer_126	 2	 8	 1210.jpg	 9.353014e+02	 12	 999000	 120	 999000	 999	 9.363196e+02	 783.33	 766.67	 38.00	 31	 0.20	 
bfer_126	 2	 8	 1209.jpg	 9.383048e+02	 12	 999000	 120	 999000	 999	 9.393229e+02	 783.33	 766.67	 12.00	 30	 0.59	 
bfer_126	 2	 8	 2201.jpg	 9.403070e+02	 22	 9.476601e+02	 220	 7.666915e+02	 98	 9.413251e+02	 783.33	 783.33	 56.00	 22	 0.58	 
bfer_126	 2	 8	 1105.jpg	 9.423093e+02	 12	 999000	 120	 999000	 999	 9.433274e+02	 783.33	 783.33	 37.00	 5	 0.22	 
bfer_126	 2	 8	 2216.jpg	 9.452960e+02	 24	 9.346846e+02	 24	 999000	 98	 9.463141e+02	 783.33	 783.33	 47.00	 37	 0.75	 
bfer_126	 2	 8	 2110.jpg	 9.472981e+02	 22	 8.205609e+02	 220	 7.833589e+02	 98	 9.483164e+02	 783.33	 800.00	 54.00	 10	 0.60	 
bfer_126	 2	 8	 1107.jpg	 9.493004e+02	 11	 8.983008e+02	 110	 7.833644e+02	 98	 9.503186e+02	 800.00	 800.00	 14.00	 7	 0.58	 
bfer_126	 2	 8	 2109.jpg	 9.513027e+02	 24	 999000	 240	 999000	 999	 9.523208e+02	 800.00	 800.00	 52.00	 9	 0.66	 
bfer_126	 2	 8	 2103.jpg	 9.543061e+02	 22	 8.366302e+02	 220	 8.000272e+02	 98	 9.553242e+02	 800.00	 816.67	 49.00	 3	 0.72	 
bfer_126	 2	 8	 1216.jpg	 9.563082e+02	 11	 7.225054e+02	 11	 8.000161e+02	 98	 9.573265e+02	 816.67	 816.67	 9.00	 37	 0.66	 
bfer_126	 2	 8	 1102.jpg	 9.582939e+02	 12	 999000	 120	 999000	 999	 9.593120e+02	 816.67	 816.67	 19.00	 2	 0.55	 
bfer_126	 2	 8	 2206.jpg	 9.602961e+02	 24	 999000	 240	 999000	 999	 9.613143e+02	 816.67	 816.67	 43.00	 27	 0.86	 
bfer_126	 2	 8	 2104.jpg	 9.622984e+02	 24	 999000	 240	 999000	 999	 9.633165e+02	 816.67	 816.67	 61.00	 4	 0.48	 
bfer_126	 2	 8	 2205.jpg	 9.683050e+02	 24	 3.896543e+02	 24	 999000	 98	 9.693232e+02	 816.67	 816.67	 59.00	 26	 0.51	 
bfer_126	 2	 8	 1208.jpg	 9.713085e+02	 12	 999000	 120	 999000	 999	 9.723266e+02	 816.67	 816.67	 10.00	 29	 0.63	 
bfer_126	 2	 8	 1214.jpg	 9.752963e+02	 12	 999000	 120	 999000	 999	 9.763144e+02	 816.67	 816.67	 4.00	 35	 0.74	 
