subjectID	 order	 runNum	 itemName	 onsetTime	 shuff_trialType	 RT	 respInTime	 AudioTime	 response	 fixationTime	 ladder1	 ladder2	 bidIndex	 itemNameIndex	 bidValue	 
bfer_154	 2	 19	 2111.jpg	 9.802757e+02	 22	 8.671406e+02	 220	 6.833481e+02	 98	 9.812935e+02	 683.33	 700.00	 54.00	 11	 0.60	 
bfer_154	 2	 19	 1201.jpg	 9.852647e+02	 11	 8.941445e+02	 110	 6.833541e+02	 98	 9.862824e+02	 700.00	 700.00	 9.00	 22	 0.69	 
bfer_154	 2	 19	 1219.jpg	 9.872670e+02	 12	 999000	 120	 999000	 999	 9.882847e+02	 700.00	 700.00	 7.00	 40	 0.77	 
bfer_154	 2	 19	 1121.jpg	 9.892692e+02	 11	 9.376668e+02	 110	 7.000465e+02	 98	 9.902870e+02	 716.67	 700.00	 17.00	 21	 0.53	 
bfer_154	 2	 19	 1106.jpg	 9.952759e+02	 11	 9.789421e+02	 110	 7.166817e+02	 98	 9.962938e+02	 733.33	 700.00	 16.00	 6	 0.54	 
bfer_154	 2	 19	 1210.jpg	 9.972613e+02	 12	 999000	 120	 999000	 999	 9.982795e+02	 733.33	 700.00	 22.00	 31	 0.46	 
bfer_154	 2	 19	 1215.jpg	 1.000265e+03	 11	 1.005915e+03	 1100	 7.333564e+02	 98	 1.001283e+03	 683.33	 700.00	 8.00	 36	 0.69	 
bfer_154	 2	 19	 2107.jpg	 1.002267e+03	 24	 999000	 240	 999000	 999	 1.003285e+03	 683.33	 700.00	 55.00	 7	 0.57	 
bfer_154	 2	 19	 1103.jpg	 1.006272e+03	 12	 999000	 120	 999000	 999	 1.007289e+03	 683.33	 700.00	 3.00	 3	 0.82	 
bfer_154	 2	 19	 2212.jpg	 1.008274e+03	 22	 9.249572e+02	 220	 7.000305e+02	 98	 1.009292e+03	 683.33	 716.67	 56.00	 33	 0.56	 
bfer_154	 2	 19	 2115.jpg	 1.013263e+03	 24	 999000	 240	 999000	 999	 1.014281e+03	 683.33	 716.67	 62.00	 15	 0.45	 
bfer_154	 2	 19	 1203.jpg	 1.020271e+03	 11	 9.520088e+02	 110	 6.833632e+02	 98	 1.021288e+03	 700.00	 716.67	 11.00	 24	 0.66	 
bfer_154	 2	 19	 1205.jpg	 1.022273e+03	 12	 999000	 120	 999000	 999	 1.023291e+03	 700.00	 716.67	 10.00	 26	 0.67	 
bfer_154	 2	 19	 2117.jpg	 1.025276e+03	 24	 999000	 240	 999000	 999	 1.026294e+03	 700.00	 716.67	 78.00	 17	 0.20	 
bfer_154	 2	 19	 2109.jpg	 1.028263e+03	 24	 999000	 240	 999000	 999	 1.029281e+03	 700.00	 716.67	 53.00	 9	 0.63	 
bfer_154	 2	 19	 1111.jpg	 1.032268e+03	 12	 999000	 120	 999000	 999	 1.033285e+03	 700.00	 716.67	 13.00	 11	 0.59	 
bfer_154	 2	 19	 2110.jpg	 1.036272e+03	 22	 9.827880e+02	 220	 7.166901e+02	 98	 1.037290e+03	 700.00	 733.33	 48.00	 10	 0.69	 
bfer_154	 2	 19	 1102.jpg	 1.040277e+03	 12	 999000	 120	 999000	 999	 1.041294e+03	 700.00	 733.33	 15.00	 2	 0.55	 
bfer_154	 2	 19	 2201.jpg	 1.043263e+03	 24	 999000	 240	 999000	 999	 1.044281e+03	 700.00	 733.33	 44.00	 22	 0.83	 
bfer_154	 2	 19	 2219.jpg	 1.049270e+03	 24	 999000	 240	 999000	 999	 1.050288e+03	 700.00	 733.33	 59.00	 40	 0.53	 
bfer_154	 2	 19	 2214.jpg	 1.051272e+03	 24	 999000	 240	 999000	 999	 1.052290e+03	 700.00	 733.33	 47.00	 35	 0.72	 
bfer_154	 2	 19	 1212.jpg	 1.054276e+03	 12	 999000	 120	 999000	 999	 1.055294e+03	 700.00	 733.33	 20.00	 33	 0.47	 
bfer_154	 2	 19	 2216.jpg	 1.056278e+03	 22	 9.210090e+02	 220	 7.333544e+02	 98	 1.057296e+03	 700.00	 750.00	 51.00	 37	 0.67	 
bfer_154	 2	 19	 1216.jpg	 1.058263e+03	 12	 999000	 120	 999000	 999	 1.059281e+03	 700.00	 750.00	 4.00	 37	 0.80	 
bfer_154	 2	 19	 2105.jpg	 1.060266e+03	 24	 999000	 240	 999000	 999	 1.061283e+03	 700.00	 750.00	 58.00	 5	 0.55	 
bfer_154	 2	 19	 1207.jpg	 1.063269e+03	 12	 999000	 120	 999000	 999	 1.064287e+03	 700.00	 750.00	 12.00	 28	 0.60	 
bfer_154	 2	 19	 1218.jpg	 1.067273e+03	 12	 999000	 120	 999000	 999	 1.068291e+03	 700.00	 750.00	 21.00	 39	 0.47	 
bfer_154	 2	 19	 1214.jpg	 1.069276e+03	 12	 999000	 120	 999000	 999	 1.070294e+03	 700.00	 750.00	 18.00	 35	 0.50	 
bfer_154	 2	 19	 2106.jpg	 1.071278e+03	 24	 999000	 240	 999000	 999	 1.072296e+03	 700.00	 750.00	 43.00	 6	 0.85	 
bfer_154	 2	 19	 2205.jpg	 1.073264e+03	 24	 999000	 240	 999000	 999	 1.074281e+03	 700.00	 750.00	 60.00	 26	 0.53	 
bfer_154	 2	 19	 2114.jpg	 1.075266e+03	 22	 1.045036e+03	 2200	 7.500149e+02	 98	 1.076284e+03	 700.00	 700.00	 57.00	 14	 0.56	 
bfer_154	 2	 19	 2108.jpg	 1.077268e+03	 24	 999000	 240	 999000	 999	 1.078286e+03	 700.00	 700.00	 77.00	 8	 0.22	 
bfer_154	 2	 19	 2104.jpg	 1.081273e+03	 24	 999000	 240	 999000	 999	 1.082290e+03	 700.00	 700.00	 61.00	 4	 0.53	 
bfer_154	 2	 19	 2211.jpg	 1.085277e+03	 24	 999000	 240	 999000	 999	 1.086295e+03	 700.00	 700.00	 52.00	 32	 0.64	 
bfer_154	 2	 19	 1110.jpg	 1.087263e+03	 12	 999000	 120	 999000	 999	 1.088280e+03	 700.00	 700.00	 19.00	 10	 0.50	 
bfer_154	 2	 19	 2207.jpg	 1.089265e+03	 24	 999000	 240	 999000	 999	 1.090283e+03	 700.00	 700.00	 50.00	 28	 0.68	 
bfer_154	 2	 19	 1120.jpg	 1.091267e+03	 12	 999000	 120	 999000	 999	 1.092285e+03	 700.00	 700.00	 38.00	 20	 0.16	 
bfer_154	 2	 19	 1112.jpg	 1.093269e+03	 12	 999000	 120	 999000	 999	 1.094287e+03	 700.00	 700.00	 37.00	 12	 0.20	 
bfer_154	 2	 19	 2121.jpg	 1.099276e+03	 22	 1.026573e+03	 2200	 7.000216e+02	 98	 1.100294e+03	 700.00	 650.00	 49.00	 21	 0.69	 
bfer_154	 2	 19	 1107.jpg	 1.101261e+03	 11	 9.213478e+02	 110	 7.000282e+02	 98	 1.102279e+03	 716.67	 650.00	 14.00	 7	 0.57	 
