subjectID	 order	 runNum	 itemName	 onsetTime	 shuff_trialType	 RT	 respInTime	 AudioTime	 response	 fixationTime	 ladder1	 ladder2	 bidIndex	 itemNameIndex	 bidValue	 
bfer_158	 2	 4	 1219.jpg	 3.979305e+02	 11	 1.196126e+03	 1100	 5.833637e+02	 98	 3.989486e+02	 533.33	 450.00	 14.00	 40	 0.59	 
bfer_158	 2	 4	 2113.jpg	 4.029196e+02	 24	 999000	 240	 999000	 999	 4.039376e+02	 533.33	 450.00	 60.00	 13	 0.54	 
bfer_158	 2	 4	 2105.jpg	 4.049217e+02	 24	 999000	 240	 999000	 999	 4.059397e+02	 533.33	 450.00	 52.00	 5	 0.66	 
bfer_158	 2	 4	 2102.jpg	 4.069239e+02	 24	 999000	 240	 999000	 999	 4.079420e+02	 533.33	 450.00	 53.00	 2	 0.65	 
bfer_158	 2	 4	 1117.jpg	 4.129307e+02	 12	 999000	 120	 999000	 999	 4.139487e+02	 533.33	 450.00	 7.00	 17	 0.70	 
bfer_158	 2	 4	 2117.jpg	 4.149329e+02	 22	 8.096760e+02	 220	 4.500203e+02	 98	 4.159510e+02	 533.33	 466.67	 51.00	 17	 0.67	 
bfer_158	 2	 4	 1208.jpg	 4.179196e+02	 12	 999000	 120	 999000	 999	 4.189378e+02	 533.33	 466.67	 22.00	 29	 0.55	 
bfer_158	 2	 4	 1218.jpg	 4.199219e+02	 12	 999000	 120	 999000	 999	 4.209401e+02	 533.33	 466.67	 10.00	 39	 0.63	 
bfer_158	 2	 4	 1205.jpg	 4.239265e+02	 12	 999000	 120	 999000	 999	 4.249444e+02	 533.33	 466.67	 19.00	 26	 0.55	 
bfer_158	 2	 4	 1114.jpg	 4.259286e+02	 12	 7.799128e+01	 12	 999000	 98	 4.269467e+02	 533.33	 466.67	 38.00	 14	 0.24	 
bfer_158	 2	 4	 1201.jpg	 4.309342e+02	 11	 1.160407e+03	 1100	 5.333578e+02	 98	 4.319524e+02	 483.33	 466.67	 8.00	 22	 0.66	 
bfer_158	 2	 4	 2109.jpg	 4.379254e+02	 24	 999000	 240	 999000	 999	 4.389435e+02	 483.33	 466.67	 47.00	 9	 0.78	 
bfer_158	 2	 4	 2214.jpg	 4.399276e+02	 24	 999000	 240	 999000	 999	 4.409458e+02	 483.33	 466.67	 58.00	 35	 0.59	 
bfer_158	 2	 4	 1211.jpg	 4.429310e+02	 12	 999000	 120	 999000	 999	 4.439492e+02	 483.33	 466.67	 20.00	 32	 0.55	 
bfer_158	 2	 4	 1213.jpg	 4.459344e+02	 12	 999000	 120	 999000	 999	 4.469525e+02	 483.33	 466.67	 13.00	 34	 0.62	 
bfer_158	 2	 4	 2101.jpg	 4.499222e+02	 22	 1.292363e+03	 2200	 4.666851e+02	 98	 4.509404e+02	 483.33	 416.67	 57.00	 1	 0.59	 
bfer_158	 2	 4	 2206.jpg	 4.539267e+02	 24	 999000	 240	 999000	 999	 4.549448e+02	 483.33	 416.67	 43.00	 27	 0.85	 
bfer_158	 2	 4	 2211.jpg	 4.579311e+02	 24	 999000	 240	 999000	 999	 4.589493e+02	 483.33	 416.67	 50.00	 32	 0.68	 
bfer_158	 2	 4	 1110.jpg	 4.609346e+02	 12	 999000	 120	 999000	 999	 4.619526e+02	 483.33	 416.67	 18.00	 10	 0.57	 
bfer_158	 2	 4	 2216.jpg	 4.669246e+02	 22	 999000	 2	 4.166845e+02	 999	 4.679428e+02	 483.33	 366.67	 49.00	 37	 0.68	 
bfer_158	 2	 4	 2121.jpg	 4.689268e+02	 22	 1.423814e+03	 2200	 3.666921e+02	 98	 4.699450e+02	 483.33	 316.67	 48.00	 21	 0.74	 
bfer_158	 2	 4	 1214.jpg	 4.719303e+02	 12	 999000	 120	 999000	 999	 4.729483e+02	 483.33	 316.67	 4.00	 35	 0.76	 
bfer_158	 2	 4	 1105.jpg	 4.739324e+02	 12	 999000	 120	 999000	 999	 4.749506e+02	 483.33	 316.67	 12.00	 5	 0.62	 
bfer_158	 2	 4	 2204.jpg	 4.759348e+02	 24	 999000	 240	 999000	 999	 4.769529e+02	 483.33	 316.67	 55.00	 25	 0.64	 
bfer_158	 2	 4	 2103.jpg	 4.779203e+02	 22	 999000	 2	 3.166897e+02	 999	 4.789383e+02	 483.33	 266.67	 54.00	 3	 0.65	 
bfer_158	 2	 4	 2111.jpg	 4.809236e+02	 24	 999000	 240	 999000	 999	 4.819418e+02	 483.33	 266.67	 77.00	 11	 0.35	 
bfer_158	 2	 4	 1101.jpg	 4.849281e+02	 11	 8.384498e+02	 110	 4.833596e+02	 98	 4.859463e+02	 500.00	 266.67	 11.00	 1	 0.63	 
bfer_158	 2	 4	 1111.jpg	 4.869304e+02	 11	 999000	 1	 5.000270e+02	 999	 4.879486e+02	 450.00	 266.67	 17.00	 11	 0.58	 
bfer_158	 2	 4	 1121.jpg	 4.889326e+02	 11	 999000	 1	 4.500252e+02	 999	 4.899508e+02	 400.00	 266.67	 16.00	 21	 0.58	 
bfer_158	 2	 4	 2114.jpg	 4.909179e+02	 24	 999000	 240	 999000	 999	 4.919363e+02	 400.00	 266.67	 61.00	 14	 0.52	 
bfer_158	 2	 4	 1204.jpg	 4.929205e+02	 12	 999000	 120	 999000	 999	 4.939385e+02	 400.00	 266.67	 15.00	 25	 0.58	 
bfer_158	 2	 4	 2203.jpg	 4.949227e+02	 24	 999000	 240	 999000	 999	 4.959408e+02	 400.00	 266.67	 44.00	 24	 0.82	 
bfer_158	 2	 4	 2120.jpg	 4.989272e+02	 24	 999000	 240	 999000	 999	 4.999453e+02	 400.00	 266.67	 78.00	 20	 0.27	 
bfer_158	 2	 4	 1203.jpg	 5.029317e+02	 11	 1.082907e+03	 1100	 4.000170e+02	 98	 5.039497e+02	 350.00	 266.67	 9.00	 24	 0.65	 
bfer_158	 2	 4	 1103.jpg	 5.049339e+02	 12	 999000	 120	 999000	 999	 5.059521e+02	 350.00	 266.67	 3.00	 3	 0.77	 
bfer_158	 2	 4	 2205.jpg	 5.069195e+02	 22	 8.071370e+02	 220	 2.667248e+02	 98	 5.079376e+02	 350.00	 283.33	 56.00	 26	 0.62	 
bfer_158	 2	 4	 2202.jpg	 5.089218e+02	 24	 999000	 240	 999000	 999	 5.099398e+02	 350.00	 283.33	 62.00	 23	 0.52	 
bfer_158	 2	 4	 1207.jpg	 5.109240e+02	 12	 6.026480e+02	 12	 999000	 98	 5.119422e+02	 350.00	 283.33	 21.00	 28	 0.55	 
bfer_158	 2	 4	 2104.jpg	 5.169307e+02	 24	 1.107844e+03	 24	 999000	 98	 5.179489e+02	 350.00	 283.33	 59.00	 4	 0.57	 
bfer_158	 2	 4	 1209.jpg	 5.189329e+02	 12	 999000	 120	 999000	 999	 5.199511e+02	 350.00	 283.33	 37.00	 30	 0.24	 
