subjectID	 order	 runNum	 itemName	 onsetTime	 shuff_trialType	 RT	 respInTime	 AudioTime	 response	 fixationTime	 ladder1	 ladder2	 bidIndex	 itemNameIndex	 bidValue	 
bfer_115	 1	 5	 2115.jpg	 5.788077e+02	 24	 999000	 240	 999000	 999	 5.798259e+02	 83.33	 83.33	 54.00	 15	 0.60	 
bfer_115	 1	 5	 1207.jpg	 5.837967e+02	 11	 3.862474e+02	 110	 8.335844e+01	 98	 5.848148e+02	 100.00	 83.33	 13.00	 28	 0.63	 
bfer_115	 1	 5	 2209.jpg	 5.857990e+02	 24	 999000	 240	 999000	 999	 5.868170e+02	 100.00	 83.33	 56.00	 30	 0.58	 
bfer_115	 1	 5	 2218.jpg	 5.878012e+02	 24	 999000	 240	 999000	 999	 5.888193e+02	 100.00	 83.33	 61.00	 39	 0.54	 
bfer_115	 1	 5	 1109.jpg	 5.937913e+02	 12	 999000	 120	 999000	 999	 5.948094e+02	 100.00	 83.33	 9.00	 9	 0.66	 
bfer_115	 1	 5	 1214.jpg	 5.957935e+02	 11	 3.415079e+02	 110	 1.000146e+02	 98	 5.968117e+02	 116.67	 83.33	 15.00	 35	 0.56	 
bfer_115	 1	 5	 1106.jpg	 5.987970e+02	 12	 999000	 120	 999000	 999	 5.998150e+02	 116.67	 83.33	 14.00	 6	 0.62	 
bfer_115	 1	 5	 1117.jpg	 6.007991e+02	 12	 999000	 120	 999000	 999	 6.018172e+02	 116.67	 83.33	 37.00	 17	 0.19	 
bfer_115	 1	 5	 2114.jpg	 6.048037e+02	 24	 999000	 240	 999000	 999	 6.058218e+02	 116.67	 83.33	 57.00	 14	 0.57	 
bfer_115	 1	 5	 2106.jpg	 6.067894e+02	 22	 3.375572e+02	 220	 8.335603e+01	 98	 6.078073e+02	 116.67	 100.00	 58.00	 6	 0.56	 
bfer_115	 1	 5	 2102.jpg	 6.117948e+02	 24	 999000	 240	 999000	 999	 6.128129e+02	 116.67	 100.00	 77.00	 2	 0.20	 
bfer_115	 1	 5	 1208.jpg	 6.188026e+02	 11	 4.363284e+02	 110	 1.166917e+02	 98	 6.198209e+02	 133.33	 100.00	 10.00	 29	 0.65	 
bfer_115	 1	 5	 2207.jpg	 6.207879e+02	 22	 3.390418e+02	 220	 1.000138e+02	 98	 6.218065e+02	 133.33	 116.67	 53.00	 28	 0.62	 
bfer_115	 1	 5	 1102.jpg	 6.237916e+02	 12	 999000	 120	 999000	 999	 6.248097e+02	 133.33	 116.67	 22.00	 2	 0.51	 
bfer_115	 1	 5	 2212.jpg	 6.267951e+02	 24	 999000	 240	 999000	 999	 6.278132e+02	 133.33	 116.67	 60.00	 33	 0.54	 
bfer_115	 1	 5	 1120.jpg	 6.307994e+02	 12	 999000	 120	 999000	 999	 6.318176e+02	 133.33	 116.67	 19.00	 20	 0.52	 
bfer_115	 1	 5	 1108.jpg	 6.348040e+02	 12	 999000	 120	 999000	 999	 6.358221e+02	 133.33	 116.67	 38.00	 8	 0.19	 
bfer_115	 1	 5	 2219.jpg	 6.387918e+02	 24	 999000	 240	 999000	 999	 6.398099e+02	 133.33	 116.67	 43.00	 40	 0.91	 
bfer_115	 1	 5	 2111.jpg	 6.417952e+02	 24	 999000	 240	 999000	 999	 6.428133e+02	 133.33	 116.67	 49.00	 11	 0.68	 
bfer_115	 1	 5	 2201.jpg	 6.478020e+02	 22	 3.809713e+02	 220	 1.166821e+02	 98	 6.488201e+02	 133.33	 133.33	 52.00	 22	 0.63	 
bfer_115	 1	 5	 2108.jpg	 6.497873e+02	 24	 999000	 240	 999000	 999	 6.508057e+02	 133.33	 133.33	 78.00	 8	 0.18	 
bfer_115	 1	 5	 2208.jpg	 6.527909e+02	 22	 4.640249e+02	 220	 1.333566e+02	 98	 6.538090e+02	 133.33	 150.00	 55.00	 29	 0.59	 
bfer_115	 1	 5	 2109.jpg	 6.547932e+02	 24	 999000	 240	 999000	 999	 6.558115e+02	 133.33	 150.00	 48.00	 9	 0.71	 
bfer_115	 1	 5	 1115.jpg	 6.567954e+02	 12	 999000	 120	 999000	 999	 6.578135e+02	 133.33	 150.00	 8.00	 15	 0.69	 
bfer_115	 1	 5	 1107.jpg	 6.587976e+02	 12	 999000	 120	 999000	 999	 6.598159e+02	 133.33	 150.00	 17.00	 7	 0.55	 
bfer_115	 1	 5	 1217.jpg	 6.618010e+02	 12	 999000	 120	 999000	 999	 6.628191e+02	 133.33	 150.00	 16.00	 38	 0.56	 
bfer_115	 1	 5	 2214.jpg	 6.657887e+02	 24	 999000	 240	 999000	 999	 6.668069e+02	 133.33	 150.00	 51.00	 35	 0.64	 
bfer_115	 1	 5	 2121.jpg	 6.677910e+02	 24	 999000	 240	 999000	 999	 6.688092e+02	 133.33	 150.00	 44.00	 21	 0.84	 
bfer_115	 1	 5	 1111.jpg	 6.697933e+02	 12	 999000	 120	 999000	 999	 6.708114e+02	 133.33	 150.00	 21.00	 11	 0.51	 
bfer_115	 1	 5	 1219.jpg	 6.717955e+02	 12	 999000	 120	 999000	 999	 6.728136e+02	 133.33	 150.00	 4.00	 40	 0.78	 
bfer_115	 1	 5	 2205.jpg	 6.737978e+02	 22	 4.891841e+02	 220	 1.500253e+02	 98	 6.748160e+02	 133.33	 166.67	 50.00	 26	 0.68	 
bfer_115	 1	 5	 2204.jpg	 6.758001e+02	 24	 999000	 240	 999000	 999	 6.768182e+02	 133.33	 166.67	 62.00	 25	 0.53	 
bfer_115	 1	 5	 1209.jpg	 6.797875e+02	 12	 999000	 120	 999000	 999	 6.808059e+02	 133.33	 166.67	 3.00	 30	 0.81	 
bfer_115	 1	 5	 1211.jpg	 6.837924e+02	 11	 3.745882e+02	 110	 1.333482e+02	 98	 6.848104e+02	 150.00	 166.67	 12.00	 32	 0.63	 
bfer_115	 1	 5	 2210.jpg	 6.857945e+02	 24	 999000	 240	 999000	 999	 6.868128e+02	 150.00	 166.67	 59.00	 31	 0.55	 
bfer_115	 1	 5	 1218.jpg	 6.877968e+02	 11	 4.341556e+02	 110	 1.500269e+02	 98	 6.888150e+02	 166.67	 166.67	 18.00	 39	 0.54	 
bfer_115	 1	 5	 2211.jpg	 6.897991e+02	 22	 3.998797e+02	 220	 1.666950e+02	 98	 6.908173e+02	 166.67	 183.33	 47.00	 32	 0.73	 
bfer_115	 1	 5	 1213.jpg	 6.918013e+02	 12	 999000	 120	 999000	 999	 6.928195e+02	 166.67	 183.33	 20.00	 34	 0.52	 
bfer_115	 1	 5	 1103.jpg	 6.977914e+02	 12	 999000	 120	 999000	 999	 6.988095e+02	 166.67	 183.33	 11.00	 3	 0.64	 
bfer_115	 1	 5	 1204.jpg	 6.997937e+02	 11	 4.372782e+02	 110	 1.666812e+02	 98	 7.008118e+02	 183.33	 183.33	 7.00	 25	 0.69	 
