subjectID	 order	 runNum	 itemName	 onsetTime	 shuff_trialType	 RT	 respInTime	 AudioTime	 response	 fixationTime	 ladder1	 ladder2	 bidIndex	 itemNameIndex	 bidValue	 
bfer_115	 1	 2	 1115.jpg	 1.252979e+02	 12	 999000	 120	 999000	 999	 1.263166e+02	 716.67	 716.67	 8.00	 15	 0.69	 
bfer_115	 1	 2	 1204.jpg	 1.303039e+02	 11	 9.110241e+02	 110	 7.167042e+02	 98	 1.313221e+02	 733.33	 716.67	 7.00	 25	 0.69	 
bfer_115	 1	 2	 2114.jpg	 1.323062e+02	 24	 999000	 240	 999000	 999	 1.333243e+02	 733.33	 716.67	 57.00	 14	 0.57	 
bfer_115	 1	 2	 1107.jpg	 1.343084e+02	 12	 999000	 120	 999000	 999	 1.353265e+02	 733.33	 716.67	 17.00	 7	 0.55	 
bfer_115	 1	 2	 2214.jpg	 1.402985e+02	 24	 999000	 240	 999000	 999	 1.413167e+02	 733.33	 716.67	 51.00	 35	 0.64	 
bfer_115	 1	 2	 2109.jpg	 1.423007e+02	 24	 999000	 240	 999000	 999	 1.433189e+02	 733.33	 716.67	 48.00	 9	 0.71	 
bfer_115	 1	 2	 2218.jpg	 1.453042e+02	 24	 999000	 240	 999000	 999	 1.463222e+02	 733.33	 716.67	 61.00	 39	 0.54	 
bfer_115	 1	 2	 1120.jpg	 1.473063e+02	 12	 999000	 120	 999000	 999	 1.483245e+02	 733.33	 716.67	 19.00	 20	 0.52	 
bfer_115	 1	 2	 1209.jpg	 1.512939e+02	 12	 999000	 120	 999000	 999	 1.523123e+02	 733.33	 716.67	 3.00	 30	 0.81	 
bfer_115	 1	 2	 1217.jpg	 1.532963e+02	 12	 999000	 120	 999000	 999	 1.543145e+02	 733.33	 716.67	 16.00	 38	 0.56	 
bfer_115	 1	 2	 2212.jpg	 1.583021e+02	 24	 999000	 240	 999000	 999	 1.593202e+02	 733.33	 716.67	 60.00	 33	 0.54	 
bfer_115	 1	 2	 1214.jpg	 1.652929e+02	 11	 9.540499e+02	 110	 7.333595e+02	 98	 1.663115e+02	 750.00	 716.67	 15.00	 35	 0.56	 
bfer_115	 1	 2	 2205.jpg	 1.672954e+02	 22	 6.635373e+02	 22	 7.166859e+02	 98	 1.683136e+02	 750.00	 733.33	 50.00	 26	 0.68	 
bfer_115	 1	 2	 2209.jpg	 1.702988e+02	 24	 999000	 240	 999000	 999	 1.713169e+02	 750.00	 733.33	 56.00	 30	 0.58	 
bfer_115	 1	 2	 1108.jpg	 1.733022e+02	 12	 999000	 120	 999000	 999	 1.743203e+02	 750.00	 733.33	 38.00	 8	 0.19	 
bfer_115	 1	 2	 2108.jpg	 1.773067e+02	 24	 999000	 240	 999000	 999	 1.783248e+02	 750.00	 733.33	 78.00	 8	 0.18	 
bfer_115	 1	 2	 2121.jpg	 1.812945e+02	 24	 999000	 240	 999000	 999	 1.823126e+02	 750.00	 733.33	 44.00	 21	 0.84	 
bfer_115	 1	 2	 1103.jpg	 1.852992e+02	 12	 999000	 120	 999000	 999	 1.863171e+02	 750.00	 733.33	 11.00	 3	 0.64	 
bfer_115	 1	 2	 1109.jpg	 1.883024e+02	 12	 999000	 120	 999000	 999	 1.893206e+02	 750.00	 733.33	 9.00	 9	 0.66	 
bfer_115	 1	 2	 1211.jpg	 1.942921e+02	 11	 1.018778e+03	 1100	 7.500169e+02	 98	 1.953105e+02	 700.00	 733.33	 12.00	 32	 0.63	 
bfer_115	 1	 2	 2204.jpg	 1.962947e+02	 24	 999000	 240	 999000	 999	 1.973129e+02	 700.00	 733.33	 62.00	 25	 0.53	 
bfer_115	 1	 2	 1102.jpg	 1.992981e+02	 12	 999000	 120	 999000	 999	 2.003162e+02	 700.00	 733.33	 22.00	 2	 0.51	 
bfer_115	 1	 2	 1219.jpg	 2.013003e+02	 12	 999000	 120	 999000	 999	 2.023184e+02	 700.00	 733.33	 4.00	 40	 0.78	 
bfer_115	 1	 2	 2201.jpg	 2.033026e+02	 22	 1.008337e+03	 2200	 7.333611e+02	 98	 2.043207e+02	 700.00	 683.33	 52.00	 22	 0.63	 
bfer_115	 1	 2	 1207.jpg	 2.053048e+02	 11	 9.501752e+02	 110	 7.000172e+02	 98	 2.063230e+02	 716.67	 683.33	 13.00	 28	 0.63	 
bfer_115	 1	 2	 2115.jpg	 2.083081e+02	 24	 999000	 240	 999000	 999	 2.093263e+02	 716.67	 683.33	 54.00	 15	 0.60	 
bfer_115	 1	 2	 2106.jpg	 2.122960e+02	 22	 1.038919e+03	 2200	 6.833627e+02	 98	 2.133142e+02	 716.67	 633.33	 58.00	 6	 0.56	 
bfer_115	 1	 2	 2210.jpg	 2.142983e+02	 24	 999000	 240	 999000	 999	 2.153164e+02	 716.67	 633.33	 59.00	 31	 0.55	 
bfer_115	 1	 2	 1111.jpg	 2.163005e+02	 12	 999000	 120	 999000	 999	 2.173187e+02	 716.67	 633.33	 21.00	 11	 0.51	 
bfer_115	 1	 2	 2219.jpg	 2.183027e+02	 24	 999000	 240	 999000	 999	 2.193209e+02	 716.67	 633.33	 43.00	 40	 0.91	 
bfer_115	 1	 2	 2207.jpg	 2.203050e+02	 22	 9.579820e+02	 220	 6.333551e+02	 98	 2.213232e+02	 716.67	 650.00	 53.00	 28	 0.62	 
bfer_115	 1	 2	 2111.jpg	 2.223072e+02	 24	 999000	 240	 999000	 999	 2.233254e+02	 716.67	 650.00	 49.00	 11	 0.68	 
bfer_115	 1	 2	 2211.jpg	 2.262950e+02	 22	 9.359131e+02	 220	 6.500205e+02	 98	 2.273131e+02	 716.67	 666.67	 47.00	 32	 0.73	 
bfer_115	 1	 2	 1106.jpg	 2.302996e+02	 12	 999000	 120	 999000	 999	 2.313177e+02	 716.67	 666.67	 14.00	 6	 0.62	 
bfer_115	 1	 2	 1208.jpg	 2.323018e+02	 11	 1.033140e+03	 1100	 7.166911e+02	 98	 2.333199e+02	 666.67	 666.67	 10.00	 29	 0.65	 
bfer_115	 1	 2	 1213.jpg	 2.343041e+02	 12	 999000	 120	 999000	 999	 2.353221e+02	 666.67	 666.67	 20.00	 34	 0.52	 
bfer_115	 1	 2	 2102.jpg	 2.363063e+02	 24	 999000	 240	 999000	 999	 2.373244e+02	 666.67	 666.67	 77.00	 2	 0.20	 
bfer_115	 1	 2	 2208.jpg	 2.383086e+02	 22	 9.063718e+02	 220	 6.666864e+02	 98	 2.393267e+02	 666.67	 683.33	 55.00	 29	 0.59	 
bfer_115	 1	 2	 1117.jpg	 2.442986e+02	 12	 4.603533e+02	 12	 999000	 98	 2.453168e+02	 666.67	 683.33	 37.00	 17	 0.19	 
bfer_115	 1	 2	 1218.jpg	 2.463009e+02	 11	 9.140915e+02	 110	 6.666874e+02	 98	 2.473191e+02	 683.33	 683.33	 18.00	 39	 0.54	 
