subjectID	 order	 runNum	 itemName	 onsetTime	 shuff_trialType	 RT	 respInTime	 AudioTime	 response	 fixationTime	 ladder1	 ladder2	 bidIndex	 itemNameIndex	 bidValue	 
bfer_103	 1	 4	 1209.jpg	 4.343519e+02	 11	 9.025692e+02	 110	 7.166874e+02	 98	 4.353704e+02	 733.33	 650.00	 13.00	 30	 0.57	 
bfer_103	 1	 4	 2205.jpg	 4.393579e+02	 24	 999000	 240	 999000	 999	 4.403760e+02	 733.33	 650.00	 49.00	 26	 0.65	 
bfer_103	 1	 4	 1104.jpg	 4.413602e+02	 12	 999000	 120	 999000	 999	 4.423784e+02	 733.33	 650.00	 20.00	 4	 0.47	 
bfer_103	 1	 4	 1203.jpg	 4.433454e+02	 12	 999000	 120	 999000	 999	 4.443638e+02	 733.33	 650.00	 38.00	 24	 0.20	 
bfer_103	 1	 4	 1218.jpg	 4.493524e+02	 12	 999000	 120	 999000	 999	 4.503706e+02	 733.33	 650.00	 16.00	 39	 0.55	 
bfer_103	 1	 4	 2117.jpg	 4.513547e+02	 24	 999000	 240	 999000	 999	 4.523728e+02	 733.33	 650.00	 56.00	 17	 0.56	 
bfer_103	 1	 4	 2218.jpg	 4.543581e+02	 24	 999000	 240	 999000	 999	 4.553761e+02	 733.33	 650.00	 51.00	 39	 0.61	 
bfer_103	 1	 4	 2121.jpg	 4.563603e+02	 22	 9.342344e+02	 220	 6.500217e+02	 98	 4.573784e+02	 733.33	 666.67	 53.00	 21	 0.58	 
bfer_103	 1	 4	 2112.jpg	 4.603482e+02	 24	 999000	 240	 999000	 999	 4.613663e+02	 733.33	 666.67	 77.00	 12	 0.22	 
bfer_103	 1	 4	 2213.jpg	 4.623503e+02	 24	 999000	 240	 999000	 999	 4.633686e+02	 733.33	 666.67	 61.00	 34	 0.52	 
bfer_103	 1	 4	 1214.jpg	 4.673560e+02	 11	 8.984725e+02	 110	 7.333638e+02	 98	 4.683741e+02	 750.00	 666.67	 10.00	 35	 0.66	 
bfer_103	 1	 4	 2202.jpg	 4.743473e+02	 22	 8.992481e+02	 220	 6.666860e+02	 98	 4.753652e+02	 750.00	 683.33	 58.00	 23	 0.55	 
bfer_103	 1	 4	 1211.jpg	 4.763494e+02	 12	 5.370998e+02	 12	 999000	 98	 4.773676e+02	 750.00	 683.33	 8.00	 32	 0.73	 
bfer_103	 1	 4	 2217.jpg	 4.793529e+02	 24	 999000	 240	 999000	 999	 4.803709e+02	 750.00	 683.33	 44.00	 38	 0.85	 
bfer_103	 1	 4	 1201.jpg	 4.823562e+02	 11	 9.462747e+02	 110	 7.500232e+02	 98	 4.833743e+02	 766.67	 683.33	 7.00	 22	 0.74	 
bfer_103	 1	 4	 1213.jpg	 4.863607e+02	 12	 999000	 120	 999000	 999	 4.873788e+02	 766.67	 683.33	 14.00	 34	 0.57	 
bfer_103	 1	 4	 2103.jpg	 4.903486e+02	 24	 999000	 240	 999000	 999	 4.913667e+02	 766.67	 683.33	 48.00	 3	 0.76	 
bfer_103	 1	 4	 1115.jpg	 4.943530e+02	 11	 1.029465e+03	 1100	 7.666873e+02	 98	 4.953710e+02	 716.67	 683.33	 18.00	 15	 0.53	 
bfer_103	 1	 4	 2201.jpg	 4.973564e+02	 22	 9.300938e+02	 220	 6.833493e+02	 98	 4.983744e+02	 716.67	 700.00	 50.00	 22	 0.63	 
bfer_103	 1	 4	 1204.jpg	 5.033463e+02	 12	 999000	 120	 999000	 999	 5.043645e+02	 716.67	 700.00	 19.00	 25	 0.53	 
bfer_103	 1	 4	 1121.jpg	 5.053487e+02	 12	 999000	 120	 999000	 999	 5.063668e+02	 716.67	 700.00	 3.00	 21	 0.78	 
bfer_103	 1	 4	 1101.jpg	 5.083521e+02	 11	 9.264223e+02	 110	 7.166906e+02	 98	 5.093702e+02	 733.33	 700.00	 15.00	 1	 0.56	 
bfer_103	 1	 4	 1103.jpg	 5.103543e+02	 12	 999000	 120	 999000	 999	 5.113724e+02	 733.33	 700.00	 11.00	 3	 0.64	 
bfer_103	 1	 4	 2110.jpg	 5.123566e+02	 24	 999000	 240	 999000	 999	 5.133746e+02	 733.33	 700.00	 78.00	 10	 0.21	 
bfer_103	 1	 4	 2107.jpg	 5.143588e+02	 22	 9.997324e+02	 220	 7.000212e+02	 98	 5.153770e+02	 733.33	 716.67	 47.00	 7	 0.76	 
bfer_103	 1	 4	 2115.jpg	 5.173452e+02	 24	 999000	 240	 999000	 999	 5.183636e+02	 733.33	 716.67	 57.00	 15	 0.56	 
bfer_103	 1	 4	 1107.jpg	 5.213500e+02	 12	 999000	 120	 999000	 999	 5.223681e+02	 733.33	 716.67	 21.00	 7	 0.47	 
bfer_103	 1	 4	 1206.jpg	 5.233522e+02	 12	 999000	 120	 999000	 999	 5.243704e+02	 733.33	 716.67	 4.00	 27	 0.77	 
bfer_103	 1	 4	 1120.jpg	 5.253545e+02	 12	 999000	 120	 999000	 999	 5.263726e+02	 733.33	 716.67	 37.00	 20	 0.23	 
bfer_103	 1	 4	 2101.jpg	 5.273567e+02	 22	 9.698194e+02	 220	 7.166943e+02	 98	 5.283749e+02	 733.33	 733.33	 55.00	 1	 0.57	 
bfer_103	 1	 4	 2207.jpg	 5.293589e+02	 24	 999000	 240	 999000	 999	 5.303771e+02	 733.33	 733.33	 60.00	 28	 0.52	 
bfer_103	 1	 4	 1118.jpg	 5.313613e+02	 11	 9.572525e+02	 110	 7.333585e+02	 98	 5.323794e+02	 750.00	 733.33	 12.00	 18	 0.59	 
bfer_103	 1	 4	 1207.jpg	 5.353491e+02	 12	 999000	 120	 999000	 999	 5.363671e+02	 750.00	 733.33	 17.00	 28	 0.54	 
bfer_103	 1	 4	 2111.jpg	 5.393535e+02	 24	 999000	 240	 999000	 999	 5.403717e+02	 750.00	 733.33	 59.00	 11	 0.54	 
bfer_103	 1	 4	 2208.jpg	 5.413559e+02	 24	 999000	 240	 999000	 999	 5.423740e+02	 750.00	 733.33	 43.00	 29	 0.87	 
bfer_103	 1	 4	 1105.jpg	 5.433580e+02	 12	 999000	 120	 999000	 999	 5.443761e+02	 750.00	 733.33	 22.00	 5	 0.45	 
bfer_103	 1	 4	 1216.jpg	 5.453603e+02	 12	 999000	 120	 999000	 999	 5.463785e+02	 750.00	 733.33	 9.00	 37	 0.68	 
bfer_103	 1	 4	 2104.jpg	 5.473455e+02	 24	 999000	 240	 999000	 999	 5.483640e+02	 750.00	 733.33	 62.00	 4	 0.51	 
bfer_103	 1	 4	 2116.jpg	 5.533527e+02	 22	 9.978469e+02	 220	 7.333564e+02	 98	 5.543708e+02	 750.00	 750.00	 52.00	 16	 0.59	 
bfer_103	 1	 4	 2118.jpg	 5.553548e+02	 24	 999000	 240	 999000	 999	 5.563730e+02	 750.00	 750.00	 54.00	 18	 0.58	 
