subjectID	 order	 runNum	 itemName	 onsetTime	 shuff_trialType	 RT	 respInTime	 AudioTime	 response	 fixationTime	 ladder1	 ladder2	 bidIndex	 itemNameIndex	 bidValue	 
bfer_167	 1	 11	 2102.jpg	 1.415395e+00	 24	 999000	 240	 999000	 999	 2.433749e+00	 750.00	 750.00	 61.00	 2	 0.54	 
bfer_167	 1	 11	 2109.jpg	 4.418835e+00	 24	 999000	 240	 999000	 999	 5.437092e+00	 750.00	 750.00	 48.00	 9	 0.64	 
bfer_167	 1	 11	 2217.jpg	 8.423189e+00	 24	 999000	 240	 999000	 999	 9.441493e+00	 750.00	 750.00	 60.00	 38	 0.55	 
bfer_167	 1	 11	 1102.jpg	 1.040856e+01	 11	 1.070321e+03	 1100	 7.501646e+02	 98	 1.142698e+01	 700.00	 750.00	 13.00	 2	 0.60	 
bfer_167	 1	 11	 1209.jpg	 1.241118e+01	 11	 9.317065e+02	 110	 7.002488e+02	 98	 1.342953e+01	 716.67	 750.00	 12.00	 30	 0.60	 
bfer_167	 1	 11	 2110.jpg	 1.641551e+01	 22	 1.023402e+03	 2200	 7.501290e+02	 98	 1.743365e+01	 716.67	 700.00	 47.00	 10	 0.66	 
bfer_167	 1	 11	 1115.jpg	 1.841781e+01	 12	 999000	 120	 999000	 999	 1.943588e+01	 716.67	 700.00	 14.00	 15	 0.59	 
bfer_167	 1	 11	 2107.jpg	 2.342350e+01	 22	 8.793781e+02	 220	 7.000517e+02	 98	 2.444154e+01	 716.67	 716.67	 53.00	 7	 0.61	 
bfer_167	 1	 11	 1219.jpg	 2.540918e+01	 12	 3.257015e+02	 12	 999000	 98	 2.642714e+01	 716.67	 716.67	 11.00	 40	 0.63	 
bfer_167	 1	 11	 2210.jpg	 2.841230e+01	 24	 999000	 240	 999000	 999	 2.943043e+01	 716.67	 716.67	 78.00	 31	 0.14	 
bfer_167	 1	 11	 2118.jpg	 3.141570e+01	 24	 999000	 240	 999000	 999	 3.243392e+01	 716.67	 716.67	 57.00	 18	 0.59	 
bfer_167	 1	 11	 2108.jpg	 3.542023e+01	 24	 999000	 240	 999000	 999	 3.643833e+01	 716.67	 716.67	 62.00	 8	 0.54	 
bfer_167	 1	 11	 1117.jpg	 3.842356e+01	 12	 999000	 120	 999000	 999	 3.944174e+01	 716.67	 716.67	 38.00	 17	 0.25	 
bfer_167	 1	 11	 1202.jpg	 4.040925e+01	 12	 999000	 120	 999000	 999	 4.142730e+01	 716.67	 716.67	 3.00	 23	 0.70	 
bfer_167	 1	 11	 1118.jpg	 4.341264e+01	 11	 9.462421e+02	 110	 7.166924e+02	 98	 4.443061e+01	 733.33	 716.67	 15.00	 18	 0.59	 
bfer_167	 1	 11	 1217.jpg	 4.741702e+01	 12	 1.357864e+03	 12	 999000	 98	 4.843513e+01	 733.33	 716.67	 21.00	 38	 0.48	 
bfer_167	 1	 11	 1216.jpg	 5.042045e+01	 12	 999000	 120	 999000	 999	 5.143854e+01	 733.33	 716.67	 17.00	 37	 0.53	 
bfer_167	 1	 11	 1121.jpg	 5.242267e+01	 11	 1.104228e+03	 1100	 7.333626e+02	 98	 5.344084e+01	 683.33	 716.67	 10.00	 21	 0.63	 
bfer_167	 1	 11	 2113.jpg	 5.440787e+01	 22	 1.127012e+03	 2200	 7.166870e+02	 98	 5.542626e+01	 683.33	 666.67	 55.00	 13	 0.61	 
bfer_167	 1	 11	 2106.jpg	 5.941389e+01	 24	 999000	 240	 999000	 999	 6.043206e+01	 683.33	 666.67	 51.00	 6	 0.63	 
bfer_167	 1	 11	 2215.jpg	 6.341835e+01	 24	 999000	 240	 999000	 999	 6.443654e+01	 683.33	 666.67	 77.00	 36	 0.17	 
bfer_167	 1	 11	 1204.jpg	 6.742291e+01	 12	 999000	 120	 999000	 999	 6.844094e+01	 683.33	 666.67	 4.00	 25	 0.70	 
bfer_167	 1	 11	 1101.jpg	 7.341295e+01	 12	 999000	 120	 999000	 999	 7.443109e+01	 683.33	 666.67	 37.00	 1	 0.32	 
bfer_167	 1	 11	 2214.jpg	 7.541522e+01	 24	 999000	 240	 999000	 999	 7.643333e+01	 683.33	 666.67	 59.00	 35	 0.56	 
bfer_167	 1	 11	 1120.jpg	 7.741740e+01	 12	 999000	 120	 999000	 999	 7.843549e+01	 683.33	 666.67	 8.00	 20	 0.65	 
bfer_167	 1	 11	 1206.jpg	 7.941966e+01	 12	 999000	 120	 999000	 999	 8.043782e+01	 683.33	 666.67	 20.00	 27	 0.48	 
bfer_167	 1	 11	 2206.jpg	 8.142187e+01	 22	 9.770246e+02	 220	 6.666932e+02	 98	 8.244006e+01	 683.33	 683.33	 50.00	 27	 0.63	 
bfer_167	 1	 11	 2219.jpg	 8.540976e+01	 24	 999000	 240	 999000	 999	 8.642791e+01	 683.33	 683.33	 49.00	 40	 0.64	 
bfer_167	 1	 11	 2121.jpg	 8.741204e+01	 24	 999000	 240	 999000	 999	 8.843177e+01	 683.33	 683.33	 43.00	 21	 0.73	 
bfer_167	 1	 11	 1114.jpg	 9.141653e+01	 12	 999000	 120	 999000	 999	 9.243455e+01	 683.33	 683.33	 16.00	 14	 0.54	 
bfer_167	 1	 11	 2204.jpg	 9.341871e+01	 22	 1.052184e+03	 2200	 6.833610e+02	 98	 9.443688e+01	 683.33	 633.33	 58.00	 25	 0.57	 
bfer_167	 1	 11	 2201.jpg	 9.542098e+01	 22	 1.089901e+03	 2200	 6.333575e+02	 98	 9.643913e+01	 683.33	 583.33	 52.00	 22	 0.63	 
bfer_167	 1	 11	 1203.jpg	 9.742324e+01	 12	 4.076636e+02	 12	 999000	 98	 9.844139e+01	 683.33	 583.33	 22.00	 24	 0.48	 
bfer_167	 1	 11	 2114.jpg	 1.024121e+02	 24	 999000	 240	 999000	 999	 1.034303e+02	 683.33	 583.33	 56.00	 14	 0.60	 
bfer_167	 1	 11	 1106.jpg	 1.044144e+02	 12	 999000	 120	 999000	 999	 1.054326e+02	 683.33	 583.33	 9.00	 6	 0.64	 
bfer_167	 1	 11	 1205.jpg	 1.064167e+02	 11	 9.021731e+02	 110	 6.833591e+02	 98	 1.074348e+02	 700.00	 583.33	 7.00	 26	 0.67	 
bfer_167	 1	 11	 2120.jpg	 1.094201e+02	 24	 999000	 240	 999000	 999	 1.104382e+02	 700.00	 583.33	 54.00	 20	 0.61	 
bfer_167	 1	 11	 1104.jpg	 1.164113e+02	 12	 999000	 120	 999000	 999	 1.174294e+02	 700.00	 583.33	 19.00	 4	 0.49	 
bfer_167	 1	 11	 1113.jpg	 1.204158e+02	 11	 9.671241e+02	 110	 7.000196e+02	 98	 1.214338e+02	 716.67	 583.33	 18.00	 13	 0.52	 
bfer_167	 1	 11	 2213.jpg	 1.274236e+02	 24	 999000	 240	 999000	 999	 1.284418e+02	 716.67	 583.33	 44.00	 34	 0.73	 
