subjectID	 order	 runNum	 itemName	 onsetTime	 shuff_trialType	 RT	 respInTime	 AudioTime	 response	 fixationTime	 ladder1	 ladder2	 bidIndex	 itemNameIndex	 bidValue	 
bfer_167	 1	 20	 1121.jpg	 1.137825e+03	 11	 9.654883e+02	 110	 7.166839e+02	 98	 1.138844e+03	 733.33	 650.00	 10.00	 21	 0.63	 
bfer_167	 1	 20	 2113.jpg	 1.142816e+03	 22	 8.866316e+02	 220	 6.500289e+02	 98	 1.143833e+03	 733.33	 666.67	 55.00	 13	 0.61	 
bfer_167	 1	 20	 2118.jpg	 1.144817e+03	 24	 999000	 240	 999000	 999	 1.145835e+03	 733.33	 666.67	 57.00	 18	 0.59	 
bfer_167	 1	 20	 2204.jpg	 1.146819e+03	 22	 4.359684e+02	 22	 6.666841e+02	 98	 1.147837e+03	 733.33	 683.33	 58.00	 25	 0.57	 
bfer_167	 1	 20	 2108.jpg	 1.152826e+03	 24	 4.052878e+02	 24	 999000	 98	 1.153844e+03	 733.33	 683.33	 62.00	 8	 0.54	 
bfer_167	 1	 20	 2201.jpg	 1.154828e+03	 22	 3.228801e+02	 22	 6.833736e+02	 98	 1.155846e+03	 733.33	 700.00	 52.00	 22	 0.63	 
bfer_167	 1	 20	 1115.jpg	 1.157814e+03	 12	 999000	 120	 999000	 999	 1.158833e+03	 733.33	 700.00	 14.00	 15	 0.59	 
bfer_167	 1	 20	 1217.jpg	 1.159817e+03	 12	 999000	 120	 999000	 999	 1.160835e+03	 733.33	 700.00	 21.00	 38	 0.48	 
bfer_167	 1	 20	 1106.jpg	 1.163821e+03	 12	 999000	 120	 999000	 999	 1.164840e+03	 733.33	 700.00	 9.00	 6	 0.64	 
bfer_167	 1	 20	 1118.jpg	 1.165824e+03	 11	 1.023291e+03	 1100	 7.333538e+02	 98	 1.166842e+03	 683.33	 700.00	 15.00	 18	 0.59	 
bfer_167	 1	 20	 1117.jpg	 1.170829e+03	 12	 999000	 120	 999000	 999	 1.171847e+03	 683.33	 700.00	 38.00	 17	 0.25	 
bfer_167	 1	 20	 2102.jpg	 1.177820e+03	 24	 999000	 240	 999000	 999	 1.178839e+03	 683.33	 700.00	 61.00	 2	 0.54	 
bfer_167	 1	 20	 1205.jpg	 1.179823e+03	 11	 1.024213e+03	 1100	 6.833473e+02	 98	 1.180841e+03	 633.33	 700.00	 7.00	 26	 0.67	 
bfer_167	 1	 20	 1104.jpg	 1.182826e+03	 12	 999000	 120	 999000	 999	 1.183844e+03	 633.33	 700.00	 19.00	 4	 0.49	 
bfer_167	 1	 20	 2114.jpg	 1.185829e+03	 24	 999000	 240	 999000	 999	 1.186848e+03	 633.33	 700.00	 56.00	 14	 0.60	 
bfer_167	 1	 20	 2110.jpg	 1.189817e+03	 22	 9.656970e+02	 220	 7.000287e+02	 98	 1.190835e+03	 633.33	 716.67	 47.00	 10	 0.66	 
bfer_167	 1	 20	 2120.jpg	 1.193822e+03	 24	 999000	 240	 999000	 999	 1.194840e+03	 633.33	 716.67	 54.00	 20	 0.61	 
bfer_167	 1	 20	 2219.jpg	 1.197826e+03	 24	 999000	 240	 999000	 999	 1.198844e+03	 633.33	 716.67	 49.00	 40	 0.64	 
bfer_167	 1	 20	 1216.jpg	 1.200830e+03	 12	 999000	 120	 999000	 999	 1.201848e+03	 633.33	 716.67	 17.00	 37	 0.53	 
bfer_167	 1	 20	 1101.jpg	 1.206820e+03	 12	 999000	 120	 999000	 999	 1.207838e+03	 633.33	 716.67	 37.00	 1	 0.32	 
bfer_167	 1	 20	 1203.jpg	 1.208822e+03	 12	 999000	 120	 999000	 999	 1.209840e+03	 633.33	 716.67	 22.00	 24	 0.48	 
bfer_167	 1	 20	 2206.jpg	 1.211825e+03	 22	 9.256038e+02	 220	 7.166965e+02	 98	 1.212843e+03	 633.33	 733.33	 50.00	 27	 0.63	 
bfer_167	 1	 20	 1204.jpg	 1.213828e+03	 12	 999000	 120	 999000	 999	 1.214846e+03	 633.33	 733.33	 4.00	 25	 0.70	 
bfer_167	 1	 20	 2214.jpg	 1.215830e+03	 24	 999000	 240	 999000	 999	 1.216848e+03	 633.33	 733.33	 59.00	 35	 0.56	 
bfer_167	 1	 20	 2213.jpg	 1.217815e+03	 24	 999000	 240	 999000	 999	 1.218834e+03	 633.33	 733.33	 44.00	 34	 0.73	 
bfer_167	 1	 20	 2215.jpg	 1.220819e+03	 24	 999000	 240	 999000	 999	 1.221837e+03	 633.33	 733.33	 77.00	 36	 0.17	 
bfer_167	 1	 20	 2109.jpg	 1.224823e+03	 24	 999000	 240	 999000	 999	 1.225841e+03	 633.33	 733.33	 48.00	 9	 0.64	 
bfer_167	 1	 20	 1114.jpg	 1.226825e+03	 12	 999000	 120	 999000	 999	 1.227844e+03	 633.33	 733.33	 16.00	 14	 0.54	 
bfer_167	 1	 20	 2106.jpg	 1.228828e+03	 24	 999000	 240	 999000	 999	 1.229846e+03	 633.33	 733.33	 51.00	 6	 0.63	 
bfer_167	 1	 20	 2121.jpg	 1.230830e+03	 24	 999000	 240	 999000	 999	 1.231848e+03	 633.33	 733.33	 43.00	 21	 0.73	 
bfer_167	 1	 20	 2107.jpg	 1.232816e+03	 22	 1.023379e+03	 2200	 7.333567e+02	 98	 1.233834e+03	 633.33	 683.33	 53.00	 7	 0.61	 
bfer_167	 1	 20	 2217.jpg	 1.234818e+03	 24	 999000	 240	 999000	 999	 1.235836e+03	 633.33	 683.33	 60.00	 38	 0.55	 
bfer_167	 1	 20	 2210.jpg	 1.238822e+03	 24	 999000	 240	 999000	 999	 1.239840e+03	 633.33	 683.33	 78.00	 31	 0.14	 
bfer_167	 1	 20	 1120.jpg	 1.242827e+03	 12	 999000	 120	 999000	 999	 1.243845e+03	 633.33	 683.33	 8.00	 20	 0.65	 
bfer_167	 1	 20	 1209.jpg	 1.244829e+03	 11	 8.179326e+02	 110	 6.333626e+02	 98	 1.245847e+03	 650.00	 683.33	 12.00	 30	 0.60	 
bfer_167	 1	 20	 1219.jpg	 1.246815e+03	 12	 999000	 120	 999000	 999	 1.247833e+03	 650.00	 683.33	 11.00	 40	 0.63	 
bfer_167	 1	 20	 1102.jpg	 1.248817e+03	 11	 9.819987e+02	 110	 6.500197e+02	 98	 1.249835e+03	 666.67	 683.33	 13.00	 2	 0.60	 
bfer_167	 1	 20	 1206.jpg	 1.250819e+03	 12	 999000	 120	 999000	 999	 1.251837e+03	 666.67	 683.33	 20.00	 27	 0.48	 
bfer_167	 1	 20	 1113.jpg	 1.256826e+03	 11	 9.409928e+02	 110	 6.666883e+02	 98	 1.257844e+03	 683.33	 683.33	 18.00	 13	 0.52	 
bfer_167	 1	 20	 1202.jpg	 1.258828e+03	 12	 999000	 120	 999000	 999	 1.259846e+03	 683.33	 683.33	 3.00	 23	 0.70	 
