subjectID	 order	 runNum	 itemName	 onsetTime	 shuff_trialType	 RT	 respInTime	 AudioTime	 response	 fixationTime	 ladder1	 ladder2	 bidIndex	 itemNameIndex	 bidValue	 
bfer_140	 2	 12	 2111.jpg	 1.262167e+02	 24	 999000	 240	 999000	 999	 1.272351e+02	 716.67	 650.00	 60.00	 11	 0.51	 
bfer_140	 2	 12	 1207.jpg	 1.292203e+02	 12	 999000	 120	 999000	 999	 1.302385e+02	 716.67	 650.00	 4.00	 28	 0.78	 
bfer_140	 2	 12	 2103.jpg	 1.332078e+02	 24	 999000	 240	 999000	 999	 1.342262e+02	 716.67	 650.00	 59.00	 3	 0.52	 
bfer_140	 2	 12	 1109.jpg	 1.352104e+02	 11	 1.076247e+03	 1100	 7.166973e+02	 98	 1.362286e+02	 666.67	 650.00	 9.00	 9	 0.74	 
bfer_140	 2	 12	 1218.jpg	 1.372128e+02	 12	 7.058333e+02	 12	 999000	 98	 1.382307e+02	 666.67	 650.00	 10.00	 39	 0.70	 
bfer_140	 2	 12	 1217.jpg	 1.412171e+02	 12	 999000	 120	 999000	 999	 1.422353e+02	 666.67	 650.00	 13.00	 38	 0.61	 
bfer_140	 2	 12	 2216.jpg	 1.432194e+02	 22	 1.363195e+03	 2200	 6.500207e+02	 98	 1.442375e+02	 666.67	 600.00	 54.00	 37	 0.64	 
bfer_140	 2	 12	 1111.jpg	 1.482080e+02	 12	 999000	 120	 999000	 999	 1.492264e+02	 666.67	 600.00	 18.00	 11	 0.52	 
bfer_140	 2	 12	 2121.jpg	 1.502105e+02	 22	 8.361585e+02	 220	 6.000303e+02	 98	 1.512288e+02	 666.67	 616.67	 56.00	 21	 0.60	 
bfer_140	 2	 12	 1120.jpg	 1.532139e+02	 11	 8.967680e+02	 110	 6.666886e+02	 98	 1.542320e+02	 683.33	 616.67	 14.00	 20	 0.57	 
bfer_140	 2	 12	 2203.jpg	 1.562172e+02	 24	 999000	 240	 999000	 999	 1.572354e+02	 683.33	 616.67	 78.00	 24	 0.24	 
bfer_140	 2	 12	 2207.jpg	 1.602218e+02	 24	 999000	 240	 999000	 999	 1.612399e+02	 683.33	 616.67	 43.00	 28	 0.79	 
bfer_140	 2	 12	 2114.jpg	 1.632082e+02	 24	 999000	 240	 999000	 999	 1.642266e+02	 683.33	 616.67	 61.00	 14	 0.49	 
bfer_140	 2	 12	 1102.jpg	 1.652109e+02	 12	 999000	 120	 999000	 999	 1.662288e+02	 683.33	 616.67	 19.00	 2	 0.52	 
bfer_140	 2	 12	 1103.jpg	 1.682141e+02	 12	 999000	 120	 999000	 999	 1.692322e+02	 683.33	 616.67	 15.00	 3	 0.57	 
bfer_140	 2	 12	 2217.jpg	 1.722186e+02	 24	 999000	 240	 999000	 999	 1.732367e+02	 683.33	 616.67	 44.00	 38	 0.77	 
bfer_140	 2	 12	 2212.jpg	 1.752220e+02	 24	 999000	 240	 999000	 999	 1.762401e+02	 683.33	 616.67	 55.00	 33	 0.61	 
bfer_140	 2	 12	 1106.jpg	 1.772242e+02	 11	 9.984690e+02	 110	 6.833632e+02	 98	 1.782425e+02	 700.00	 616.67	 17.00	 6	 0.54	 
bfer_140	 2	 12	 1213.jpg	 1.792099e+02	 11	 9.887651e+02	 110	 7.000246e+02	 98	 1.802279e+02	 716.67	 616.67	 11.00	 34	 0.69	 
bfer_140	 2	 12	 2119.jpg	 1.842154e+02	 24	 999000	 240	 999000	 999	 1.852335e+02	 716.67	 616.67	 77.00	 19	 0.24	 
bfer_140	 2	 12	 1202.jpg	 1.882198e+02	 12	 999000	 120	 999000	 999	 1.892381e+02	 716.67	 616.67	 21.00	 23	 0.50	 
bfer_140	 2	 12	 2204.jpg	 1.922074e+02	 22	 9.112401e+02	 220	 6.166847e+02	 98	 1.932258e+02	 716.67	 633.33	 57.00	 25	 0.59	 
bfer_140	 2	 12	 1209.jpg	 1.982145e+02	 12	 999000	 120	 999000	 999	 1.992325e+02	 716.67	 633.33	 3.00	 30	 0.87	 
bfer_140	 2	 12	 2215.jpg	 2.002167e+02	 24	 999000	 240	 999000	 999	 2.012348e+02	 716.67	 633.33	 50.00	 36	 0.69	 
bfer_140	 2	 12	 2210.jpg	 2.022190e+02	 24	 999000	 240	 999000	 999	 2.032371e+02	 716.67	 633.33	 62.00	 31	 0.47	 
bfer_140	 2	 12	 2201.jpg	 2.042211e+02	 22	 9.615220e+02	 220	 6.333598e+02	 98	 2.052393e+02	 716.67	 650.00	 48.00	 22	 0.74	 
bfer_140	 2	 12	 2214.jpg	 2.062234e+02	 22	 9.592852e+02	 220	 6.500407e+02	 98	 2.072415e+02	 716.67	 666.67	 51.00	 35	 0.67	 
bfer_140	 2	 12	 2219.jpg	 2.102113e+02	 24	 999000	 240	 999000	 999	 2.112293e+02	 716.67	 666.67	 53.00	 40	 0.64	 
bfer_140	 2	 12	 1216.jpg	 2.122136e+02	 12	 999000	 120	 999000	 999	 2.132316e+02	 716.67	 666.67	 20.00	 37	 0.51	 
bfer_140	 2	 12	 1219.jpg	 2.162179e+02	 12	 999000	 120	 999000	 999	 2.172360e+02	 716.67	 666.67	 7.00	 40	 0.77	 
bfer_140	 2	 12	 1214.jpg	 2.182202e+02	 11	 1.002460e+03	 1100	 7.166872e+02	 98	 2.192383e+02	 666.67	 666.67	 16.00	 35	 0.56	 
bfer_140	 2	 12	 2109.jpg	 2.202224e+02	 24	 999000	 240	 999000	 999	 2.212406e+02	 666.67	 666.67	 58.00	 9	 0.59	 
bfer_140	 2	 12	 1204.jpg	 2.222246e+02	 12	 999000	 120	 999000	 999	 2.232429e+02	 666.67	 666.67	 12.00	 25	 0.64	 
bfer_140	 2	 12	 2218.jpg	 2.272136e+02	 24	 6.730881e+02	 24	 999000	 98	 2.282319e+02	 666.67	 666.67	 47.00	 39	 0.74	 
bfer_140	 2	 12	 1117.jpg	 2.292158e+02	 12	 999000	 120	 999000	 999	 2.302340e+02	 666.67	 666.67	 37.00	 17	 0.16	 
bfer_140	 2	 12	 1205.jpg	 2.312181e+02	 11	 9.565710e+02	 110	 6.666975e+02	 98	 2.322362e+02	 683.33	 666.67	 8.00	 26	 0.76	 
bfer_140	 2	 12	 2205.jpg	 2.342215e+02	 22	 9.051860e+02	 220	 6.666823e+02	 98	 2.352396e+02	 683.33	 683.33	 49.00	 26	 0.73	 
bfer_140	 2	 12	 2202.jpg	 2.412126e+02	 24	 999000	 240	 999000	 999	 2.422308e+02	 683.33	 683.33	 52.00	 23	 0.65	 
bfer_140	 2	 12	 1108.jpg	 2.452172e+02	 12	 999000	 120	 999000	 999	 2.462352e+02	 683.33	 683.33	 38.00	 8	 0.14	 
bfer_140	 2	 12	 1121.jpg	 2.522250e+02	 12	 999000	 120	 999000	 999	 2.532431e+02	 683.33	 683.33	 22.00	 21	 0.50	 
