subjectID	 order	 runNum	 itemName	 onsetTime	 shuff_trialType	 RT	 respInTime	 AudioTime	 response	 fixationTime	 ladder1	 ladder2	 bidIndex	 itemNameIndex	 bidValue	 
bfer_158	 2	 2	 1105.jpg	 1.162474e+02	 12	 999000	 120	 999000	 999	 1.172659e+02	 583.33	 516.67	 12.00	 5	 0.62	 
bfer_158	 2	 2	 2109.jpg	 1.212534e+02	 24	 999000	 240	 999000	 999	 1.222715e+02	 583.33	 516.67	 47.00	 9	 0.78	 
bfer_158	 2	 2	 2205.jpg	 1.232557e+02	 22	 8.789265e+02	 220	 5.166860e+02	 98	 1.242737e+02	 583.33	 533.33	 56.00	 26	 0.62	 
bfer_158	 2	 2	 2114.jpg	 1.252410e+02	 24	 999000	 240	 999000	 999	 1.262594e+02	 583.33	 533.33	 61.00	 14	 0.52	 
bfer_158	 2	 2	 1111.jpg	 1.312480e+02	 11	 9.266232e+02	 110	 5.833542e+02	 98	 1.322659e+02	 600.00	 533.33	 17.00	 11	 0.58	 
bfer_158	 2	 2	 2104.jpg	 1.332503e+02	 24	 999000	 240	 999000	 999	 1.342682e+02	 600.00	 533.33	 59.00	 4	 0.57	 
bfer_158	 2	 2	 2216.jpg	 1.362536e+02	 22	 9.530262e+02	 220	 5.333479e+02	 98	 1.372717e+02	 600.00	 550.00	 49.00	 37	 0.68	 
bfer_158	 2	 2	 2204.jpg	 1.382558e+02	 24	 999000	 240	 999000	 999	 1.392739e+02	 600.00	 550.00	 55.00	 25	 0.64	 
bfer_158	 2	 2	 2103.jpg	 1.422434e+02	 22	 1.171197e+03	 2200	 5.500217e+02	 98	 1.432616e+02	 600.00	 500.00	 54.00	 3	 0.65	 
bfer_158	 2	 2	 1214.jpg	 1.442459e+02	 12	 999000	 120	 999000	 999	 1.452640e+02	 600.00	 500.00	 4.00	 35	 0.76	 
bfer_158	 2	 2	 2214.jpg	 1.492515e+02	 24	 999000	 240	 999000	 999	 1.502696e+02	 600.00	 500.00	 58.00	 35	 0.59	 
bfer_158	 2	 2	 1208.jpg	 1.562427e+02	 12	 999000	 120	 999000	 999	 1.572608e+02	 600.00	 500.00	 22.00	 29	 0.55	 
bfer_158	 2	 2	 1103.jpg	 1.582449e+02	 12	 999000	 120	 999000	 999	 1.592630e+02	 600.00	 500.00	 3.00	 3	 0.77	 
bfer_158	 2	 2	 1211.jpg	 1.612483e+02	 12	 999000	 120	 999000	 999	 1.622664e+02	 600.00	 500.00	 20.00	 32	 0.55	 
bfer_158	 2	 2	 2111.jpg	 1.642516e+02	 24	 999000	 240	 999000	 999	 1.652698e+02	 600.00	 500.00	 77.00	 11	 0.35	 
bfer_158	 2	 2	 2102.jpg	 1.682561e+02	 24	 999000	 240	 999000	 999	 1.692743e+02	 600.00	 500.00	 53.00	 2	 0.65	 
bfer_158	 2	 2	 1209.jpg	 1.722439e+02	 12	 999000	 120	 999000	 999	 1.732620e+02	 600.00	 500.00	 37.00	 30	 0.24	 
bfer_158	 2	 2	 1114.jpg	 1.762484e+02	 12	 999000	 120	 999000	 999	 1.772665e+02	 600.00	 500.00	 38.00	 14	 0.24	 
bfer_158	 2	 2	 1204.jpg	 1.792518e+02	 12	 999000	 120	 999000	 999	 1.802699e+02	 600.00	 500.00	 15.00	 25	 0.58	 
bfer_158	 2	 2	 1117.jpg	 1.852418e+02	 12	 999000	 120	 999000	 999	 1.862600e+02	 600.00	 500.00	 7.00	 17	 0.70	 
bfer_158	 2	 2	 2121.jpg	 1.872440e+02	 22	 8.905534e+02	 220	 5.000283e+02	 98	 1.882622e+02	 600.00	 516.67	 48.00	 21	 0.74	 
bfer_158	 2	 2	 2117.jpg	 1.902475e+02	 22	 9.191311e+02	 220	 5.166914e+02	 98	 1.912655e+02	 600.00	 533.33	 51.00	 17	 0.67	 
bfer_158	 2	 2	 2105.jpg	 1.922497e+02	 24	 999000	 240	 999000	 999	 1.932678e+02	 600.00	 533.33	 52.00	 5	 0.66	 
bfer_158	 2	 2	 1110.jpg	 1.942520e+02	 12	 999000	 120	 999000	 999	 1.952701e+02	 600.00	 533.33	 18.00	 10	 0.57	 
bfer_158	 2	 2	 1219.jpg	 1.962543e+02	 11	 1.056335e+03	 1100	 6.000233e+02	 98	 1.972722e+02	 550.00	 533.33	 14.00	 40	 0.59	 
bfer_158	 2	 2	 1218.jpg	 1.992407e+02	 12	 999000	 120	 999000	 999	 2.002591e+02	 550.00	 533.33	 10.00	 39	 0.63	 
bfer_158	 2	 2	 1201.jpg	 2.032453e+02	 11	 8.732516e+02	 110	 5.500115e+02	 98	 2.042635e+02	 566.67	 533.33	 8.00	 22	 0.66	 
bfer_158	 2	 2	 2113.jpg	 2.052477e+02	 24	 999000	 240	 999000	 999	 2.062659e+02	 566.67	 533.33	 60.00	 13	 0.54	 
bfer_158	 2	 2	 2203.jpg	 2.072498e+02	 24	 999000	 240	 999000	 999	 2.082681e+02	 566.67	 533.33	 44.00	 24	 0.82	 
bfer_158	 2	 2	 1207.jpg	 2.092521e+02	 12	 999000	 120	 999000	 999	 2.102702e+02	 566.67	 533.33	 21.00	 28	 0.55	 
bfer_158	 2	 2	 2206.jpg	 2.112543e+02	 24	 999000	 240	 999000	 999	 2.122725e+02	 566.67	 533.33	 43.00	 27	 0.85	 
bfer_158	 2	 2	 1101.jpg	 2.132567e+02	 11	 9.499489e+02	 110	 5.666883e+02	 98	 2.142747e+02	 583.33	 533.33	 11.00	 1	 0.63	 
bfer_158	 2	 2	 2120.jpg	 2.172445e+02	 24	 999000	 240	 999000	 999	 2.182626e+02	 583.33	 533.33	 78.00	 20	 0.27	 
bfer_158	 2	 2	 2101.jpg	 2.212490e+02	 22	 1.013647e+03	 2200	 5.333518e+02	 98	 2.222673e+02	 583.33	 483.33	 57.00	 1	 0.59	 
bfer_158	 2	 2	 2202.jpg	 2.232512e+02	 24	 999000	 240	 999000	 999	 2.242693e+02	 583.33	 483.33	 62.00	 23	 0.52	 
bfer_158	 2	 2	 1203.jpg	 2.252534e+02	 11	 9.612129e+02	 110	 5.833613e+02	 98	 2.262715e+02	 600.00	 483.33	 9.00	 24	 0.65	 
bfer_158	 2	 2	 1213.jpg	 2.272556e+02	 12	 999000	 120	 999000	 999	 2.282737e+02	 600.00	 483.33	 13.00	 34	 0.62	 
bfer_158	 2	 2	 1121.jpg	 2.292409e+02	 11	 9.896621e+02	 110	 6.000208e+02	 98	 2.302595e+02	 616.67	 483.33	 16.00	 21	 0.58	 
bfer_158	 2	 2	 2211.jpg	 2.352480e+02	 24	 999000	 240	 999000	 999	 2.362668e+02	 616.67	 483.33	 50.00	 32	 0.68	 
bfer_158	 2	 2	 1205.jpg	 2.372502e+02	 12	 999000	 120	 999000	 999	 2.382684e+02	 616.67	 483.33	 19.00	 26	 0.55	 
