subjectID	 order	 runNum	 itemName	 onsetTime	 shuff_trialType	 RT	 respInTime	 AudioTime	 response	 fixationTime	 ladder1	 ladder2	 bidIndex	 itemNameIndex	 bidValue	 
bfer_123	 1	 11	 2206.jpg	 1.376751e+00	 22	 7.742101e+02	 220	 7.502456e+02	 98	 2.395261e+00	 750.00	 766.67	 58.00	 27	 0.56	 
bfer_123	 1	 11	 1215.jpg	 3.379289e+00	 11	 6.356727e+02	 11	 7.502385e+02	 98	 4.397589e+00	 766.67	 766.67	 10.00	 36	 0.66	 
bfer_123	 1	 11	 1119.jpg	 7.383692e+00	 12	 999000	 120	 999000	 999	 8.402022e+00	 766.67	 766.67	 19.00	 19	 0.54	 
bfer_123	 1	 11	 1114.jpg	 1.037047e+01	 11	 5.964895e+02	 11	 7.667137e+02	 98	 1.138849e+01	 783.33	 766.67	 13.00	 14	 0.64	 
bfer_123	 1	 11	 2215.jpg	 1.237266e+01	 24	 999000	 240	 999000	 999	 1.339082e+01	 783.33	 766.67	 43.00	 36	 0.86	 
bfer_123	 1	 11	 1102.jpg	 1.537603e+01	 12	 999000	 120	 999000	 999	 1.639409e+01	 783.33	 766.67	 37.00	 2	 0.20	 
bfer_123	 1	 11	 1206.jpg	 1.938043e+01	 12	 999000	 120	 999000	 999	 2.039862e+01	 783.33	 766.67	 16.00	 27	 0.63	 
bfer_123	 1	 11	 2115.jpg	 2.338501e+01	 22	 9.659716e+02	 220	 7.668366e+02	 98	 2.440319e+01	 783.33	 783.33	 55.00	 15	 0.57	 
bfer_123	 1	 11	 2217.jpg	 2.537060e+01	 22	 7.323626e+02	 22	 7.833520e+02	 98	 2.638875e+01	 783.33	 800.00	 50.00	 38	 0.65	 
bfer_123	 1	 11	 1216.jpg	 3.037612e+01	 12	 999000	 120	 999000	 999	 3.139435e+01	 783.33	 800.00	 14.00	 37	 0.64	 
bfer_123	 1	 11	 1211.jpg	 3.237836e+01	 11	 5.406093e+02	 11	 7.833541e+02	 98	 3.339656e+01	 800.00	 800.00	 7.00	 32	 0.71	 
bfer_123	 1	 11	 2213.jpg	 3.438060e+01	 22	 7.143587e+02	 22	 8.000236e+02	 98	 3.539879e+01	 800.00	 816.67	 53.00	 34	 0.64	 
bfer_123	 1	 11	 1117.jpg	 4.037076e+01	 11	 6.122008e+02	 11	 8.000155e+02	 98	 4.138886e+01	 816.67	 816.67	 18.00	 17	 0.57	 
bfer_123	 1	 11	 1110.jpg	 4.237298e+01	 12	 999000	 120	 999000	 999	 4.339111e+01	 816.67	 816.67	 8.00	 10	 0.68	 
bfer_123	 1	 11	 2113.jpg	 4.437521e+01	 24	 999000	 240	 999000	 999	 4.539338e+01	 816.67	 816.67	 78.00	 13	 0.21	 
bfer_123	 1	 11	 2207.jpg	 4.637753e+01	 24	 999000	 240	 999000	 999	 4.739556e+01	 816.67	 816.67	 59.00	 28	 0.56	 
bfer_123	 1	 11	 2105.jpg	 5.038200e+01	 24	 999000	 240	 999000	 999	 5.140009e+01	 816.67	 816.67	 77.00	 5	 0.22	 
bfer_123	 1	 11	 2101.jpg	 5.436985e+01	 22	 6.291081e+02	 22	 8.166918e+02	 98	 5.538793e+01	 816.67	 833.33	 52.00	 1	 0.64	 
bfer_123	 1	 11	 1115.jpg	 5.737314e+01	 12	 999000	 120	 999000	 999	 5.839129e+01	 816.67	 833.33	 21.00	 15	 0.50	 
bfer_123	 1	 11	 2201.jpg	 6.137760e+01	 24	 999000	 240	 999000	 999	 6.239581e+01	 816.67	 833.33	 56.00	 22	 0.56	 
bfer_123	 1	 11	 1207.jpg	 6.438095e+01	 12	 999000	 120	 999000	 999	 6.539915e+01	 816.67	 833.33	 9.00	 28	 0.67	 
bfer_123	 1	 11	 1101.jpg	 6.638327e+01	 12	 5.516982e+02	 12	 999000	 98	 6.740139e+01	 816.67	 833.33	 4.00	 1	 0.76	 
bfer_123	 1	 11	 2114.jpg	 7.037108e+01	 24	 999000	 240	 999000	 999	 7.138922e+01	 816.67	 833.33	 49.00	 14	 0.70	 
bfer_123	 1	 11	 2120.jpg	 7.237330e+01	 24	 999000	 240	 999000	 999	 7.339150e+01	 816.67	 833.33	 44.00	 20	 0.82	 
bfer_123	 1	 11	 1106.jpg	 7.437565e+01	 12	 999000	 120	 999000	 999	 7.539371e+01	 816.67	 833.33	 22.00	 6	 0.45	 
bfer_123	 1	 11	 1201.jpg	 7.838005e+01	 11	 1.034916e+03	 1100	 8.166837e+02	 98	 7.939824e+01	 766.67	 833.33	 12.00	 22	 0.66	 
bfer_123	 1	 11	 2216.jpg	 8.038231e+01	 22	 7.606475e+02	 22	 8.333484e+02	 98	 8.140050e+01	 766.67	 850.00	 47.00	 37	 0.78	 
bfer_123	 1	 11	 2219.jpg	 8.437016e+01	 24	 999000	 240	 999000	 999	 8.538819e+01	 766.67	 850.00	 51.00	 40	 0.65	 
bfer_123	 1	 11	 1217.jpg	 8.837462e+01	 12	 9.123501e+02	 12	 999000	 98	 8.939268e+01	 766.67	 850.00	 17.00	 38	 0.60	 
bfer_123	 1	 11	 1120.jpg	 9.137800e+01	 11	 6.049615e+02	 11	 7.667154e+02	 98	 9.239609e+01	 783.33	 850.00	 15.00	 20	 0.64	 
bfer_123	 1	 11	 2214.jpg	 9.738469e+01	 24	 999000	 240	 999000	 999	 9.840285e+01	 783.33	 850.00	 61.00	 35	 0.50	 
bfer_123	 1	 11	 1219.jpg	 9.937028e+01	 12	 999000	 120	 999000	 999	 1.003884e+02	 783.33	 850.00	 3.00	 40	 0.82	 
bfer_123	 1	 11	 2205.jpg	 1.033748e+02	 24	 999000	 240	 999000	 999	 1.043929e+02	 783.33	 850.00	 48.00	 26	 0.70	 
bfer_123	 1	 11	 2209.jpg	 1.053770e+02	 24	 999000	 240	 999000	 999	 1.063951e+02	 783.33	 850.00	 57.00	 30	 0.56	 
bfer_123	 1	 11	 1121.jpg	 1.073792e+02	 12	 999000	 120	 999000	 999	 1.083974e+02	 783.33	 850.00	 11.00	 21	 0.66	 
bfer_123	 1	 11	 2119.jpg	 1.093815e+02	 24	 999000	 240	 999000	 999	 1.103996e+02	 783.33	 850.00	 54.00	 19	 0.62	 
bfer_123	 1	 11	 2109.jpg	 1.143705e+02	 24	 999000	 240	 999000	 999	 1.153885e+02	 783.33	 850.00	 60.00	 9	 0.51	 
bfer_123	 1	 11	 2111.jpg	 1.163727e+02	 24	 999000	 240	 999000	 999	 1.173908e+02	 783.33	 850.00	 62.00	 11	 0.47	 
bfer_123	 1	 11	 1203.jpg	 1.183750e+02	 12	 999000	 120	 999000	 999	 1.193930e+02	 783.33	 850.00	 38.00	 24	 0.18	 
bfer_123	 1	 11	 1213.jpg	 1.213783e+02	 12	 8.206877e+02	 12	 999000	 98	 1.223964e+02	 783.33	 850.00	 20.00	 34	 0.51	 
