subjectID	 order	 runNum	 itemName	 onsetTime	 shuff_trialType	 RT	 respInTime	 AudioTime	 response	 fixationTime	 ladder1	 ladder2	 bidIndex	 itemNameIndex	 bidValue	 
bfer_154	 2	 11	 2121.jpg	 1.308889e+00	 22	 6.179526e+02	 22	 7.502556e+02	 98	 2.326912e+00	 750.00	 766.67	 49.00	 21	 0.69	 
bfer_154	 2	 11	 1106.jpg	 3.311386e+00	 11	 1.143474e+03	 1100	 7.501354e+02	 98	 4.329106e+00	 700.00	 766.67	 16.00	 6	 0.54	 
bfer_154	 2	 11	 2219.jpg	 7.315871e+00	 24	 999000	 240	 999000	 999	 8.333685e+00	 700.00	 766.67	 59.00	 40	 0.53	 
bfer_154	 2	 11	 1215.jpg	 1.030256e+01	 11	 9.682790e+02	 110	 7.001626e+02	 98	 1.132027e+01	 716.67	 766.67	 8.00	 36	 0.69	 
bfer_154	 2	 11	 2111.jpg	 1.230473e+01	 22	 1.046123e+03	 2200	 7.668286e+02	 98	 1.332254e+01	 716.67	 716.67	 54.00	 11	 0.60	 
bfer_154	 2	 11	 1210.jpg	 1.530814e+01	 12	 999000	 120	 999000	 999	 1.632597e+01	 716.67	 716.67	 22.00	 31	 0.46	 
bfer_154	 2	 11	 2104.jpg	 1.931272e+01	 24	 999000	 240	 999000	 999	 2.033040e+01	 716.67	 716.67	 61.00	 4	 0.53	 
bfer_154	 2	 11	 2216.jpg	 2.330046e+01	 22	 1.058378e+03	 2200	 7.166944e+02	 98	 2.431819e+01	 716.67	 666.67	 51.00	 37	 0.67	 
bfer_154	 2	 11	 1120.jpg	 2.530294e+01	 12	 999000	 120	 999000	 999	 2.632049e+01	 716.67	 666.67	 38.00	 20	 0.16	 
bfer_154	 2	 11	 2115.jpg	 3.030842e+01	 24	 999000	 240	 999000	 999	 3.132613e+01	 716.67	 666.67	 62.00	 15	 0.45	 
bfer_154	 2	 11	 2211.jpg	 3.231053e+01	 24	 999000	 240	 999000	 999	 3.332850e+01	 716.67	 666.67	 52.00	 32	 0.64	 
bfer_154	 2	 11	 2106.jpg	 3.431285e+01	 24	 999000	 240	 999000	 999	 3.533073e+01	 716.67	 666.67	 43.00	 6	 0.85	 
bfer_154	 2	 11	 2108.jpg	 4.030285e+01	 24	 999000	 240	 999000	 999	 4.132068e+01	 716.67	 666.67	 77.00	 8	 0.22	 
bfer_154	 2	 11	 2114.jpg	 4.230519e+01	 22	 1.005647e+03	 2200	 6.666905e+02	 98	 4.332294e+01	 716.67	 616.67	 57.00	 14	 0.56	 
bfer_154	 2	 11	 1216.jpg	 4.430734e+01	 12	 999000	 120	 999000	 999	 4.532525e+01	 716.67	 616.67	 4.00	 37	 0.80	 
bfer_154	 2	 11	 1112.jpg	 4.630970e+01	 12	 999000	 120	 999000	 999	 4.732745e+01	 716.67	 616.67	 37.00	 12	 0.20	 
bfer_154	 2	 11	 1214.jpg	 5.031420e+01	 12	 999000	 120	 999000	 999	 5.133197e+01	 716.67	 616.67	 18.00	 35	 0.50	 
bfer_154	 2	 11	 2105.jpg	 5.430203e+01	 24	 999000	 240	 999000	 999	 5.531973e+01	 716.67	 616.67	 58.00	 5	 0.55	 
bfer_154	 2	 11	 2207.jpg	 5.730533e+01	 24	 999000	 240	 999000	 999	 5.832314e+01	 716.67	 616.67	 50.00	 28	 0.68	 
bfer_154	 2	 11	 1207.jpg	 6.130985e+01	 12	 999000	 120	 999000	 999	 6.232767e+01	 716.67	 616.67	 12.00	 28	 0.60	 
bfer_154	 2	 11	 1107.jpg	 6.431317e+01	 11	 9.496659e+02	 110	 7.167100e+02	 98	 6.533093e+01	 733.33	 616.67	 14.00	 7	 0.57	 
bfer_154	 2	 11	 1121.jpg	 6.631547e+01	 11	 9.313608e+02	 110	 7.333618e+02	 98	 6.733324e+01	 750.00	 616.67	 17.00	 21	 0.53	 
bfer_154	 2	 11	 1110.jpg	 7.030327e+01	 12	 999000	 120	 999000	 999	 7.132108e+01	 750.00	 616.67	 19.00	 10	 0.50	 
bfer_154	 2	 11	 1103.jpg	 7.230556e+01	 12	 999000	 120	 999000	 999	 7.332336e+01	 750.00	 616.67	 3.00	 3	 0.82	 
bfer_154	 2	 11	 1205.jpg	 7.430773e+01	 12	 999000	 120	 999000	 999	 7.532554e+01	 750.00	 616.67	 10.00	 26	 0.67	 
bfer_154	 2	 11	 2205.jpg	 7.831230e+01	 24	 999000	 240	 999000	 999	 7.933005e+01	 750.00	 616.67	 60.00	 26	 0.53	 
bfer_154	 2	 11	 2117.jpg	 8.031455e+01	 24	 999000	 240	 999000	 999	 8.133227e+01	 750.00	 616.67	 78.00	 17	 0.20	 
bfer_154	 2	 11	 1111.jpg	 8.430248e+01	 12	 999000	 120	 999000	 999	 8.532009e+01	 750.00	 616.67	 13.00	 11	 0.59	 
bfer_154	 2	 11	 2109.jpg	 8.830680e+01	 24	 999000	 240	 999000	 999	 8.932476e+01	 750.00	 616.67	 53.00	 9	 0.63	 
bfer_154	 2	 11	 1102.jpg	 9.131024e+01	 12	 999000	 120	 999000	 999	 9.232799e+01	 750.00	 616.67	 15.00	 2	 0.55	 
bfer_154	 2	 11	 1218.jpg	 9.731696e+01	 12	 999000	 120	 999000	 999	 9.833477e+01	 750.00	 616.67	 21.00	 39	 0.47	 
bfer_154	 2	 11	 2214.jpg	 9.930258e+01	 24	 999000	 240	 999000	 999	 1.003204e+02	 750.00	 616.67	 47.00	 35	 0.72	 
bfer_154	 2	 11	 2110.jpg	 1.033071e+02	 22	 9.558005e+02	 220	 6.166941e+02	 98	 1.043248e+02	 750.00	 633.33	 48.00	 10	 0.69	 
bfer_154	 2	 11	 1212.jpg	 1.053093e+02	 12	 999000	 120	 999000	 999	 1.063272e+02	 750.00	 633.33	 20.00	 33	 0.47	 
bfer_154	 2	 11	 1203.jpg	 1.073115e+02	 11	 1.055372e+03	 1100	 7.500280e+02	 98	 1.083293e+02	 700.00	 633.33	 11.00	 24	 0.66	 
bfer_154	 2	 11	 2201.jpg	 1.093137e+02	 24	 999000	 240	 999000	 999	 1.103316e+02	 700.00	 633.33	 44.00	 22	 0.83	 
bfer_154	 2	 11	 2212.jpg	 1.143027e+02	 22	 8.961478e+02	 220	 6.333500e+02	 98	 1.153205e+02	 700.00	 650.00	 56.00	 33	 0.56	 
bfer_154	 2	 11	 2107.jpg	 1.163049e+02	 24	 999000	 240	 999000	 999	 1.173228e+02	 700.00	 650.00	 55.00	 7	 0.57	 
bfer_154	 2	 11	 1219.jpg	 1.183072e+02	 12	 999000	 120	 999000	 999	 1.193250e+02	 700.00	 650.00	 7.00	 40	 0.77	 
bfer_154	 2	 11	 1201.jpg	 1.213106e+02	 11	 8.722723e+02	 110	 7.000179e+02	 98	 1.223284e+02	 716.67	 650.00	 9.00	 22	 0.69	 
