subjectID	 order	 runNum	 itemName	 onsetTime	 shuff_trialType	 RT	 respInTime	 AudioTime	 response	 fixationTime	 ladder1	 ladder2	 bidIndex	 itemNameIndex	 bidValue	 
bfer_167	 1	 17	 1203.jpg	 7.676930e+02	 12	 999000	 120	 999000	 999	 7.687111e+02	 683.33	 683.33	 22.00	 24	 0.48	 
bfer_167	 1	 17	 1202.jpg	 7.696952e+02	 12	 999000	 120	 999000	 999	 7.707134e+02	 683.33	 683.33	 3.00	 23	 0.70	 
bfer_167	 1	 17	 2109.jpg	 7.736997e+02	 24	 999000	 240	 999000	 999	 7.747179e+02	 683.33	 683.33	 48.00	 9	 0.64	 
bfer_167	 1	 17	 2213.jpg	 7.766864e+02	 24	 999000	 240	 999000	 999	 7.777045e+02	 683.33	 683.33	 44.00	 34	 0.73	 
bfer_167	 1	 17	 1209.jpg	 7.786887e+02	 11	 1.006170e+03	 1100	 6.833600e+02	 98	 7.797068e+02	 633.33	 683.33	 12.00	 30	 0.60	 
bfer_167	 1	 17	 2108.jpg	 7.816920e+02	 24	 999000	 240	 999000	 999	 7.827101e+02	 633.33	 683.33	 62.00	 8	 0.54	 
bfer_167	 1	 17	 2114.jpg	 7.856964e+02	 24	 3.264465e+02	 24	 999000	 98	 7.867147e+02	 633.33	 683.33	 56.00	 14	 0.60	 
bfer_167	 1	 17	 1120.jpg	 7.896840e+02	 12	 999000	 120	 999000	 999	 7.907025e+02	 633.33	 683.33	 8.00	 20	 0.65	 
bfer_167	 1	 17	 1117.jpg	 7.916866e+02	 12	 999000	 120	 999000	 999	 7.927048e+02	 633.33	 683.33	 38.00	 17	 0.25	 
bfer_167	 1	 17	 2204.jpg	 7.966922e+02	 22	 8.986934e+02	 220	 6.833619e+02	 98	 7.977104e+02	 633.33	 700.00	 58.00	 25	 0.57	 
bfer_167	 1	 17	 2210.jpg	 7.986944e+02	 24	 999000	 240	 999000	 999	 7.997127e+02	 633.33	 700.00	 78.00	 31	 0.14	 
bfer_167	 1	 17	 1205.jpg	 8.006967e+02	 11	 8.541558e+02	 110	 6.333578e+02	 98	 8.017149e+02	 650.00	 700.00	 7.00	 26	 0.67	 
bfer_167	 1	 17	 2121.jpg	 8.066868e+02	 24	 999000	 240	 999000	 999	 8.077049e+02	 650.00	 700.00	 43.00	 21	 0.73	 
bfer_167	 1	 17	 1106.jpg	 8.086890e+02	 12	 999000	 120	 999000	 999	 8.097071e+02	 650.00	 700.00	 9.00	 6	 0.64	 
bfer_167	 1	 17	 2102.jpg	 8.106913e+02	 24	 999000	 240	 999000	 999	 8.117093e+02	 650.00	 700.00	 61.00	 2	 0.54	 
bfer_167	 1	 17	 2118.jpg	 8.126935e+02	 24	 999000	 240	 999000	 999	 8.137116e+02	 650.00	 700.00	 57.00	 18	 0.59	 
bfer_167	 1	 17	 2206.jpg	 8.166980e+02	 22	 1.028864e+03	 2200	 7.000347e+02	 98	 8.177161e+02	 650.00	 650.00	 50.00	 27	 0.63	 
bfer_167	 1	 17	 2214.jpg	 8.206859e+02	 24	 999000	 240	 999000	 999	 8.217041e+02	 650.00	 650.00	 59.00	 35	 0.56	 
bfer_167	 1	 17	 2201.jpg	 8.236892e+02	 22	 8.696807e+02	 220	 6.500256e+02	 98	 8.247073e+02	 650.00	 666.67	 52.00	 22	 0.63	 
bfer_167	 1	 17	 2215.jpg	 8.276937e+02	 24	 999000	 240	 999000	 999	 8.287118e+02	 650.00	 666.67	 77.00	 36	 0.17	 
bfer_167	 1	 17	 2106.jpg	 8.306970e+02	 24	 999000	 240	 999000	 999	 8.317152e+02	 650.00	 666.67	 51.00	 6	 0.63	 
bfer_167	 1	 17	 1115.jpg	 8.326993e+02	 12	 999000	 120	 999000	 999	 8.337174e+02	 650.00	 666.67	 14.00	 15	 0.59	 
bfer_167	 1	 17	 1204.jpg	 8.366872e+02	 12	 999000	 120	 999000	 999	 8.377054e+02	 650.00	 666.67	 4.00	 25	 0.70	 
bfer_167	 1	 17	 2217.jpg	 8.386894e+02	 24	 999000	 240	 999000	 999	 8.397075e+02	 650.00	 666.67	 60.00	 38	 0.55	 
bfer_167	 1	 17	 1104.jpg	 8.406916e+02	 12	 999000	 120	 999000	 999	 8.417097e+02	 650.00	 666.67	 19.00	 4	 0.49	 
bfer_167	 1	 17	 2113.jpg	 8.446961e+02	 22	 9.107779e+02	 220	 6.666843e+02	 98	 8.457143e+02	 650.00	 683.33	 55.00	 13	 0.61	 
bfer_167	 1	 17	 2120.jpg	 8.466984e+02	 24	 999000	 240	 999000	 999	 8.477165e+02	 650.00	 683.33	 54.00	 20	 0.61	 
bfer_167	 1	 17	 1102.jpg	 8.506862e+02	 11	 9.207022e+02	 110	 6.500291e+02	 98	 8.517042e+02	 666.67	 683.33	 13.00	 2	 0.60	 
bfer_167	 1	 17	 1206.jpg	 8.546906e+02	 12	 999000	 120	 999000	 999	 8.557088e+02	 666.67	 683.33	 20.00	 27	 0.48	 
bfer_167	 1	 17	 2107.jpg	 8.576941e+02	 22	 9.048216e+02	 220	 6.833602e+02	 98	 8.587122e+02	 666.67	 700.00	 53.00	 7	 0.61	 
bfer_167	 1	 17	 1121.jpg	 8.637009e+02	 11	 1.049990e+03	 1100	 6.666818e+02	 98	 8.647189e+02	 616.67	 700.00	 10.00	 21	 0.63	 
bfer_167	 1	 17	 1101.jpg	 8.656864e+02	 12	 999000	 120	 999000	 999	 8.667045e+02	 616.67	 700.00	 37.00	 1	 0.32	 
bfer_167	 1	 17	 1114.jpg	 8.696908e+02	 12	 999000	 120	 999000	 999	 8.707090e+02	 616.67	 700.00	 16.00	 14	 0.54	 
bfer_167	 1	 17	 2110.jpg	 8.716931e+02	 22	 1.025778e+03	 2200	 7.000251e+02	 98	 8.727111e+02	 616.67	 650.00	 47.00	 10	 0.66	 
bfer_167	 1	 17	 1118.jpg	 8.736953e+02	 11	 8.955749e+02	 110	 6.167107e+02	 98	 8.747135e+02	 633.33	 650.00	 15.00	 18	 0.59	 
bfer_167	 1	 17	 1219.jpg	 8.756976e+02	 12	 999000	 120	 999000	 999	 8.767158e+02	 633.33	 650.00	 11.00	 40	 0.63	 
bfer_167	 1	 17	 1217.jpg	 8.806866e+02	 12	 999000	 120	 999000	 999	 8.817047e+02	 633.33	 650.00	 21.00	 38	 0.48	 
bfer_167	 1	 17	 2219.jpg	 8.826887e+02	 24	 999000	 240	 999000	 999	 8.837069e+02	 633.33	 650.00	 49.00	 40	 0.64	 
bfer_167	 1	 17	 1113.jpg	 8.846911e+02	 11	 8.758203e+02	 110	 6.333648e+02	 98	 8.857092e+02	 650.00	 650.00	 18.00	 13	 0.52	 
bfer_167	 1	 17	 1216.jpg	 8.876945e+02	 12	 999000	 120	 999000	 999	 8.887126e+02	 650.00	 650.00	 17.00	 37	 0.53	 
