subjectID	 order	 runNum	 itemName	 onsetTime	 shuff_trialType	 RT	 respInTime	 AudioTime	 response	 fixationTime	 ladder1	 ladder2	 bidIndex	 itemNameIndex	 bidValue	 
bfer_126	 2	 2	 2211.jpg	 1.262436e+02	 22	 4.590525e+02	 22	 7.166938e+02	 98	 1.272621e+02	 716.67	 733.33	 48.00	 32	 0.72	 
bfer_126	 2	 2	 2103.jpg	 1.292474e+02	 22	 1.023337e+03	 2200	 7.333587e+02	 98	 1.302655e+02	 716.67	 683.33	 49.00	 3	 0.72	 
bfer_126	 2	 2	 1210.jpg	 1.312328e+02	 12	 999000	 120	 999000	 999	 1.322510e+02	 716.67	 683.33	 38.00	 31	 0.20	 
bfer_126	 2	 2	 1208.jpg	 1.332348e+02	 12	 999000	 120	 999000	 999	 1.342532e+02	 716.67	 683.33	 10.00	 29	 0.63	 
bfer_126	 2	 2	 2216.jpg	 1.352374e+02	 24	 999000	 240	 999000	 999	 1.362554e+02	 716.67	 683.33	 47.00	 37	 0.75	 
bfer_126	 2	 2	 2218.jpg	 1.382407e+02	 24	 4.299704e+02	 24	 999000	 98	 1.392589e+02	 716.67	 683.33	 50.00	 39	 0.70	 
bfer_126	 2	 2	 1217.jpg	 1.402430e+02	 12	 999000	 120	 999000	 999	 1.412612e+02	 716.67	 683.33	 20.00	 38	 0.52	 
bfer_126	 2	 2	 2110.jpg	 1.442475e+02	 22	 9.271817e+02	 220	 6.833540e+02	 98	 1.452655e+02	 716.67	 700.00	 54.00	 10	 0.60	 
bfer_126	 2	 2	 1212.jpg	 1.462496e+02	 11	 9.170689e+02	 110	 7.167039e+02	 98	 1.472679e+02	 733.33	 700.00	 17.00	 33	 0.57	 
bfer_126	 2	 2	 1120.jpg	 1.512386e+02	 12	 999000	 120	 999000	 999	 1.522569e+02	 733.33	 700.00	 13.00	 20	 0.59	 
bfer_126	 2	 2	 2201.jpg	 1.532409e+02	 22	 9.658202e+02	 220	 7.000242e+02	 98	 1.542591e+02	 733.33	 716.67	 56.00	 22	 0.58	 
bfer_126	 2	 2	 1103.jpg	 1.572453e+02	 12	 1.001364e+03	 12	 999000	 98	 1.582636e+02	 733.33	 716.67	 3.00	 3	 0.75	 
bfer_126	 2	 2	 1102.jpg	 1.592476e+02	 12	 999000	 120	 999000	 999	 1.602658e+02	 733.33	 716.67	 19.00	 2	 0.55	 
bfer_126	 2	 2	 1115.jpg	 1.622343e+02	 12	 999000	 120	 999000	 999	 1.632525e+02	 733.33	 716.67	 22.00	 15	 0.48	 
bfer_126	 2	 2	 2101.jpg	 1.672400e+02	 24	 999000	 240	 999000	 999	 1.682580e+02	 733.33	 716.67	 58.00	 1	 0.57	 
bfer_126	 2	 2	 2208.jpg	 1.692421e+02	 24	 999000	 240	 999000	 999	 1.702602e+02	 733.33	 716.67	 62.00	 29	 0.47	 
bfer_126	 2	 2	 2204.jpg	 1.712444e+02	 24	 999000	 240	 999000	 999	 1.722625e+02	 733.33	 716.67	 60.00	 25	 0.50	 
bfer_126	 2	 2	 2117.jpg	 1.752488e+02	 24	 999000	 240	 999000	 999	 1.762670e+02	 733.33	 716.67	 77.00	 17	 0.24	 
bfer_126	 2	 2	 2109.jpg	 1.792366e+02	 24	 999000	 240	 999000	 999	 1.802548e+02	 733.33	 716.67	 52.00	 9	 0.66	 
bfer_126	 2	 2	 2219.jpg	 1.832412e+02	 24	 999000	 240	 999000	 999	 1.842594e+02	 733.33	 716.67	 55.00	 40	 0.60	 
bfer_126	 2	 2	 2205.jpg	 1.852434e+02	 24	 999000	 240	 999000	 999	 1.862616e+02	 733.33	 716.67	 59.00	 26	 0.51	 
bfer_126	 2	 2	 1216.jpg	 1.872457e+02	 11	 9.689894e+02	 110	 7.333552e+02	 98	 1.882638e+02	 750.00	 716.67	 9.00	 37	 0.66	 
bfer_126	 2	 2	 1109.jpg	 1.892479e+02	 12	 999000	 120	 999000	 999	 1.902662e+02	 750.00	 716.67	 7.00	 9	 0.67	 
bfer_126	 2	 2	 2202.jpg	 1.912502e+02	 22	 9.885203e+02	 220	 7.166863e+02	 98	 1.922683e+02	 750.00	 733.33	 57.00	 23	 0.58	 
bfer_126	 2	 2	 2107.jpg	 1.972402e+02	 22	 1.030533e+03	 2200	 7.333578e+02	 98	 1.982584e+02	 750.00	 683.33	 51.00	 7	 0.68	 
bfer_126	 2	 2	 1119.jpg	 2.002436e+02	 12	 999000	 120	 999000	 999	 2.012617e+02	 750.00	 683.33	 21.00	 19	 0.51	 
bfer_126	 2	 2	 1107.jpg	 2.022458e+02	 11	 6.488969e+02	 11	 7.500282e+02	 98	 2.032640e+02	 766.67	 683.33	 14.00	 7	 0.58	 
bfer_126	 2	 2	 1218.jpg	 2.042482e+02	 11	 1.054539e+03	 1100	 7.667384e+02	 98	 2.052662e+02	 716.67	 683.33	 11.00	 39	 0.62	 
bfer_126	 2	 2	 2111.jpg	 2.072345e+02	 24	 999000	 240	 999000	 999	 2.082529e+02	 716.67	 683.33	 53.00	 11	 0.64	 
bfer_126	 2	 2	 2209.jpg	 2.092371e+02	 24	 999000	 240	 999000	 999	 2.102551e+02	 716.67	 683.33	 44.00	 30	 0.82	 
bfer_126	 2	 2	 2206.jpg	 2.112393e+02	 24	 999000	 240	 999000	 999	 2.122575e+02	 716.67	 683.33	 43.00	 27	 0.86	 
bfer_126	 2	 2	 2104.jpg	 2.132414e+02	 24	 999000	 240	 999000	 999	 2.142597e+02	 716.67	 683.33	 61.00	 4	 0.48	 
bfer_126	 2	 2	 1202.jpg	 2.162449e+02	 12	 6.498590e+02	 12	 999000	 98	 2.172630e+02	 716.67	 683.33	 18.00	 23	 0.56	 
bfer_126	 2	 2	 1214.jpg	 2.182471e+02	 12	 7.996595e+02	 12	 999000	 98	 2.192653e+02	 716.67	 683.33	 4.00	 35	 0.74	 
bfer_126	 2	 2	 1209.jpg	 2.202493e+02	 12	 999000	 120	 999000	 999	 2.212675e+02	 716.67	 683.33	 12.00	 30	 0.59	 
bfer_126	 2	 2	 1106.jpg	 2.222346e+02	 11	 1.004109e+03	 1100	 7.166956e+02	 98	 2.232531e+02	 666.67	 683.33	 16.00	 6	 0.57	 
bfer_126	 2	 2	 2212.jpg	 2.242372e+02	 24	 999000	 240	 999000	 999	 2.252553e+02	 666.67	 683.33	 78.00	 33	 0.22	 
bfer_126	 2	 2	 1113.jpg	 2.302439e+02	 12	 999000	 120	 999000	 999	 2.312621e+02	 666.67	 683.33	 15.00	 13	 0.58	 
bfer_126	 2	 2	 1215.jpg	 2.332473e+02	 11	 8.953926e+02	 110	 6.666814e+02	 98	 2.342654e+02	 683.33	 683.33	 8.00	 36	 0.67	 
bfer_126	 2	 2	 1105.jpg	 2.372351e+02	 12	 999000	 120	 999000	 999	 2.382532e+02	 683.33	 683.33	 37.00	 5	 0.22	 
