subjectID	 order	 runNum	 itemName	 onsetTime	 shuff_trialType	 RT	 respInTime	 AudioTime	 response	 fixationTime	 ladder1	 ladder2	 bidIndex	 itemNameIndex	 bidValue	 
bfer_140	 2	 1	 1218.jpg	 1.411961e+00	 12	 999000	 120	 999000	 999	 2.430672e+00	 750.00	 750.00	 10.00	 39	 0.70	 
bfer_140	 2	 1	 2202.jpg	 4.415692e+00	 24	 999000	 240	 999000	 999	 5.434092e+00	 750.00	 750.00	 52.00	 23	 0.65	 
bfer_140	 2	 1	 2111.jpg	 8.403530e+00	 24	 999000	 240	 999000	 999	 9.421842e+00	 750.00	 750.00	 60.00	 11	 0.51	 
bfer_140	 2	 1	 2203.jpg	 1.040571e+01	 24	 999000	 240	 999000	 999	 1.142418e+01	 750.00	 750.00	 78.00	 24	 0.24	 
bfer_140	 2	 1	 1108.jpg	 1.240816e+01	 12	 999000	 120	 999000	 999	 1.342702e+01	 750.00	 750.00	 38.00	 8	 0.14	 
bfer_140	 2	 1	 2219.jpg	 1.641241e+01	 24	 999000	 240	 999000	 999	 1.743058e+01	 750.00	 750.00	 53.00	 40	 0.64	 
bfer_140	 2	 1	 2217.jpg	 1.841473e+01	 24	 999000	 240	 999000	 999	 1.943282e+01	 750.00	 750.00	 44.00	 38	 0.77	 
bfer_140	 2	 1	 2207.jpg	 2.340364e+01	 24	 999000	 240	 999000	 999	 2.442176e+01	 750.00	 750.00	 43.00	 28	 0.79	 
bfer_140	 2	 1	 2210.jpg	 2.540585e+01	 24	 999000	 240	 999000	 999	 2.642397e+01	 750.00	 750.00	 62.00	 31	 0.47	 
bfer_140	 2	 1	 2114.jpg	 2.840923e+01	 24	 999000	 240	 999000	 999	 2.942735e+01	 750.00	 750.00	 61.00	 14	 0.49	 
bfer_140	 2	 1	 1111.jpg	 3.141262e+01	 12	 999000	 120	 999000	 999	 3.243084e+01	 750.00	 750.00	 18.00	 11	 0.52	 
bfer_140	 2	 1	 1103.jpg	 3.540018e+01	 12	 999000	 120	 999000	 999	 3.641850e+01	 750.00	 750.00	 15.00	 3	 0.57	 
bfer_140	 2	 1	 2205.jpg	 3.840381e+01	 22	 1.026702e+03	 2200	 7.502577e+02	 98	 3.942192e+01	 750.00	 700.00	 49.00	 26	 0.73	 
bfer_140	 2	 1	 1209.jpg	 4.040599e+01	 12	 999000	 120	 999000	 999	 4.142411e+01	 750.00	 700.00	 3.00	 30	 0.87	 
bfer_140	 2	 1	 2204.jpg	 4.340938e+01	 22	 9.571249e+02	 220	 7.000935e+02	 98	 4.442753e+01	 750.00	 716.67	 57.00	 25	 0.59	 
bfer_140	 2	 1	 1207.jpg	 4.741406e+01	 12	 999000	 120	 999000	 999	 4.843198e+01	 750.00	 716.67	 4.00	 28	 0.78	 
bfer_140	 2	 1	 2201.jpg	 5.040026e+01	 22	 9.902463e+02	 220	 7.167453e+02	 98	 5.141863e+01	 750.00	 733.33	 48.00	 22	 0.74	 
bfer_140	 2	 1	 1214.jpg	 5.240279e+01	 11	 1.019718e+03	 1100	 7.502038e+02	 98	 5.342096e+01	 700.00	 733.33	 16.00	 35	 0.56	 
bfer_140	 2	 1	 1205.jpg	 5.440509e+01	 11	 8.894196e+02	 110	 7.001030e+02	 98	 5.542319e+01	 716.67	 733.33	 8.00	 26	 0.76	 
bfer_140	 2	 1	 2215.jpg	 5.941067e+01	 24	 999000	 240	 999000	 999	 6.042876e+01	 716.67	 733.33	 50.00	 36	 0.69	 
bfer_140	 2	 1	 2218.jpg	 6.341522e+01	 24	 4.472866e+02	 24	 999000	 98	 6.443334e+01	 716.67	 733.33	 47.00	 39	 0.74	 
bfer_140	 2	 1	 1202.jpg	 6.740303e+01	 12	 999000	 120	 999000	 999	 6.842106e+01	 716.67	 733.33	 21.00	 23	 0.50	 
bfer_140	 2	 1	 1120.jpg	 7.340971e+01	 11	 9.407942e+02	 110	 7.167334e+02	 98	 7.442779e+01	 733.33	 733.33	 14.00	 20	 0.57	 
bfer_140	 2	 1	 2216.jpg	 7.541194e+01	 22	 9.465821e+02	 220	 7.334233e+02	 98	 7.643010e+01	 733.33	 750.00	 54.00	 37	 0.64	 
bfer_140	 2	 1	 2119.jpg	 7.741419e+01	 24	 999000	 240	 999000	 999	 7.843237e+01	 733.33	 750.00	 77.00	 19	 0.24	 
bfer_140	 2	 1	 1213.jpg	 7.941650e+01	 11	 9.420094e+02	 110	 7.334149e+02	 98	 8.043457e+01	 750.00	 750.00	 11.00	 34	 0.69	 
bfer_140	 2	 1	 1121.jpg	 8.140199e+01	 12	 999000	 120	 999000	 999	 8.242017e+01	 750.00	 750.00	 22.00	 21	 0.50	 
bfer_140	 2	 1	 2214.jpg	 8.540652e+01	 22	 9.919912e+02	 220	 7.503198e+02	 98	 8.642477e+01	 750.00	 766.67	 51.00	 35	 0.67	 
bfer_140	 2	 1	 1117.jpg	 8.740871e+01	 12	 999000	 120	 999000	 999	 8.842682e+01	 750.00	 766.67	 37.00	 17	 0.16	 
bfer_140	 2	 1	 2121.jpg	 9.141330e+01	 22	 999000	 2	 7.668466e+02	 999	 9.243140e+01	 750.00	 716.67	 56.00	 21	 0.60	 
bfer_140	 2	 1	 2109.jpg	 9.341545e+01	 24	 999000	 240	 999000	 999	 9.443362e+01	 750.00	 716.67	 58.00	 9	 0.59	 
bfer_140	 2	 1	 1219.jpg	 9.540087e+01	 12	 999000	 120	 999000	 999	 9.641910e+01	 750.00	 716.67	 7.00	 40	 0.77	 
bfer_140	 2	 1	 1109.jpg	 9.740333e+01	 11	 9.391772e+02	 110	 7.503360e+02	 98	 9.842143e+01	 766.67	 716.67	 9.00	 9	 0.74	 
bfer_140	 2	 1	 1102.jpg	 1.024089e+02	 12	 999000	 120	 999000	 999	 1.034270e+02	 766.67	 716.67	 19.00	 2	 0.52	 
bfer_140	 2	 1	 2212.jpg	 1.044112e+02	 24	 999000	 240	 999000	 999	 1.054295e+02	 766.67	 716.67	 55.00	 33	 0.61	 
bfer_140	 2	 1	 1106.jpg	 1.064134e+02	 11	 1.025164e+03	 1100	 7.666996e+02	 98	 1.074316e+02	 716.67	 716.67	 17.00	 6	 0.54	 
bfer_140	 2	 1	 1216.jpg	 1.093998e+02	 12	 999000	 120	 999000	 999	 1.104183e+02	 716.67	 716.67	 20.00	 37	 0.51	 
bfer_140	 2	 1	 1217.jpg	 1.164079e+02	 12	 999000	 120	 999000	 999	 1.174260e+02	 716.67	 716.67	 13.00	 38	 0.61	 
bfer_140	 2	 1	 2103.jpg	 1.204124e+02	 24	 999000	 240	 999000	 999	 1.214306e+02	 716.67	 716.67	 59.00	 3	 0.52	 
bfer_140	 2	 1	 1204.jpg	 1.274035e+02	 12	 5.309505e+02	 12	 999000	 98	 1.284218e+02	 716.67	 716.67	 12.00	 25	 0.64	 
