subjectID	 order	 runNum	 itemName	 onsetTime	 shuff_trialType	 RT	 respInTime	 AudioTime	 response	 fixationTime	 ladder1	 ladder2	 bidIndex	 itemNameIndex	 bidValue	 
bfer_167	 1	 3	 2107.jpg	 2.438928e+02	 22	 9.938107e+02	 220	 7.500402e+02	 98	 2.449112e+02	 750.00	 766.67	 53.00	 7	 0.61	 
bfer_167	 1	 3	 1102.jpg	 2.458954e+02	 11	 9.592200e+02	 110	 7.500233e+02	 98	 2.469135e+02	 766.67	 766.67	 13.00	 2	 0.60	 
bfer_167	 1	 3	 2210.jpg	 2.498830e+02	 24	 999000	 240	 999000	 999	 2.509015e+02	 766.67	 766.67	 78.00	 31	 0.14	 
bfer_167	 1	 3	 2214.jpg	 2.528865e+02	 24	 999000	 240	 999000	 999	 2.539047e+02	 766.67	 766.67	 59.00	 35	 0.56	 
bfer_167	 1	 3	 1202.jpg	 2.548888e+02	 12	 999000	 120	 999000	 999	 2.559069e+02	 766.67	 766.67	 3.00	 23	 0.70	 
bfer_167	 1	 3	 2215.jpg	 2.578922e+02	 24	 999000	 240	 999000	 999	 2.589103e+02	 766.67	 766.67	 77.00	 36	 0.17	 
bfer_167	 1	 3	 2106.jpg	 2.618967e+02	 24	 999000	 240	 999000	 999	 2.629148e+02	 766.67	 766.67	 51.00	 6	 0.63	 
bfer_167	 1	 3	 1115.jpg	 2.658845e+02	 12	 999000	 120	 999000	 999	 2.669027e+02	 766.67	 766.67	 14.00	 15	 0.59	 
bfer_167	 1	 3	 1101.jpg	 2.678868e+02	 12	 999000	 120	 999000	 999	 2.689048e+02	 766.67	 766.67	 37.00	 1	 0.32	 
bfer_167	 1	 3	 1216.jpg	 2.728923e+02	 12	 999000	 120	 999000	 999	 2.739105e+02	 766.67	 766.67	 17.00	 37	 0.53	 
bfer_167	 1	 3	 2113.jpg	 2.748946e+02	 22	 1.007951e+03	 2200	 7.666928e+02	 98	 2.759128e+02	 766.67	 716.67	 55.00	 13	 0.61	 
bfer_167	 1	 3	 1104.jpg	 2.768969e+02	 12	 999000	 120	 999000	 999	 2.779150e+02	 766.67	 716.67	 19.00	 4	 0.49	 
bfer_167	 1	 3	 2204.jpg	 2.828870e+02	 22	 9.595953e+02	 220	 7.166957e+02	 98	 2.839051e+02	 766.67	 733.33	 58.00	 25	 0.57	 
bfer_167	 1	 3	 2217.jpg	 2.848892e+02	 24	 999000	 240	 999000	 999	 2.859074e+02	 766.67	 733.33	 60.00	 38	 0.55	 
bfer_167	 1	 3	 1120.jpg	 2.868914e+02	 12	 999000	 120	 999000	 999	 2.879096e+02	 766.67	 733.33	 8.00	 20	 0.65	 
bfer_167	 1	 3	 2118.jpg	 2.888937e+02	 24	 999000	 240	 999000	 999	 2.899119e+02	 766.67	 733.33	 57.00	 18	 0.59	 
bfer_167	 1	 3	 2108.jpg	 2.928982e+02	 24	 999000	 240	 999000	 999	 2.939163e+02	 766.67	 733.33	 62.00	 8	 0.54	 
bfer_167	 1	 3	 1203.jpg	 2.968861e+02	 12	 999000	 120	 999000	 999	 2.979041e+02	 766.67	 733.33	 22.00	 24	 0.48	 
bfer_167	 1	 3	 1114.jpg	 2.998894e+02	 12	 999000	 120	 999000	 999	 3.009077e+02	 766.67	 733.33	 16.00	 14	 0.54	 
bfer_167	 1	 3	 2120.jpg	 3.038938e+02	 24	 999000	 240	 999000	 999	 3.049121e+02	 766.67	 733.33	 54.00	 20	 0.61	 
bfer_167	 1	 3	 1113.jpg	 3.068973e+02	 11	 9.813073e+02	 110	 7.666811e+02	 98	 3.079156e+02	 783.33	 733.33	 18.00	 13	 0.52	 
bfer_167	 1	 3	 2219.jpg	 3.088847e+02	 24	 999000	 240	 999000	 999	 3.099009e+02	 783.33	 733.33	 49.00	 40	 0.64	 
bfer_167	 1	 3	 1205.jpg	 3.128873e+02	 11	 1.015405e+03	 1100	 7.833543e+02	 98	 3.139071e+02	 733.33	 733.33	 7.00	 26	 0.67	 
bfer_167	 1	 3	 1204.jpg	 3.148896e+02	 12	 999000	 120	 999000	 999	 3.159077e+02	 733.33	 733.33	 4.00	 25	 0.70	 
bfer_167	 1	 3	 2121.jpg	 3.168918e+02	 24	 999000	 240	 999000	 999	 3.179099e+02	 733.33	 733.33	 43.00	 21	 0.73	 
bfer_167	 1	 3	 1219.jpg	 3.208963e+02	 12	 999000	 120	 999000	 999	 3.219144e+02	 733.33	 733.33	 11.00	 40	 0.63	 
bfer_167	 1	 3	 1117.jpg	 3.228985e+02	 12	 999000	 120	 999000	 999	 3.239167e+02	 733.33	 733.33	 38.00	 17	 0.25	 
bfer_167	 1	 3	 2206.jpg	 3.268863e+02	 22	 1.032273e+03	 2200	 7.333498e+02	 98	 3.279044e+02	 733.33	 683.33	 50.00	 27	 0.63	 
bfer_167	 1	 3	 2109.jpg	 3.308909e+02	 24	 999000	 240	 999000	 999	 3.319092e+02	 733.33	 683.33	 48.00	 9	 0.64	 
bfer_167	 1	 3	 2110.jpg	 3.338942e+02	 22	 9.364325e+02	 220	 6.833495e+02	 98	 3.349123e+02	 733.33	 700.00	 47.00	 10	 0.66	 
bfer_167	 1	 3	 2213.jpg	 3.398841e+02	 24	 999000	 240	 999000	 999	 3.409025e+02	 733.33	 700.00	 44.00	 34	 0.73	 
bfer_167	 1	 3	 2201.jpg	 3.418866e+02	 22	 9.680033e+02	 220	 7.000269e+02	 98	 3.429047e+02	 733.33	 716.67	 52.00	 22	 0.63	 
bfer_167	 1	 3	 1206.jpg	 3.458911e+02	 12	 999000	 120	 999000	 999	 3.469092e+02	 733.33	 716.67	 20.00	 27	 0.48	 
bfer_167	 1	 3	 1118.jpg	 3.478933e+02	 11	 1.033258e+03	 1100	 7.333560e+02	 98	 3.489113e+02	 683.33	 716.67	 15.00	 18	 0.59	 
bfer_167	 1	 3	 2114.jpg	 3.498955e+02	 24	 999000	 240	 999000	 999	 3.509137e+02	 683.33	 716.67	 56.00	 14	 0.60	 
bfer_167	 1	 3	 1121.jpg	 3.518979e+02	 11	 9.167449e+02	 110	 6.833519e+02	 98	 3.529159e+02	 700.00	 716.67	 10.00	 21	 0.63	 
bfer_167	 1	 3	 2102.jpg	 3.568868e+02	 24	 999000	 240	 999000	 999	 3.579048e+02	 700.00	 716.67	 61.00	 2	 0.54	 
bfer_167	 1	 3	 1106.jpg	 3.588890e+02	 12	 999000	 120	 999000	 999	 3.599071e+02	 700.00	 716.67	 9.00	 6	 0.64	 
bfer_167	 1	 3	 1209.jpg	 3.608913e+02	 11	 1.083320e+03	 1100	 7.000220e+02	 98	 3.619095e+02	 650.00	 716.67	 12.00	 30	 0.60	 
bfer_167	 1	 3	 1217.jpg	 3.638946e+02	 12	 999000	 120	 999000	 999	 3.649127e+02	 650.00	 716.67	 21.00	 38	 0.48	 
