subjectID	 order	 runNum	 itemName	 onsetTime	 shuff_trialType	 RT	 respInTime	 AudioTime	 response	 fixationTime	 ladder1	 ladder2	 bidIndex	 itemNameIndex	 bidValue	 
BFE_334	 2	 14	 1205.jpg	 9.031827e+02	 12	 999000	 120	 999000	 999	 9.042006e+02	 583.33	 650.00	 21.00	 26	 0.47	 
BFE_334	 2	 14	 2206.jpg	 9.061694e+02	 24	 999000	 240	 999000	 999	 9.071872e+02	 583.33	 650.00	 62.00	 27	 0.44	 
BFE_334	 2	 14	 1102.jpg	 9.101739e+02	 12	 999000	 120	 999000	 999	 9.111917e+02	 583.33	 650.00	 38.00	 2	 0.22	 
BFE_334	 2	 14	 2216.jpg	 9.121762e+02	 24	 999000	 240	 999000	 999	 9.131939e+02	 583.33	 650.00	 43.00	 37	 0.84	 
BFE_334	 2	 14	 1117.jpg	 9.141615e+02	 11	 9.290597e+02	 110	 5.833914e+02	 98	 9.151795e+02	 600.00	 650.00	 11.00	 17	 0.62	 
BFE_334	 2	 14	 1208.jpg	 9.181662e+02	 12	 999000	 120	 999000	 999	 9.191840e+02	 600.00	 650.00	 3.00	 29	 0.81	 
BFE_334	 2	 14	 2110.jpg	 9.201686e+02	 24	 999000	 240	 999000	 999	 9.211862e+02	 600.00	 650.00	 50.00	 10	 0.67	 
BFE_334	 2	 14	 1111.jpg	 9.251740e+02	 12	 3.565248e+02	 12	 999000	 98	 9.261919e+02	 600.00	 650.00	 18.00	 11	 0.48	 
BFE_334	 2	 14	 2211.jpg	 9.271764e+02	 22	 1.050245e+03	 2200	 6.500629e+02	 98	 9.281941e+02	 600.00	 600.00	 48.00	 32	 0.73	 
BFE_334	 2	 14	 2116.jpg	 9.301628e+02	 22	 9.997437e+02	 220	 6.000497e+02	 98	 9.311808e+02	 600.00	 616.67	 57.00	 16	 0.50	 
BFE_334	 2	 14	 1218.jpg	 9.331664e+02	 12	 999000	 120	 999000	 999	 9.341841e+02	 600.00	 616.67	 10.00	 39	 0.63	 
BFE_334	 2	 14	 2204.jpg	 9.371708e+02	 22	 9.517066e+02	 220	 6.167133e+02	 98	 9.381886e+02	 600.00	 633.33	 49.00	 25	 0.71	 
BFE_334	 2	 14	 2214.jpg	 9.401743e+02	 22	 8.683186e+02	 220	 6.333797e+02	 98	 9.411919e+02	 600.00	 650.00	 56.00	 35	 0.51	 
BFE_334	 2	 14	 1121.jpg	 9.421764e+02	 11	 8.581100e+02	 110	 6.000422e+02	 98	 9.431942e+02	 616.67	 650.00	 14.00	 21	 0.58	 
BFE_334	 2	 14	 1110.jpg	 9.451632e+02	 12	 999000	 120	 999000	 999	 9.461809e+02	 616.67	 650.00	 13.00	 10	 0.60	 
BFE_334	 2	 14	 1107.jpg	 9.491677e+02	 12	 999000	 120	 999000	 999	 9.501854e+02	 616.67	 650.00	 20.00	 7	 0.47	 
BFE_334	 2	 14	 2210.jpg	 9.521710e+02	 24	 999000	 240	 999000	 999	 9.531888e+02	 616.67	 650.00	 59.00	 31	 0.47	 
BFE_334	 2	 14	 2205.jpg	 9.541732e+02	 24	 999000	 240	 999000	 999	 9.551910e+02	 616.67	 650.00	 47.00	 26	 0.77	 
BFE_334	 2	 14	 2218.jpg	 9.561755e+02	 22	 9.390435e+02	 220	 6.500477e+02	 98	 9.571934e+02	 616.67	 666.67	 54.00	 39	 0.52	 
BFE_334	 2	 14	 2219.jpg	 9.611643e+02	 24	 999000	 240	 999000	 999	 9.621822e+02	 616.67	 666.67	 44.00	 40	 0.80	 
BFE_334	 2	 14	 1213.jpg	 9.651689e+02	 12	 999000	 120	 999000	 999	 9.661866e+02	 616.67	 666.67	 12.00	 34	 0.61	 
BFE_334	 2	 14	 2112.jpg	 9.691734e+02	 24	 999000	 240	 999000	 999	 9.701911e+02	 616.67	 666.67	 61.00	 12	 0.45	 
BFE_334	 2	 14	 1113.jpg	 9.751634e+02	 11	 9.271239e+02	 110	 6.167100e+02	 98	 9.761813e+02	 633.33	 666.67	 9.00	 13	 0.66	 
BFE_334	 2	 14	 1211.jpg	 9.771656e+02	 12	 999000	 120	 999000	 999	 9.781834e+02	 633.33	 666.67	 4.00	 32	 0.80	 
BFE_334	 2	 14	 1209.jpg	 9.791679e+02	 12	 999000	 120	 999000	 999	 9.801857e+02	 633.33	 666.67	 37.00	 30	 0.28	 
BFE_334	 2	 14	 2106.jpg	 9.811702e+02	 24	 999000	 240	 999000	 999	 9.821880e+02	 633.33	 666.67	 53.00	 6	 0.55	 
BFE_334	 2	 14	 2109.jpg	 9.831724e+02	 24	 999000	 240	 999000	 999	 9.841901e+02	 633.33	 666.67	 60.00	 9	 0.47	 
BFE_334	 2	 14	 1216.jpg	 9.871769e+02	 11	 1.009648e+03	 1100	 6.334067e+02	 98	 9.881959e+02	 583.33	 666.67	 8.00	 37	 0.67	 
BFE_334	 2	 14	 2217.jpg	 9.891622e+02	 24	 999000	 240	 999000	 999	 9.901803e+02	 583.33	 666.67	 77.00	 38	 0.30	 
BFE_334	 2	 14	 1219.jpg	 9.931670e+02	 12	 999000	 120	 999000	 999	 9.941847e+02	 583.33	 666.67	 15.00	 40	 0.56	 
BFE_334	 2	 14	 1214.jpg	 9.951692e+02	 11	 9.373254e+02	 110	 5.833768e+02	 98	 9.961870e+02	 600.00	 666.67	 17.00	 35	 0.48	 
BFE_334	 2	 14	 2113.jpg	 9.971714e+02	 24	 999000	 240	 999000	 999	 9.981891e+02	 600.00	 666.67	 52.00	 13	 0.62	 
BFE_334	 2	 14	 2202.jpg	 9.991736e+02	 24	 999000	 240	 999000	 999	 1.000191e+03	 600.00	 666.67	 78.00	 23	 0.27	 
BFE_334	 2	 14	 2105.jpg	 1.004162e+03	 24	 999000	 240	 999000	 999	 1.005180e+03	 600.00	 666.67	 58.00	 5	 0.48	 
BFE_334	 2	 14	 1109.jpg	 1.006165e+03	 11	 9.657216e+02	 110	 6.000315e+02	 98	 1.007183e+03	 616.67	 666.67	 16.00	 9	 0.51	 
BFE_334	 2	 14	 1215.jpg	 1.008167e+03	 12	 999000	 120	 999000	 999	 1.009185e+03	 616.67	 666.67	 7.00	 36	 0.69	 
BFE_334	 2	 14	 2107.jpg	 1.011170e+03	 24	 999000	 240	 999000	 999	 1.012188e+03	 616.67	 666.67	 55.00	 7	 0.51	 
BFE_334	 2	 14	 1119.jpg	 1.018161e+03	 12	 999000	 120	 999000	 999	 1.019179e+03	 616.67	 666.67	 19.00	 19	 0.47	 
BFE_334	 2	 14	 1206.jpg	 1.022166e+03	 12	 999000	 120	 999000	 999	 1.023184e+03	 616.67	 666.67	 22.00	 27	 0.46	 
BFE_334	 2	 14	 2209.jpg	 1.029174e+03	 22	 9.886118e+02	 220	 6.667129e+02	 98	 1.030192e+03	 616.67	 683.33	 51.00	 30	 0.67	 
