subjectID	 order	 runNum	 itemName	 onsetTime	 shuff_trialType	 RT	 respInTime	 AudioTime	 response	 fixationTime	 ladder1	 ladder2	 bidIndex	 itemNameIndex	 bidValue	 
BFE_338	 2	 12	 2213.jpg	 6.397135e+02	 22	 9.847475e+02	 220	 6.500673e+02	 98	 6.407314e+02	 650.00	 666.67	 51.00	 34	 0.70	 
BFE_338	 2	 12	 2114.jpg	 6.426999e+02	 22	 9.983111e+02	 220	 6.667121e+02	 98	 6.437181e+02	 650.00	 683.33	 56.00	 14	 0.60	 
BFE_338	 2	 12	 2209.jpg	 6.447025e+02	 24	 999000	 240	 999000	 999	 6.457204e+02	 650.00	 683.33	 53.00	 30	 0.65	 
BFE_338	 2	 12	 1108.jpg	 6.467048e+02	 12	 999000	 120	 999000	 999	 6.477225e+02	 650.00	 683.33	 38.00	 8	 0.16	 
BFE_338	 2	 12	 1111.jpg	 6.487069e+02	 11	 9.913114e+02	 110	 6.500578e+02	 98	 6.497248e+02	 666.67	 683.33	 11.00	 11	 0.70	 
BFE_338	 2	 12	 2214.jpg	 6.517103e+02	 24	 999000	 240	 999000	 999	 6.527281e+02	 666.67	 683.33	 61.00	 35	 0.52	 
BFE_338	 2	 12	 2121.jpg	 6.537125e+02	 22	 9.136891e+02	 220	 6.833854e+02	 98	 6.547303e+02	 666.67	 700.00	 49.00	 21	 0.72	 
BFE_338	 2	 12	 1120.jpg	 6.577005e+02	 12	 999000	 120	 999000	 999	 6.587182e+02	 666.67	 700.00	 20.00	 20	 0.49	 
BFE_338	 2	 12	 1205.jpg	 6.597026e+02	 12	 999000	 120	 999000	 999	 6.607204e+02	 666.67	 700.00	 3.00	 26	 0.80	 
BFE_338	 2	 12	 2202.jpg	 6.647082e+02	 24	 999000	 240	 999000	 999	 6.657260e+02	 666.67	 700.00	 59.00	 23	 0.55	 
BFE_338	 2	 12	 1207.jpg	 6.667104e+02	 12	 999000	 120	 999000	 999	 6.677282e+02	 666.67	 700.00	 7.00	 28	 0.73	 
BFE_338	 2	 12	 1210.jpg	 6.707150e+02	 11	 9.432133e+02	 110	 6.667342e+02	 98	 6.717328e+02	 683.33	 700.00	 16.00	 31	 0.58	 
BFE_338	 2	 12	 2208.jpg	 6.727007e+02	 22	 1.061527e+03	 2200	 7.000477e+02	 98	 6.737184e+02	 683.33	 650.00	 54.00	 29	 0.62	 
BFE_338	 2	 12	 1217.jpg	 6.757039e+02	 12	 999000	 120	 999000	 999	 6.767217e+02	 683.33	 650.00	 15.00	 38	 0.59	 
BFE_338	 2	 12	 2204.jpg	 6.807095e+02	 22	 9.167828e+02	 220	 6.500427e+02	 98	 6.817273e+02	 683.33	 666.67	 48.00	 25	 0.72	 
BFE_338	 2	 12	 1202.jpg	 6.827117e+02	 11	 9.865505e+02	 110	 6.833795e+02	 98	 6.837295e+02	 700.00	 666.67	 14.00	 23	 0.62	 
BFE_338	 2	 12	 2119.jpg	 6.847140e+02	 24	 999000	 240	 999000	 999	 6.857317e+02	 700.00	 666.67	 78.00	 19	 0.16	 
BFE_338	 2	 12	 2201.jpg	 6.887018e+02	 24	 999000	 240	 999000	 999	 6.897196e+02	 700.00	 666.67	 43.00	 22	 0.81	 
BFE_338	 2	 12	 2206.jpg	 6.927064e+02	 24	 999000	 240	 999000	 999	 6.937240e+02	 700.00	 666.67	 52.00	 27	 0.69	 
BFE_338	 2	 12	 2106.jpg	 6.967108e+02	 24	 999000	 240	 999000	 999	 6.977285e+02	 700.00	 666.67	 62.00	 6	 0.52	 
BFE_338	 2	 12	 2102.jpg	 6.987130e+02	 24	 999000	 240	 999000	 999	 6.997308e+02	 700.00	 666.67	 60.00	 2	 0.53	 
BFE_338	 2	 12	 1213.jpg	 7.007152e+02	 12	 999000	 120	 999000	 999	 7.017330e+02	 700.00	 666.67	 13.00	 34	 0.64	 
BFE_338	 2	 12	 1214.jpg	 7.027009e+02	 12	 999000	 120	 999000	 999	 7.037186e+02	 700.00	 666.67	 19.00	 35	 0.51	 
BFE_338	 2	 12	 1218.jpg	 7.047030e+02	 11	 9.872046e+02	 110	 7.000351e+02	 98	 7.057208e+02	 716.67	 666.67	 9.00	 39	 0.70	 
BFE_338	 2	 12	 2219.jpg	 7.107098e+02	 24	 999000	 240	 999000	 999	 7.117276e+02	 716.67	 666.67	 47.00	 40	 0.73	 
BFE_338	 2	 12	 1215.jpg	 7.137132e+02	 12	 999000	 120	 999000	 999	 7.147310e+02	 716.67	 666.67	 18.00	 36	 0.51	 
BFE_338	 2	 12	 1203.jpg	 7.157154e+02	 12	 999000	 120	 999000	 999	 7.167332e+02	 716.67	 666.67	 4.00	 24	 0.80	 
BFE_338	 2	 12	 1103.jpg	 7.177010e+02	 12	 999000	 120	 999000	 999	 7.187188e+02	 716.67	 666.67	 10.00	 3	 0.70	 
BFE_338	 2	 12	 2217.jpg	 7.207043e+02	 24	 999000	 240	 999000	 999	 7.217221e+02	 716.67	 666.67	 58.00	 38	 0.57	 
BFE_338	 2	 12	 1201.jpg	 7.227066e+02	 11	 1.031652e+03	 1100	 7.167026e+02	 98	 7.237243e+02	 666.67	 666.67	 8.00	 22	 0.72	 
BFE_338	 2	 12	 1209.jpg	 7.247088e+02	 12	 999000	 120	 999000	 999	 7.257266e+02	 666.67	 666.67	 22.00	 30	 0.46	 
BFE_338	 2	 12	 1121.jpg	 7.267111e+02	 11	 9.470909e+02	 110	 6.667076e+02	 98	 7.277288e+02	 683.33	 666.67	 17.00	 21	 0.52	 
BFE_338	 2	 12	 1106.jpg	 7.297145e+02	 12	 999000	 120	 999000	 999	 7.307322e+02	 683.33	 666.67	 21.00	 6	 0.48	 
BFE_338	 2	 12	 1204.jpg	 7.317014e+02	 12	 999000	 120	 999000	 999	 7.327177e+02	 683.33	 666.67	 12.00	 25	 0.70	 
BFE_338	 2	 12	 2218.jpg	 7.337023e+02	 24	 999000	 240	 999000	 999	 7.347200e+02	 683.33	 666.67	 44.00	 39	 0.79	 
BFE_338	 2	 12	 2103.jpg	 7.357045e+02	 24	 999000	 240	 999000	 999	 7.367222e+02	 683.33	 666.67	 50.00	 3	 0.71	 
BFE_338	 2	 12	 2108.jpg	 7.377067e+02	 24	 999000	 240	 999000	 999	 7.387245e+02	 683.33	 666.67	 77.00	 8	 0.19	 
BFE_338	 2	 12	 2113.jpg	 7.437134e+02	 22	 9.768196e+02	 220	 6.667080e+02	 98	 7.447312e+02	 683.33	 683.33	 57.00	 13	 0.57	 
BFE_338	 2	 12	 2110.jpg	 7.467002e+02	 24	 999000	 240	 999000	 999	 7.477179e+02	 683.33	 683.33	 55.00	 10	 0.60	 
BFE_338	 2	 12	 1112.jpg	 7.507046e+02	 12	 999000	 120	 999000	 999	 7.517224e+02	 683.33	 683.33	 37.00	 12	 0.17	 
