subjectID	 order	 runNum	 itemName	 onsetTime	 shuff_trialType	 RT	 respInTime	 AudioTime	 response	 fixationTime	 ladder1	 ladder2	 bidIndex	 itemNameIndex	 bidValue	 
BFE_334	 2	 15	 2116.jpg	 1.035915e+03	 22	 1.159706e+03	 2200	 6.833798e+02	 98	 1.036933e+03	 616.67	 633.33	 57.00	 16	 0.50	 
BFE_334	 2	 15	 2113.jpg	 1.037917e+03	 24	 999000	 240	 999000	 999	 1.038935e+03	 616.67	 633.33	 52.00	 13	 0.62	 
BFE_334	 2	 15	 2202.jpg	 1.041905e+03	 24	 999000	 240	 999000	 999	 1.042923e+03	 616.67	 633.33	 78.00	 23	 0.27	 
BFE_334	 2	 15	 2216.jpg	 1.044908e+03	 24	 999000	 240	 999000	 999	 1.045926e+03	 616.67	 633.33	 43.00	 37	 0.84	 
BFE_334	 2	 15	 1206.jpg	 1.046910e+03	 12	 999000	 120	 999000	 999	 1.047928e+03	 616.67	 633.33	 22.00	 27	 0.46	 
BFE_334	 2	 15	 1205.jpg	 1.049914e+03	 12	 999000	 120	 999000	 999	 1.050932e+03	 616.67	 633.33	 21.00	 26	 0.47	 
BFE_334	 2	 15	 1213.jpg	 1.053918e+03	 12	 999000	 120	 999000	 999	 1.054936e+03	 616.67	 633.33	 12.00	 34	 0.61	 
BFE_334	 2	 15	 1102.jpg	 1.057906e+03	 12	 999000	 120	 999000	 999	 1.058924e+03	 616.67	 633.33	 38.00	 2	 0.22	 
BFE_334	 2	 15	 1113.jpg	 1.059908e+03	 11	 1.070226e+03	 1100	 6.167114e+02	 98	 1.060926e+03	 566.67	 633.33	 9.00	 13	 0.66	 
BFE_334	 2	 15	 2218.jpg	 1.064914e+03	 22	 1.040590e+03	 2200	 6.333668e+02	 98	 1.065932e+03	 566.67	 583.33	 54.00	 39	 0.52	 
BFE_334	 2	 15	 2219.jpg	 1.066916e+03	 24	 999000	 240	 999000	 999	 1.067934e+03	 566.67	 583.33	 44.00	 40	 0.80	 
BFE_334	 2	 15	 2210.jpg	 1.068901e+03	 24	 999000	 240	 999000	 999	 1.069920e+03	 566.67	 583.33	 59.00	 31	 0.47	 
BFE_334	 2	 15	 1214.jpg	 1.074909e+03	 11	 9.019678e+02	 110	 5.667045e+02	 98	 1.075926e+03	 583.33	 583.33	 17.00	 35	 0.48	 
BFE_334	 2	 15	 2106.jpg	 1.076911e+03	 24	 999000	 240	 999000	 999	 1.077929e+03	 583.33	 583.33	 53.00	 6	 0.55	 
BFE_334	 2	 15	 1216.jpg	 1.078913e+03	 11	 9.135937e+02	 110	 5.833692e+02	 98	 1.079931e+03	 600.00	 583.33	 8.00	 37	 0.67	 
BFE_334	 2	 15	 1209.jpg	 1.080915e+03	 12	 999000	 120	 999000	 999	 1.081933e+03	 600.00	 583.33	 37.00	 30	 0.28	 
BFE_334	 2	 15	 2205.jpg	 1.084903e+03	 24	 999000	 240	 999000	 999	 1.085921e+03	 600.00	 583.33	 47.00	 26	 0.77	 
BFE_334	 2	 15	 1215.jpg	 1.088908e+03	 12	 999000	 120	 999000	 999	 1.089926e+03	 600.00	 583.33	 7.00	 36	 0.69	 
BFE_334	 2	 15	 2110.jpg	 1.091911e+03	 24	 999000	 240	 999000	 999	 1.092929e+03	 600.00	 583.33	 50.00	 10	 0.67	 
BFE_334	 2	 15	 2211.jpg	 1.095915e+03	 22	 8.951927e+02	 220	 5.833974e+02	 98	 1.096933e+03	 600.00	 600.00	 48.00	 32	 0.73	 
BFE_334	 2	 15	 1119.jpg	 1.098902e+03	 12	 999000	 120	 999000	 999	 1.099920e+03	 600.00	 600.00	 19.00	 19	 0.47	 
BFE_334	 2	 15	 1111.jpg	 1.100904e+03	 12	 999000	 120	 999000	 999	 1.101922e+03	 600.00	 600.00	 18.00	 11	 0.48	 
BFE_334	 2	 15	 2105.jpg	 1.104909e+03	 24	 999000	 240	 999000	 999	 1.105927e+03	 600.00	 600.00	 58.00	 5	 0.48	 
BFE_334	 2	 15	 1219.jpg	 1.106911e+03	 12	 999000	 120	 999000	 999	 1.107929e+03	 600.00	 600.00	 15.00	 40	 0.56	 
BFE_334	 2	 15	 1218.jpg	 1.108913e+03	 12	 999000	 120	 999000	 999	 1.109931e+03	 600.00	 600.00	 10.00	 39	 0.63	 
BFE_334	 2	 15	 2112.jpg	 1.112918e+03	 24	 999000	 240	 999000	 999	 1.113936e+03	 600.00	 600.00	 61.00	 12	 0.45	 
BFE_334	 2	 15	 2107.jpg	 1.114904e+03	 24	 999000	 240	 999000	 999	 1.115921e+03	 600.00	 600.00	 55.00	 7	 0.51	 
BFE_334	 2	 15	 1107.jpg	 1.118908e+03	 12	 999000	 120	 999000	 999	 1.119926e+03	 600.00	 600.00	 20.00	 7	 0.47	 
BFE_334	 2	 15	 1208.jpg	 1.122912e+03	 12	 999000	 120	 999000	 999	 1.123930e+03	 600.00	 600.00	 3.00	 29	 0.81	 
BFE_334	 2	 15	 2204.jpg	 1.125916e+03	 22	 9.589213e+02	 220	 6.000417e+02	 98	 1.126933e+03	 600.00	 616.67	 49.00	 25	 0.71	 
BFE_334	 2	 15	 1121.jpg	 1.131906e+03	 11	 8.888495e+02	 110	 6.000372e+02	 98	 1.132924e+03	 616.67	 616.67	 14.00	 21	 0.58	 
BFE_334	 2	 15	 2214.jpg	 1.133908e+03	 22	 1.030611e+03	 2200	 6.167128e+02	 98	 1.134926e+03	 616.67	 566.67	 56.00	 35	 0.51	 
BFE_334	 2	 15	 1110.jpg	 1.137912e+03	 12	 999000	 120	 999000	 999	 1.138930e+03	 616.67	 566.67	 13.00	 10	 0.60	 
BFE_334	 2	 15	 1211.jpg	 1.139915e+03	 12	 999000	 120	 999000	 999	 1.140932e+03	 616.67	 566.67	 4.00	 32	 0.80	 
BFE_334	 2	 15	 2109.jpg	 1.141917e+03	 24	 999000	 240	 999000	 999	 1.142935e+03	 616.67	 566.67	 60.00	 9	 0.47	 
BFE_334	 2	 15	 2209.jpg	 1.143902e+03	 22	 8.762557e+02	 220	 5.667107e+02	 98	 1.144920e+03	 616.67	 583.33	 51.00	 30	 0.67	 
BFE_334	 2	 15	 2206.jpg	 1.148908e+03	 24	 999000	 240	 999000	 999	 1.149926e+03	 616.67	 583.33	 62.00	 27	 0.44	 
BFE_334	 2	 15	 2217.jpg	 1.150910e+03	 24	 999000	 240	 999000	 999	 1.151928e+03	 616.67	 583.33	 77.00	 38	 0.30	 
BFE_334	 2	 15	 1117.jpg	 1.152913e+03	 11	 1.025989e+03	 1100	 6.167092e+02	 98	 1.153930e+03	 566.67	 583.33	 11.00	 17	 0.62	 
BFE_334	 2	 15	 1109.jpg	 1.155916e+03	 11	 1.022470e+03	 1100	 5.667059e+02	 98	 1.156934e+03	 516.67	 583.33	 16.00	 9	 0.51	 
