subjectID	 order	 runNum	 itemName	 onsetTime	 shuff_trialType	 RT	 respInTime	 AudioTime	 response	 fixationTime	 ladder1	 ladder2	 bidIndex	 itemNameIndex	 bidValue	 
BFE_338	 2	 17	 2121.jpg	 1.355166e+03	 22	 1.020705e+03	 2200	 6.834022e+02	 98	 1.356183e+03	 616.67	 633.33	 49.00	 21	 0.72	 
BFE_338	 2	 17	 1209.jpg	 1.358152e+03	 12	 999000	 120	 999000	 999	 1.359170e+03	 616.67	 633.33	 22.00	 30	 0.46	 
BFE_338	 2	 17	 1201.jpg	 1.362157e+03	 11	 9.495010e+02	 110	 6.167259e+02	 98	 1.363174e+03	 633.33	 633.33	 8.00	 22	 0.72	 
BFE_338	 2	 17	 2209.jpg	 1.364159e+03	 24	 999000	 240	 999000	 999	 1.365177e+03	 633.33	 633.33	 53.00	 30	 0.65	 
BFE_338	 2	 17	 2214.jpg	 1.366144e+03	 24	 999000	 240	 999000	 999	 1.367162e+03	 633.33	 633.33	 61.00	 35	 0.52	 
BFE_338	 2	 17	 1215.jpg	 1.370149e+03	 12	 999000	 120	 999000	 999	 1.371167e+03	 633.33	 633.33	 18.00	 36	 0.51	 
BFE_338	 2	 17	 1108.jpg	 1.372151e+03	 12	 999000	 120	 999000	 999	 1.373169e+03	 633.33	 633.33	 38.00	 8	 0.16	 
BFE_338	 2	 17	 1210.jpg	 1.377157e+03	 11	 9.574370e+02	 110	 6.333692e+02	 98	 1.378175e+03	 650.00	 633.33	 16.00	 31	 0.58	 
BFE_338	 2	 17	 1204.jpg	 1.379159e+03	 12	 999000	 120	 999000	 999	 1.380177e+03	 650.00	 633.33	 12.00	 25	 0.70	 
BFE_338	 2	 17	 1205.jpg	 1.382146e+03	 12	 999000	 120	 999000	 999	 1.383164e+03	 650.00	 633.33	 3.00	 26	 0.80	 
BFE_338	 2	 17	 1120.jpg	 1.385149e+03	 12	 999000	 120	 999000	 999	 1.386167e+03	 650.00	 633.33	 20.00	 20	 0.49	 
BFE_338	 2	 17	 2206.jpg	 1.389154e+03	 24	 999000	 240	 999000	 999	 1.390171e+03	 650.00	 633.33	 52.00	 27	 0.69	 
BFE_338	 2	 17	 2202.jpg	 1.392157e+03	 24	 999000	 240	 999000	 999	 1.393175e+03	 650.00	 633.33	 59.00	 23	 0.55	 
BFE_338	 2	 17	 1214.jpg	 1.394159e+03	 12	 999000	 120	 999000	 999	 1.395177e+03	 650.00	 633.33	 19.00	 35	 0.51	 
BFE_338	 2	 17	 2119.jpg	 1.397146e+03	 24	 999000	 240	 999000	 999	 1.398164e+03	 650.00	 633.33	 78.00	 19	 0.16	 
BFE_338	 2	 17	 2108.jpg	 1.401150e+03	 24	 999000	 240	 999000	 999	 1.402168e+03	 650.00	 633.33	 77.00	 8	 0.19	 
BFE_338	 2	 17	 2114.jpg	 1.404154e+03	 22	 9.364226e+02	 220	 6.333741e+02	 98	 1.405172e+03	 650.00	 650.00	 56.00	 14	 0.60	 
BFE_338	 2	 17	 1106.jpg	 1.406156e+03	 12	 999000	 120	 999000	 999	 1.407174e+03	 650.00	 650.00	 21.00	 6	 0.48	 
BFE_338	 2	 17	 1213.jpg	 1.408158e+03	 12	 999000	 120	 999000	 999	 1.409176e+03	 650.00	 650.00	 13.00	 34	 0.64	 
BFE_338	 2	 17	 2201.jpg	 1.413147e+03	 24	 999000	 240	 999000	 999	 1.414165e+03	 650.00	 650.00	 43.00	 22	 0.81	 
BFE_338	 2	 17	 2106.jpg	 1.417152e+03	 24	 999000	 240	 999000	 999	 1.418169e+03	 650.00	 650.00	 62.00	 6	 0.52	 
BFE_338	 2	 17	 1207.jpg	 1.421156e+03	 12	 999000	 120	 999000	 999	 1.422174e+03	 650.00	 650.00	 7.00	 28	 0.73	 
BFE_338	 2	 17	 1111.jpg	 1.427146e+03	 11	 9.359222e+02	 110	 6.500537e+02	 98	 1.428164e+03	 666.67	 650.00	 11.00	 11	 0.70	 
BFE_338	 2	 17	 1218.jpg	 1.429149e+03	 11	 1.021708e+03	 1100	 6.667095e+02	 98	 1.430166e+03	 616.67	 650.00	 9.00	 39	 0.70	 
BFE_338	 2	 17	 2219.jpg	 1.431151e+03	 24	 999000	 240	 999000	 999	 1.432169e+03	 616.67	 650.00	 47.00	 40	 0.73	 
BFE_338	 2	 17	 1202.jpg	 1.433153e+03	 11	 9.453074e+02	 110	 6.167005e+02	 98	 1.434171e+03	 633.33	 650.00	 14.00	 23	 0.62	 
BFE_338	 2	 17	 1112.jpg	 1.435155e+03	 12	 999000	 120	 999000	 999	 1.436173e+03	 633.33	 650.00	 37.00	 12	 0.17	 
BFE_338	 2	 17	 2213.jpg	 1.439160e+03	 22	 9.785011e+02	 220	 6.500465e+02	 98	 1.440177e+03	 633.33	 666.67	 51.00	 34	 0.70	 
BFE_338	 2	 17	 2103.jpg	 1.441145e+03	 24	 999000	 240	 999000	 999	 1.442163e+03	 633.33	 666.67	 50.00	 3	 0.71	 
BFE_338	 2	 17	 1103.jpg	 1.445150e+03	 12	 999000	 120	 999000	 999	 1.446168e+03	 633.33	 666.67	 10.00	 3	 0.70	 
BFE_338	 2	 17	 2208.jpg	 1.447152e+03	 22	 9.621835e+02	 220	 6.667183e+02	 98	 1.448170e+03	 633.33	 683.33	 54.00	 29	 0.62	 
BFE_338	 2	 17	 2204.jpg	 1.449154e+03	 22	 9.759644e+02	 220	 6.833873e+02	 98	 1.450172e+03	 633.33	 700.00	 48.00	 25	 0.72	 
BFE_338	 2	 17	 1121.jpg	 1.451156e+03	 11	 9.578001e+02	 110	 6.333792e+02	 98	 1.452174e+03	 650.00	 700.00	 17.00	 21	 0.52	 
BFE_338	 2	 17	 2113.jpg	 1.456145e+03	 22	 1.008803e+03	 2200	 7.000442e+02	 98	 1.457164e+03	 650.00	 650.00	 57.00	 13	 0.57	 
BFE_338	 2	 17	 2218.jpg	 1.458148e+03	 24	 999000	 240	 999000	 999	 1.459165e+03	 650.00	 650.00	 44.00	 39	 0.79	 
BFE_338	 2	 17	 2110.jpg	 1.460150e+03	 24	 999000	 240	 999000	 999	 1.461168e+03	 650.00	 650.00	 55.00	 10	 0.60	 
BFE_338	 2	 17	 2102.jpg	 1.463153e+03	 24	 999000	 240	 999000	 999	 1.464171e+03	 650.00	 650.00	 60.00	 2	 0.53	 
BFE_338	 2	 17	 1203.jpg	 1.470144e+03	 12	 999000	 120	 999000	 999	 1.471162e+03	 650.00	 650.00	 4.00	 24	 0.80	 
BFE_338	 2	 17	 1217.jpg	 1.474149e+03	 12	 999000	 120	 999000	 999	 1.475167e+03	 650.00	 650.00	 15.00	 38	 0.59	 
BFE_338	 2	 17	 2217.jpg	 1.481157e+03	 24	 999000	 240	 999000	 999	 1.482175e+03	 650.00	 650.00	 58.00	 38	 0.57	 
