subjectID	 order	 runNum	 itemName	 onsetTime	 shuff_trialType	 RT	 respInTime	 AudioTime	 response	 fixationTime	 ladder1	 ladder2	 bidIndex	 itemNameIndex	 bidValue	 
BFE_334	 2	 17	 1102.jpg	 1.279454e+03	 12	 999000	 120	 999000	 999	 1.280472e+03	 550.00	 616.67	 38.00	 2	 0.22	 
BFE_334	 2	 17	 1215.jpg	 1.284443e+03	 12	 999000	 120	 999000	 999	 1.285461e+03	 550.00	 616.67	 7.00	 36	 0.69	 
BFE_334	 2	 17	 2219.jpg	 1.286446e+03	 24	 999000	 240	 999000	 999	 1.287463e+03	 550.00	 616.67	 44.00	 40	 0.80	 
BFE_334	 2	 17	 1109.jpg	 1.288448e+03	 11	 9.227792e+02	 110	 5.500474e+02	 98	 1.289466e+03	 566.67	 616.67	 16.00	 9	 0.51	 
BFE_334	 2	 17	 1218.jpg	 1.294438e+03	 12	 999000	 120	 999000	 999	 1.295456e+03	 566.67	 616.67	 10.00	 39	 0.63	 
BFE_334	 2	 17	 1111.jpg	 1.296441e+03	 12	 999000	 120	 999000	 999	 1.297458e+03	 566.67	 616.67	 18.00	 11	 0.48	 
BFE_334	 2	 17	 1121.jpg	 1.299443e+03	 11	 9.191475e+02	 110	 5.667145e+02	 98	 1.300461e+03	 583.33	 616.67	 14.00	 21	 0.58	 
BFE_334	 2	 17	 2107.jpg	 1.301446e+03	 24	 999000	 240	 999000	 999	 1.302463e+03	 583.33	 616.67	 55.00	 7	 0.51	 
BFE_334	 2	 17	 2204.jpg	 1.305450e+03	 22	 9.684077e+02	 220	 6.167284e+02	 98	 1.306468e+03	 583.33	 633.33	 49.00	 25	 0.71	 
BFE_334	 2	 17	 1107.jpg	 1.307452e+03	 12	 999000	 120	 999000	 999	 1.308470e+03	 583.33	 633.33	 20.00	 7	 0.47	 
BFE_334	 2	 17	 2106.jpg	 1.312441e+03	 24	 999000	 240	 999000	 999	 1.313459e+03	 583.33	 633.33	 53.00	 6	 0.55	 
BFE_334	 2	 17	 2109.jpg	 1.319449e+03	 24	 999000	 240	 999000	 999	 1.320467e+03	 583.33	 633.33	 60.00	 9	 0.47	 
BFE_334	 2	 17	 2110.jpg	 1.321451e+03	 24	 999000	 240	 999000	 999	 1.322469e+03	 583.33	 633.33	 50.00	 10	 0.67	 
BFE_334	 2	 17	 2205.jpg	 1.324438e+03	 24	 999000	 240	 999000	 999	 1.325456e+03	 583.33	 633.33	 47.00	 26	 0.77	 
BFE_334	 2	 17	 2216.jpg	 1.327442e+03	 24	 999000	 240	 999000	 999	 1.328459e+03	 583.33	 633.33	 43.00	 37	 0.84	 
BFE_334	 2	 17	 1213.jpg	 1.331446e+03	 12	 999000	 120	 999000	 999	 1.332464e+03	 583.33	 633.33	 12.00	 34	 0.61	 
BFE_334	 2	 17	 2112.jpg	 1.335451e+03	 24	 999000	 240	 999000	 999	 1.336468e+03	 583.33	 633.33	 61.00	 12	 0.45	 
BFE_334	 2	 17	 2113.jpg	 1.339438e+03	 24	 999000	 240	 999000	 999	 1.340456e+03	 583.33	 633.33	 52.00	 13	 0.62	 
BFE_334	 2	 17	 1206.jpg	 1.342442e+03	 12	 999000	 120	 999000	 999	 1.343459e+03	 583.33	 633.33	 22.00	 27	 0.46	 
BFE_334	 2	 17	 1119.jpg	 1.348448e+03	 12	 999000	 120	 999000	 999	 1.349466e+03	 583.33	 633.33	 19.00	 19	 0.47	 
BFE_334	 2	 17	 1205.jpg	 1.350451e+03	 12	 999000	 120	 999000	 999	 1.351468e+03	 583.33	 633.33	 21.00	 26	 0.47	 
BFE_334	 2	 17	 1219.jpg	 1.353438e+03	 12	 999000	 120	 999000	 999	 1.354455e+03	 583.33	 633.33	 15.00	 40	 0.56	 
BFE_334	 2	 17	 2105.jpg	 1.355440e+03	 24	 999000	 240	 999000	 999	 1.356457e+03	 583.33	 633.33	 58.00	 5	 0.48	 
BFE_334	 2	 17	 1117.jpg	 1.357442e+03	 11	 9.448109e+02	 110	 5.833920e+02	 98	 1.358460e+03	 600.00	 633.33	 11.00	 17	 0.62	 
BFE_334	 2	 17	 1211.jpg	 1.359444e+03	 12	 999000	 120	 999000	 999	 1.360462e+03	 600.00	 633.33	 4.00	 32	 0.80	 
BFE_334	 2	 17	 2217.jpg	 1.362448e+03	 24	 999000	 240	 999000	 999	 1.363465e+03	 600.00	 633.33	 77.00	 38	 0.30	 
BFE_334	 2	 17	 2218.jpg	 1.366452e+03	 22	 9.906915e+02	 220	 6.334034e+02	 98	 1.367470e+03	 600.00	 650.00	 54.00	 39	 0.52	 
BFE_334	 2	 17	 2202.jpg	 1.368437e+03	 24	 999000	 240	 999000	 999	 1.369455e+03	 600.00	 650.00	 78.00	 23	 0.27	 
BFE_334	 2	 17	 2214.jpg	 1.370440e+03	 22	 8.828075e+02	 220	 6.500340e+02	 98	 1.371457e+03	 600.00	 666.67	 56.00	 35	 0.51	 
BFE_334	 2	 17	 1110.jpg	 1.372442e+03	 12	 999000	 120	 999000	 999	 1.373460e+03	 600.00	 666.67	 13.00	 10	 0.60	 
BFE_334	 2	 17	 1208.jpg	 1.374444e+03	 12	 999000	 120	 999000	 999	 1.375462e+03	 600.00	 666.67	 3.00	 29	 0.81	 
BFE_334	 2	 17	 1209.jpg	 1.376446e+03	 12	 999000	 120	 999000	 999	 1.377464e+03	 600.00	 666.67	 37.00	 30	 0.28	 
BFE_334	 2	 17	 1214.jpg	 1.380451e+03	 11	 1.007667e+03	 1100	 6.000383e+02	 98	 1.381471e+03	 550.00	 666.67	 17.00	 35	 0.48	 
BFE_334	 2	 17	 1216.jpg	 1.384439e+03	 11	 8.758290e+02	 110	 5.500454e+02	 98	 1.385456e+03	 566.67	 666.67	 8.00	 37	 0.67	 
BFE_334	 2	 17	 2211.jpg	 1.386441e+03	 22	 9.536447e+02	 220	 6.667077e+02	 98	 1.387459e+03	 566.67	 683.33	 48.00	 32	 0.73	 
BFE_334	 2	 17	 2206.jpg	 1.388443e+03	 24	 999000	 240	 999000	 999	 1.389461e+03	 566.67	 683.33	 62.00	 27	 0.44	 
BFE_334	 2	 17	 2116.jpg	 1.390445e+03	 22	 1.085180e+03	 2200	 6.833783e+02	 98	 1.391463e+03	 566.67	 633.33	 57.00	 16	 0.50	 
BFE_334	 2	 17	 1113.jpg	 1.392448e+03	 11	 8.428139e+02	 110	 5.667012e+02	 98	 1.393465e+03	 583.33	 633.33	 9.00	 13	 0.66	 
BFE_334	 2	 17	 2209.jpg	 1.398438e+03	 22	 9.647744e+02	 220	 6.333800e+02	 98	 1.399455e+03	 583.33	 650.00	 51.00	 30	 0.67	 
BFE_334	 2	 17	 2210.jpg	 1.400440e+03	 24	 999000	 240	 999000	 999	 1.401458e+03	 583.33	 650.00	 59.00	 31	 0.47	 
