subjectID	 order	 runNum	 itemName	 onsetTime	 shuff_trialType	 RT	 respInTime	 AudioTime	 response	 fixationTime	 ladder1	 ladder2	 bidIndex	 itemNameIndex	 bidValue	 
BFE_340	 2	 16	 1219.jpg	 1.197747e+03	 11	 5.432131e+02	 11	 9.167336e+02	 98	 1.198765e+03	 916.67	 866.67	 17.00	 40	 0.55	 
BFE_340	 2	 16	 1105.jpg	 1.199733e+03	 12	 999000	 120	 999000	 999	 1.200750e+03	 916.67	 866.67	 21.00	 5	 0.49	 
BFE_340	 2	 16	 2218.jpg	 1.203737e+03	 24	 999000	 240	 999000	 999	 1.204755e+03	 916.67	 866.67	 58.00	 39	 0.57	 
BFE_340	 2	 16	 2208.jpg	 1.206740e+03	 24	 999000	 240	 999000	 999	 1.207758e+03	 916.67	 866.67	 77.00	 29	 0.18	 
BFE_340	 2	 16	 1213.jpg	 1.208743e+03	 11	 8.354237e+02	 11	 9.167088e+02	 98	 1.209760e+03	 916.67	 866.67	 16.00	 34	 0.56	 
BFE_340	 2	 16	 2117.jpg	 1.211746e+03	 22	 6.159983e+02	 22	 8.667227e+02	 98	 1.212764e+03	 916.67	 883.33	 56.00	 17	 0.59	 
BFE_340	 2	 16	 2102.jpg	 1.215734e+03	 24	 999000	 240	 999000	 999	 1.216752e+03	 916.67	 883.33	 47.00	 2	 0.81	 
BFE_340	 2	 16	 2219.jpg	 1.219738e+03	 22	 5.998011e+02	 22	 8.833863e+02	 98	 1.220756e+03	 916.67	 900.00	 57.00	 40	 0.57	 
BFE_340	 2	 16	 1114.jpg	 1.221740e+03	 11	 6.056049e+02	 11	 9.167130e+02	 98	 1.222758e+03	 916.67	 900.00	 9.00	 14	 0.74	 
BFE_340	 2	 16	 2202.jpg	 1.226746e+03	 24	 999000	 240	 999000	 999	 1.227764e+03	 916.67	 900.00	 60.00	 23	 0.54	 
BFE_340	 2	 16	 1107.jpg	 1.228732e+03	 12	 999000	 120	 999000	 999	 1.229749e+03	 916.67	 900.00	 13.00	 7	 0.64	 
BFE_340	 2	 16	 1106.jpg	 1.230734e+03	 11	 4.521870e+02	 11	 9.167137e+02	 98	 1.231752e+03	 916.67	 900.00	 14.00	 6	 0.63	 
BFE_340	 2	 16	 1118.jpg	 1.236741e+03	 12	 999000	 120	 999000	 999	 1.237758e+03	 916.67	 900.00	 19.00	 18	 0.54	 
BFE_340	 2	 16	 1119.jpg	 1.238743e+03	 12	 999000	 120	 999000	 999	 1.239761e+03	 916.67	 900.00	 37.00	 19	 0.19	 
BFE_340	 2	 16	 2109.jpg	 1.240745e+03	 22	 4.969823e+02	 22	 9.000439e+02	 98	 1.241763e+03	 916.67	 916.67	 51.00	 9	 0.71	 
BFE_340	 2	 16	 2116.jpg	 1.242730e+03	 24	 999000	 240	 999000	 999	 1.243748e+03	 916.67	 916.67	 53.00	 16	 0.65	 
BFE_340	 2	 16	 2213.jpg	 1.246735e+03	 24	 999000	 240	 999000	 999	 1.247753e+03	 916.67	 916.67	 62.00	 34	 0.51	 
BFE_340	 2	 16	 1206.jpg	 1.250740e+03	 12	 999000	 120	 999000	 999	 1.251757e+03	 916.67	 916.67	 7.00	 27	 0.76	 
BFE_340	 2	 16	 1109.jpg	 1.253743e+03	 12	 999000	 120	 999000	 999	 1.254761e+03	 916.67	 916.67	 18.00	 9	 0.54	 
BFE_340	 2	 16	 2111.jpg	 1.257731e+03	 24	 999000	 240	 999000	 999	 1.258749e+03	 916.67	 916.67	 59.00	 11	 0.55	 
BFE_340	 2	 16	 1120.jpg	 1.260734e+03	 12	 999000	 120	 999000	 999	 1.261752e+03	 916.67	 916.67	 12.00	 20	 0.67	 
BFE_340	 2	 16	 2209.jpg	 1.262737e+03	 22	 5.455405e+02	 22	 9.167103e+02	 98	 1.263754e+03	 916.67	 916.67	 54.00	 30	 0.63	 
BFE_340	 2	 16	 2113.jpg	 1.266741e+03	 24	 999000	 240	 999000	 999	 1.267759e+03	 916.67	 916.67	 43.00	 13	 0.88	 
BFE_340	 2	 16	 1204.jpg	 1.268743e+03	 12	 999000	 120	 999000	 999	 1.269761e+03	 916.67	 916.67	 22.00	 25	 0.47	 
BFE_340	 2	 16	 1208.jpg	 1.270745e+03	 12	 999000	 120	 999000	 999	 1.271763e+03	 916.67	 916.67	 38.00	 29	 0.16	 
BFE_340	 2	 16	 1117.jpg	 1.274733e+03	 12	 999000	 120	 999000	 999	 1.275751e+03	 916.67	 916.67	 3.00	 17	 0.85	 
BFE_340	 2	 16	 1201.jpg	 1.276735e+03	 11	 5.306448e+02	 11	 9.167230e+02	 98	 1.277753e+03	 916.67	 916.67	 8.00	 22	 0.75	 
BFE_340	 2	 16	 1217.jpg	 1.280740e+03	 12	 999000	 120	 999000	 999	 1.281758e+03	 916.67	 916.67	 15.00	 38	 0.56	 
BFE_340	 2	 16	 2105.jpg	 1.284745e+03	 24	 999000	 240	 999000	 999	 1.285762e+03	 916.67	 916.67	 50.00	 5	 0.73	 
BFE_340	 2	 16	 2211.jpg	 1.287731e+03	 22	 5.511591e+02	 22	 9.167310e+02	 98	 1.288749e+03	 916.67	 916.67	 48.00	 32	 0.76	 
BFE_340	 2	 16	 2217.jpg	 1.293738e+03	 24	 999000	 240	 999000	 999	 1.294756e+03	 916.67	 916.67	 55.00	 38	 0.61	 
BFE_340	 2	 16	 2115.jpg	 1.295740e+03	 22	 5.419550e+02	 22	 9.167082e+02	 98	 1.296758e+03	 916.67	 916.67	 49.00	 15	 0.73	 
BFE_340	 2	 16	 2101.jpg	 1.299745e+03	 24	 999000	 240	 999000	 999	 1.300762e+03	 916.67	 916.67	 78.00	 1	 0.17	 
BFE_340	 2	 16	 2114.jpg	 1.301730e+03	 24	 999000	 240	 999000	 999	 1.302748e+03	 916.67	 916.67	 52.00	 14	 0.66	 
BFE_340	 2	 16	 2203.jpg	 1.303732e+03	 24	 999000	 240	 999000	 999	 1.304750e+03	 916.67	 916.67	 61.00	 24	 0.53	 
BFE_340	 2	 16	 1218.jpg	 1.305735e+03	 12	 999000	 120	 999000	 999	 1.306752e+03	 916.67	 916.67	 20.00	 39	 0.53	 
BFE_340	 2	 16	 1121.jpg	 1.310740e+03	 12	 999000	 120	 999000	 999	 1.311758e+03	 916.67	 916.67	 10.00	 21	 0.72	 
BFE_340	 2	 16	 2103.jpg	 1.312743e+03	 24	 999000	 240	 999000	 999	 1.313760e+03	 916.67	 916.67	 44.00	 3	 0.85	 
BFE_340	 2	 16	 1103.jpg	 1.314745e+03	 12	 999000	 120	 999000	 999	 1.315763e+03	 916.67	 916.67	 4.00	 3	 0.81	 
BFE_340	 2	 16	 1115.jpg	 1.317732e+03	 11	 5.425558e+02	 11	 9.167079e+02	 98	 1.318749e+03	 916.67	 916.67	 11.00	 15	 0.69	 
