subjectID	 order	 runNum	 itemName	 onsetTime	 shuff_trialType	 RT	 respInTime	 AudioTime	 response	 fixationTime	 ladder1	 ladder2	 bidIndex	 itemNameIndex	 bidValue	 
BFE_337	 1	 9	 1118.jpg	 2.930133e+02	 12	 999000	 120	 999000	 999	 2.940311e+02	 683.33	 550.00	 38.00	 18	 0.19	 
BFE_337	 1	 9	 1213.jpg	 2.959997e+02	 12	 999000	 120	 999000	 999	 2.970178e+02	 683.33	 550.00	 16.00	 34	 0.56	 
BFE_337	 1	 9	 2114.jpg	 3.000044e+02	 24	 999000	 240	 999000	 999	 3.010223e+02	 683.33	 550.00	 60.00	 14	 0.48	 
BFE_337	 1	 9	 2108.jpg	 3.020069e+02	 24	 999000	 240	 999000	 999	 3.030246e+02	 683.33	 550.00	 77.00	 8	 0.21	 
BFE_337	 1	 9	 1115.jpg	 3.040091e+02	 11	 1.128884e+03	 1100	 6.833877e+02	 98	 3.050268e+02	 633.33	 550.00	 13.00	 15	 0.63	 
BFE_337	 1	 9	 2213.jpg	 3.080136e+02	 24	 999000	 240	 999000	 999	 3.090312e+02	 633.33	 550.00	 49.00	 34	 0.70	 
BFE_337	 1	 9	 2206.jpg	 3.099988e+02	 24	 999000	 240	 999000	 999	 3.110168e+02	 633.33	 550.00	 51.00	 27	 0.63	 
BFE_337	 1	 9	 1102.jpg	 3.150046e+02	 11	 1.509432e+03	 1100	 6.333744e+02	 98	 3.160224e+02	 583.33	 550.00	 15.00	 2	 0.59	 
BFE_337	 1	 9	 2117.jpg	 3.170069e+02	 22	 8.591246e+02	 220	 5.500590e+02	 98	 3.180247e+02	 583.33	 566.67	 55.00	 17	 0.55	 
BFE_337	 1	 9	 2207.jpg	 3.200103e+02	 24	 999000	 240	 999000	 999	 3.210280e+02	 583.33	 566.67	 62.00	 28	 0.46	 
BFE_337	 1	 9	 2204.jpg	 3.230136e+02	 24	 999000	 240	 999000	 999	 3.240313e+02	 583.33	 566.67	 57.00	 25	 0.52	 
BFE_337	 1	 9	 1107.jpg	 3.270014e+02	 12	 999000	 120	 999000	 999	 3.280191e+02	 583.33	 566.67	 20.00	 7	 0.50	 
BFE_337	 1	 9	 1120.jpg	 3.300048e+02	 12	 999000	 120	 999000	 999	 3.310226e+02	 583.33	 566.67	 37.00	 20	 0.22	 
BFE_337	 1	 9	 1106.jpg	 3.320068e+02	 12	 999000	 120	 999000	 999	 3.330248e+02	 583.33	 566.67	 4.00	 6	 0.79	 
BFE_337	 1	 9	 1209.jpg	 3.350104e+02	 12	 999000	 120	 999000	 999	 3.360282e+02	 583.33	 566.67	 3.00	 30	 0.79	 
BFE_337	 1	 9	 1117.jpg	 3.390149e+02	 12	 999000	 120	 999000	 999	 3.400327e+02	 583.33	 566.67	 11.00	 17	 0.64	 
BFE_337	 1	 9	 2211.jpg	 3.420015e+02	 22	 9.685129e+02	 220	 5.666957e+02	 98	 3.430193e+02	 583.33	 583.33	 50.00	 32	 0.63	 
BFE_337	 1	 9	 2102.jpg	 3.440038e+02	 22	 9.261932e+02	 220	 5.833900e+02	 98	 3.450215e+02	 583.33	 600.00	 58.00	 2	 0.51	 
BFE_337	 1	 9	 1216.jpg	 3.460061e+02	 12	 999000	 120	 999000	 999	 3.470239e+02	 583.33	 600.00	 14.00	 37	 0.61	 
BFE_337	 1	 9	 2101.jpg	 3.510116e+02	 24	 999000	 240	 999000	 999	 3.520295e+02	 583.33	 600.00	 54.00	 1	 0.59	 
BFE_337	 1	 9	 2217.jpg	 3.549992e+02	 24	 999000	 240	 999000	 999	 3.560173e+02	 583.33	 600.00	 56.00	 38	 0.52	 
BFE_337	 1	 9	 2209.jpg	 3.590039e+02	 24	 999000	 240	 999000	 999	 3.600219e+02	 583.33	 600.00	 43.00	 30	 0.83	 
BFE_337	 1	 9	 1114.jpg	 3.650107e+02	 12	 999000	 120	 999000	 999	 3.660284e+02	 583.33	 600.00	 19.00	 14	 0.52	 
BFE_337	 1	 9	 1109.jpg	 3.670130e+02	 11	 8.930619e+02	 110	 5.833703e+02	 98	 3.680307e+02	 600.00	 600.00	 7.00	 9	 0.73	 
BFE_337	 1	 9	 1212.jpg	 3.690152e+02	 12	 999000	 120	 999000	 999	 3.700330e+02	 600.00	 600.00	 21.00	 33	 0.50	 
BFE_337	 1	 9	 2103.jpg	 3.710007e+02	 24	 999000	 240	 999000	 999	 3.720186e+02	 600.00	 600.00	 48.00	 3	 0.73	 
BFE_337	 1	 9	 2212.jpg	 3.730030e+02	 22	 9.350435e+02	 220	 6.000423e+02	 98	 3.740207e+02	 600.00	 616.67	 53.00	 33	 0.59	 
BFE_337	 1	 9	 2104.jpg	 3.770076e+02	 24	 999000	 240	 999000	 999	 3.780252e+02	 600.00	 616.67	 61.00	 4	 0.46	 
BFE_337	 1	 9	 2109.jpg	 3.790097e+02	 22	 9.203256e+02	 220	 6.167078e+02	 98	 3.800275e+02	 600.00	 633.33	 52.00	 9	 0.63	 
BFE_337	 1	 9	 2219.jpg	 3.830142e+02	 24	 999000	 240	 999000	 999	 3.840320e+02	 600.00	 633.33	 44.00	 40	 0.82	 
BFE_337	 1	 9	 1205.jpg	 3.849994e+02	 12	 999000	 120	 999000	 999	 3.860176e+02	 600.00	 633.33	 9.00	 26	 0.68	 
BFE_337	 1	 9	 1215.jpg	 3.870020e+02	 12	 999000	 120	 999000	 999	 3.880197e+02	 600.00	 633.33	 22.00	 36	 0.48	 
BFE_337	 1	 9	 2216.jpg	 3.890042e+02	 22	 9.338224e+02	 220	 6.333847e+02	 98	 3.900220e+02	 600.00	 650.00	 47.00	 37	 0.74	 
BFE_337	 1	 9	 1112.jpg	 3.940099e+02	 12	 999000	 120	 999000	 999	 3.950276e+02	 600.00	 650.00	 17.00	 12	 0.56	 
BFE_337	 1	 9	 1206.jpg	 3.960121e+02	 11	 8.619980e+02	 110	 6.000406e+02	 98	 3.970299e+02	 616.67	 650.00	 10.00	 27	 0.65	 
BFE_337	 1	 9	 1217.jpg	 3.980144e+02	 12	 999000	 120	 999000	 999	 3.990322e+02	 616.67	 650.00	 8.00	 38	 0.70	 
BFE_337	 1	 9	 2106.jpg	 4.010010e+02	 24	 999000	 240	 999000	 999	 4.020187e+02	 616.67	 650.00	 59.00	 6	 0.50	 
BFE_337	 1	 9	 1105.jpg	 4.080089e+02	 11	 8.891438e+02	 110	 6.167138e+02	 98	 4.090267e+02	 633.33	 650.00	 18.00	 5	 0.55	 
BFE_337	 1	 9	 1121.jpg	 4.120135e+02	 11	 8.765598e+02	 110	 6.333775e+02	 98	 4.130311e+02	 650.00	 650.00	 12.00	 21	 0.64	 
BFE_337	 1	 9	 2107.jpg	 4.190045e+02	 24	 999000	 240	 999000	 999	 4.200222e+02	 650.00	 650.00	 78.00	 7	 0.20	 
