subjectID	 order	 runNum	 itemName	 onsetTime	 shuff_trialType	 RT	 respInTime	 AudioTime	 response	 fixationTime	 ladder1	 ladder2	 bidIndex	 itemNameIndex	 bidValue	 
BFE_337	 1	 13	 1105.jpg	 8.016832e+02	 11	 8.947871e+02	 110	 6.167328e+02	 98	 8.027010e+02	 633.33	 616.67	 18.00	 5	 0.55	 
BFE_337	 1	 13	 1121.jpg	 8.046699e+02	 11	 8.681175e+02	 110	 6.333759e+02	 98	 8.056877e+02	 650.00	 616.67	 12.00	 21	 0.64	 
BFE_337	 1	 13	 1205.jpg	 8.066722e+02	 12	 999000	 120	 999000	 999	 8.076901e+02	 650.00	 616.67	 9.00	 26	 0.68	 
BFE_337	 1	 13	 1209.jpg	 8.086745e+02	 12	 999000	 120	 999000	 999	 8.096922e+02	 650.00	 616.67	 3.00	 30	 0.79	 
BFE_337	 1	 13	 1107.jpg	 8.106767e+02	 12	 999000	 120	 999000	 999	 8.116945e+02	 650.00	 616.67	 20.00	 7	 0.50	 
BFE_337	 1	 13	 1120.jpg	 8.136800e+02	 12	 999000	 120	 999000	 999	 8.146978e+02	 650.00	 616.67	 37.00	 20	 0.22	 
BFE_337	 1	 13	 2102.jpg	 8.156823e+02	 22	 9.117381e+02	 220	 6.167482e+02	 98	 8.167001e+02	 650.00	 633.33	 58.00	 2	 0.51	 
BFE_337	 1	 13	 2104.jpg	 8.196702e+02	 24	 999000	 240	 999000	 999	 8.206878e+02	 650.00	 633.33	 61.00	 4	 0.46	 
BFE_337	 1	 13	 1206.jpg	 8.216724e+02	 11	 9.696494e+02	 110	 6.500428e+02	 98	 8.226901e+02	 666.67	 633.33	 10.00	 27	 0.65	 
BFE_337	 1	 13	 1106.jpg	 8.266779e+02	 12	 999000	 120	 999000	 999	 8.276959e+02	 666.67	 633.33	 4.00	 6	 0.79	 
BFE_337	 1	 13	 2211.jpg	 8.286802e+02	 22	 9.138031e+02	 220	 6.333872e+02	 98	 8.296980e+02	 666.67	 650.00	 50.00	 32	 0.63	 
BFE_337	 1	 13	 1217.jpg	 8.326846e+02	 12	 999000	 120	 999000	 999	 8.337025e+02	 666.67	 650.00	 8.00	 38	 0.70	 
BFE_337	 1	 13	 2209.jpg	 8.346703e+02	 24	 999000	 240	 999000	 999	 8.356881e+02	 666.67	 650.00	 43.00	 30	 0.83	 
BFE_337	 1	 13	 2103.jpg	 8.376736e+02	 24	 999000	 240	 999000	 999	 8.386913e+02	 666.67	 650.00	 48.00	 3	 0.73	 
BFE_337	 1	 13	 1102.jpg	 8.426792e+02	 11	 9.148733e+02	 110	 6.667128e+02	 98	 8.436969e+02	 683.33	 650.00	 15.00	 2	 0.59	 
BFE_337	 1	 13	 2213.jpg	 8.446815e+02	 24	 999000	 240	 999000	 999	 8.456992e+02	 683.33	 650.00	 49.00	 34	 0.70	 
BFE_337	 1	 13	 1215.jpg	 8.466837e+02	 12	 999000	 120	 999000	 999	 8.477015e+02	 683.33	 650.00	 22.00	 36	 0.48	 
BFE_337	 1	 13	 2114.jpg	 8.506714e+02	 24	 999000	 240	 999000	 999	 8.516893e+02	 683.33	 650.00	 60.00	 14	 0.48	 
BFE_337	 1	 13	 2212.jpg	 8.546760e+02	 22	 9.020536e+02	 220	 6.500778e+02	 98	 8.556937e+02	 683.33	 666.67	 53.00	 33	 0.59	 
BFE_337	 1	 13	 1112.jpg	 8.586805e+02	 12	 999000	 120	 999000	 999	 8.596982e+02	 683.33	 666.67	 17.00	 12	 0.56	 
BFE_337	 1	 13	 1213.jpg	 8.606827e+02	 12	 999000	 120	 999000	 999	 8.617005e+02	 683.33	 666.67	 16.00	 34	 0.56	 
BFE_337	 1	 13	 2101.jpg	 8.626849e+02	 24	 999000	 240	 999000	 999	 8.637028e+02	 683.33	 666.67	 54.00	 1	 0.59	 
BFE_337	 1	 13	 1114.jpg	 8.646734e+02	 12	 999000	 120	 999000	 999	 8.656883e+02	 683.33	 666.67	 19.00	 14	 0.52	 
BFE_337	 1	 13	 2219.jpg	 8.666727e+02	 24	 999000	 240	 999000	 999	 8.676905e+02	 683.33	 666.67	 44.00	 40	 0.82	 
BFE_337	 1	 13	 2206.jpg	 8.726795e+02	 24	 999000	 240	 999000	 999	 8.736973e+02	 683.33	 666.67	 51.00	 27	 0.63	 
BFE_337	 1	 13	 2106.jpg	 8.756829e+02	 24	 1.407160e+03	 240	 999000	 70	 8.767007e+02	 683.33	 666.67	 59.00	 6	 0.50	 
BFE_337	 1	 13	 1118.jpg	 8.776851e+02	 12	 999000	 120	 999000	 999	 8.787029e+02	 683.33	 666.67	 38.00	 18	 0.19	 
BFE_337	 1	 13	 2109.jpg	 8.796707e+02	 22	 1.107354e+03	 2200	 6.667110e+02	 98	 8.806884e+02	 683.33	 616.67	 52.00	 9	 0.63	 
BFE_337	 1	 13	 2216.jpg	 8.826740e+02	 22	 9.761028e+02	 220	 6.167122e+02	 98	 8.836918e+02	 683.33	 633.33	 47.00	 37	 0.74	 
BFE_337	 1	 13	 2108.jpg	 8.846762e+02	 24	 999000	 240	 999000	 999	 8.856941e+02	 683.33	 633.33	 77.00	 8	 0.21	 
BFE_337	 1	 13	 1117.jpg	 8.866784e+02	 12	 999000	 120	 999000	 999	 8.876963e+02	 683.33	 633.33	 11.00	 17	 0.64	 
BFE_337	 1	 13	 1115.jpg	 8.886807e+02	 11	 1.097305e+03	 1100	 6.833847e+02	 98	 8.896985e+02	 633.33	 633.33	 13.00	 15	 0.63	 
BFE_337	 1	 13	 1216.jpg	 8.916841e+02	 12	 999000	 120	 999000	 999	 8.927019e+02	 633.33	 633.33	 14.00	 37	 0.61	 
BFE_337	 1	 13	 2217.jpg	 8.936697e+02	 24	 999000	 240	 999000	 999	 8.946874e+02	 633.33	 633.33	 56.00	 38	 0.52	 
BFE_337	 1	 13	 2107.jpg	 8.956719e+02	 24	 999000	 240	 999000	 999	 8.966898e+02	 633.33	 633.33	 78.00	 7	 0.20	 
BFE_337	 1	 13	 1212.jpg	 8.976741e+02	 12	 999000	 120	 999000	 999	 8.986919e+02	 633.33	 633.33	 21.00	 33	 0.50	 
BFE_337	 1	 13	 1109.jpg	 8.996765e+02	 11	 8.695780e+02	 110	 6.333751e+02	 98	 9.006942e+02	 650.00	 633.33	 7.00	 9	 0.73	 
BFE_337	 1	 13	 2117.jpg	 9.056833e+02	 22	 8.787248e+02	 220	 6.333695e+02	 98	 9.067009e+02	 650.00	 650.00	 55.00	 17	 0.55	 
BFE_337	 1	 13	 2207.jpg	 9.086698e+02	 24	 999000	 240	 999000	 999	 9.096876e+02	 650.00	 650.00	 62.00	 28	 0.46	 
BFE_337	 1	 13	 2204.jpg	 9.126743e+02	 24	 999000	 240	 999000	 999	 9.136920e+02	 650.00	 650.00	 57.00	 25	 0.52	 
