subjectID	 order	 runNum	 itemName	 onsetTime	 shuff_trialType	 RT	 respInTime	 AudioTime	 response	 fixationTime	 ladder1	 ladder2	 bidIndex	 itemNameIndex	 bidValue	 
BFE_305	 1	 13	 2201.jpg	 1.526877e+03	 24	 999000	 240	 999000	 999	 1.527895e+03	 216.67	 416.67	 51.00	 22	 0.70	 
BFE_305	 1	 13	 1121.jpg	 1.529864e+03	 12	 999000	 120	 999000	 999	 1.530882e+03	 216.67	 416.67	 16.00	 21	 0.58	 
BFE_305	 1	 13	 1101.jpg	 1.531866e+03	 12	 999000	 120	 999000	 999	 1.532884e+03	 216.67	 416.67	 11.00	 1	 0.62	 
BFE_305	 1	 13	 2205.jpg	 1.533869e+03	 24	 999000	 240	 999000	 999	 1.534886e+03	 216.67	 416.67	 59.00	 26	 0.53	 
BFE_305	 1	 13	 1118.jpg	 1.535871e+03	 12	 999000	 120	 999000	 999	 1.536889e+03	 216.67	 416.67	 37.00	 18	 0.17	 
BFE_305	 1	 13	 1210.jpg	 1.538874e+03	 12	 999000	 120	 999000	 999	 1.539892e+03	 216.67	 416.67	 8.00	 31	 0.69	 
BFE_305	 1	 13	 2107.jpg	 1.540876e+03	 24	 999000	 240	 999000	 999	 1.541894e+03	 216.67	 416.67	 77.00	 7	 0.26	 
BFE_305	 1	 13	 1102.jpg	 1.544864e+03	 12	 999000	 120	 999000	 999	 1.545882e+03	 216.67	 416.67	 22.00	 2	 0.49	 
BFE_305	 1	 13	 1201.jpg	 1.546867e+03	 12	 999000	 120	 999000	 999	 1.547884e+03	 216.67	 416.67	 4.00	 22	 0.84	 
BFE_305	 1	 13	 2204.jpg	 1.551872e+03	 24	 999000	 240	 999000	 999	 1.552890e+03	 216.67	 416.67	 56.00	 25	 0.59	 
BFE_305	 1	 13	 2106.jpg	 1.553874e+03	 24	 999000	 240	 999000	 999	 1.554892e+03	 216.67	 416.67	 62.00	 6	 0.46	 
BFE_305	 1	 13	 1206.jpg	 1.557879e+03	 12	 999000	 120	 999000	 999	 1.558897e+03	 216.67	 416.67	 14.00	 27	 0.60	 
BFE_305	 1	 13	 1209.jpg	 1.559864e+03	 12	 999000	 120	 999000	 999	 1.560882e+03	 216.67	 416.67	 20.00	 30	 0.50	 
BFE_305	 1	 13	 2102.jpg	 1.562868e+03	 22	 8.381039e+02	 220	 4.167308e+02	 98	 1.563886e+03	 216.67	 433.33	 55.00	 2	 0.62	 
BFE_305	 1	 13	 1204.jpg	 1.567873e+03	 11	 1.080556e+03	 1100	 2.167103e+02	 98	 1.568891e+03	 166.67	 433.33	 13.00	 25	 0.61	 
BFE_305	 1	 13	 1212.jpg	 1.569876e+03	 12	 999000	 120	 999000	 999	 1.570893e+03	 166.67	 433.33	 9.00	 33	 0.67	 
BFE_305	 1	 13	 1217.jpg	 1.571878e+03	 12	 999000	 120	 999000	 999	 1.572896e+03	 166.67	 433.33	 17.00	 38	 0.56	 
BFE_305	 1	 13	 2203.jpg	 1.575866e+03	 24	 999000	 240	 999000	 999	 1.576883e+03	 166.67	 433.33	 43.00	 24	 0.81	 
BFE_305	 1	 13	 1219.jpg	 1.579870e+03	 12	 999000	 120	 999000	 999	 1.580888e+03	 166.67	 433.33	 19.00	 40	 0.51	 
BFE_305	 1	 13	 1103.jpg	 1.583875e+03	 11	 4.872632e+02	 110	 1.666904e+02	 98	 1.584893e+03	 183.33	 433.33	 10.00	 3	 0.65	 
BFE_305	 1	 13	 1214.jpg	 1.585877e+03	 11	 4.449904e+02	 110	 1.833801e+02	 98	 1.586895e+03	 200.00	 433.33	 7.00	 35	 0.77	 
BFE_305	 1	 13	 2214.jpg	 1.587879e+03	 24	 999000	 240	 999000	 999	 1.588897e+03	 200.00	 433.33	 48.00	 35	 0.73	 
BFE_305	 1	 13	 2212.jpg	 1.589864e+03	 22	 8.974810e+02	 220	 4.333654e+02	 98	 1.590882e+03	 200.00	 450.00	 52.00	 33	 0.66	 
BFE_305	 1	 13	 2209.jpg	 1.591867e+03	 24	 999000	 240	 999000	 999	 1.592885e+03	 200.00	 450.00	 57.00	 30	 0.59	 
BFE_305	 1	 13	 1205.jpg	 1.597874e+03	 11	 5.842194e+02	 110	 2.000752e+02	 98	 1.598892e+03	 216.67	 450.00	 15.00	 26	 0.59	 
BFE_305	 1	 13	 2218.jpg	 1.600877e+03	 22	 9.489051e+02	 220	 4.500309e+02	 98	 1.601895e+03	 216.67	 466.67	 47.00	 39	 0.73	 
BFE_305	 1	 13	 1215.jpg	 1.602879e+03	 11	 7.066680e+02	 110	 2.167018e+02	 98	 1.603897e+03	 233.33	 466.67	 12.00	 36	 0.61	 
BFE_305	 1	 13	 2211.jpg	 1.604865e+03	 24	 999000	 240	 999000	 999	 1.605883e+03	 233.33	 466.67	 49.00	 32	 0.73	 
BFE_305	 1	 13	 1110.jpg	 1.607868e+03	 11	 999000	 1	 2.333649e+02	 999	 1.608886e+03	 183.33	 466.67	 18.00	 10	 0.55	 
BFE_305	 1	 13	 1107.jpg	 1.609870e+03	 12	 999000	 120	 999000	 999	 1.610888e+03	 183.33	 466.67	 38.00	 7	 0.16	 
BFE_305	 1	 13	 1203.jpg	 1.611873e+03	 12	 999000	 120	 999000	 999	 1.612891e+03	 183.33	 466.67	 3.00	 24	 0.85	 
BFE_305	 1	 13	 2101.jpg	 1.613875e+03	 24	 999000	 240	 999000	 999	 1.614893e+03	 183.33	 466.67	 60.00	 1	 0.51	 
BFE_305	 1	 13	 2207.jpg	 1.616878e+03	 24	 999000	 240	 999000	 999	 1.617896e+03	 183.33	 466.67	 44.00	 28	 0.77	 
BFE_305	 1	 13	 1106.jpg	 1.618864e+03	 12	 999000	 120	 999000	 999	 1.619882e+03	 183.33	 466.67	 21.00	 6	 0.50	 
BFE_305	 1	 13	 2113.jpg	 1.620866e+03	 24	 999000	 240	 999000	 999	 1.621884e+03	 183.33	 466.67	 78.00	 13	 0.25	 
BFE_305	 1	 13	 2215.jpg	 1.622868e+03	 22	 999000	 2	 4.667025e+02	 999	 1.623886e+03	 183.33	 416.67	 58.00	 36	 0.57	 
BFE_305	 1	 13	 2110.jpg	 1.624871e+03	 24	 2.512946e+02	 24	 999000	 98	 1.625888e+03	 183.33	 416.67	 61.00	 10	 0.48	 
BFE_305	 1	 13	 2120.jpg	 1.630877e+03	 22	 7.485331e+02	 220	 4.166931e+02	 98	 1.631895e+03	 183.33	 433.33	 53.00	 20	 0.63	 
BFE_305	 1	 13	 2216.jpg	 1.633864e+03	 22	 1.025981e+03	 2200	 4.333697e+02	 98	 1.634882e+03	 183.33	 383.33	 50.00	 37	 0.71	 
BFE_305	 1	 13	 2121.jpg	 1.637869e+03	 24	 999000	 240	 999000	 999	 1.638886e+03	 183.33	 383.33	 54.00	 21	 0.63	 
