subjectID	 order	 runNum	 itemName	 onsetTime	 shuff_trialType	 RT	 respInTime	 AudioTime	 response	 fixationTime	 ladder1	 ladder2	 bidIndex	 itemNameIndex	 bidValue	 
BFE_340	 2	 13	 1117.jpg	 7.908908e+02	 12	 5.352554e+02	 12	 999000	 98	 7.919086e+02	 883.33	 883.33	 3.00	 17	 0.85	 
BFE_340	 2	 13	 1105.jpg	 7.938776e+02	 12	 999000	 120	 999000	 999	 7.948953e+02	 883.33	 883.33	 21.00	 5	 0.49	 
BFE_340	 2	 13	 2208.jpg	 7.978820e+02	 24	 999000	 240	 999000	 999	 7.988998e+02	 883.33	 883.33	 77.00	 29	 0.18	 
BFE_340	 2	 13	 1217.jpg	 7.998843e+02	 12	 999000	 120	 999000	 999	 8.009020e+02	 883.33	 883.33	 15.00	 38	 0.56	 
BFE_340	 2	 13	 2109.jpg	 8.018865e+02	 22	 5.875978e+02	 22	 8.833861e+02	 98	 8.029044e+02	 883.33	 900.00	 51.00	 9	 0.71	 
BFE_340	 2	 13	 1109.jpg	 8.058910e+02	 12	 999000	 120	 999000	 999	 8.069087e+02	 883.33	 900.00	 18.00	 9	 0.54	 
BFE_340	 2	 13	 1119.jpg	 8.078766e+02	 12	 999000	 120	 999000	 999	 8.088943e+02	 883.33	 900.00	 37.00	 19	 0.19	 
BFE_340	 2	 13	 2115.jpg	 8.128821e+02	 22	 5.359264e+02	 22	 9.000477e+02	 98	 8.139001e+02	 883.33	 916.67	 49.00	 15	 0.73	 
BFE_340	 2	 13	 1204.jpg	 8.148844e+02	 12	 999000	 120	 999000	 999	 8.159022e+02	 883.33	 916.67	 22.00	 25	 0.47	 
BFE_340	 2	 13	 2116.jpg	 8.178878e+02	 24	 999000	 240	 999000	 999	 8.189055e+02	 883.33	 916.67	 53.00	 16	 0.65	 
BFE_340	 2	 13	 2219.jpg	 8.208911e+02	 22	 5.829230e+02	 22	 9.167199e+02	 98	 8.219089e+02	 883.33	 916.67	 57.00	 40	 0.57	 
BFE_340	 2	 13	 1118.jpg	 8.248790e+02	 12	 999000	 120	 999000	 999	 8.258967e+02	 883.33	 916.67	 19.00	 18	 0.54	 
BFE_340	 2	 13	 2211.jpg	 8.278823e+02	 22	 4.718063e+02	 22	 9.167106e+02	 98	 8.289000e+02	 883.33	 916.67	 48.00	 32	 0.76	 
BFE_340	 2	 13	 1115.jpg	 8.298845e+02	 11	 6.615393e+02	 11	 8.834039e+02	 98	 8.309024e+02	 900.00	 916.67	 11.00	 15	 0.69	 
BFE_340	 2	 13	 1120.jpg	 8.328879e+02	 12	 999000	 120	 999000	 999	 8.339057e+02	 900.00	 916.67	 12.00	 20	 0.67	 
BFE_340	 2	 13	 2202.jpg	 8.368754e+02	 24	 999000	 240	 999000	 999	 8.378934e+02	 900.00	 916.67	 60.00	 23	 0.54	 
BFE_340	 2	 13	 2111.jpg	 8.398791e+02	 24	 999000	 240	 999000	 999	 8.408969e+02	 900.00	 916.67	 59.00	 11	 0.55	 
BFE_340	 2	 13	 1103.jpg	 8.418813e+02	 12	 999000	 120	 999000	 999	 8.428992e+02	 900.00	 916.67	 4.00	 3	 0.81	 
BFE_340	 2	 13	 2209.jpg	 8.438836e+02	 22	 5.345043e+02	 22	 9.167161e+02	 98	 8.449013e+02	 900.00	 916.67	 54.00	 30	 0.63	 
BFE_340	 2	 13	 1106.jpg	 8.488892e+02	 11	 5.849145e+02	 11	 9.000464e+02	 98	 8.499070e+02	 916.67	 916.67	 14.00	 6	 0.63	 
BFE_340	 2	 13	 1121.jpg	 8.528767e+02	 12	 999000	 120	 999000	 999	 8.538949e+02	 916.67	 916.67	 10.00	 21	 0.72	 
BFE_340	 2	 13	 1219.jpg	 8.568814e+02	 11	 5.606301e+02	 11	 9.167119e+02	 98	 8.578993e+02	 916.67	 916.67	 17.00	 40	 0.55	 
BFE_340	 2	 13	 2103.jpg	 8.628882e+02	 24	 999000	 240	 999000	 999	 8.639060e+02	 916.67	 916.67	 44.00	 3	 0.85	 
BFE_340	 2	 13	 1208.jpg	 8.648904e+02	 12	 999000	 120	 999000	 999	 8.659082e+02	 916.67	 916.67	 38.00	 29	 0.16	 
BFE_340	 2	 13	 2217.jpg	 8.668758e+02	 24	 999000	 240	 999000	 999	 8.678938e+02	 916.67	 916.67	 55.00	 38	 0.61	 
BFE_340	 2	 13	 1201.jpg	 8.688783e+02	 11	 5.637598e+02	 11	 9.167092e+02	 98	 8.698961e+02	 916.67	 916.67	 8.00	 22	 0.75	 
BFE_340	 2	 13	 1218.jpg	 8.708805e+02	 12	 999000	 120	 999000	 999	 8.718983e+02	 916.67	 916.67	 20.00	 39	 0.53	 
BFE_340	 2	 13	 1213.jpg	 8.748851e+02	 11	 5.410125e+02	 11	 9.167101e+02	 98	 8.759029e+02	 916.67	 916.67	 16.00	 34	 0.56	 
BFE_340	 2	 13	 1107.jpg	 8.768872e+02	 12	 999000	 120	 999000	 999	 8.779050e+02	 916.67	 916.67	 13.00	 7	 0.64	 
BFE_340	 2	 13	 2114.jpg	 8.808919e+02	 24	 999000	 240	 999000	 999	 8.819095e+02	 916.67	 916.67	 52.00	 14	 0.66	 
BFE_340	 2	 13	 2101.jpg	 8.828774e+02	 24	 999000	 240	 999000	 999	 8.838950e+02	 916.67	 916.67	 78.00	 1	 0.17	 
BFE_340	 2	 13	 2203.jpg	 8.848795e+02	 24	 999000	 240	 999000	 999	 8.858973e+02	 916.67	 916.67	 61.00	 24	 0.53	 
BFE_340	 2	 13	 1114.jpg	 8.868818e+02	 11	 5.122602e+02	 11	 9.167619e+02	 98	 8.878995e+02	 916.67	 916.67	 9.00	 14	 0.74	 
BFE_340	 2	 13	 1206.jpg	 8.918874e+02	 12	 999000	 120	 999000	 999	 8.929051e+02	 916.67	 916.67	 7.00	 27	 0.76	 
BFE_340	 2	 13	 2102.jpg	 8.938896e+02	 24	 999000	 240	 999000	 999	 8.949074e+02	 916.67	 916.67	 47.00	 2	 0.81	 
BFE_340	 2	 13	 2213.jpg	 8.958919e+02	 24	 999000	 240	 999000	 999	 8.969096e+02	 916.67	 916.67	 62.00	 34	 0.51	 
BFE_340	 2	 13	 2117.jpg	 8.988785e+02	 22	 999000	 2	 9.167123e+02	 999	 8.998964e+02	 916.67	 866.67	 56.00	 17	 0.59	 
BFE_340	 2	 13	 2113.jpg	 9.058865e+02	 24	 999000	 240	 999000	 999	 9.069041e+02	 916.67	 866.67	 43.00	 13	 0.88	 
BFE_340	 2	 13	 2218.jpg	 9.098909e+02	 24	 999000	 240	 999000	 999	 9.109087e+02	 916.67	 866.67	 58.00	 39	 0.57	 
BFE_340	 2	 13	 2105.jpg	 9.168821e+02	 24	 999000	 240	 999000	 999	 9.178999e+02	 916.67	 866.67	 50.00	 5	 0.73	 
