subjectID	 order	 runNum	 itemName	 onsetTime	 shuff_trialType	 RT	 respInTime	 AudioTime	 response	 fixationTime	 ladder1	 ladder2	 bidIndex	 itemNameIndex	 bidValue	 
BFE_308	 2	 11	 1202.jpg	 1.272663e+03	 12	 999000	 120	 999000	 999	 1.273681e+03	 883.33	 883.33	 21.00	 23	 0.47	 
BFE_308	 2	 11	 2103.jpg	 1.274649e+03	 22	 6.091614e+02	 22	 8.833829e+02	 98	 1.275667e+03	 883.33	 900.00	 51.00	 3	 0.67	 
BFE_308	 2	 11	 2116.jpg	 1.278653e+03	 24	 999000	 240	 999000	 999	 1.279671e+03	 883.33	 900.00	 62.00	 16	 0.51	 
BFE_308	 2	 11	 2210.jpg	 1.281657e+03	 24	 999000	 240	 999000	 999	 1.282675e+03	 883.33	 900.00	 77.00	 31	 0.17	 
BFE_308	 2	 11	 2218.jpg	 1.283659e+03	 22	 5.990416e+02	 22	 9.000285e+02	 98	 1.284677e+03	 883.33	 916.67	 57.00	 39	 0.58	 
BFE_308	 2	 11	 1219.jpg	 1.286645e+03	 12	 999000	 120	 999000	 999	 1.287663e+03	 883.33	 916.67	 19.00	 40	 0.53	 
BFE_308	 2	 11	 2109.jpg	 1.290650e+03	 22	 7.597548e+02	 22	 9.167053e+02	 98	 1.291668e+03	 883.33	 916.67	 56.00	 9	 0.58	 
BFE_308	 2	 11	 1201.jpg	 1.294655e+03	 12	 999000	 120	 999000	 999	 1.295673e+03	 883.33	 916.67	 4.00	 22	 0.80	 
BFE_308	 2	 11	 2110.jpg	 1.296657e+03	 24	 999000	 240	 999000	 999	 1.297675e+03	 883.33	 916.67	 52.00	 10	 0.66	 
BFE_308	 2	 11	 2219.jpg	 1.301646e+03	 24	 999000	 240	 999000	 999	 1.302664e+03	 883.33	 916.67	 43.00	 40	 0.83	 
BFE_308	 2	 11	 2204.jpg	 1.303648e+03	 24	 999000	 240	 999000	 999	 1.304666e+03	 883.33	 916.67	 61.00	 25	 0.51	 
BFE_308	 2	 11	 2215.jpg	 1.305650e+03	 24	 999000	 240	 999000	 999	 1.306668e+03	 883.33	 916.67	 44.00	 36	 0.79	 
BFE_308	 2	 11	 2209.jpg	 1.311657e+03	 22	 6.329086e+02	 22	 9.166982e+02	 98	 1.312675e+03	 883.33	 916.67	 49.00	 30	 0.71	 
BFE_308	 2	 11	 2121.jpg	 1.313659e+03	 22	 5.187177e+02	 22	 9.166970e+02	 98	 1.314677e+03	 883.33	 916.67	 48.00	 21	 0.72	 
BFE_308	 2	 11	 1113.jpg	 1.315662e+03	 12	 999000	 120	 999000	 999	 1.316679e+03	 883.33	 916.67	 20.00	 13	 0.53	 
BFE_308	 2	 11	 1103.jpg	 1.317647e+03	 11	 6.187788e+02	 11	 8.833868e+02	 98	 1.318665e+03	 900.00	 916.67	 8.00	 3	 0.74	 
BFE_308	 2	 11	 1218.jpg	 1.321652e+03	 12	 999000	 120	 999000	 999	 1.322669e+03	 900.00	 916.67	 3.00	 39	 0.85	 
BFE_308	 2	 11	 1105.jpg	 1.325656e+03	 11	 8.739133e+02	 11	 9.000278e+02	 98	 1.326674e+03	 916.67	 916.67	 17.00	 5	 0.57	 
BFE_308	 2	 11	 2208.jpg	 1.328660e+03	 24	 999000	 240	 999000	 999	 1.329677e+03	 916.67	 916.67	 58.00	 29	 0.56	 
BFE_308	 2	 11	 1208.jpg	 1.332647e+03	 12	 999000	 120	 999000	 999	 1.333665e+03	 916.67	 916.67	 7.00	 29	 0.76	 
BFE_308	 2	 11	 1216.jpg	 1.335651e+03	 12	 999000	 120	 999000	 999	 1.336668e+03	 916.67	 916.67	 10.00	 37	 0.71	 
BFE_308	 2	 11	 2105.jpg	 1.337653e+03	 24	 999000	 240	 999000	 999	 1.338671e+03	 916.67	 916.67	 50.00	 5	 0.68	 
BFE_308	 2	 11	 1109.jpg	 1.341657e+03	 12	 9.845741e+02	 12	 999000	 98	 1.342675e+03	 916.67	 916.67	 18.00	 9	 0.54	 
BFE_308	 2	 11	 2111.jpg	 1.343660e+03	 24	 999000	 240	 999000	 999	 1.344678e+03	 916.67	 916.67	 78.00	 11	 0.14	 
BFE_308	 2	 11	 1211.jpg	 1.345662e+03	 12	 999000	 120	 999000	 999	 1.346680e+03	 916.67	 916.67	 13.00	 32	 0.67	 
BFE_308	 2	 11	 2102.jpg	 1.349650e+03	 22	 7.442984e+02	 22	 9.167072e+02	 98	 1.350668e+03	 916.67	 916.67	 54.00	 2	 0.60	 
BFE_308	 2	 11	 1209.jpg	 1.351652e+03	 12	 999000	 120	 999000	 999	 1.352670e+03	 916.67	 916.67	 22.00	 30	 0.46	 
BFE_308	 2	 11	 1207.jpg	 1.355657e+03	 12	 999000	 120	 999000	 999	 1.356674e+03	 916.67	 916.67	 12.00	 28	 0.67	 
BFE_308	 2	 11	 1114.jpg	 1.359661e+03	 11	 6.290362e+02	 11	 9.166992e+02	 98	 1.360679e+03	 916.67	 916.67	 9.00	 14	 0.71	 
BFE_308	 2	 11	 1215.jpg	 1.362648e+03	 12	 999000	 120	 999000	 999	 1.363666e+03	 916.67	 916.67	 15.00	 36	 0.59	 
BFE_308	 2	 11	 1203.jpg	 1.368654e+03	 11	 6.196018e+02	 11	 9.166968e+02	 98	 1.369672e+03	 916.67	 916.67	 16.00	 24	 0.58	 
BFE_308	 2	 11	 2213.jpg	 1.370657e+03	 24	 999000	 240	 999000	 999	 1.371674e+03	 916.67	 916.67	 47.00	 34	 0.76	 
BFE_308	 2	 11	 1117.jpg	 1.374661e+03	 12	 999000	 120	 999000	 999	 1.375679e+03	 916.67	 916.67	 37.00	 17	 0.17	 
BFE_308	 2	 11	 1210.jpg	 1.376647e+03	 12	 999000	 120	 999000	 999	 1.377665e+03	 916.67	 916.67	 38.00	 31	 0.15	 
BFE_308	 2	 11	 2115.jpg	 1.378649e+03	 24	 999000	 240	 999000	 999	 1.379667e+03	 916.67	 916.67	 55.00	 15	 0.58	 
BFE_308	 2	 11	 2216.jpg	 1.380651e+03	 24	 999000	 240	 999000	 999	 1.381669e+03	 916.67	 916.67	 53.00	 37	 0.64	 
BFE_308	 2	 11	 1214.jpg	 1.385657e+03	 11	 8.811146e+02	 11	 9.166989e+02	 98	 1.386675e+03	 916.67	 916.67	 11.00	 35	 0.71	 
BFE_308	 2	 11	 1110.jpg	 1.387659e+03	 11	 5.829912e+02	 11	 9.167067e+02	 98	 1.388677e+03	 916.67	 916.67	 14.00	 10	 0.60	 
BFE_308	 2	 11	 2203.jpg	 1.389661e+03	 24	 999000	 240	 999000	 999	 1.390679e+03	 916.67	 916.67	 59.00	 24	 0.53	 
BFE_308	 2	 11	 2206.jpg	 1.392648e+03	 24	 999000	 240	 999000	 999	 1.393666e+03	 916.67	 916.67	 60.00	 27	 0.52	 
