subjectID	 order	 runNum	 itemName	 onsetTime	 shuff_trialType	 RT	 respInTime	 AudioTime	 response	 fixationTime	 ladder1	 ladder2	 bidIndex	 itemNameIndex	 bidValue	 
BFE_340	 2	 8	 2203.jpg	 1.311512e+02	 24	 999000	 240	 999000	 999	 1.321690e+02	 716.67	 716.67	 61.00	 24	 0.53	 
BFE_340	 2	 8	 1106.jpg	 1.331365e+02	 11	 9.615634e+02	 110	 7.167156e+02	 98	 1.341545e+02	 733.33	 716.67	 14.00	 6	 0.63	 
BFE_340	 2	 8	 2213.jpg	 1.371413e+02	 24	 999000	 240	 999000	 999	 1.381590e+02	 733.33	 716.67	 62.00	 34	 0.51	 
BFE_340	 2	 8	 2103.jpg	 1.401446e+02	 24	 999000	 240	 999000	 999	 1.411625e+02	 733.33	 716.67	 44.00	 3	 0.85	 
BFE_340	 2	 8	 2208.jpg	 1.421469e+02	 24	 999000	 240	 999000	 999	 1.431647e+02	 733.33	 716.67	 77.00	 29	 0.18	 
BFE_340	 2	 8	 2114.jpg	 1.451503e+02	 24	 999000	 240	 999000	 999	 1.461680e+02	 733.33	 716.67	 52.00	 14	 0.66	 
BFE_340	 2	 8	 2109.jpg	 1.491381e+02	 22	 9.279861e+02	 220	 7.167149e+02	 98	 1.501559e+02	 733.33	 733.33	 51.00	 9	 0.71	 
BFE_340	 2	 8	 2217.jpg	 1.531425e+02	 24	 999000	 240	 999000	 999	 1.541603e+02	 733.33	 733.33	 55.00	 38	 0.61	 
BFE_340	 2	 8	 1105.jpg	 1.551447e+02	 12	 999000	 120	 999000	 999	 1.561626e+02	 733.33	 733.33	 21.00	 5	 0.49	 
BFE_340	 2	 8	 2101.jpg	 1.601504e+02	 24	 999000	 240	 999000	 999	 1.611681e+02	 733.33	 733.33	 78.00	 1	 0.17	 
BFE_340	 2	 8	 1107.jpg	 1.621526e+02	 12	 999000	 120	 999000	 999	 1.631704e+02	 733.33	 733.33	 13.00	 7	 0.64	 
BFE_340	 2	 8	 2115.jpg	 1.641383e+02	 22	 9.758095e+02	 220	 7.333751e+02	 98	 1.651560e+02	 733.33	 750.00	 49.00	 15	 0.73	 
BFE_340	 2	 8	 2102.jpg	 1.701449e+02	 24	 999000	 240	 999000	 999	 1.711627e+02	 733.33	 750.00	 47.00	 2	 0.81	 
BFE_340	 2	 8	 1121.jpg	 1.721472e+02	 12	 999000	 120	 999000	 999	 1.731649e+02	 733.33	 750.00	 10.00	 21	 0.72	 
BFE_340	 2	 8	 2211.jpg	 1.741494e+02	 22	 9.886970e+02	 220	 7.500517e+02	 98	 1.751672e+02	 733.33	 766.67	 48.00	 32	 0.76	 
BFE_340	 2	 8	 2219.jpg	 1.761517e+02	 22	 1.010368e+03	 2200	 7.667057e+02	 98	 1.771717e+02	 733.33	 716.67	 57.00	 40	 0.57	 
BFE_340	 2	 8	 2105.jpg	 1.801395e+02	 24	 999000	 240	 999000	 999	 1.811572e+02	 733.33	 716.67	 50.00	 5	 0.73	 
BFE_340	 2	 8	 2117.jpg	 1.841441e+02	 22	 9.300083e+02	 220	 7.167065e+02	 98	 1.851618e+02	 733.33	 733.33	 56.00	 17	 0.59	 
BFE_340	 2	 8	 1114.jpg	 1.871474e+02	 11	 9.667092e+02	 110	 7.334197e+02	 98	 1.881651e+02	 750.00	 733.33	 9.00	 14	 0.74	 
BFE_340	 2	 8	 2209.jpg	 1.911519e+02	 22	 9.382101e+02	 220	 7.333770e+02	 98	 1.921696e+02	 750.00	 750.00	 54.00	 30	 0.63	 
BFE_340	 2	 8	 1219.jpg	 1.941386e+02	 11	 9.834196e+02	 110	 7.500476e+02	 98	 1.951564e+02	 766.67	 750.00	 17.00	 40	 0.55	 
BFE_340	 2	 8	 1118.jpg	 1.961407e+02	 12	 999000	 120	 999000	 999	 1.971585e+02	 766.67	 750.00	 19.00	 18	 0.54	 
BFE_340	 2	 8	 1120.jpg	 2.001452e+02	 12	 999000	 120	 999000	 999	 2.011630e+02	 766.67	 750.00	 12.00	 20	 0.67	 
BFE_340	 2	 8	 2202.jpg	 2.021475e+02	 24	 999000	 240	 999000	 999	 2.031653e+02	 766.67	 750.00	 60.00	 23	 0.54	 
BFE_340	 2	 8	 1119.jpg	 2.041497e+02	 12	 999000	 120	 999000	 999	 2.051676e+02	 766.67	 750.00	 37.00	 19	 0.19	 
BFE_340	 2	 8	 1109.jpg	 2.081373e+02	 12	 999000	 120	 999000	 999	 2.091553e+02	 766.67	 750.00	 18.00	 9	 0.54	 
BFE_340	 2	 8	 1206.jpg	 2.101398e+02	 12	 999000	 120	 999000	 999	 2.111576e+02	 766.67	 750.00	 7.00	 27	 0.76	 
BFE_340	 2	 8	 1204.jpg	 2.141442e+02	 12	 999000	 120	 999000	 999	 2.151620e+02	 766.67	 750.00	 22.00	 25	 0.47	 
BFE_340	 2	 8	 1213.jpg	 2.181488e+02	 11	 9.973145e+02	 110	 7.667122e+02	 98	 2.191666e+02	 783.33	 750.00	 16.00	 34	 0.56	 
BFE_340	 2	 8	 2113.jpg	 2.211521e+02	 24	 999000	 240	 999000	 999	 2.221699e+02	 783.33	 750.00	 43.00	 13	 0.88	 
BFE_340	 2	 8	 2116.jpg	 2.271422e+02	 24	 999000	 240	 999000	 999	 2.281600e+02	 783.33	 750.00	 53.00	 16	 0.65	 
BFE_340	 2	 8	 2111.jpg	 2.291445e+02	 24	 999000	 240	 999000	 999	 2.301622e+02	 783.33	 750.00	 59.00	 11	 0.55	 
BFE_340	 2	 8	 1208.jpg	 2.331489e+02	 12	 999000	 120	 999000	 999	 2.341667e+02	 783.33	 750.00	 38.00	 29	 0.16	 
BFE_340	 2	 8	 1218.jpg	 2.351511e+02	 12	 999000	 120	 999000	 999	 2.361689e+02	 783.33	 750.00	 20.00	 39	 0.53	 
BFE_340	 2	 8	 2218.jpg	 2.371364e+02	 24	 999000	 240	 999000	 999	 2.381545e+02	 783.33	 750.00	 58.00	 39	 0.57	 
BFE_340	 2	 8	 1117.jpg	 2.391390e+02	 12	 999000	 120	 999000	 999	 2.401567e+02	 783.33	 750.00	 3.00	 17	 0.85	 
BFE_340	 2	 8	 1217.jpg	 2.441446e+02	 12	 999000	 120	 999000	 999	 2.451623e+02	 783.33	 750.00	 15.00	 38	 0.56	 
BFE_340	 2	 8	 1115.jpg	 2.461468e+02	 11	 1.031286e+03	 1100	 7.833710e+02	 98	 2.471645e+02	 733.33	 750.00	 11.00	 15	 0.69	 
BFE_340	 2	 8	 1201.jpg	 2.481490e+02	 11	 1.005052e+03	 1100	 7.333696e+02	 98	 2.491694e+02	 683.33	 750.00	 8.00	 22	 0.75	 
BFE_340	 2	 8	 1103.jpg	 2.511524e+02	 12	 999000	 120	 999000	 999	 2.521702e+02	 683.33	 750.00	 4.00	 3	 0.81	 
