subjectID	 order	 runNum	 itemName	 onsetTime	 shuff_trialType	 RT	 respInTime	 AudioTime	 response	 fixationTime	 ladder1	 ladder2	 bidIndex	 itemNameIndex	 bidValue	 
BFE_302	 2	 5	 2214.jpg	 5.670885e+02	 22	 8.656331e+02	 220	 6.167122e+02	 98	 5.681064e+02	 750.00	 633.33	 56.00	 35	 0.64	 
BFE_302	 2	 5	 1120.jpg	 5.700752e+02	 12	 999000	 120	 999000	 999	 5.710931e+02	 750.00	 633.33	 21.00	 20	 0.50	 
BFE_302	 2	 5	 2211.jpg	 5.740797e+02	 22	 8.744297e+02	 220	 6.333708e+02	 98	 5.750975e+02	 750.00	 650.00	 54.00	 32	 0.64	 
BFE_302	 2	 5	 1121.jpg	 5.760820e+02	 12	 999000	 120	 999000	 999	 5.771164e+02	 750.00	 650.00	 22.00	 21	 0.47	 
BFE_302	 2	 5	 2217.jpg	 5.780843e+02	 24	 999000	 240	 999000	 999	 5.791020e+02	 750.00	 650.00	 55.00	 38	 0.64	 
BFE_302	 2	 5	 1206.jpg	 5.820721e+02	 11	 9.940381e+02	 110	 7.500426e+02	 98	 5.830898e+02	 766.67	 650.00	 11.00	 27	 0.67	 
BFE_302	 2	 5	 2208.jpg	 5.840743e+02	 24	 999000	 240	 999000	 999	 5.850921e+02	 766.67	 650.00	 52.00	 29	 0.66	 
BFE_302	 2	 5	 1217.jpg	 5.890799e+02	 12	 999000	 120	 999000	 999	 5.900977e+02	 766.67	 650.00	 18.00	 38	 0.52	 
BFE_302	 2	 5	 1115.jpg	 5.910822e+02	 12	 999000	 120	 999000	 999	 5.920998e+02	 766.67	 650.00	 10.00	 15	 0.69	 
BFE_302	 2	 5	 2218.jpg	 5.940855e+02	 24	 999000	 240	 999000	 999	 5.951033e+02	 766.67	 650.00	 59.00	 39	 0.60	 
BFE_302	 2	 5	 1205.jpg	 5.970722e+02	 11	 1.033977e+03	 1100	 7.667032e+02	 98	 5.980900e+02	 716.67	 650.00	 9.00	 26	 0.72	 
BFE_302	 2	 5	 2215.jpg	 6.010768e+02	 24	 999000	 240	 999000	 999	 6.020944e+02	 716.67	 650.00	 58.00	 36	 0.60	 
BFE_302	 2	 5	 1106.jpg	 6.040800e+02	 12	 999000	 120	 999000	 999	 6.050979e+02	 716.67	 650.00	 20.00	 6	 0.50	 
BFE_302	 2	 5	 1208.jpg	 6.060823e+02	 11	 1.023902e+03	 1100	 7.166955e+02	 98	 6.071000e+02	 666.67	 650.00	 14.00	 29	 0.62	 
BFE_302	 2	 5	 2117.jpg	 6.090856e+02	 24	 999000	 240	 999000	 999	 6.101035e+02	 666.67	 650.00	 78.00	 17	 0.16	 
BFE_302	 2	 5	 2112.jpg	 6.130735e+02	 24	 999000	 240	 999000	 999	 6.140912e+02	 666.67	 650.00	 77.00	 12	 0.16	 
BFE_302	 2	 5	 1211.jpg	 6.160768e+02	 12	 5.573592e+02	 12	 999000	 98	 6.170945e+02	 666.67	 650.00	 13.00	 32	 0.64	 
BFE_302	 2	 5	 2207.jpg	 6.180790e+02	 24	 999000	 240	 999000	 999	 6.190968e+02	 666.67	 650.00	 62.00	 28	 0.51	 
BFE_302	 2	 5	 2206.jpg	 6.200813e+02	 24	 999000	 240	 999000	 999	 6.210991e+02	 666.67	 650.00	 47.00	 27	 0.70	 
BFE_302	 2	 5	 2109.jpg	 6.250870e+02	 24	 999000	 240	 999000	 999	 6.261046e+02	 666.67	 650.00	 50.00	 9	 0.67	 
BFE_302	 2	 5	 2106.jpg	 6.290747e+02	 22	 9.034598e+02	 220	 6.500368e+02	 98	 6.300926e+02	 666.67	 666.67	 57.00	 6	 0.62	 
BFE_302	 2	 5	 2204.jpg	 6.330792e+02	 22	 9.949571e+02	 220	 6.667003e+02	 98	 6.340983e+02	 666.67	 683.33	 49.00	 25	 0.69	 
BFE_302	 2	 5	 1117.jpg	 6.390859e+02	 12	 999000	 120	 999000	 999	 6.401036e+02	 666.67	 683.33	 37.00	 17	 0.20	 
BFE_302	 2	 5	 2201.jpg	 6.410712e+02	 22	 9.388940e+02	 220	 6.833611e+02	 98	 6.420893e+02	 666.67	 700.00	 48.00	 22	 0.69	 
BFE_302	 2	 5	 1203.jpg	 6.430738e+02	 12	 999000	 120	 999000	 999	 6.440915e+02	 666.67	 700.00	 38.00	 24	 0.16	 
BFE_302	 2	 5	 2115.jpg	 6.450759e+02	 24	 999000	 240	 999000	 999	 6.460938e+02	 666.67	 700.00	 53.00	 15	 0.65	 
BFE_302	 2	 5	 1214.jpg	 6.470781e+02	 12	 999000	 120	 999000	 999	 6.480960e+02	 666.67	 700.00	 3.00	 35	 0.84	 
BFE_302	 2	 5	 1109.jpg	 6.510827e+02	 12	 999000	 120	 999000	 999	 6.521005e+02	 666.67	 700.00	 15.00	 9	 0.62	 
BFE_302	 2	 5	 1204.jpg	 6.530850e+02	 12	 999000	 120	 999000	 999	 6.541027e+02	 666.67	 700.00	 7.00	 25	 0.72	 
BFE_302	 2	 5	 1218.jpg	 6.570728e+02	 11	 9.773493e+02	 110	 6.667057e+02	 98	 6.580906e+02	 683.33	 700.00	 16.00	 39	 0.56	 
BFE_302	 2	 5	 1219.jpg	 6.590751e+02	 12	 999000	 120	 999000	 999	 6.600928e+02	 683.33	 700.00	 4.00	 40	 0.84	 
BFE_302	 2	 5	 2121.jpg	 6.610772e+02	 24	 999000	 240	 999000	 999	 6.620950e+02	 683.33	 700.00	 61.00	 21	 0.52	 
BFE_302	 2	 5	 1202.jpg	 6.630795e+02	 11	 9.626485e+02	 110	 6.833701e+02	 98	 6.640973e+02	 700.00	 700.00	 17.00	 23	 0.54	 
BFE_302	 2	 5	 2205.jpg	 6.680851e+02	 24	 999000	 240	 999000	 999	 6.691029e+02	 700.00	 700.00	 44.00	 26	 0.77	 
BFE_302	 2	 5	 2202.jpg	 6.700704e+02	 24	 999000	 240	 999000	 999	 6.710884e+02	 700.00	 700.00	 60.00	 23	 0.57	 
BFE_302	 2	 5	 1101.jpg	 6.720728e+02	 11	 9.932857e+02	 110	 7.000374e+02	 98	 6.730908e+02	 716.67	 700.00	 8.00	 1	 0.72	 
BFE_302	 2	 5	 2219.jpg	 6.750763e+02	 24	 999000	 240	 999000	 999	 6.760941e+02	 716.67	 700.00	 43.00	 40	 0.82	 
BFE_302	 2	 5	 1216.jpg	 6.820841e+02	 12	 2.620648e+02	 12	 999000	 98	 6.831018e+02	 716.67	 700.00	 12.00	 37	 0.64	 
BFE_302	 2	 5	 2101.jpg	 6.860720e+02	 22	 9.781711e+02	 220	 7.000352e+02	 98	 6.870897e+02	 716.67	 716.67	 51.00	 1	 0.66	 
BFE_302	 2	 5	 1102.jpg	 6.930798e+02	 12	 999000	 120	 999000	 999	 6.940975e+02	 716.67	 716.67	 19.00	 2	 0.52	 
