subjectID	 order	 runNum	 itemName	 onsetTime	 shuff_trialType	 RT	 respInTime	 AudioTime	 response	 fixationTime	 ladder1	 ladder2	 bidIndex	 itemNameIndex	 bidValue	 
BFE_338	 2	 20	 2204.jpg	 1.738112e+03	 22	 1.002762e+03	 2200	 6.500594e+02	 98	 1.739129e+03	 650.00	 600.00	 48.00	 25	 0.72	 
BFE_338	 2	 20	 1121.jpg	 1.740097e+03	 11	 1.017220e+03	 1100	 6.500592e+02	 98	 1.741115e+03	 600.00	 600.00	 17.00	 21	 0.52	 
BFE_338	 2	 20	 1103.jpg	 1.744102e+03	 12	 999000	 120	 999000	 999	 1.745119e+03	 600.00	 600.00	 10.00	 3	 0.70	 
BFE_338	 2	 20	 2219.jpg	 1.747105e+03	 24	 999000	 240	 999000	 999	 1.748123e+03	 600.00	 600.00	 47.00	 40	 0.73	 
BFE_338	 2	 20	 1210.jpg	 1.749107e+03	 11	 9.590842e+02	 110	 6.000378e+02	 98	 1.750125e+03	 616.67	 600.00	 16.00	 31	 0.58	 
BFE_338	 2	 20	 2108.jpg	 1.752094e+03	 24	 999000	 240	 999000	 999	 1.753112e+03	 616.67	 600.00	 77.00	 8	 0.19	 
BFE_338	 2	 20	 1202.jpg	 1.756098e+03	 11	 8.559291e+02	 110	 6.167002e+02	 98	 1.757116e+03	 633.33	 600.00	 14.00	 23	 0.62	 
BFE_338	 2	 20	 2202.jpg	 1.760103e+03	 24	 999000	 240	 999000	 999	 1.761121e+03	 633.33	 600.00	 59.00	 23	 0.55	 
BFE_338	 2	 20	 2102.jpg	 1.762105e+03	 24	 999000	 240	 999000	 999	 1.763123e+03	 633.33	 600.00	 60.00	 2	 0.53	 
BFE_338	 2	 20	 2103.jpg	 1.767094e+03	 24	 999000	 240	 999000	 999	 1.768112e+03	 633.33	 600.00	 50.00	 3	 0.71	 
BFE_338	 2	 20	 2106.jpg	 1.769096e+03	 24	 999000	 240	 999000	 999	 1.770114e+03	 633.33	 600.00	 62.00	 6	 0.52	 
BFE_338	 2	 20	 1205.jpg	 1.771099e+03	 12	 999000	 120	 999000	 999	 1.772116e+03	 633.33	 600.00	 3.00	 26	 0.80	 
BFE_338	 2	 20	 2110.jpg	 1.777105e+03	 24	 999000	 240	 999000	 999	 1.778123e+03	 633.33	 600.00	 55.00	 10	 0.60	 
BFE_338	 2	 20	 2213.jpg	 1.779107e+03	 22	 9.828001e+02	 220	 6.000361e+02	 98	 1.780125e+03	 633.33	 616.67	 51.00	 34	 0.70	 
BFE_338	 2	 20	 2218.jpg	 1.781093e+03	 24	 999000	 240	 999000	 999	 1.782111e+03	 633.33	 616.67	 44.00	 39	 0.79	 
BFE_338	 2	 20	 1207.jpg	 1.783095e+03	 12	 999000	 120	 999000	 999	 1.784113e+03	 633.33	 616.67	 7.00	 28	 0.73	 
BFE_338	 2	 20	 2114.jpg	 1.787100e+03	 22	 9.425458e+02	 220	 6.167061e+02	 98	 1.788117e+03	 633.33	 633.33	 56.00	 14	 0.60	 
BFE_338	 2	 20	 1120.jpg	 1.791104e+03	 12	 999000	 120	 999000	 999	 1.792122e+03	 633.33	 633.33	 20.00	 20	 0.49	 
BFE_338	 2	 20	 1203.jpg	 1.794108e+03	 12	 999000	 120	 999000	 999	 1.795125e+03	 633.33	 633.33	 4.00	 24	 0.80	 
BFE_338	 2	 20	 2121.jpg	 1.798095e+03	 22	 9.707573e+02	 220	 6.333738e+02	 98	 1.799113e+03	 633.33	 650.00	 49.00	 21	 0.72	 
BFE_338	 2	 20	 1112.jpg	 1.801099e+03	 12	 999000	 120	 999000	 999	 1.802117e+03	 633.33	 650.00	 37.00	 12	 0.17	 
BFE_338	 2	 20	 1204.jpg	 1.803101e+03	 12	 999000	 120	 999000	 999	 1.804119e+03	 633.33	 650.00	 12.00	 25	 0.70	 
BFE_338	 2	 20	 1201.jpg	 1.807106e+03	 11	 9.686274e+02	 110	 6.333790e+02	 98	 1.808123e+03	 650.00	 650.00	 8.00	 22	 0.72	 
BFE_338	 2	 20	 2208.jpg	 1.809108e+03	 22	 9.984292e+02	 220	 6.500386e+02	 98	 1.810126e+03	 650.00	 666.67	 54.00	 29	 0.62	 
BFE_338	 2	 20	 1217.jpg	 1.811093e+03	 12	 999000	 120	 999000	 999	 1.812111e+03	 650.00	 666.67	 15.00	 38	 0.59	 
BFE_338	 2	 20	 2206.jpg	 1.815098e+03	 24	 999000	 240	 999000	 999	 1.816116e+03	 650.00	 666.67	 52.00	 27	 0.69	 
BFE_338	 2	 20	 2209.jpg	 1.817100e+03	 24	 999000	 240	 999000	 999	 1.818118e+03	 650.00	 666.67	 53.00	 30	 0.65	 
BFE_338	 2	 20	 2217.jpg	 1.821105e+03	 24	 999000	 240	 999000	 999	 1.822122e+03	 650.00	 666.67	 58.00	 38	 0.57	 
BFE_338	 2	 20	 1209.jpg	 1.825109e+03	 12	 999000	 120	 999000	 999	 1.826127e+03	 650.00	 666.67	 22.00	 30	 0.46	 
BFE_338	 2	 20	 2201.jpg	 1.828096e+03	 24	 999000	 240	 999000	 999	 1.829114e+03	 650.00	 666.67	 43.00	 22	 0.81	 
BFE_338	 2	 20	 2119.jpg	 1.834102e+03	 24	 999000	 240	 999000	 999	 1.835120e+03	 650.00	 666.67	 78.00	 19	 0.16	 
BFE_338	 2	 20	 1218.jpg	 1.836105e+03	 11	 9.775368e+02	 110	 6.500370e+02	 98	 1.837122e+03	 666.67	 666.67	 9.00	 39	 0.70	 
BFE_338	 2	 20	 1108.jpg	 1.840092e+03	 12	 999000	 120	 999000	 999	 1.841110e+03	 666.67	 666.67	 38.00	 8	 0.16	 
BFE_338	 2	 20	 1111.jpg	 1.842095e+03	 11	 1.035464e+03	 1100	 6.667074e+02	 98	 1.843113e+03	 616.67	 666.67	 11.00	 11	 0.70	 
BFE_338	 2	 20	 1106.jpg	 1.844097e+03	 12	 999000	 120	 999000	 999	 1.845115e+03	 616.67	 666.67	 21.00	 6	 0.48	 
BFE_338	 2	 20	 1215.jpg	 1.846099e+03	 12	 999000	 120	 999000	 999	 1.847117e+03	 616.67	 666.67	 18.00	 36	 0.51	 
BFE_338	 2	 20	 1213.jpg	 1.851105e+03	 12	 999000	 120	 999000	 999	 1.852123e+03	 616.67	 666.67	 13.00	 34	 0.64	 
BFE_338	 2	 20	 2214.jpg	 1.853107e+03	 24	 999000	 240	 999000	 999	 1.854125e+03	 616.67	 666.67	 61.00	 35	 0.52	 
BFE_338	 2	 20	 1214.jpg	 1.855092e+03	 12	 999000	 120	 999000	 999	 1.856110e+03	 616.67	 666.67	 19.00	 35	 0.51	 
BFE_338	 2	 20	 2113.jpg	 1.858096e+03	 22	 9.942607e+02	 220	 6.667037e+02	 98	 1.859114e+03	 616.67	 683.33	 57.00	 13	 0.57	 
