subjectID	 order	 runNum	 itemName	 onsetTime	 shuff_trialType	 RT	 respInTime	 AudioTime	 response	 fixationTime	 ladder1	 ladder2	 bidIndex	 itemNameIndex	 bidValue	 
BFE_338	 2	 11	 2102.jpg	 5.248849e+02	 24	 999000	 240	 999000	 999	 5.259027e+02	 750.00	 683.33	 60.00	 2	 0.53	 
BFE_338	 2	 11	 1202.jpg	 5.278715e+02	 11	 1.098748e+03	 1100	 7.500505e+02	 98	 5.288894e+02	 700.00	 683.33	 14.00	 23	 0.62	 
BFE_338	 2	 11	 1106.jpg	 5.298738e+02	 12	 999000	 120	 999000	 999	 5.308916e+02	 700.00	 683.33	 21.00	 6	 0.48	 
BFE_338	 2	 11	 2217.jpg	 5.318761e+02	 24	 999000	 240	 999000	 999	 5.328939e+02	 700.00	 683.33	 58.00	 38	 0.57	 
BFE_338	 2	 11	 2110.jpg	 5.338783e+02	 24	 999000	 240	 999000	 999	 5.348960e+02	 700.00	 683.33	 55.00	 10	 0.60	 
BFE_338	 2	 11	 1201.jpg	 5.368816e+02	 11	 1.008589e+03	 1100	 7.000435e+02	 98	 5.378996e+02	 650.00	 683.33	 8.00	 22	 0.72	 
BFE_338	 2	 11	 2218.jpg	 5.388838e+02	 24	 999000	 240	 999000	 999	 5.399017e+02	 650.00	 683.33	 44.00	 39	 0.79	 
BFE_338	 2	 11	 2113.jpg	 5.428717e+02	 22	 9.625211e+02	 220	 6.833866e+02	 98	 5.438895e+02	 650.00	 700.00	 57.00	 13	 0.57	 
BFE_338	 2	 11	 1213.jpg	 5.448739e+02	 12	 999000	 120	 999000	 999	 5.458917e+02	 650.00	 700.00	 13.00	 34	 0.64	 
BFE_338	 2	 11	 1203.jpg	 5.498795e+02	 12	 999000	 120	 999000	 999	 5.508973e+02	 650.00	 700.00	 4.00	 24	 0.80	 
BFE_338	 2	 11	 1103.jpg	 5.518818e+02	 12	 999000	 120	 999000	 999	 5.528996e+02	 650.00	 700.00	 10.00	 3	 0.70	 
BFE_338	 2	 11	 2214.jpg	 5.558693e+02	 24	 999000	 240	 999000	 999	 5.568874e+02	 650.00	 700.00	 61.00	 35	 0.52	 
BFE_338	 2	 11	 2114.jpg	 5.578718e+02	 22	 1.058448e+03	 2200	 7.000711e+02	 98	 5.588897e+02	 650.00	 650.00	 56.00	 14	 0.60	 
BFE_338	 2	 11	 1205.jpg	 5.608751e+02	 12	 999000	 120	 999000	 999	 5.618930e+02	 650.00	 650.00	 3.00	 26	 0.80	 
BFE_338	 2	 11	 1218.jpg	 5.658809e+02	 11	 8.893108e+02	 110	 6.500498e+02	 98	 5.668986e+02	 666.67	 650.00	 9.00	 39	 0.70	 
BFE_338	 2	 11	 1111.jpg	 5.678830e+02	 11	 9.352598e+02	 110	 6.667149e+02	 98	 5.689009e+02	 683.33	 650.00	 11.00	 11	 0.70	 
BFE_338	 2	 11	 1121.jpg	 5.698853e+02	 11	 9.089914e+02	 110	 6.833827e+02	 98	 5.709031e+02	 700.00	 650.00	 17.00	 21	 0.52	 
BFE_338	 2	 11	 1112.jpg	 5.738731e+02	 12	 999000	 120	 999000	 999	 5.748909e+02	 700.00	 650.00	 37.00	 12	 0.17	 
BFE_338	 2	 11	 2121.jpg	 5.778776e+02	 22	 9.326131e+02	 220	 6.500377e+02	 98	 5.788953e+02	 700.00	 666.67	 49.00	 21	 0.72	 
BFE_338	 2	 11	 1214.jpg	 5.818820e+02	 12	 999000	 120	 999000	 999	 5.828999e+02	 700.00	 666.67	 19.00	 35	 0.51	 
BFE_338	 2	 11	 2219.jpg	 5.838844e+02	 24	 999000	 240	 999000	 999	 5.849020e+02	 700.00	 666.67	 47.00	 40	 0.73	 
BFE_338	 2	 11	 2119.jpg	 5.858697e+02	 24	 999000	 240	 999000	 999	 5.868876e+02	 700.00	 666.67	 78.00	 19	 0.16	 
BFE_338	 2	 11	 1120.jpg	 5.878721e+02	 12	 999000	 120	 999000	 999	 5.888899e+02	 700.00	 666.67	 20.00	 20	 0.49	 
BFE_338	 2	 11	 2201.jpg	 5.898744e+02	 24	 999000	 240	 999000	 999	 5.908921e+02	 700.00	 666.67	 43.00	 22	 0.81	 
BFE_338	 2	 11	 2202.jpg	 5.958812e+02	 24	 999000	 240	 999000	 999	 5.968988e+02	 700.00	 666.67	 59.00	 23	 0.55	 
BFE_338	 2	 11	 1108.jpg	 5.988845e+02	 12	 999000	 120	 999000	 999	 5.999023e+02	 700.00	 666.67	 38.00	 8	 0.16	 
BFE_338	 2	 11	 2213.jpg	 6.008698e+02	 22	 8.844694e+02	 220	 6.667071e+02	 98	 6.018877e+02	 700.00	 683.33	 51.00	 34	 0.70	 
BFE_338	 2	 11	 2204.jpg	 6.028722e+02	 22	 1.058028e+03	 2200	 6.833674e+02	 98	 6.038900e+02	 700.00	 633.33	 48.00	 25	 0.72	 
BFE_338	 2	 11	 2103.jpg	 6.058756e+02	 24	 999000	 240	 999000	 999	 6.068934e+02	 700.00	 633.33	 50.00	 3	 0.71	 
BFE_338	 2	 11	 2106.jpg	 6.078780e+02	 24	 999000	 240	 999000	 999	 6.088956e+02	 700.00	 633.33	 62.00	 6	 0.52	 
BFE_338	 2	 11	 2108.jpg	 6.098802e+02	 24	 999000	 240	 999000	 999	 6.108979e+02	 700.00	 633.33	 77.00	 8	 0.19	 
BFE_338	 2	 11	 1210.jpg	 6.118823e+02	 11	 1.007906e+03	 1100	 7.000409e+02	 98	 6.129009e+02	 650.00	 633.33	 16.00	 31	 0.58	 
BFE_338	 2	 11	 1207.jpg	 6.148688e+02	 12	 999000	 120	 999000	 999	 6.158868e+02	 650.00	 633.33	 7.00	 28	 0.73	 
BFE_338	 2	 11	 1217.jpg	 6.168713e+02	 12	 999000	 120	 999000	 999	 6.178890e+02	 650.00	 633.33	 15.00	 38	 0.59	 
BFE_338	 2	 11	 2209.jpg	 6.188735e+02	 24	 999000	 240	 999000	 999	 6.198913e+02	 650.00	 633.33	 53.00	 30	 0.65	 
BFE_338	 2	 11	 2208.jpg	 6.208759e+02	 22	 9.023599e+02	 220	 6.333641e+02	 98	 6.218935e+02	 650.00	 650.00	 54.00	 29	 0.62	 
BFE_338	 2	 11	 1204.jpg	 6.228780e+02	 12	 999000	 120	 999000	 999	 6.238958e+02	 650.00	 650.00	 12.00	 25	 0.70	 
BFE_338	 2	 11	 1209.jpg	 6.288848e+02	 12	 999000	 120	 999000	 999	 6.299026e+02	 650.00	 650.00	 22.00	 30	 0.46	 
BFE_338	 2	 11	 1215.jpg	 6.318715e+02	 12	 999000	 120	 999000	 999	 6.328892e+02	 650.00	 650.00	 18.00	 36	 0.51	 
BFE_338	 2	 11	 2206.jpg	 6.358760e+02	 24	 999000	 240	 999000	 999	 6.368937e+02	 650.00	 650.00	 52.00	 27	 0.69	 
