subjectID	 order	 runNum	 itemName	 onsetTime	 shuff_trialType	 RT	 respInTime	 AudioTime	 response	 fixationTime	 ladder1	 ladder2	 bidIndex	 itemNameIndex	 bidValue	 
BFE_132	 2	 3	 1115.jpg	 2.729038e+02	 12	 999000	 120	 999000	 999	 2.739216e+02	 216.67	 150.00	 3.00	 15	 0.77	 
BFE_132	 2	 3	 1110.jpg	 2.748896e+02	 11	 999000	 1	 2.167055e+02	 999	 2.759072e+02	 166.67	 150.00	 8.00	 10	 0.66	 
BFE_132	 2	 3	 2103.jpg	 2.788939e+02	 22	 999000	 2	 1.500498e+02	 999	 2.799117e+02	 166.67	 100.00	 48.00	 3	 0.76	 
BFE_132	 2	 3	 1118.jpg	 2.818972e+02	 12	 999000	 120	 999000	 999	 2.829151e+02	 166.67	 100.00	 38.00	 18	 0.16	 
BFE_132	 2	 3	 2114.jpg	 2.838995e+02	 24	 999000	 240	 999000	 999	 2.849173e+02	 166.67	 100.00	 44.00	 14	 0.80	 
BFE_132	 2	 3	 1105.jpg	 2.868862e+02	 11	 999000	 1	 1.666937e+02	 999	 2.879040e+02	 116.67	 100.00	 14.00	 5	 0.60	 
BFE_132	 2	 3	 1215.jpg	 2.908907e+02	 11	 999000	 1	 1.166916e+02	 999	 2.919085e+02	 66.67	 100.00	 17.00	 36	 0.56	 
BFE_132	 2	 3	 2104.jpg	 2.948952e+02	 24	 999000	 240	 999000	 999	 2.959130e+02	 66.67	 100.00	 77.00	 4	 0.29	 
BFE_132	 2	 3	 2107.jpg	 2.968975e+02	 22	 999000	 2	 1.000475e+02	 999	 2.979152e+02	 66.67	 50.00	 57.00	 7	 0.62	 
BFE_132	 2	 3	 1213.jpg	 3.018865e+02	 11	 999000	 1	 6.669583e+01	 999	 3.029042e+02	 16.67	 50.00	 11.00	 34	 0.61	 
BFE_132	 2	 3	 2112.jpg	 3.038886e+02	 24	 999000	 240	 999000	 999	 3.049082e+02	 16.67	 50.00	 55.00	 12	 0.64	 
BFE_132	 2	 3	 2110.jpg	 3.058908e+02	 22	 999000	 2	 5.003383e+01	 999	 3.069086e+02	 16.67	 0.00	 54.00	 10	 0.65	 
BFE_132	 2	 3	 2108.jpg	 3.118976e+02	 24	 999000	 240	 999000	 999	 3.129153e+02	 16.67	 0.00	 78.00	 8	 0.25	 
BFE_132	 2	 3	 1211.jpg	 3.138828e+02	 12	 999000	 120	 999000	 999	 3.149009e+02	 16.67	 0.00	 10.00	 32	 0.64	 
BFE_132	 2	 3	 2216.jpg	 3.158854e+02	 24	 999000	 240	 999000	 999	 3.169032e+02	 16.67	 0.00	 50.00	 37	 0.75	 
BFE_132	 2	 3	 2109.jpg	 3.178876e+02	 22	 999000	 2	 1.852720e-01	 999	 3.189055e+02	 16.67	 0.00	 56.00	 9	 0.63	 
BFE_132	 2	 3	 2115.jpg	 3.218921e+02	 24	 999000	 240	 999000	 999	 3.229099e+02	 16.67	 0.00	 43.00	 15	 0.84	 
BFE_132	 2	 3	 2219.jpg	 3.258966e+02	 24	 999000	 240	 999000	 999	 3.269144e+02	 16.67	 0.00	 53.00	 40	 0.66	 
BFE_132	 2	 3	 2201.jpg	 3.288830e+02	 24	 999000	 240	 999000	 999	 3.299011e+02	 16.67	 0.00	 47.00	 22	 0.77	 
BFE_132	 2	 3	 1102.jpg	 3.328879e+02	 12	 999000	 120	 999000	 999	 3.339056e+02	 16.67	 0.00	 13.00	 2	 0.60	 
BFE_132	 2	 3	 2215.jpg	 3.358912e+02	 24	 999000	 240	 999000	 999	 3.369089e+02	 16.67	 0.00	 62.00	 36	 0.55	 
BFE_132	 2	 3	 2217.jpg	 3.378935e+02	 22	 999000	 2	 1.975790e-01	 999	 3.389111e+02	 16.67	 0.00	 49.00	 38	 0.76	 
BFE_132	 2	 3	 1109.jpg	 3.418979e+02	 11	 999000	 1	 1.670270e+01	 999	 3.429156e+02	 -33.33	 0.00	 16.00	 9	 0.59	 
BFE_132	 2	 3	 1216.jpg	 3.438831e+02	 12	 999000	 120	 999000	 999	 3.449012e+02	 -33.33	 0.00	 4.00	 37	 0.76	 
BFE_132	 2	 3	 1219.jpg	 3.458857e+02	 12	 999000	 120	 999000	 999	 3.469034e+02	 -33.33	 0.00	 20.00	 40	 0.55	 
BFE_132	 2	 3	 2214.jpg	 3.498902e+02	 22	 999000	 2	 1.836700e-01	 999	 3.509081e+02	 -33.33	 0.00	 51.00	 35	 0.75	 
BFE_132	 2	 3	 1120.jpg	 3.518924e+02	 12	 999000	 120	 999000	 999	 3.529102e+02	 -33.33	 0.00	 37.00	 20	 0.23	 
BFE_132	 2	 3	 1113.jpg	 3.558969e+02	 11	 999000	 1	 1.811630e-01	 999	 3.569147e+02	 -33.33	 0.00	 9.00	 13	 0.65	 
BFE_132	 2	 3	 2102.jpg	 3.598848e+02	 24	 999000	 240	 999000	 999	 3.609025e+02	 -33.33	 0.00	 59.00	 2	 0.61	 
BFE_132	 2	 3	 1104.jpg	 3.628881e+02	 12	 999000	 120	 999000	 999	 3.639058e+02	 -33.33	 0.00	 12.00	 4	 0.61	 
BFE_132	 2	 3	 2211.jpg	 3.688948e+02	 24	 999000	 240	 999000	 999	 3.699125e+02	 -33.33	 0.00	 60.00	 32	 0.59	 
BFE_132	 2	 3	 1208.jpg	 3.708970e+02	 12	 999000	 120	 999000	 999	 3.719149e+02	 -33.33	 0.00	 15.00	 29	 0.59	 
BFE_132	 2	 3	 1204.jpg	 3.748850e+02	 12	 999000	 120	 999000	 999	 3.759026e+02	 -33.33	 0.00	 22.00	 25	 0.54	 
BFE_132	 2	 3	 1206.jpg	 3.768871e+02	 12	 999000	 120	 999000	 999	 3.779049e+02	 -33.33	 0.00	 7.00	 27	 0.67	 
BFE_132	 2	 3	 1218.jpg	 3.788893e+02	 12	 999000	 120	 999000	 999	 3.799072e+02	 -33.33	 0.00	 19.00	 39	 0.56	 
BFE_132	 2	 3	 2116.jpg	 3.808914e+02	 24	 999000	 240	 999000	 999	 3.819094e+02	 -33.33	 0.00	 61.00	 16	 0.55	 
BFE_132	 2	 3	 2202.jpg	 3.858973e+02	 24	 999000	 240	 999000	 999	 3.869150e+02	 -33.33	 0.00	 52.00	 23	 0.67	 
BFE_132	 2	 3	 1116.jpg	 3.878994e+02	 12	 999000	 120	 999000	 999	 3.889172e+02	 -33.33	 0.00	 18.00	 16	 0.56	 
BFE_132	 2	 3	 1209.jpg	 3.898851e+02	 12	 999000	 120	 999000	 999	 3.909027e+02	 -33.33	 0.00	 21.00	 30	 0.55	 
BFE_132	 2	 3	 2106.jpg	 3.928884e+02	 24	 999000	 240	 999000	 999	 3.939061e+02	 -33.33	 0.00	 58.00	 6	 0.61	 
