subjectID	 order	 runNum	 itemName	 onsetTime	 shuff_trialType	 RT	 respInTime	 AudioTime	 response	 fixationTime	 ladder1	 ladder2	 bidIndex	 itemNameIndex	 bidValue	 
BFE_339	 1	 20	 2114.jpg	 2.026932e+03	 24	 999000	 240	 999000	 999	 2.027950e+03	 716.67	 716.67	 59.00	 14	 0.52	 
BFE_339	 1	 20	 1107.jpg	 2.029919e+03	 12	 999000	 120	 999000	 999	 2.030937e+03	 716.67	 716.67	 37.00	 7	 0.22	 
BFE_339	 1	 20	 1111.jpg	 2.033923e+03	 12	 999000	 120	 999000	 999	 2.034941e+03	 716.67	 716.67	 8.00	 11	 0.70	 
BFE_339	 1	 20	 1207.jpg	 2.035926e+03	 12	 999000	 120	 999000	 999	 2.036944e+03	 716.67	 716.67	 22.00	 28	 0.49	 
BFE_339	 1	 20	 2116.jpg	 2.037928e+03	 24	 999000	 240	 999000	 999	 2.038946e+03	 716.67	 716.67	 51.00	 16	 0.65	 
BFE_339	 1	 20	 1109.jpg	 2.041932e+03	 11	 9.416572e+02	 110	 7.167330e+02	 98	 2.042950e+03	 733.33	 716.67	 7.00	 9	 0.71	 
BFE_339	 1	 20	 2102.jpg	 2.043918e+03	 24	 999000	 240	 999000	 999	 2.044936e+03	 733.33	 716.67	 77.00	 2	 0.20	 
BFE_339	 1	 20	 1205.jpg	 2.048924e+03	 11	 9.984899e+02	 110	 7.333690e+02	 98	 2.049943e+03	 750.00	 716.67	 12.00	 26	 0.64	 
BFE_339	 1	 20	 1202.jpg	 2.050926e+03	 12	 999000	 120	 999000	 999	 2.051946e+03	 750.00	 716.67	 20.00	 23	 0.49	 
BFE_339	 1	 20	 1121.jpg	 2.053929e+03	 12	 999000	 120	 999000	 999	 2.054947e+03	 750.00	 716.67	 3.00	 21	 0.78	 
BFE_339	 1	 20	 1218.jpg	 2.056933e+03	 11	 9.174514e+02	 110	 7.500395e+02	 98	 2.057950e+03	 766.67	 716.67	 15.00	 39	 0.58	 
BFE_339	 1	 20	 1204.jpg	 2.060922e+03	 12	 999000	 120	 999000	 999	 2.061938e+03	 766.67	 716.67	 19.00	 25	 0.53	 
BFE_339	 1	 20	 2101.jpg	 2.063924e+03	 24	 999000	 240	 999000	 999	 2.064942e+03	 766.67	 716.67	 61.00	 1	 0.50	 
BFE_339	 1	 20	 2117.jpg	 2.065926e+03	 24	 999000	 240	 999000	 999	 2.066944e+03	 766.67	 716.67	 78.00	 17	 0.20	 
BFE_339	 1	 20	 1219.jpg	 2.068929e+03	 12	 999000	 120	 999000	 999	 2.069947e+03	 766.67	 716.67	 14.00	 40	 0.58	 
BFE_339	 1	 20	 2104.jpg	 2.072934e+03	 24	 999000	 240	 999000	 999	 2.073952e+03	 766.67	 716.67	 57.00	 4	 0.57	 
BFE_339	 1	 20	 1210.jpg	 2.075921e+03	 12	 999000	 120	 999000	 999	 2.076938e+03	 766.67	 716.67	 21.00	 31	 0.49	 
BFE_339	 1	 20	 1114.jpg	 2.077923e+03	 12	 999000	 120	 999000	 999	 2.078941e+03	 766.67	 716.67	 11.00	 14	 0.67	 
BFE_339	 1	 20	 2216.jpg	 2.079925e+03	 24	 999000	 240	 999000	 999	 2.080943e+03	 766.67	 716.67	 43.00	 37	 0.92	 
BFE_339	 1	 20	 2109.jpg	 2.084931e+03	 22	 9.274066e+02	 220	 7.167205e+02	 98	 2.085948e+03	 766.67	 733.33	 47.00	 9	 0.74	 
BFE_339	 1	 20	 2112.jpg	 2.088918e+03	 24	 999000	 240	 999000	 999	 2.089936e+03	 766.67	 733.33	 62.00	 12	 0.49	 
BFE_339	 1	 20	 2215.jpg	 2.092923e+03	 22	 9.430797e+02	 220	 7.333796e+02	 98	 2.093941e+03	 766.67	 750.00	 52.00	 36	 0.64	 
BFE_339	 1	 20	 2211.jpg	 2.098930e+03	 22	 9.682990e+02	 220	 7.500514e+02	 98	 2.099948e+03	 766.67	 766.67	 50.00	 32	 0.68	 
BFE_339	 1	 20	 2209.jpg	 2.100932e+03	 24	 999000	 240	 999000	 999	 2.101950e+03	 766.67	 766.67	 48.00	 30	 0.71	 
BFE_339	 1	 20	 1203.jpg	 2.102917e+03	 12	 999000	 120	 999000	 999	 2.103935e+03	 766.67	 766.67	 38.00	 24	 0.21	 
BFE_339	 1	 20	 1206.jpg	 2.104920e+03	 12	 999000	 120	 999000	 999	 2.105938e+03	 766.67	 766.67	 9.00	 27	 0.68	 
BFE_339	 1	 20	 1214.jpg	 2.106922e+03	 12	 999000	 120	 999000	 999	 2.107940e+03	 766.67	 766.67	 4.00	 35	 0.76	 
BFE_339	 1	 20	 2205.jpg	 2.110927e+03	 22	 9.956000e+02	 220	 7.667147e+02	 98	 2.111946e+03	 766.67	 783.33	 55.00	 26	 0.61	 
BFE_339	 1	 20	 1201.jpg	 2.112929e+03	 11	 9.772937e+02	 110	 7.667147e+02	 98	 2.113946e+03	 783.33	 783.33	 10.00	 22	 0.67	 
BFE_339	 1	 20	 2106.jpg	 2.116933e+03	 22	 1.028814e+03	 2200	 7.833863e+02	 98	 2.117951e+03	 783.33	 733.33	 58.00	 6	 0.55	 
BFE_339	 1	 20	 1209.jpg	 2.118918e+03	 12	 999000	 120	 999000	 999	 2.119937e+03	 783.33	 733.33	 17.00	 30	 0.54	 
BFE_339	 1	 20	 1102.jpg	 2.120921e+03	 11	 1.041030e+03	 1100	 7.833736e+02	 98	 2.121939e+03	 733.33	 733.33	 13.00	 2	 0.63	 
BFE_339	 1	 20	 1215.jpg	 2.122923e+03	 12	 999000	 120	 999000	 999	 2.123941e+03	 733.33	 733.33	 16.00	 36	 0.56	 
BFE_339	 1	 20	 2111.jpg	 2.127929e+03	 24	 999000	 240	 999000	 999	 2.128947e+03	 733.33	 733.33	 60.00	 11	 0.50	 
BFE_339	 1	 20	 2201.jpg	 2.129931e+03	 24	 6.310393e+02	 24	 999000	 98	 2.130949e+03	 733.33	 733.33	 56.00	 22	 0.59	 
BFE_339	 1	 20	 2204.jpg	 2.131933e+03	 22	 1.220668e+03	 2200	 7.333873e+02	 98	 2.132951e+03	 733.33	 683.33	 53.00	 25	 0.62	 
BFE_339	 1	 20	 2213.jpg	 2.134920e+03	 24	 999000	 240	 999000	 999	 2.135938e+03	 733.33	 683.33	 44.00	 34	 0.82	 
BFE_339	 1	 20	 2115.jpg	 2.141928e+03	 24	 999000	 240	 999000	 999	 2.142946e+03	 733.33	 683.33	 49.00	 15	 0.69	 
BFE_339	 1	 20	 2202.jpg	 2.145932e+03	 24	 999000	 240	 999000	 999	 2.146950e+03	 733.33	 683.33	 54.00	 23	 0.61	 
BFE_339	 1	 20	 1120.jpg	 2.152924e+03	 11	 9.183402e+02	 110	 7.333727e+02	 98	 2.153941e+03	 750.00	 683.33	 18.00	 20	 0.54	 
