subjectID	 order	 runNum	 itemName	 onsetTime	 shuff_trialType	 RT	 respInTime	 AudioTime	 response	 fixationTime	 ladder1	 ladder2	 bidIndex	 itemNameIndex	 bidValue	 
BFE_305	 1	 17	 2214.jpg	 2.111534e+03	 24	 999000	 240	 999000	 999	 2.112552e+03	 483.33	 483.33	 48.00	 35	 0.73	 
BFE_305	 1	 17	 2106.jpg	 2.114520e+03	 24	 999000	 240	 999000	 999	 2.115538e+03	 483.33	 483.33	 62.00	 6	 0.46	 
BFE_305	 1	 17	 2204.jpg	 2.118525e+03	 24	 999000	 240	 999000	 999	 2.119543e+03	 483.33	 483.33	 56.00	 25	 0.59	 
BFE_305	 1	 17	 1103.jpg	 2.120527e+03	 11	 9.148307e+02	 110	 4.833784e+02	 98	 2.121545e+03	 500.00	 483.33	 10.00	 3	 0.65	 
BFE_305	 1	 17	 1205.jpg	 2.122529e+03	 11	 9.606104e+02	 110	 5.000361e+02	 98	 2.123547e+03	 516.67	 483.33	 15.00	 26	 0.59	 
BFE_305	 1	 17	 2120.jpg	 2.126534e+03	 22	 8.520153e+02	 220	 4.833822e+02	 98	 2.127552e+03	 516.67	 500.00	 53.00	 20	 0.63	 
BFE_305	 1	 17	 1209.jpg	 2.128519e+03	 12	 999000	 120	 999000	 999	 2.129537e+03	 516.67	 500.00	 20.00	 30	 0.50	 
BFE_305	 1	 17	 1107.jpg	 2.133525e+03	 12	 999000	 120	 999000	 999	 2.134543e+03	 516.67	 500.00	 38.00	 7	 0.16	 
BFE_305	 1	 17	 1204.jpg	 2.135527e+03	 11	 1.042708e+03	 1100	 5.166931e+02	 98	 2.136545e+03	 466.67	 500.00	 13.00	 25	 0.61	 
BFE_305	 1	 17	 1215.jpg	 2.138531e+03	 11	 9.753675e+02	 110	 4.666977e+02	 98	 2.139548e+03	 483.33	 500.00	 12.00	 36	 0.61	 
BFE_305	 1	 17	 1203.jpg	 2.141534e+03	 12	 999000	 120	 999000	 999	 2.142552e+03	 483.33	 500.00	 3.00	 24	 0.85	 
BFE_305	 1	 17	 1118.jpg	 2.145522e+03	 12	 999000	 120	 999000	 999	 2.146540e+03	 483.33	 500.00	 37.00	 18	 0.17	 
BFE_305	 1	 17	 1121.jpg	 2.148525e+03	 12	 999000	 120	 999000	 999	 2.149543e+03	 483.33	 500.00	 16.00	 21	 0.58	 
BFE_305	 1	 17	 2207.jpg	 2.150527e+03	 24	 999000	 240	 999000	 999	 2.151545e+03	 483.33	 500.00	 44.00	 28	 0.77	 
BFE_305	 1	 17	 2101.jpg	 2.153531e+03	 24	 999000	 240	 999000	 999	 2.154549e+03	 483.33	 500.00	 60.00	 1	 0.51	 
BFE_305	 1	 17	 2218.jpg	 2.157535e+03	 22	 9.146690e+02	 220	 5.000336e+02	 98	 2.158553e+03	 483.33	 516.67	 47.00	 39	 0.73	 
BFE_305	 1	 17	 1106.jpg	 2.160522e+03	 12	 999000	 120	 999000	 999	 2.161540e+03	 483.33	 516.67	 21.00	 6	 0.50	 
BFE_305	 1	 17	 2107.jpg	 2.162524e+03	 24	 999000	 240	 999000	 999	 2.163542e+03	 483.33	 516.67	 77.00	 7	 0.26	 
BFE_305	 1	 17	 2212.jpg	 2.164526e+03	 22	 9.634514e+02	 220	 5.166926e+02	 98	 2.165544e+03	 483.33	 533.33	 52.00	 33	 0.66	 
BFE_305	 1	 17	 1201.jpg	 2.169532e+03	 12	 999000	 120	 999000	 999	 2.170550e+03	 483.33	 533.33	 4.00	 22	 0.84	 
BFE_305	 1	 17	 1102.jpg	 2.173520e+03	 12	 999000	 120	 999000	 999	 2.174538e+03	 483.33	 533.33	 22.00	 2	 0.49	 
BFE_305	 1	 17	 1110.jpg	 2.177524e+03	 11	 9.255942e+02	 110	 4.833713e+02	 98	 2.178542e+03	 500.00	 533.33	 18.00	 10	 0.55	 
BFE_305	 1	 17	 2113.jpg	 2.183531e+03	 24	 999000	 240	 999000	 999	 2.184549e+03	 500.00	 533.33	 78.00	 13	 0.25	 
BFE_305	 1	 17	 2209.jpg	 2.185534e+03	 24	 999000	 240	 999000	 999	 2.186551e+03	 500.00	 533.33	 57.00	 30	 0.59	 
BFE_305	 1	 17	 1217.jpg	 2.187538e+03	 12	 999000	 120	 999000	 999	 2.188553e+03	 500.00	 533.33	 17.00	 38	 0.56	 
BFE_305	 1	 17	 1206.jpg	 2.189521e+03	 12	 1.288792e+03	 12	 999000	 98	 2.190539e+03	 500.00	 533.33	 14.00	 27	 0.60	 
BFE_305	 1	 17	 2102.jpg	 2.191523e+03	 22	 999000	 2	 5.333685e+02	 999	 2.192541e+03	 500.00	 483.33	 55.00	 2	 0.62	 
BFE_305	 1	 17	 2203.jpg	 2.195528e+03	 24	 999000	 240	 999000	 999	 2.196546e+03	 500.00	 483.33	 43.00	 24	 0.81	 
BFE_305	 1	 17	 2121.jpg	 2.197530e+03	 24	 999000	 240	 999000	 999	 2.198548e+03	 500.00	 483.33	 54.00	 21	 0.63	 
BFE_305	 1	 17	 1219.jpg	 2.201535e+03	 12	 999000	 120	 999000	 999	 2.202552e+03	 500.00	 483.33	 19.00	 40	 0.51	 
BFE_305	 1	 17	 2201.jpg	 2.203520e+03	 24	 999000	 240	 999000	 999	 2.204538e+03	 500.00	 483.33	 51.00	 22	 0.70	 
BFE_305	 1	 17	 2215.jpg	 2.205522e+03	 22	 8.474565e+02	 220	 4.833712e+02	 98	 2.206540e+03	 500.00	 500.00	 58.00	 36	 0.57	 
BFE_305	 1	 17	 2205.jpg	 2.207525e+03	 24	 999000	 240	 999000	 999	 2.208543e+03	 500.00	 500.00	 59.00	 26	 0.53	 
BFE_305	 1	 17	 1212.jpg	 2.212530e+03	 12	 999000	 120	 999000	 999	 2.213548e+03	 500.00	 500.00	 9.00	 33	 0.67	 
BFE_305	 1	 17	 2110.jpg	 2.214533e+03	 24	 999000	 240	 999000	 999	 2.215550e+03	 500.00	 500.00	 61.00	 10	 0.48	 
BFE_305	 1	 17	 2211.jpg	 2.216535e+03	 24	 999000	 240	 999000	 999	 2.217553e+03	 500.00	 500.00	 49.00	 32	 0.73	 
BFE_305	 1	 17	 1214.jpg	 2.219522e+03	 11	 9.523764e+02	 110	 5.000368e+02	 98	 2.220539e+03	 516.67	 500.00	 7.00	 35	 0.77	 
BFE_305	 1	 17	 1210.jpg	 2.226529e+03	 12	 999000	 120	 999000	 999	 2.227547e+03	 516.67	 500.00	 8.00	 31	 0.69	 
BFE_305	 1	 17	 2216.jpg	 2.230534e+03	 22	 9.240215e+02	 220	 5.000365e+02	 98	 2.231552e+03	 516.67	 516.67	 50.00	 37	 0.71	 
BFE_305	 1	 17	 1101.jpg	 2.237525e+03	 12	 999000	 120	 999000	 999	 2.238543e+03	 516.67	 516.67	 11.00	 1	 0.62	 
