subjectID	 order	 runNum	 itemName	 onsetTime	 shuff_trialType	 RT	 respInTime	 AudioTime	 response	 fixationTime	 ladder1	 ladder2	 bidIndex	 itemNameIndex	 bidValue	 
BFE_352	 2	 20	 2215.jpg	 2.413347e+03	 24	 999000	 240	 999000	 999	 2.414365e+03	 716.67	 783.33	 43.00	 36	 0.84	 
BFE_352	 2	 20	 1213.jpg	 2.418353e+03	 12	 999000	 120	 999000	 999	 2.419370e+03	 716.67	 783.33	 13.00	 34	 0.64	 
BFE_352	 2	 20	 2219.jpg	 2.420355e+03	 22	 1.039664e+03	 2200	 7.833734e+02	 98	 2.421373e+03	 716.67	 733.33	 48.00	 40	 0.72	 
BFE_352	 2	 20	 1112.jpg	 2.422357e+03	 12	 999000	 120	 999000	 999	 2.423375e+03	 716.67	 733.33	 38.00	 12	 0.17	 
BFE_352	 2	 20	 1204.jpg	 2.428347e+03	 12	 999000	 120	 999000	 999	 2.429365e+03	 716.67	 733.33	 20.00	 25	 0.52	 
BFE_352	 2	 20	 1113.jpg	 2.430349e+03	 12	 999000	 120	 999000	 999	 2.431367e+03	 716.67	 733.33	 18.00	 13	 0.54	 
BFE_352	 2	 20	 2217.jpg	 2.433353e+03	 24	 999000	 240	 999000	 999	 2.434371e+03	 716.67	 733.33	 53.00	 38	 0.64	 
BFE_352	 2	 20	 1121.jpg	 2.435355e+03	 11	 9.515329e+02	 110	 7.167171e+02	 98	 2.436373e+03	 733.33	 733.33	 16.00	 21	 0.55	 
BFE_352	 2	 20	 2210.jpg	 2.439343e+03	 24	 999000	 240	 999000	 999	 2.440361e+03	 733.33	 733.33	 77.00	 31	 0.16	 
BFE_352	 2	 20	 2216.jpg	 2.441345e+03	 24	 999000	 240	 999000	 999	 2.442363e+03	 733.33	 733.33	 52.00	 37	 0.66	 
BFE_352	 2	 20	 1109.jpg	 2.446351e+03	 11	 2.837333e+02	 11	 7.333702e+02	 98	 2.447368e+03	 750.00	 733.33	 17.00	 9	 0.55	 
BFE_352	 2	 20	 1114.jpg	 2.453342e+03	 12	 999000	 120	 999000	 999	 2.454360e+03	 750.00	 733.33	 7.00	 14	 0.73	 
BFE_352	 2	 20	 2213.jpg	 2.455344e+03	 22	 9.464116e+02	 220	 7.333878e+02	 98	 2.456362e+03	 750.00	 750.00	 49.00	 34	 0.71	 
BFE_352	 2	 20	 2101.jpg	 2.458348e+03	 24	 999000	 240	 999000	 999	 2.459365e+03	 750.00	 750.00	 78.00	 1	 0.13	 
BFE_352	 2	 20	 1212.jpg	 2.461351e+03	 11	 9.797373e+02	 110	 7.500320e+02	 98	 2.462369e+03	 766.67	 750.00	 11.00	 33	 0.68	 
BFE_352	 2	 20	 2209.jpg	 2.465355e+03	 24	 999000	 240	 999000	 999	 2.466373e+03	 766.67	 750.00	 44.00	 30	 0.84	 
BFE_352	 2	 20	 2117.jpg	 2.469343e+03	 24	 999000	 240	 999000	 999	 2.470361e+03	 766.67	 750.00	 60.00	 17	 0.48	 
BFE_352	 2	 20	 1117.jpg	 2.473348e+03	 12	 999000	 120	 999000	 999	 2.474366e+03	 766.67	 750.00	 19.00	 17	 0.52	 
BFE_352	 2	 20	 1120.jpg	 2.476351e+03	 12	 999000	 120	 999000	 999	 2.477369e+03	 766.67	 750.00	 37.00	 20	 0.20	 
BFE_352	 2	 20	 2111.jpg	 2.482358e+03	 24	 999000	 240	 999000	 999	 2.483376e+03	 766.67	 750.00	 62.00	 11	 0.47	 
BFE_352	 2	 20	 2208.jpg	 2.484343e+03	 22	 1.027186e+03	 2200	 7.500247e+02	 98	 2.485361e+03	 766.67	 700.00	 57.00	 29	 0.57	 
BFE_352	 2	 20	 1215.jpg	 2.487347e+03	 11	 9.757464e+02	 110	 7.666952e+02	 98	 2.488365e+03	 783.33	 700.00	 8.00	 36	 0.71	 
BFE_352	 2	 20	 2114.jpg	 2.489349e+03	 24	 999000	 240	 999000	 999	 2.490367e+03	 783.33	 700.00	 59.00	 14	 0.52	 
BFE_352	 2	 20	 1206.jpg	 2.491351e+03	 11	 9.872684e+02	 110	 7.833699e+02	 98	 2.492369e+03	 800.00	 700.00	 9.00	 27	 0.71	 
BFE_352	 2	 20	 2218.jpg	 2.493354e+03	 24	 999000	 240	 999000	 999	 2.494371e+03	 800.00	 700.00	 50.00	 39	 0.67	 
BFE_352	 2	 20	 2109.jpg	 2.496357e+03	 22	 9.097046e+02	 220	 7.000324e+02	 98	 2.497375e+03	 800.00	 716.67	 51.00	 9	 0.67	 
BFE_352	 2	 20	 1211.jpg	 2.500345e+03	 12	 999000	 120	 999000	 999	 2.501363e+03	 800.00	 716.67	 22.00	 32	 0.49	 
BFE_352	 2	 20	 1119.jpg	 2.502347e+03	 12	 999000	 120	 999000	 999	 2.503365e+03	 800.00	 716.67	 21.00	 19	 0.51	 
BFE_352	 2	 20	 2214.jpg	 2.504349e+03	 24	 999000	 240	 999000	 999	 2.505367e+03	 800.00	 716.67	 47.00	 35	 0.77	 
BFE_352	 2	 20	 2212.jpg	 2.506352e+03	 24	 999000	 240	 999000	 999	 2.507369e+03	 800.00	 716.67	 58.00	 33	 0.56	 
BFE_352	 2	 20	 2211.jpg	 2.508354e+03	 22	 9.527557e+02	 220	 7.166938e+02	 98	 2.509372e+03	 800.00	 733.33	 54.00	 32	 0.63	 
BFE_352	 2	 20	 2206.jpg	 2.510356e+03	 24	 999000	 240	 999000	 999	 2.511374e+03	 800.00	 733.33	 61.00	 27	 0.47	 
BFE_352	 2	 20	 1218.jpg	 2.514344e+03	 12	 999000	 120	 999000	 999	 2.515362e+03	 800.00	 733.33	 10.00	 39	 0.69	 
BFE_352	 2	 20	 1214.jpg	 2.518348e+03	 12	 999000	 120	 999000	 999	 2.519366e+03	 800.00	 733.33	 12.00	 35	 0.65	 
BFE_352	 2	 20	 1102.jpg	 2.520351e+03	 11	 1.100093e+03	 1100	 8.000352e+02	 98	 2.521368e+03	 750.00	 733.33	 14.00	 2	 0.62	 
BFE_352	 2	 20	 2202.jpg	 2.522353e+03	 24	 999000	 240	 999000	 999	 2.523371e+03	 750.00	 733.33	 55.00	 23	 0.60	 
BFE_352	 2	 20	 2113.jpg	 2.524355e+03	 22	 9.355501e+02	 220	 7.333705e+02	 98	 2.525373e+03	 750.00	 750.00	 56.00	 13	 0.58	 
BFE_352	 2	 20	 1106.jpg	 2.526357e+03	 12	 999000	 120	 999000	 999	 2.527375e+03	 750.00	 750.00	 4.00	 6	 0.80	 
BFE_352	 2	 20	 1103.jpg	 2.532347e+03	 12	 999000	 120	 999000	 999	 2.533365e+03	 750.00	 750.00	 15.00	 3	 0.55	 
BFE_352	 2	 20	 1216.jpg	 2.534350e+03	 12	 999000	 120	 999000	 999	 2.535367e+03	 750.00	 750.00	 3.00	 37	 0.82	 
