subjectID	 order	 runNum	 itemName	 onsetTime	 shuff_trialType	 RT	 respInTime	 AudioTime	 response	 fixationTime	 ladder1	 ladder2	 bidIndex	 itemNameIndex	 bidValue	 
BFE_308	 2	 18	 1210.jpg	 2.176344e+03	 12	 999000	 120	 999000	 999	 2.177362e+03	 916.67	 866.67	 38.00	 31	 0.15	 
BFE_308	 2	 18	 2218.jpg	 2.179331e+03	 22	 5.270031e+02	 22	 8.667244e+02	 98	 2.180349e+03	 916.67	 883.33	 57.00	 39	 0.58	 
BFE_308	 2	 18	 2116.jpg	 2.183336e+03	 24	 999000	 240	 999000	 999	 2.184353e+03	 916.67	 883.33	 62.00	 16	 0.51	 
BFE_308	 2	 18	 1208.jpg	 2.185338e+03	 12	 999000	 120	 999000	 999	 2.186356e+03	 916.67	 883.33	 7.00	 29	 0.76	 
BFE_308	 2	 18	 1110.jpg	 2.187340e+03	 11	 6.300570e+02	 11	 9.167223e+02	 98	 2.188358e+03	 916.67	 883.33	 14.00	 10	 0.60	 
BFE_308	 2	 18	 2206.jpg	 2.191328e+03	 24	 999000	 240	 999000	 999	 2.192346e+03	 916.67	 883.33	 60.00	 27	 0.52	 
BFE_308	 2	 18	 2203.jpg	 2.193330e+03	 24	 999000	 240	 999000	 999	 2.194348e+03	 916.67	 883.33	 59.00	 24	 0.53	 
BFE_308	 2	 18	 1207.jpg	 2.198336e+03	 12	 999000	 120	 999000	 999	 2.199353e+03	 916.67	 883.33	 12.00	 28	 0.67	 
BFE_308	 2	 18	 1216.jpg	 2.200338e+03	 12	 999000	 120	 999000	 999	 2.201356e+03	 916.67	 883.33	 10.00	 37	 0.71	 
BFE_308	 2	 18	 2121.jpg	 2.203341e+03	 22	 5.166965e+02	 22	 8.833735e+02	 98	 2.204359e+03	 916.67	 900.00	 48.00	 21	 0.72	 
BFE_308	 2	 18	 2115.jpg	 2.206328e+03	 24	 999000	 240	 999000	 999	 2.207346e+03	 916.67	 900.00	 55.00	 15	 0.58	 
BFE_308	 2	 18	 2204.jpg	 2.210333e+03	 24	 999000	 240	 999000	 999	 2.211350e+03	 916.67	 900.00	 61.00	 25	 0.51	 
BFE_308	 2	 18	 1201.jpg	 2.213336e+03	 12	 999000	 120	 999000	 999	 2.214354e+03	 916.67	 900.00	 4.00	 22	 0.80	 
BFE_308	 2	 18	 2102.jpg	 2.215338e+03	 22	 5.358970e+02	 22	 9.000367e+02	 98	 2.216356e+03	 916.67	 916.67	 54.00	 2	 0.60	 
BFE_308	 2	 18	 1219.jpg	 2.218342e+03	 12	 999000	 120	 999000	 999	 2.219359e+03	 916.67	 916.67	 19.00	 40	 0.53	 
BFE_308	 2	 18	 2209.jpg	 2.222329e+03	 22	 5.847520e+02	 22	 9.167011e+02	 98	 2.223347e+03	 916.67	 916.67	 49.00	 30	 0.71	 
BFE_308	 2	 18	 1117.jpg	 2.225333e+03	 12	 999000	 120	 999000	 999	 2.226350e+03	 916.67	 916.67	 37.00	 17	 0.17	 
BFE_308	 2	 18	 1113.jpg	 2.227335e+03	 12	 999000	 120	 999000	 999	 2.228353e+03	 916.67	 916.67	 20.00	 13	 0.53	 
BFE_308	 2	 18	 2208.jpg	 2.229337e+03	 24	 999000	 240	 999000	 999	 2.230355e+03	 916.67	 916.67	 58.00	 29	 0.56	 
BFE_308	 2	 18	 2219.jpg	 2.234343e+03	 24	 999000	 240	 999000	 999	 2.235361e+03	 916.67	 916.67	 43.00	 40	 0.83	 
BFE_308	 2	 18	 1202.jpg	 2.238331e+03	 12	 999000	 120	 999000	 999	 2.239348e+03	 916.67	 916.67	 21.00	 23	 0.47	 
BFE_308	 2	 18	 1105.jpg	 2.242335e+03	 11	 7.548877e+02	 11	 9.167077e+02	 98	 2.243353e+03	 916.67	 916.67	 17.00	 5	 0.57	 
BFE_308	 2	 18	 2216.jpg	 2.248342e+03	 24	 999000	 240	 999000	 999	 2.249360e+03	 916.67	 916.67	 53.00	 37	 0.64	 
BFE_308	 2	 18	 1203.jpg	 2.250327e+03	 11	 8.749604e+02	 11	 9.166957e+02	 98	 2.251345e+03	 916.67	 916.67	 16.00	 24	 0.58	 
BFE_308	 2	 18	 2215.jpg	 2.252330e+03	 24	 999000	 240	 999000	 999	 2.253347e+03	 916.67	 916.67	 44.00	 36	 0.79	 
BFE_308	 2	 18	 1109.jpg	 2.254332e+03	 12	 5.821300e+02	 12	 999000	 98	 2.255350e+03	 916.67	 916.67	 18.00	 9	 0.54	 
BFE_308	 2	 18	 1218.jpg	 2.256334e+03	 12	 999000	 120	 999000	 999	 2.257352e+03	 916.67	 916.67	 3.00	 39	 0.85	 
BFE_308	 2	 18	 2105.jpg	 2.260339e+03	 24	 999000	 240	 999000	 999	 2.261356e+03	 916.67	 916.67	 50.00	 5	 0.68	 
BFE_308	 2	 18	 1209.jpg	 2.262341e+03	 12	 999000	 120	 999000	 999	 2.263359e+03	 916.67	 916.67	 22.00	 30	 0.46	 
BFE_308	 2	 18	 1211.jpg	 2.266329e+03	 12	 999000	 120	 999000	 999	 2.267346e+03	 916.67	 916.67	 13.00	 32	 0.67	 
BFE_308	 2	 18	 2210.jpg	 2.268331e+03	 24	 999000	 240	 999000	 999	 2.269349e+03	 916.67	 916.67	 77.00	 31	 0.17	 
BFE_308	 2	 18	 1215.jpg	 2.270333e+03	 12	 999000	 120	 999000	 999	 2.271351e+03	 916.67	 916.67	 15.00	 36	 0.59	 
BFE_308	 2	 18	 2103.jpg	 2.272335e+03	 22	 7.945780e+02	 22	 9.167071e+02	 98	 2.273353e+03	 916.67	 916.67	 51.00	 3	 0.67	 
BFE_308	 2	 18	 1114.jpg	 2.277341e+03	 11	 6.689413e+02	 11	 9.167031e+02	 98	 2.278359e+03	 916.67	 916.67	 9.00	 14	 0.71	 
BFE_308	 2	 18	 1103.jpg	 2.279343e+03	 11	 5.786790e+02	 11	 9.167058e+02	 98	 2.280361e+03	 916.67	 916.67	 8.00	 3	 0.74	 
BFE_308	 2	 18	 2213.jpg	 2.281329e+03	 24	 999000	 240	 999000	 999	 2.282347e+03	 916.67	 916.67	 47.00	 34	 0.76	 
BFE_308	 2	 18	 1214.jpg	 2.284332e+03	 11	 7.497662e+02	 11	 9.166980e+02	 98	 2.285350e+03	 916.67	 916.67	 11.00	 35	 0.71	 
BFE_308	 2	 18	 2109.jpg	 2.291340e+03	 22	 1.101982e+03	 2200	 9.167044e+02	 98	 2.292358e+03	 916.67	 866.67	 56.00	 9	 0.58	 
BFE_308	 2	 18	 2111.jpg	 2.295328e+03	 24	 999000	 240	 999000	 999	 2.296346e+03	 916.67	 866.67	 78.00	 11	 0.14	 
BFE_308	 2	 18	 2110.jpg	 2.302336e+03	 24	 999000	 240	 999000	 999	 2.303354e+03	 916.67	 866.67	 52.00	 10	 0.66	 
