subjectID	 order	 runNum	 itemName	 onsetTime	 shuff_trialType	 RT	 respInTime	 AudioTime	 response	 fixationTime	 ladder1	 ladder2	 bidIndex	 itemNameIndex	 bidValue	 
BFE_305	 1	 18	 2106.jpg	 2.241363e+03	 24	 999000	 240	 999000	 999	 2.242380e+03	 516.67	 516.67	 62.00	 6	 0.46	 
BFE_305	 1	 18	 1201.jpg	 2.246352e+03	 12	 999000	 120	 999000	 999	 2.247369e+03	 516.67	 516.67	 4.00	 22	 0.84	 
BFE_305	 1	 18	 2209.jpg	 2.248354e+03	 24	 999000	 240	 999000	 999	 2.249372e+03	 516.67	 516.67	 57.00	 30	 0.59	 
BFE_305	 1	 18	 2216.jpg	 2.250356e+03	 22	 8.458094e+02	 220	 5.167191e+02	 98	 2.251374e+03	 516.67	 533.33	 50.00	 37	 0.71	 
BFE_305	 1	 18	 2204.jpg	 2.256363e+03	 24	 999000	 240	 999000	 999	 2.257381e+03	 516.67	 533.33	 56.00	 25	 0.59	 
BFE_305	 1	 18	 2101.jpg	 2.258348e+03	 24	 999000	 240	 999000	 999	 2.259366e+03	 516.67	 533.33	 60.00	 1	 0.51	 
BFE_305	 1	 18	 1212.jpg	 2.261352e+03	 12	 999000	 120	 999000	 999	 2.262370e+03	 516.67	 533.33	 9.00	 33	 0.67	 
BFE_305	 1	 18	 2107.jpg	 2.263354e+03	 24	 999000	 240	 999000	 999	 2.264372e+03	 516.67	 533.33	 77.00	 7	 0.26	 
BFE_305	 1	 18	 2121.jpg	 2.267359e+03	 24	 999000	 240	 999000	 999	 2.268376e+03	 516.67	 533.33	 54.00	 21	 0.63	 
BFE_305	 1	 18	 2102.jpg	 2.269364e+03	 22	 9.343459e+02	 220	 5.333691e+02	 98	 2.270379e+03	 516.67	 550.00	 55.00	 2	 0.62	 
BFE_305	 1	 18	 1203.jpg	 2.274350e+03	 12	 999000	 120	 999000	 999	 2.275367e+03	 516.67	 550.00	 3.00	 24	 0.85	 
BFE_305	 1	 18	 2215.jpg	 2.281358e+03	 22	 1.028333e+03	 2200	 5.500351e+02	 98	 2.282375e+03	 516.67	 500.00	 58.00	 36	 0.57	 
BFE_305	 1	 18	 1110.jpg	 2.283360e+03	 11	 9.700168e+02	 110	 5.167332e+02	 98	 2.284378e+03	 533.33	 500.00	 18.00	 10	 0.55	 
BFE_305	 1	 18	 2201.jpg	 2.286363e+03	 24	 999000	 240	 999000	 999	 2.287381e+03	 533.33	 500.00	 51.00	 22	 0.70	 
BFE_305	 1	 18	 2203.jpg	 2.289350e+03	 24	 999000	 240	 999000	 999	 2.290368e+03	 533.33	 500.00	 43.00	 24	 0.81	 
BFE_305	 1	 18	 2110.jpg	 2.293354e+03	 24	 999000	 240	 999000	 999	 2.294372e+03	 533.33	 500.00	 61.00	 10	 0.48	 
BFE_305	 1	 18	 1206.jpg	 2.297359e+03	 12	 999000	 120	 999000	 999	 2.298377e+03	 533.33	 500.00	 14.00	 27	 0.60	 
BFE_305	 1	 18	 1219.jpg	 2.301363e+03	 12	 999000	 120	 999000	 999	 2.302381e+03	 533.33	 500.00	 19.00	 40	 0.51	 
BFE_305	 1	 18	 2218.jpg	 2.304350e+03	 22	 9.158076e+02	 220	 5.000378e+02	 98	 2.305368e+03	 533.33	 516.67	 47.00	 39	 0.73	 
BFE_305	 1	 18	 1107.jpg	 2.310357e+03	 12	 999000	 120	 999000	 999	 2.311375e+03	 533.33	 516.67	 38.00	 7	 0.16	 
BFE_305	 1	 18	 1210.jpg	 2.312359e+03	 12	 999000	 120	 999000	 999	 2.313377e+03	 533.33	 516.67	 8.00	 31	 0.69	 
BFE_305	 1	 18	 1217.jpg	 2.315363e+03	 12	 999000	 120	 999000	 999	 2.316380e+03	 533.33	 516.67	 17.00	 38	 0.56	 
BFE_305	 1	 18	 1205.jpg	 2.317348e+03	 11	 1.182238e+03	 1100	 5.333711e+02	 98	 2.318366e+03	 483.33	 516.67	 15.00	 26	 0.59	 
BFE_305	 1	 18	 1215.jpg	 2.319350e+03	 11	 9.236042e+02	 110	 4.833713e+02	 98	 2.320368e+03	 500.00	 516.67	 12.00	 36	 0.61	 
BFE_305	 1	 18	 2214.jpg	 2.321353e+03	 24	 999000	 240	 999000	 999	 2.322370e+03	 500.00	 516.67	 48.00	 35	 0.73	 
BFE_305	 1	 18	 2120.jpg	 2.324356e+03	 22	 1.277945e+03	 2200	 5.166970e+02	 98	 2.325374e+03	 500.00	 466.67	 53.00	 20	 0.63	 
BFE_305	 1	 18	 2211.jpg	 2.328360e+03	 24	 999000	 240	 999000	 999	 2.329378e+03	 500.00	 466.67	 49.00	 32	 0.73	 
BFE_305	 1	 18	 1209.jpg	 2.330363e+03	 12	 999000	 120	 999000	 999	 2.331380e+03	 500.00	 466.67	 20.00	 30	 0.50	 
BFE_305	 1	 18	 1121.jpg	 2.332348e+03	 12	 999000	 120	 999000	 999	 2.333366e+03	 500.00	 466.67	 16.00	 21	 0.58	 
BFE_305	 1	 18	 2113.jpg	 2.334350e+03	 24	 999000	 240	 999000	 999	 2.335368e+03	 500.00	 466.67	 78.00	 13	 0.25	 
BFE_305	 1	 18	 1103.jpg	 2.336353e+03	 11	 9.531134e+02	 110	 5.000598e+02	 98	 2.337370e+03	 516.67	 466.67	 10.00	 3	 0.65	 
BFE_305	 1	 18	 2212.jpg	 2.338355e+03	 22	 1.486952e+03	 2200	 4.666936e+02	 98	 2.339373e+03	 516.67	 416.67	 52.00	 33	 0.66	 
BFE_305	 1	 18	 1101.jpg	 2.342359e+03	 12	 999000	 120	 999000	 999	 2.343377e+03	 516.67	 416.67	 11.00	 1	 0.62	 
BFE_305	 1	 18	 1106.jpg	 2.346347e+03	 12	 999000	 120	 999000	 999	 2.347365e+03	 516.67	 416.67	 21.00	 6	 0.50	 
BFE_305	 1	 18	 2205.jpg	 2.348350e+03	 24	 999000	 240	 999000	 999	 2.349367e+03	 516.67	 416.67	 59.00	 26	 0.53	 
BFE_305	 1	 18	 1214.jpg	 2.350352e+03	 11	 1.018200e+03	 1100	 5.166996e+02	 98	 2.351369e+03	 466.67	 416.67	 7.00	 35	 0.77	 
BFE_305	 1	 18	 1204.jpg	 2.352354e+03	 11	 8.240769e+02	 110	 4.666929e+02	 98	 2.353372e+03	 483.33	 416.67	 13.00	 25	 0.61	 
BFE_305	 1	 18	 1118.jpg	 2.354356e+03	 12	 999000	 120	 999000	 999	 2.355374e+03	 483.33	 416.67	 37.00	 18	 0.17	 
BFE_305	 1	 18	 2207.jpg	 2.360363e+03	 24	 999000	 240	 999000	 999	 2.361381e+03	 483.33	 416.67	 44.00	 28	 0.77	 
BFE_305	 1	 18	 1102.jpg	 2.362348e+03	 12	 999000	 120	 999000	 999	 2.363366e+03	 483.33	 416.67	 22.00	 2	 0.49	 
