subjectID	 order	 runNum	 itemName	 onsetTime	 shuff_trialType	 RT	 respInTime	 AudioTime	 response	 fixationTime	 ladder1	 ladder2	 bidIndex	 itemNameIndex	 bidValue	 
BFE_317	 1	 10	 1219.jpg	 1.125313e+03	 12	 999000	 120	 999000	 999	 1.126327e+03	 916.67	 916.67	 19.00	 40	 0.52	 
BFE_317	 1	 10	 1110.jpg	 1.130298e+03	 12	 999000	 120	 999000	 999	 1.131316e+03	 916.67	 916.67	 20.00	 10	 0.52	 
BFE_317	 1	 10	 2207.jpg	 1.132301e+03	 22	 8.215557e+02	 22	 9.167284e+02	 98	 1.133318e+03	 916.67	 916.67	 53.00	 28	 0.65	 
BFE_317	 1	 10	 1201.jpg	 1.134303e+03	 11	 8.274908e+02	 11	 9.167197e+02	 98	 1.135321e+03	 916.67	 916.67	 7.00	 22	 0.74	 
BFE_317	 1	 10	 2201.jpg	 1.140293e+03	 22	 6.615616e+02	 22	 9.167027e+02	 98	 1.141311e+03	 916.67	 916.67	 55.00	 22	 0.60	 
BFE_317	 1	 10	 1113.jpg	 1.142295e+03	 12	 999000	 120	 999000	 999	 1.143313e+03	 916.67	 916.67	 3.00	 13	 0.80	 
BFE_317	 1	 10	 2213.jpg	 1.145299e+03	 24	 999000	 240	 999000	 999	 1.146316e+03	 916.67	 916.67	 43.00	 34	 0.90	 
BFE_317	 1	 10	 2217.jpg	 1.147301e+03	 24	 999000	 240	 999000	 999	 1.148319e+03	 916.67	 916.67	 54.00	 38	 0.65	 
BFE_317	 1	 10	 1112.jpg	 1.151305e+03	 12	 999000	 120	 999000	 999	 1.152323e+03	 916.67	 916.67	 37.00	 12	 0.21	 
BFE_317	 1	 10	 2204.jpg	 1.153308e+03	 24	 999000	 240	 999000	 999	 1.154325e+03	 916.67	 916.67	 57.00	 25	 0.59	 
BFE_317	 1	 10	 2121.jpg	 1.158296e+03	 24	 999000	 240	 999000	 999	 1.159314e+03	 916.67	 916.67	 49.00	 21	 0.75	 
BFE_317	 1	 10	 2112.jpg	 1.165304e+03	 24	 999000	 240	 999000	 999	 1.166322e+03	 916.67	 916.67	 78.00	 12	 0.17	 
BFE_317	 1	 10	 1109.jpg	 1.167307e+03	 12	 999000	 120	 999000	 999	 1.168324e+03	 916.67	 916.67	 4.00	 9	 0.80	 
BFE_317	 1	 10	 2115.jpg	 1.170293e+03	 24	 999000	 240	 999000	 999	 1.171311e+03	 916.67	 916.67	 51.00	 15	 0.68	 
BFE_317	 1	 10	 2119.jpg	 1.173297e+03	 24	 999000	 240	 999000	 999	 1.174314e+03	 916.67	 916.67	 77.00	 19	 0.18	 
BFE_317	 1	 10	 2218.jpg	 1.177301e+03	 24	 8.691602e+02	 24	 999000	 98	 1.178319e+03	 916.67	 916.67	 59.00	 39	 0.55	 
BFE_317	 1	 10	 1213.jpg	 1.181306e+03	 12	 999000	 120	 999000	 999	 1.182323e+03	 916.67	 916.67	 17.00	 34	 0.58	 
BFE_317	 1	 10	 1114.jpg	 1.185293e+03	 12	 999000	 120	 999000	 999	 1.186311e+03	 916.67	 916.67	 16.00	 14	 0.59	 
BFE_317	 1	 10	 1205.jpg	 1.188297e+03	 11	 8.335208e+02	 11	 9.166987e+02	 98	 1.189315e+03	 916.67	 916.67	 13.00	 26	 0.62	 
BFE_317	 1	 10	 2106.jpg	 1.194304e+03	 22	 1.178768e+03	 2200	 9.166973e+02	 98	 1.195321e+03	 916.67	 866.67	 50.00	 6	 0.72	 
BFE_317	 1	 10	 1218.jpg	 1.196306e+03	 11	 1.080501e+03	 1100	 9.166944e+02	 98	 1.197324e+03	 866.67	 866.67	 12.00	 39	 0.63	 
BFE_317	 1	 10	 1209.jpg	 1.199292e+03	 12	 999000	 120	 999000	 999	 1.200310e+03	 866.67	 866.67	 21.00	 30	 0.49	 
BFE_317	 1	 10	 2118.jpg	 1.201295e+03	 24	 999000	 240	 999000	 999	 1.202313e+03	 866.67	 866.67	 56.00	 18	 0.59	 
BFE_317	 1	 10	 1216.jpg	 1.203297e+03	 12	 999000	 120	 999000	 999	 1.204315e+03	 866.67	 866.67	 22.00	 37	 0.47	 
BFE_317	 1	 10	 1106.jpg	 1.205299e+03	 12	 999000	 120	 999000	 999	 1.206317e+03	 866.67	 866.67	 9.00	 6	 0.71	 
BFE_317	 1	 10	 2211.jpg	 1.208303e+03	 22	 7.317308e+02	 22	 8.666925e+02	 98	 1.209320e+03	 866.67	 883.33	 52.00	 32	 0.66	 
BFE_317	 1	 10	 2101.jpg	 1.212307e+03	 24	 999000	 240	 999000	 999	 1.213325e+03	 866.67	 883.33	 62.00	 1	 0.50	 
BFE_317	 1	 10	 2113.jpg	 1.214292e+03	 22	 9.979660e+02	 220	 8.833656e+02	 98	 1.215310e+03	 866.67	 900.00	 47.00	 13	 0.77	 
BFE_317	 1	 10	 1115.jpg	 1.216295e+03	 12	 999000	 120	 999000	 999	 1.217313e+03	 866.67	 900.00	 11.00	 15	 0.66	 
BFE_317	 1	 10	 2208.jpg	 1.218297e+03	 22	 7.131178e+02	 22	 9.000275e+02	 98	 1.219315e+03	 866.67	 916.67	 58.00	 29	 0.59	 
BFE_317	 1	 10	 2103.jpg	 1.220299e+03	 24	 999000	 240	 999000	 999	 1.221317e+03	 866.67	 916.67	 44.00	 3	 0.90	 
BFE_317	 1	 10	 1104.jpg	 1.222302e+03	 12	 999000	 120	 999000	 999	 1.223319e+03	 866.67	 916.67	 14.00	 4	 0.61	 
BFE_317	 1	 10	 1101.jpg	 1.226306e+03	 12	 999000	 120	 999000	 999	 1.227324e+03	 866.67	 916.67	 38.00	 1	 0.21	 
BFE_317	 1	 10	 1121.jpg	 1.230296e+03	 12	 999000	 120	 999000	 999	 1.231312e+03	 866.67	 916.67	 8.00	 21	 0.73	 
BFE_317	 1	 10	 1207.jpg	 1.232296e+03	 11	 5.541583e+02	 11	 8.666963e+02	 98	 1.233316e+03	 883.33	 916.67	 10.00	 28	 0.67	 
BFE_317	 1	 10	 2105.jpg	 1.234299e+03	 24	 999000	 240	 999000	 999	 1.235316e+03	 883.33	 916.67	 48.00	 5	 0.77	 
BFE_317	 1	 10	 2107.jpg	 1.236301e+03	 24	 999000	 240	 999000	 999	 1.237318e+03	 883.33	 916.67	 60.00	 7	 0.53	 
BFE_317	 1	 10	 1211.jpg	 1.238303e+03	 11	 7.473459e+02	 11	 8.833583e+02	 98	 1.239321e+03	 900.00	 916.67	 15.00	 32	 0.61	 
BFE_317	 1	 10	 2104.jpg	 1.244293e+03	 24	 999000	 240	 999000	 999	 1.245311e+03	 900.00	 916.67	 61.00	 4	 0.52	 
BFE_317	 1	 10	 1208.jpg	 1.246295e+03	 11	 8.269641e+02	 11	 9.000284e+02	 98	 1.247313e+03	 916.67	 916.67	 18.00	 29	 0.56	 
