subjectID	 order	 runNum	 itemName	 onsetTime	 shuff_trialType	 RT	 respInTime	 AudioTime	 response	 fixationTime	 ladder1	 ladder2	 bidIndex	 itemNameIndex	 bidValue	 
BFE_339	 1	 8	 2111.jpg	 1.161727e+02	 24	 999000	 240	 999000	 999	 1.171905e+02	 716.67	 783.33	 60.00	 11	 0.50	 
BFE_339	 1	 8	 2112.jpg	 1.181581e+02	 24	 999000	 240	 999000	 999	 1.191760e+02	 716.67	 783.33	 62.00	 12	 0.49	 
BFE_339	 1	 8	 1203.jpg	 1.221628e+02	 12	 999000	 120	 999000	 999	 1.231806e+02	 716.67	 783.33	 38.00	 24	 0.21	 
BFE_339	 1	 8	 1107.jpg	 1.251662e+02	 12	 999000	 120	 999000	 999	 1.261839e+02	 716.67	 783.33	 37.00	 7	 0.22	 
BFE_339	 1	 8	 2114.jpg	 1.271684e+02	 24	 999000	 240	 999000	 999	 1.281862e+02	 716.67	 783.33	 59.00	 14	 0.52	 
BFE_339	 1	 8	 2211.jpg	 1.301717e+02	 22	 9.903986e+02	 220	 7.834261e+02	 98	 1.311895e+02	 716.67	 800.00	 50.00	 32	 0.68	 
BFE_339	 1	 8	 1205.jpg	 1.341596e+02	 11	 9.945528e+02	 110	 7.167185e+02	 98	 1.351773e+02	 733.33	 800.00	 12.00	 26	 0.64	 
BFE_339	 1	 8	 1201.jpg	 1.381640e+02	 11	 9.820670e+02	 110	 7.333826e+02	 98	 1.391818e+02	 750.00	 800.00	 10.00	 22	 0.67	 
BFE_339	 1	 8	 2202.jpg	 1.401663e+02	 24	 999000	 240	 999000	 999	 1.411841e+02	 750.00	 800.00	 54.00	 23	 0.61	 
BFE_339	 1	 8	 1215.jpg	 1.451719e+02	 12	 999000	 120	 999000	 999	 1.461897e+02	 750.00	 800.00	 16.00	 36	 0.56	 
BFE_339	 1	 8	 2101.jpg	 1.471572e+02	 24	 999000	 240	 999000	 999	 1.481753e+02	 750.00	 800.00	 61.00	 1	 0.50	 
BFE_339	 1	 8	 1120.jpg	 1.491597e+02	 11	 1.002439e+03	 1100	 7.500396e+02	 98	 1.501794e+02	 700.00	 800.00	 18.00	 20	 0.54	 
BFE_339	 1	 8	 1210.jpg	 1.551665e+02	 12	 999000	 120	 999000	 999	 1.561844e+02	 700.00	 800.00	 21.00	 31	 0.49	 
BFE_339	 1	 8	 1214.jpg	 1.571687e+02	 12	 999000	 120	 999000	 999	 1.581865e+02	 700.00	 800.00	 4.00	 35	 0.76	 
BFE_339	 1	 8	 2215.jpg	 1.591709e+02	 22	 1.023212e+03	 2200	 8.000496e+02	 98	 1.601887e+02	 700.00	 750.00	 52.00	 36	 0.64	 
BFE_339	 1	 8	 2216.jpg	 1.611732e+02	 24	 999000	 240	 999000	 999	 1.621911e+02	 700.00	 750.00	 43.00	 37	 0.92	 
BFE_339	 1	 8	 2116.jpg	 1.651611e+02	 24	 999000	 240	 999000	 999	 1.661788e+02	 700.00	 750.00	 51.00	 16	 0.65	 
BFE_339	 1	 8	 1202.jpg	 1.691655e+02	 12	 999000	 120	 999000	 999	 1.701832e+02	 700.00	 750.00	 20.00	 23	 0.49	 
BFE_339	 1	 8	 2201.jpg	 1.721688e+02	 24	 999000	 240	 999000	 999	 1.731867e+02	 700.00	 750.00	 56.00	 22	 0.59	 
BFE_339	 1	 8	 2104.jpg	 1.761734e+02	 24	 999000	 240	 999000	 999	 1.771911e+02	 700.00	 750.00	 57.00	 4	 0.57	 
BFE_339	 1	 8	 1207.jpg	 1.791600e+02	 12	 999000	 120	 999000	 999	 1.801778e+02	 700.00	 750.00	 22.00	 28	 0.49	 
BFE_339	 1	 8	 2102.jpg	 1.811624e+02	 24	 999000	 240	 999000	 999	 1.821801e+02	 700.00	 750.00	 77.00	 2	 0.20	 
BFE_339	 1	 8	 2209.jpg	 1.851668e+02	 24	 999000	 240	 999000	 999	 1.861846e+02	 700.00	 750.00	 48.00	 30	 0.71	 
BFE_339	 1	 8	 2115.jpg	 1.871691e+02	 24	 999000	 240	 999000	 999	 1.881868e+02	 700.00	 750.00	 49.00	 15	 0.69	 
BFE_339	 1	 8	 2109.jpg	 1.891713e+02	 22	 9.988716e+02	 220	 7.500389e+02	 98	 1.901912e+02	 700.00	 766.67	 47.00	 9	 0.74	 
BFE_339	 1	 8	 1219.jpg	 1.931591e+02	 12	 999000	 120	 999000	 999	 1.941768e+02	 700.00	 766.67	 14.00	 40	 0.58	 
BFE_339	 1	 8	 2213.jpg	 1.951613e+02	 24	 999000	 240	 999000	 999	 1.961791e+02	 700.00	 766.67	 44.00	 34	 0.82	 
BFE_339	 1	 8	 1204.jpg	 1.991658e+02	 12	 999000	 120	 999000	 999	 2.001836e+02	 700.00	 766.67	 19.00	 25	 0.53	 
BFE_339	 1	 8	 2204.jpg	 2.031703e+02	 22	 9.678513e+02	 220	 7.667345e+02	 98	 2.041881e+02	 700.00	 783.33	 53.00	 25	 0.62	 
BFE_339	 1	 8	 1121.jpg	 2.061736e+02	 12	 999000	 120	 999000	 999	 2.071915e+02	 700.00	 783.33	 3.00	 21	 0.78	 
BFE_339	 1	 8	 1209.jpg	 2.121637e+02	 12	 999000	 120	 999000	 999	 2.131815e+02	 700.00	 783.33	 17.00	 30	 0.54	 
BFE_339	 1	 8	 2106.jpg	 2.141659e+02	 22	 1.044213e+03	 2200	 7.833691e+02	 98	 2.151837e+02	 700.00	 733.33	 58.00	 6	 0.55	 
BFE_339	 1	 8	 2205.jpg	 2.181704e+02	 22	 9.196646e+02	 220	 7.333718e+02	 98	 2.191882e+02	 700.00	 750.00	 55.00	 26	 0.61	 
BFE_339	 1	 8	 1114.jpg	 2.201727e+02	 12	 999000	 120	 999000	 999	 2.211905e+02	 700.00	 750.00	 11.00	 14	 0.67	 
BFE_339	 1	 8	 1109.jpg	 2.221580e+02	 11	 9.240772e+02	 110	 7.000429e+02	 98	 2.231761e+02	 716.67	 750.00	 7.00	 9	 0.71	 
BFE_339	 1	 8	 1111.jpg	 2.241605e+02	 12	 999000	 120	 999000	 999	 2.251782e+02	 716.67	 750.00	 8.00	 11	 0.70	 
BFE_339	 1	 8	 1206.jpg	 2.291661e+02	 12	 999000	 120	 999000	 999	 2.301839e+02	 716.67	 750.00	 9.00	 27	 0.68	 
BFE_339	 1	 8	 1218.jpg	 2.311683e+02	 11	 8.977870e+02	 110	 7.167418e+02	 98	 2.321861e+02	 733.33	 750.00	 15.00	 39	 0.58	 
BFE_339	 1	 8	 2117.jpg	 2.331706e+02	 24	 999000	 240	 999000	 999	 2.341884e+02	 733.33	 750.00	 78.00	 17	 0.20	 
BFE_339	 1	 8	 1102.jpg	 2.361570e+02	 11	 9.650746e+02	 110	 7.334398e+02	 98	 2.371751e+02	 750.00	 750.00	 13.00	 2	 0.63	 
