subjectID	 order	 runNum	 itemName	 onsetTime	 shuff_trialType	 RT	 respInTime	 AudioTime	 response	 fixationTime	 ladder1	 ladder2	 bidIndex	 itemNameIndex	 bidValue	 
BFE_336	 2	 9	 1218.jpg	 2.785537e+02	 12	 999000	 120	 999000	 999	 2.795715e+02	 616.67	 750.00	 4.00	 39	 0.73	 
BFE_336	 2	 9	 1103.jpg	 2.815572e+02	 12	 999000	 120	 999000	 999	 2.825750e+02	 616.67	 750.00	 12.00	 3	 0.57	 
BFE_336	 2	 9	 2212.jpg	 2.855446e+02	 24	 999000	 240	 999000	 999	 2.865628e+02	 616.67	 750.00	 59.00	 33	 0.50	 
BFE_336	 2	 9	 1203.jpg	 2.875472e+02	 11	 8.711492e+02	 110	 6.167253e+02	 98	 2.885650e+02	 633.33	 750.00	 16.00	 24	 0.51	 
BFE_336	 2	 9	 1113.jpg	 2.895495e+02	 11	 9.407855e+02	 110	 6.333844e+02	 98	 2.905672e+02	 650.00	 750.00	 8.00	 13	 0.68	 
BFE_336	 2	 9	 1204.jpg	 2.935539e+02	 12	 999000	 120	 999000	 999	 2.945718e+02	 650.00	 750.00	 38.00	 25	 0.33	 
BFE_336	 2	 9	 2108.jpg	 2.955562e+02	 24	 999000	 240	 999000	 999	 2.965739e+02	 650.00	 750.00	 62.00	 8	 0.47	 
BFE_336	 2	 9	 1116.jpg	 3.005449e+02	 12	 999000	 120	 999000	 999	 3.015629e+02	 650.00	 750.00	 22.00	 16	 0.44	 
BFE_336	 2	 9	 2207.jpg	 3.025474e+02	 22	 9.749451e+02	 220	 7.500655e+02	 98	 3.035651e+02	 650.00	 766.67	 57.00	 28	 0.53	 
BFE_336	 2	 9	 1216.jpg	 3.055508e+02	 12	 999000	 120	 999000	 999	 3.065685e+02	 650.00	 766.67	 3.00	 37	 0.75	 
BFE_336	 2	 9	 2219.jpg	 3.085541e+02	 22	 1.024225e+03	 2200	 7.667182e+02	 98	 3.095718e+02	 650.00	 716.67	 54.00	 40	 0.61	 
BFE_336	 2	 9	 1110.jpg	 3.125586e+02	 12	 999000	 120	 999000	 999	 3.135764e+02	 650.00	 716.67	 18.00	 10	 0.50	 
BFE_336	 2	 9	 2208.jpg	 3.155453e+02	 24	 999000	 240	 999000	 999	 3.165631e+02	 650.00	 716.67	 50.00	 29	 0.67	 
BFE_336	 2	 9	 1102.jpg	 3.175475e+02	 11	 9.188521e+02	 110	 6.500485e+02	 98	 3.185653e+02	 666.67	 716.67	 9.00	 2	 0.65	 
BFE_336	 2	 9	 2113.jpg	 3.205509e+02	 24	 999000	 240	 999000	 999	 3.215687e+02	 666.67	 716.67	 61.00	 13	 0.48	 
BFE_336	 2	 9	 2116.jpg	 3.245555e+02	 24	 999000	 240	 999000	 999	 3.255731e+02	 666.67	 716.67	 52.00	 16	 0.66	 
BFE_336	 2	 9	 1208.jpg	 3.275587e+02	 12	 999000	 120	 999000	 999	 3.285765e+02	 666.67	 716.67	 15.00	 29	 0.54	 
BFE_336	 2	 9	 1219.jpg	 3.295441e+02	 12	 999000	 120	 999000	 999	 3.305620e+02	 666.67	 716.67	 19.00	 40	 0.50	 
BFE_336	 2	 9	 2118.jpg	 3.315466e+02	 24	 999000	 240	 999000	 999	 3.325643e+02	 666.67	 716.67	 47.00	 18	 0.76	 
BFE_336	 2	 9	 2203.jpg	 3.365522e+02	 22	 9.541629e+02	 220	 7.167085e+02	 98	 3.375699e+02	 666.67	 733.33	 56.00	 24	 0.56	 
BFE_336	 2	 9	 1214.jpg	 3.405566e+02	 11	 9.657078e+02	 110	 6.667110e+02	 98	 3.415744e+02	 683.33	 733.33	 11.00	 35	 0.60	 
BFE_336	 2	 9	 2215.jpg	 3.445444e+02	 24	 999000	 240	 999000	 999	 3.455623e+02	 683.33	 733.33	 78.00	 36	 0.32	 
BFE_336	 2	 9	 2202.jpg	 3.505513e+02	 24	 999000	 240	 999000	 999	 3.515690e+02	 683.33	 733.33	 77.00	 23	 0.32	 
BFE_336	 2	 9	 1213.jpg	 3.525534e+02	 12	 999000	 120	 999000	 999	 3.535712e+02	 683.33	 733.33	 21.00	 34	 0.47	 
BFE_336	 2	 9	 1201.jpg	 3.545559e+02	 12	 999000	 120	 999000	 999	 3.555735e+02	 683.33	 733.33	 10.00	 22	 0.63	 
BFE_336	 2	 9	 1112.jpg	 3.565579e+02	 12	 999000	 120	 999000	 999	 3.575757e+02	 683.33	 733.33	 13.00	 12	 0.54	 
BFE_336	 2	 9	 2111.jpg	 3.585602e+02	 24	 999000	 240	 999000	 999	 3.595779e+02	 683.33	 733.33	 44.00	 11	 0.78	 
BFE_336	 2	 9	 2101.jpg	 3.625480e+02	 24	 999000	 240	 999000	 999	 3.635658e+02	 683.33	 733.33	 53.00	 1	 0.63	 
BFE_336	 2	 9	 2206.jpg	 3.645503e+02	 22	 9.880370e+02	 220	 7.333754e+02	 98	 3.655679e+02	 683.33	 750.00	 48.00	 27	 0.75	 
BFE_336	 2	 9	 1101.jpg	 3.685547e+02	 11	 9.515948e+02	 110	 6.833728e+02	 98	 3.695725e+02	 700.00	 750.00	 14.00	 1	 0.54	 
BFE_336	 2	 9	 1210.jpg	 3.705569e+02	 12	 999000	 120	 999000	 999	 3.715747e+02	 700.00	 750.00	 37.00	 31	 0.34	 
BFE_336	 2	 9	 2103.jpg	 3.725591e+02	 24	 999000	 240	 999000	 999	 3.735770e+02	 700.00	 750.00	 43.00	 3	 0.79	 
BFE_336	 2	 9	 1205.jpg	 3.745445e+02	 12	 999000	 120	 999000	 999	 3.755625e+02	 700.00	 750.00	 20.00	 26	 0.48	 
BFE_336	 2	 9	 2201.jpg	 3.795504e+02	 22	 1.035935e+03	 2200	 7.500431e+02	 98	 3.805682e+02	 700.00	 700.00	 49.00	 22	 0.75	 
BFE_336	 2	 9	 2106.jpg	 3.815526e+02	 24	 999000	 240	 999000	 999	 3.825703e+02	 700.00	 700.00	 55.00	 6	 0.60	 
BFE_336	 2	 9	 2107.jpg	 3.835548e+02	 24	 999000	 240	 999000	 999	 3.845726e+02	 700.00	 700.00	 60.00	 7	 0.49	 
BFE_336	 2	 9	 1215.jpg	 3.865582e+02	 12	 999000	 120	 999000	 999	 3.875761e+02	 700.00	 700.00	 7.00	 36	 0.68	 
BFE_336	 2	 9	 1109.jpg	 3.935494e+02	 11	 999000	 1	 7.000358e+02	 999	 3.945672e+02	 650.00	 700.00	 17.00	 9	 0.51	 
BFE_336	 2	 9	 2213.jpg	 3.975538e+02	 24	 999000	 240	 999000	 999	 3.985716e+02	 650.00	 700.00	 58.00	 34	 0.52	 
BFE_336	 2	 9	 2218.jpg	 4.045449e+02	 22	 1.169481e+03	 2200	 7.000419e+02	 98	 4.055628e+02	 650.00	 650.00	 51.00	 39	 0.66	 
