subjectID	 order	 runNum	 itemName	 onsetTime	 shuff_trialType	 RT	 respInTime	 AudioTime	 response	 fixationTime	 ladder1	 ladder2	 bidIndex	 itemNameIndex	 bidValue	 
BFE_317	 1	 20	 1109.jpg	 2.380468e+03	 12	 999000	 120	 999000	 999	 2.381486e+03	 833.33	 916.67	 4.00	 9	 0.80	 
BFE_317	 1	 20	 2218.jpg	 2.385457e+03	 24	 1.129022e+03	 24	 999000	 98	 2.386475e+03	 833.33	 916.67	 59.00	 39	 0.55	 
BFE_317	 1	 20	 1211.jpg	 2.387460e+03	 11	 7.827619e+02	 11	 8.333873e+02	 98	 2.388477e+03	 850.00	 916.67	 15.00	 32	 0.61	 
BFE_317	 1	 20	 1110.jpg	 2.389462e+03	 12	 999000	 120	 999000	 999	 2.390480e+03	 850.00	 916.67	 20.00	 10	 0.52	 
BFE_317	 1	 20	 1113.jpg	 2.395452e+03	 12	 999000	 120	 999000	 999	 2.396470e+03	 850.00	 916.67	 3.00	 13	 0.80	 
BFE_317	 1	 20	 2101.jpg	 2.397454e+03	 24	 999000	 240	 999000	 999	 2.398472e+03	 850.00	 916.67	 62.00	 1	 0.50	 
BFE_317	 1	 20	 1213.jpg	 2.400458e+03	 12	 999000	 120	 999000	 999	 2.401475e+03	 850.00	 916.67	 17.00	 34	 0.58	 
BFE_317	 1	 20	 2115.jpg	 2.402460e+03	 24	 999000	 240	 999000	 999	 2.403478e+03	 850.00	 916.67	 51.00	 15	 0.68	 
BFE_317	 1	 20	 1106.jpg	 2.406464e+03	 12	 999000	 120	 999000	 999	 2.407482e+03	 850.00	 916.67	 9.00	 6	 0.71	 
BFE_317	 1	 20	 1208.jpg	 2.408450e+03	 11	 8.648036e+02	 110	 8.500270e+02	 98	 2.409468e+03	 866.67	 916.67	 18.00	 29	 0.56	 
BFE_317	 1	 20	 1112.jpg	 2.413455e+03	 12	 999000	 120	 999000	 999	 2.414473e+03	 866.67	 916.67	 37.00	 12	 0.21	 
BFE_317	 1	 20	 2213.jpg	 2.420463e+03	 24	 999000	 240	 999000	 999	 2.421481e+03	 866.67	 916.67	 43.00	 34	 0.90	 
BFE_317	 1	 20	 2103.jpg	 2.422466e+03	 24	 999000	 240	 999000	 999	 2.423483e+03	 866.67	 916.67	 44.00	 3	 0.90	 
BFE_317	 1	 20	 2106.jpg	 2.425452e+03	 22	 8.140818e+02	 22	 9.167191e+02	 98	 2.426470e+03	 866.67	 916.67	 50.00	 6	 0.72	 
BFE_317	 1	 20	 2104.jpg	 2.428456e+03	 24	 999000	 240	 999000	 999	 2.429473e+03	 866.67	 916.67	 61.00	 4	 0.52	 
BFE_317	 1	 20	 2204.jpg	 2.432460e+03	 24	 999000	 240	 999000	 999	 2.433478e+03	 866.67	 916.67	 57.00	 25	 0.59	 
BFE_317	 1	 20	 1121.jpg	 2.436465e+03	 12	 999000	 120	 999000	 999	 2.437482e+03	 866.67	 916.67	 8.00	 21	 0.73	 
BFE_317	 1	 20	 2112.jpg	 2.440452e+03	 24	 999000	 240	 999000	 999	 2.441470e+03	 866.67	 916.67	 78.00	 12	 0.17	 
BFE_317	 1	 20	 1209.jpg	 2.443456e+03	 12	 999000	 120	 999000	 999	 2.444473e+03	 866.67	 916.67	 21.00	 30	 0.49	 
BFE_317	 1	 20	 2119.jpg	 2.449462e+03	 24	 999000	 240	 999000	 999	 2.450480e+03	 866.67	 916.67	 77.00	 19	 0.18	 
BFE_317	 1	 20	 2121.jpg	 2.451465e+03	 24	 999000	 240	 999000	 999	 2.452483e+03	 866.67	 916.67	 49.00	 21	 0.75	 
BFE_317	 1	 20	 1207.jpg	 2.454451e+03	 11	 8.229055e+02	 11	 8.667005e+02	 98	 2.455469e+03	 883.33	 916.67	 10.00	 28	 0.67	 
BFE_317	 1	 20	 1218.jpg	 2.456454e+03	 11	 8.766453e+02	 11	 8.833655e+02	 98	 2.457471e+03	 900.00	 916.67	 12.00	 39	 0.63	 
BFE_317	 1	 20	 2105.jpg	 2.458456e+03	 24	 999000	 240	 999000	 999	 2.459474e+03	 900.00	 916.67	 48.00	 5	 0.77	 
BFE_317	 1	 20	 1219.jpg	 2.460458e+03	 12	 999000	 120	 999000	 999	 2.461476e+03	 900.00	 916.67	 19.00	 40	 0.52	 
BFE_317	 1	 20	 2211.jpg	 2.463462e+03	 22	 1.004763e+03	 2200	 9.167011e+02	 98	 2.464482e+03	 900.00	 866.67	 52.00	 32	 0.66	 
BFE_317	 1	 20	 1216.jpg	 2.467466e+03	 12	 999000	 120	 999000	 999	 2.468484e+03	 900.00	 866.67	 22.00	 37	 0.47	 
BFE_317	 1	 20	 1205.jpg	 2.469452e+03	 11	 8.386675e+02	 11	 9.000269e+02	 98	 2.470469e+03	 916.67	 866.67	 13.00	 26	 0.62	 
BFE_317	 1	 20	 1201.jpg	 2.471454e+03	 11	 8.284964e+02	 11	 9.166962e+02	 98	 2.472472e+03	 916.67	 866.67	 7.00	 22	 0.74	 
BFE_317	 1	 20	 2107.jpg	 2.473456e+03	 24	 999000	 240	 999000	 999	 2.474474e+03	 916.67	 866.67	 60.00	 7	 0.53	 
BFE_317	 1	 20	 1104.jpg	 2.475458e+03	 12	 999000	 120	 999000	 999	 2.476476e+03	 916.67	 866.67	 14.00	 4	 0.61	 
BFE_317	 1	 20	 2201.jpg	 2.477461e+03	 22	 7.897053e+02	 22	 8.666940e+02	 98	 2.478478e+03	 916.67	 883.33	 55.00	 22	 0.60	 
BFE_317	 1	 20	 2113.jpg	 2.481465e+03	 22	 9.930799e+02	 220	 8.833638e+02	 98	 2.482483e+03	 916.67	 900.00	 47.00	 13	 0.77	 
BFE_317	 1	 20	 2208.jpg	 2.485453e+03	 22	 8.614774e+02	 22	 9.000348e+02	 98	 2.486471e+03	 916.67	 916.67	 58.00	 29	 0.59	 
BFE_317	 1	 20	 2207.jpg	 2.487455e+03	 22	 8.431729e+02	 22	 9.167002e+02	 98	 2.488473e+03	 916.67	 916.67	 53.00	 28	 0.65	 
BFE_317	 1	 20	 1101.jpg	 2.489457e+03	 12	 999000	 120	 999000	 999	 2.490475e+03	 916.67	 916.67	 38.00	 1	 0.21	 
BFE_317	 1	 20	 2118.jpg	 2.491460e+03	 24	 999000	 240	 999000	 999	 2.492477e+03	 916.67	 916.67	 56.00	 18	 0.59	 
BFE_317	 1	 20	 1114.jpg	 2.493462e+03	 12	 999000	 120	 999000	 999	 2.494480e+03	 916.67	 916.67	 16.00	 14	 0.59	 
BFE_317	 1	 20	 1115.jpg	 2.499452e+03	 12	 999000	 120	 999000	 999	 2.500470e+03	 916.67	 916.67	 11.00	 15	 0.66	 
BFE_317	 1	 20	 2217.jpg	 2.501454e+03	 24	 999000	 240	 999000	 999	 2.502472e+03	 916.67	 916.67	 54.00	 38	 0.65	 
