subjectID	 order	 runNum	 itemName	 onsetTime	 shuff_trialType	 RT	 respInTime	 AudioTime	 response	 fixationTime	 ladder1	 ladder2	 bidIndex	 itemNameIndex	 bidValue	 
BFE_308	 2	 1	 1202.jpg	 1.620405e+00	 12	 999000	 120	 999000	 999	 2.637717e+00	 750.00	 750.00	 21.00	 23	 0.47	 
BFE_308	 2	 1	 1209.jpg	 6.608923e+00	 12	 999000	 120	 999000	 999	 7.626692e+00	 750.00	 750.00	 22.00	 30	 0.46	 
BFE_308	 2	 1	 1109.jpg	 8.594132e+00	 12	 999000	 120	 999000	 999	 9.612232e+00	 750.00	 750.00	 18.00	 9	 0.54	 
BFE_308	 2	 1	 1103.jpg	 1.059670e+01	 11	 9.973193e+02	 110	 7.500663e+02	 98	 1.161451e+01	 766.67	 750.00	 8.00	 3	 0.74	 
BFE_308	 2	 1	 2110.jpg	 1.660342e+01	 24	 999000	 240	 999000	 999	 1.762132e+01	 766.67	 750.00	 52.00	 10	 0.66	 
BFE_308	 2	 1	 1114.jpg	 1.860569e+01	 11	 1.012331e+03	 1100	 7.667017e+02	 98	 1.962621e+01	 716.67	 750.00	 9.00	 14	 0.71	 
BFE_308	 2	 1	 1219.jpg	 2.160908e+01	 12	 999000	 120	 999000	 999	 2.262683e+01	 716.67	 750.00	 19.00	 40	 0.53	 
BFE_308	 2	 1	 1201.jpg	 2.359464e+01	 12	 999000	 120	 999000	 999	 2.461243e+01	 716.67	 750.00	 4.00	 22	 0.80	 
BFE_308	 2	 1	 1214.jpg	 2.759918e+01	 11	 1.026866e+03	 1100	 7.166964e+02	 98	 2.861690e+01	 666.67	 750.00	 11.00	 35	 0.71	 
BFE_308	 2	 1	 1210.jpg	 2.960145e+01	 12	 999000	 120	 999000	 999	 3.061916e+01	 666.67	 750.00	 38.00	 31	 0.15	 
BFE_308	 2	 1	 2219.jpg	 3.460699e+01	 24	 999000	 240	 999000	 999	 3.562475e+01	 666.67	 750.00	 43.00	 40	 0.83	 
BFE_308	 2	 1	 1110.jpg	 4.159823e+01	 11	 1.003831e+03	 1100	 6.667059e+02	 98	 4.261603e+01	 616.67	 750.00	 14.00	 10	 0.60	 
BFE_308	 2	 1	 2209.jpg	 4.360047e+01	 22	 1.097593e+03	 2200	 7.500512e+02	 98	 4.462080e+01	 616.67	 700.00	 49.00	 30	 0.71	 
BFE_308	 2	 1	 2103.jpg	 4.660388e+01	 22	 9.661908e+02	 220	 7.000277e+02	 98	 4.762157e+01	 616.67	 716.67	 51.00	 3	 0.67	 
BFE_308	 2	 1	 1218.jpg	 4.960714e+01	 12	 999000	 120	 999000	 999	 5.062497e+01	 616.67	 716.67	 3.00	 39	 0.85	 
BFE_308	 2	 1	 1211.jpg	 5.359503e+01	 12	 999000	 120	 999000	 999	 5.461285e+01	 616.67	 716.67	 13.00	 32	 0.67	 
BFE_308	 2	 1	 1203.jpg	 5.759953e+01	 11	 8.745121e+02	 110	 6.167068e+02	 98	 5.861731e+01	 633.33	 716.67	 16.00	 24	 0.58	 
BFE_308	 2	 1	 2116.jpg	 6.160402e+01	 24	 999000	 240	 999000	 999	 6.262171e+01	 633.33	 716.67	 62.00	 16	 0.51	 
BFE_308	 2	 1	 2206.jpg	 6.460737e+01	 24	 999000	 240	 999000	 999	 6.562509e+01	 633.33	 716.67	 60.00	 27	 0.52	 
BFE_308	 2	 1	 2210.jpg	 7.059747e+01	 24	 999000	 240	 999000	 999	 7.161523e+01	 633.33	 716.67	 77.00	 31	 0.17	 
BFE_308	 2	 1	 1207.jpg	 7.259969e+01	 12	 999000	 120	 999000	 999	 7.361744e+01	 633.33	 716.67	 12.00	 28	 0.67	 
BFE_308	 2	 1	 2204.jpg	 7.560308e+01	 24	 999000	 240	 999000	 999	 7.662080e+01	 633.33	 716.67	 61.00	 25	 0.51	 
BFE_308	 2	 1	 2115.jpg	 7.760531e+01	 24	 999000	 240	 999000	 999	 7.862301e+01	 633.33	 716.67	 55.00	 15	 0.58	 
BFE_308	 2	 1	 2102.jpg	 7.960751e+01	 22	 9.545360e+02	 220	 7.166946e+02	 98	 8.062532e+01	 633.33	 733.33	 54.00	 2	 0.60	 
BFE_308	 2	 1	 2215.jpg	 8.160972e+01	 24	 999000	 240	 999000	 999	 8.262758e+01	 633.33	 733.33	 44.00	 36	 0.79	 
BFE_308	 2	 1	 2121.jpg	 8.459654e+01	 22	 9.814980e+02	 220	 7.333688e+02	 98	 8.561420e+01	 633.33	 750.00	 48.00	 21	 0.72	 
BFE_308	 2	 1	 2203.jpg	 8.860093e+01	 24	 3.051361e+02	 24	 999000	 98	 8.961876e+01	 633.33	 750.00	 59.00	 24	 0.53	 
BFE_308	 2	 1	 2218.jpg	 9.060325e+01	 22	 1.030795e+03	 2200	 7.500346e+02	 98	 9.162095e+01	 633.33	 700.00	 57.00	 39	 0.58	 
BFE_308	 2	 1	 1105.jpg	 9.260542e+01	 11	 8.926455e+02	 110	 6.333694e+02	 98	 9.362325e+01	 650.00	 700.00	 17.00	 5	 0.57	 
BFE_308	 2	 1	 1113.jpg	 9.460777e+01	 12	 999000	 120	 999000	 999	 9.562547e+01	 650.00	 700.00	 20.00	 13	 0.53	 
BFE_308	 2	 1	 1117.jpg	 9.659307e+01	 12	 999000	 120	 999000	 999	 9.761100e+01	 650.00	 700.00	 37.00	 17	 0.17	 
BFE_308	 2	 1	 2109.jpg	 9.859552e+01	 22	 9.745687e+02	 220	 7.000311e+02	 98	 9.961331e+01	 650.00	 716.67	 56.00	 9	 0.58	 
BFE_308	 2	 1	 2213.jpg	 1.026000e+02	 24	 999000	 240	 999000	 999	 1.036179e+02	 650.00	 716.67	 47.00	 34	 0.76	 
BFE_308	 2	 1	 1208.jpg	 1.066045e+02	 12	 999000	 120	 999000	 999	 1.076223e+02	 650.00	 716.67	 7.00	 29	 0.76	 
BFE_308	 2	 1	 2105.jpg	 1.086067e+02	 24	 999000	 240	 999000	 999	 1.096245e+02	 650.00	 716.67	 50.00	 5	 0.68	 
BFE_308	 2	 1	 1215.jpg	 1.106090e+02	 12	 999000	 120	 999000	 999	 1.116267e+02	 650.00	 716.67	 15.00	 36	 0.59	 
BFE_308	 2	 1	 2208.jpg	 1.125943e+02	 24	 999000	 240	 999000	 999	 1.136123e+02	 650.00	 716.67	 58.00	 29	 0.56	 
BFE_308	 2	 1	 2111.jpg	 1.145969e+02	 24	 999000	 240	 999000	 999	 1.156145e+02	 650.00	 716.67	 78.00	 11	 0.14	 
BFE_308	 2	 1	 2216.jpg	 1.206035e+02	 24	 999000	 240	 999000	 999	 1.216213e+02	 650.00	 716.67	 53.00	 37	 0.64	 
BFE_308	 2	 1	 1216.jpg	 1.226058e+02	 12	 999000	 120	 999000	 999	 1.236235e+02	 650.00	 716.67	 10.00	 37	 0.71	 
