subjectID	 order	 runNum	 itemName	 onsetTime	 shuff_trialType	 RT	 respInTime	 AudioTime	 response	 fixationTime	 ladder1	 ladder2	 bidIndex	 itemNameIndex	 bidValue	 
BFE_302	 2	 20	 1117.jpg	 2.553698e+03	 12	 999000	 120	 999000	 999	 2.554716e+03	 -16.67	 -0.00	 37.00	 17	 0.20	 
BFE_302	 2	 20	 2117.jpg	 2.556701e+03	 24	 999000	 240	 999000	 999	 2.557719e+03	 -16.67	 -0.00	 78.00	 17	 0.16	 
BFE_302	 2	 20	 2121.jpg	 2.560706e+03	 24	 999000	 240	 999000	 999	 2.561724e+03	 -16.67	 -0.00	 61.00	 21	 0.52	 
BFE_302	 2	 20	 1109.jpg	 2.562691e+03	 12	 999000	 120	 999000	 999	 2.563709e+03	 -16.67	 -0.00	 15.00	 9	 0.62	 
BFE_302	 2	 20	 1219.jpg	 2.564694e+03	 12	 999000	 120	 999000	 999	 2.565711e+03	 -16.67	 -0.00	 4.00	 40	 0.84	 
BFE_302	 2	 20	 2201.jpg	 2.568698e+03	 22	 1.247910e+03	 2200	 1.993070e-01	 98	 2.569716e+03	 -16.67	 -0.00	 48.00	 22	 0.69	 
BFE_302	 2	 20	 2109.jpg	 2.570700e+03	 24	 999000	 240	 999000	 999	 2.571718e+03	 -16.67	 -0.00	 50.00	 9	 0.67	 
BFE_302	 2	 20	 2219.jpg	 2.575706e+03	 24	 999000	 240	 999000	 999	 2.576724e+03	 -16.67	 -0.00	 43.00	 40	 0.82	 
BFE_302	 2	 20	 1208.jpg	 2.577691e+03	 11	 1.198854e+03	 1100	 2.150750e-01	 98	 2.578709e+03	 -16.67	 -0.00	 14.00	 29	 0.62	 
BFE_302	 2	 20	 2215.jpg	 2.580695e+03	 24	 999000	 240	 999000	 999	 2.581713e+03	 -16.67	 -0.00	 58.00	 36	 0.60	 
BFE_302	 2	 20	 1218.jpg	 2.583698e+03	 11	 1.287900e+03	 1100	 2.676938e-01	 98	 2.584716e+03	 -16.67	 -0.00	 16.00	 39	 0.56	 
BFE_302	 2	 20	 1203.jpg	 2.587703e+03	 12	 999000	 120	 999000	 999	 2.588721e+03	 -16.67	 -0.00	 38.00	 24	 0.16	 
BFE_302	 2	 20	 1202.jpg	 2.590706e+03	 11	 1.256002e+03	 1100	 1.809429e-01	 98	 2.591724e+03	 -16.67	 -0.00	 17.00	 23	 0.54	 
BFE_302	 2	 20	 1120.jpg	 2.592708e+03	 12	 999000	 120	 999000	 999	 2.593726e+03	 -16.67	 -0.00	 21.00	 20	 0.50	 
BFE_302	 2	 20	 2207.jpg	 2.595695e+03	 24	 999000	 240	 999000	 999	 2.596713e+03	 -16.67	 -0.00	 62.00	 28	 0.51	 
BFE_302	 2	 20	 2106.jpg	 2.599700e+03	 22	 1.262642e+03	 2200	 1.769301e-01	 98	 2.600717e+03	 -16.67	 -0.00	 57.00	 6	 0.62	 
BFE_302	 2	 20	 1102.jpg	 2.602703e+03	 12	 999000	 120	 999000	 999	 2.603721e+03	 -16.67	 -0.00	 19.00	 2	 0.52	 
BFE_302	 2	 20	 2211.jpg	 2.604705e+03	 22	 1.281019e+03	 2200	 1.765250e-01	 98	 2.605723e+03	 -16.67	 -0.00	 54.00	 32	 0.64	 
BFE_302	 2	 20	 1216.jpg	 2.606708e+03	 12	 999000	 120	 999000	 999	 2.607725e+03	 -16.67	 -0.00	 12.00	 37	 0.64	 
BFE_302	 2	 20	 1115.jpg	 2.611696e+03	 12	 999000	 120	 999000	 999	 2.612714e+03	 -16.67	 -0.00	 10.00	 15	 0.69	 
BFE_302	 2	 20	 2205.jpg	 2.615701e+03	 24	 999000	 240	 999000	 999	 2.616719e+03	 -16.67	 -0.00	 44.00	 26	 0.77	 
BFE_302	 2	 20	 1217.jpg	 2.619705e+03	 12	 999000	 120	 999000	 999	 2.620723e+03	 -16.67	 -0.00	 18.00	 38	 0.52	 
BFE_302	 2	 20	 1211.jpg	 2.625695e+03	 12	 999000	 120	 999000	 999	 2.626713e+03	 -16.67	 -0.00	 13.00	 32	 0.64	 
BFE_302	 2	 20	 1204.jpg	 2.627698e+03	 12	 999000	 120	 999000	 999	 2.628715e+03	 -16.67	 -0.00	 7.00	 25	 0.72	 
BFE_302	 2	 20	 1101.jpg	 2.629700e+03	 11	 1.302305e+03	 1100	 1.837302e-01	 98	 2.630718e+03	 -16.67	 -0.00	 8.00	 1	 0.72	 
BFE_302	 2	 20	 2204.jpg	 2.631702e+03	 22	 1.251969e+03	 2200	 1.981489e-01	 98	 2.632720e+03	 -16.67	 -0.00	 49.00	 25	 0.69	 
BFE_302	 2	 20	 2101.jpg	 2.633704e+03	 22	 1.209836e+03	 2200	 1.696271e-01	 98	 2.634722e+03	 -16.67	 -0.00	 51.00	 1	 0.66	 
BFE_302	 2	 20	 1206.jpg	 2.637692e+03	 11	 1.214257e+03	 1100	 1.949409e-01	 98	 2.638710e+03	 -16.67	 -0.00	 11.00	 27	 0.67	 
BFE_302	 2	 20	 1205.jpg	 2.639694e+03	 11	 1.147764e+03	 1100	 1.810151e-01	 98	 2.640712e+03	 -16.67	 -0.00	 9.00	 26	 0.72	 
BFE_302	 2	 20	 2112.jpg	 2.643699e+03	 24	 999000	 240	 999000	 999	 2.644717e+03	 -16.67	 -0.00	 77.00	 12	 0.16	 
BFE_302	 2	 20	 2218.jpg	 2.645701e+03	 24	 999000	 240	 999000	 999	 2.646719e+03	 -16.67	 -0.00	 59.00	 39	 0.60	 
BFE_302	 2	 20	 2217.jpg	 2.647703e+03	 24	 999000	 240	 999000	 999	 2.648721e+03	 -16.67	 -0.00	 55.00	 38	 0.64	 
BFE_302	 2	 20	 1214.jpg	 2.649706e+03	 12	 999000	 120	 999000	 999	 2.650723e+03	 -16.67	 -0.00	 3.00	 35	 0.84	 
BFE_302	 2	 20	 2115.jpg	 2.654695e+03	 24	 999000	 240	 999000	 999	 2.655712e+03	 -16.67	 -0.00	 53.00	 15	 0.65	 
BFE_302	 2	 20	 2214.jpg	 2.656697e+03	 22	 1.241378e+03	 2200	 1.803860e-01	 98	 2.657714e+03	 -16.67	 -0.00	 56.00	 35	 0.64	 
BFE_302	 2	 20	 2208.jpg	 2.658699e+03	 24	 999000	 240	 999000	 999	 2.659717e+03	 -16.67	 -0.00	 52.00	 29	 0.66	 
BFE_302	 2	 20	 2202.jpg	 2.661702e+03	 24	 999000	 240	 999000	 999	 2.662720e+03	 -16.67	 -0.00	 60.00	 23	 0.57	 
BFE_302	 2	 20	 1121.jpg	 2.668694e+03	 12	 999000	 120	 999000	 999	 2.669711e+03	 -16.67	 -0.00	 22.00	 21	 0.47	 
BFE_302	 2	 20	 1106.jpg	 2.672698e+03	 12	 999000	 120	 999000	 999	 2.673716e+03	 -16.67	 -0.00	 20.00	 6	 0.50	 
BFE_302	 2	 20	 2206.jpg	 2.679706e+03	 24	 999000	 240	 999000	 999	 2.680724e+03	 -16.67	 -0.00	 47.00	 27	 0.70	 
