subjectID	 order	 runNum	 itemName	 onsetTime	 shuff_trialType	 RT	 respInTime	 AudioTime	 response	 fixationTime	 ladder1	 ladder2	 bidIndex	 itemNameIndex	 bidValue	 
BFE_336	 2	 18	 1204.jpg	 1.466385e+03	 12	 999000	 120	 999000	 999	 1.467403e+03	 783.33	 716.67	 38.00	 25	 0.33	 
BFE_336	 2	 18	 2208.jpg	 1.468388e+03	 24	 999000	 240	 999000	 999	 1.469406e+03	 783.33	 716.67	 50.00	 29	 0.67	 
BFE_336	 2	 18	 1203.jpg	 1.472392e+03	 11	 9.939206e+02	 110	 7.834007e+02	 98	 1.473410e+03	 800.00	 716.67	 16.00	 24	 0.51	 
BFE_336	 2	 18	 2101.jpg	 1.475396e+03	 24	 999000	 240	 999000	 999	 1.476413e+03	 800.00	 716.67	 53.00	 1	 0.63	 
BFE_336	 2	 18	 1208.jpg	 1.477381e+03	 12	 999000	 120	 999000	 999	 1.478399e+03	 800.00	 716.67	 15.00	 29	 0.54	 
BFE_336	 2	 18	 1103.jpg	 1.480385e+03	 12	 999000	 120	 999000	 999	 1.481402e+03	 800.00	 716.67	 12.00	 3	 0.57	 
BFE_336	 2	 18	 2206.jpg	 1.484389e+03	 22	 9.652036e+02	 220	 7.167317e+02	 98	 1.485407e+03	 800.00	 733.33	 48.00	 27	 0.75	 
BFE_336	 2	 18	 2213.jpg	 1.488394e+03	 24	 999000	 240	 999000	 999	 1.489411e+03	 800.00	 733.33	 58.00	 34	 0.52	 
BFE_336	 2	 18	 2118.jpg	 1.490396e+03	 24	 999000	 240	 999000	 999	 1.491414e+03	 800.00	 733.33	 47.00	 18	 0.76	 
BFE_336	 2	 18	 1210.jpg	 1.495385e+03	 12	 999000	 120	 999000	 999	 1.496403e+03	 800.00	 733.33	 37.00	 31	 0.34	 
BFE_336	 2	 18	 1109.jpg	 1.497387e+03	 11	 1.015318e+03	 1100	 8.000562e+02	 98	 1.498407e+03	 750.00	 733.33	 17.00	 9	 0.51	 
BFE_336	 2	 18	 2201.jpg	 1.499389e+03	 22	 1.021041e+03	 2200	 7.333839e+02	 98	 1.500407e+03	 750.00	 683.33	 49.00	 22	 0.75	 
BFE_336	 2	 18	 2111.jpg	 1.505396e+03	 24	 999000	 240	 999000	 999	 1.506414e+03	 750.00	 683.33	 44.00	 11	 0.78	 
BFE_336	 2	 18	 1112.jpg	 1.507382e+03	 12	 999000	 120	 999000	 999	 1.508399e+03	 750.00	 683.33	 13.00	 12	 0.54	 
BFE_336	 2	 18	 1101.jpg	 1.509384e+03	 11	 9.784485e+02	 110	 7.500600e+02	 98	 1.510402e+03	 766.67	 683.33	 14.00	 1	 0.54	 
BFE_336	 2	 18	 2215.jpg	 1.511386e+03	 24	 999000	 240	 999000	 999	 1.512404e+03	 766.67	 683.33	 78.00	 36	 0.32	 
BFE_336	 2	 18	 2212.jpg	 1.515391e+03	 24	 999000	 240	 999000	 999	 1.516408e+03	 766.67	 683.33	 59.00	 33	 0.50	 
BFE_336	 2	 18	 2219.jpg	 1.519395e+03	 22	 999000	 2	 6.833742e+02	 999	 1.520413e+03	 766.67	 633.33	 54.00	 40	 0.61	 
BFE_336	 2	 18	 1102.jpg	 1.522382e+03	 11	 1.020549e+03	 1100	 7.667065e+02	 98	 1.523400e+03	 716.67	 633.33	 9.00	 2	 0.65	 
BFE_336	 2	 18	 1214.jpg	 1.526386e+03	 11	 9.120495e+02	 110	 7.167093e+02	 98	 1.527404e+03	 733.33	 633.33	 11.00	 35	 0.60	 
BFE_336	 2	 18	 1205.jpg	 1.529390e+03	 12	 999000	 120	 999000	 999	 1.530407e+03	 733.33	 633.33	 20.00	 26	 0.48	 
BFE_336	 2	 18	 1218.jpg	 1.531392e+03	 12	 999000	 120	 999000	 999	 1.532410e+03	 733.33	 633.33	 4.00	 39	 0.73	 
BFE_336	 2	 18	 2108.jpg	 1.535380e+03	 24	 999000	 240	 999000	 999	 1.536397e+03	 733.33	 633.33	 62.00	 8	 0.47	 
BFE_336	 2	 18	 1213.jpg	 1.537382e+03	 12	 999000	 120	 999000	 999	 1.538400e+03	 733.33	 633.33	 21.00	 34	 0.47	 
BFE_336	 2	 18	 1113.jpg	 1.539384e+03	 11	 9.461477e+02	 110	 7.333728e+02	 98	 1.540402e+03	 750.00	 633.33	 8.00	 13	 0.68	 
BFE_336	 2	 18	 1116.jpg	 1.543389e+03	 12	 999000	 120	 999000	 999	 1.544406e+03	 750.00	 633.33	 22.00	 16	 0.44	 
BFE_336	 2	 18	 1216.jpg	 1.545391e+03	 12	 999000	 120	 999000	 999	 1.546409e+03	 750.00	 633.33	 3.00	 37	 0.75	 
BFE_336	 2	 18	 1201.jpg	 1.549395e+03	 12	 999000	 120	 999000	 999	 1.550413e+03	 750.00	 633.33	 10.00	 22	 0.63	 
BFE_336	 2	 18	 2113.jpg	 1.553383e+03	 24	 999000	 240	 999000	 999	 1.554401e+03	 750.00	 633.33	 61.00	 13	 0.48	 
BFE_336	 2	 18	 2202.jpg	 1.556387e+03	 24	 999000	 240	 999000	 999	 1.557404e+03	 750.00	 633.33	 77.00	 23	 0.32	 
BFE_336	 2	 18	 2116.jpg	 1.562393e+03	 24	 999000	 240	 999000	 999	 1.563411e+03	 750.00	 633.33	 52.00	 16	 0.66	 
BFE_336	 2	 18	 1215.jpg	 1.564396e+03	 12	 999000	 120	 999000	 999	 1.565413e+03	 750.00	 633.33	 7.00	 36	 0.68	 
BFE_336	 2	 18	 2203.jpg	 1.568383e+03	 22	 8.030210e+02	 220	 6.333784e+02	 98	 1.569401e+03	 750.00	 650.00	 56.00	 24	 0.56	 
BFE_336	 2	 18	 2103.jpg	 1.570386e+03	 24	 999000	 240	 999000	 999	 1.571403e+03	 750.00	 650.00	 43.00	 3	 0.79	 
BFE_336	 2	 18	 1110.jpg	 1.572388e+03	 12	 999000	 120	 999000	 999	 1.573406e+03	 750.00	 650.00	 18.00	 10	 0.50	 
BFE_336	 2	 18	 2218.jpg	 1.574390e+03	 22	 8.763020e+02	 220	 6.500370e+02	 98	 1.575408e+03	 750.00	 666.67	 51.00	 39	 0.66	 
BFE_336	 2	 18	 1219.jpg	 1.579396e+03	 12	 999000	 120	 999000	 999	 1.580414e+03	 750.00	 666.67	 19.00	 40	 0.50	 
BFE_336	 2	 18	 2106.jpg	 1.581381e+03	 24	 999000	 240	 999000	 999	 1.582399e+03	 750.00	 666.67	 55.00	 6	 0.60	 
BFE_336	 2	 18	 2207.jpg	 1.583383e+03	 22	 9.148982e+02	 220	 6.667065e+02	 98	 1.584401e+03	 750.00	 683.33	 57.00	 28	 0.53	 
BFE_336	 2	 18	 2107.jpg	 1.586387e+03	 24	 999000	 240	 999000	 999	 1.587405e+03	 750.00	 683.33	 60.00	 7	 0.49	 
