subjectID	 order	 runNum	 itemName	 onsetTime	 shuff_trialType	 RT	 respInTime	 AudioTime	 response	 fixationTime	 ladder1	 ladder2	 bidIndex	 itemNameIndex	 bidValue	 
BFE_339	 1	 15	 2116.jpg	 1.212369e+03	 24	 5.373518e+02	 24	 999000	 98	 1.213387e+03	 683.33	 750.00	 51.00	 16	 0.65	 
BFE_339	 1	 15	 1219.jpg	 1.215372e+03	 12	 999000	 120	 999000	 999	 1.216390e+03	 683.33	 750.00	 14.00	 40	 0.58	 
BFE_339	 1	 15	 1109.jpg	 1.219360e+03	 11	 9.941105e+02	 110	 6.833990e+02	 98	 1.220378e+03	 700.00	 750.00	 7.00	 9	 0.71	 
BFE_339	 1	 15	 2106.jpg	 1.221362e+03	 22	 9.680410e+02	 220	 7.500735e+02	 98	 1.222380e+03	 700.00	 766.67	 58.00	 6	 0.55	 
BFE_339	 1	 15	 2117.jpg	 1.223364e+03	 24	 999000	 240	 999000	 999	 1.224382e+03	 700.00	 766.67	 78.00	 17	 0.20	 
BFE_339	 1	 15	 2209.jpg	 1.227369e+03	 24	 999000	 240	 999000	 999	 1.228387e+03	 700.00	 766.67	 48.00	 30	 0.71	 
BFE_339	 1	 15	 1205.jpg	 1.229371e+03	 11	 9.270257e+02	 110	 7.000423e+02	 98	 1.230389e+03	 716.67	 766.67	 12.00	 26	 0.64	 
BFE_339	 1	 15	 2109.jpg	 1.234360e+03	 22	 1.098380e+03	 2200	 7.667086e+02	 98	 1.235378e+03	 716.67	 716.67	 47.00	 9	 0.74	 
BFE_339	 1	 15	 1210.jpg	 1.236362e+03	 12	 999000	 120	 999000	 999	 1.237380e+03	 716.67	 716.67	 21.00	 31	 0.49	 
BFE_339	 1	 15	 1207.jpg	 1.239366e+03	 12	 999000	 120	 999000	 999	 1.240383e+03	 716.67	 716.67	 22.00	 28	 0.49	 
BFE_339	 1	 15	 1218.jpg	 1.242369e+03	 11	 9.530541e+02	 110	 7.167149e+02	 98	 1.243387e+03	 733.33	 716.67	 15.00	 39	 0.58	 
BFE_339	 1	 15	 2201.jpg	 1.246374e+03	 24	 999000	 240	 999000	 999	 1.247391e+03	 733.33	 716.67	 56.00	 22	 0.59	 
BFE_339	 1	 15	 2215.jpg	 1.249360e+03	 22	 9.622404e+02	 220	 7.167017e+02	 98	 1.250378e+03	 733.33	 733.33	 52.00	 36	 0.64	 
BFE_339	 1	 15	 2211.jpg	 1.251362e+03	 22	 9.437039e+02	 220	 7.333905e+02	 98	 1.252380e+03	 733.33	 750.00	 50.00	 32	 0.68	 
BFE_339	 1	 15	 1202.jpg	 1.254366e+03	 12	 999000	 120	 999000	 999	 1.255384e+03	 733.33	 750.00	 20.00	 23	 0.49	 
BFE_339	 1	 15	 2111.jpg	 1.258370e+03	 24	 999000	 240	 999000	 999	 1.259388e+03	 733.33	 750.00	 60.00	 11	 0.50	 
BFE_339	 1	 15	 2216.jpg	 1.261374e+03	 24	 999000	 240	 999000	 999	 1.262391e+03	 733.33	 750.00	 43.00	 37	 0.92	 
BFE_339	 1	 15	 1209.jpg	 1.263359e+03	 12	 999000	 120	 999000	 999	 1.264377e+03	 733.33	 750.00	 17.00	 30	 0.54	 
BFE_339	 1	 15	 1114.jpg	 1.265361e+03	 12	 999000	 120	 999000	 999	 1.266379e+03	 733.33	 750.00	 11.00	 14	 0.67	 
BFE_339	 1	 15	 1111.jpg	 1.270367e+03	 12	 999000	 120	 999000	 999	 1.271385e+03	 733.33	 750.00	 8.00	 11	 0.70	 
BFE_339	 1	 15	 2114.jpg	 1.274372e+03	 24	 999000	 240	 999000	 999	 1.275390e+03	 733.33	 750.00	 59.00	 14	 0.52	 
BFE_339	 1	 15	 1102.jpg	 1.278359e+03	 11	 9.549968e+02	 110	 7.333731e+02	 98	 1.279377e+03	 750.00	 750.00	 13.00	 2	 0.63	 
BFE_339	 1	 15	 2102.jpg	 1.284366e+03	 24	 999000	 240	 999000	 999	 1.285384e+03	 750.00	 750.00	 77.00	 2	 0.20	 
BFE_339	 1	 15	 2115.jpg	 1.286368e+03	 24	 999000	 240	 999000	 999	 1.287386e+03	 750.00	 750.00	 49.00	 15	 0.69	 
BFE_339	 1	 15	 2213.jpg	 1.288371e+03	 24	 999000	 240	 999000	 999	 1.289388e+03	 750.00	 750.00	 44.00	 34	 0.82	 
BFE_339	 1	 15	 2112.jpg	 1.290373e+03	 24	 999000	 240	 999000	 999	 1.291391e+03	 750.00	 750.00	 62.00	 12	 0.49	 
BFE_339	 1	 15	 1201.jpg	 1.292375e+03	 11	 1.018965e+03	 1100	 7.500422e+02	 98	 1.293393e+03	 700.00	 750.00	 10.00	 22	 0.67	 
BFE_339	 1	 15	 2204.jpg	 1.296363e+03	 22	 9.672553e+02	 220	 7.500454e+02	 98	 1.297381e+03	 700.00	 766.67	 53.00	 25	 0.62	 
BFE_339	 1	 15	 1121.jpg	 1.298365e+03	 12	 999000	 120	 999000	 999	 1.299383e+03	 700.00	 766.67	 3.00	 21	 0.78	 
BFE_339	 1	 15	 1206.jpg	 1.302370e+03	 12	 999000	 120	 999000	 999	 1.303388e+03	 700.00	 766.67	 9.00	 27	 0.68	 
BFE_339	 1	 15	 2202.jpg	 1.304372e+03	 24	 999000	 240	 999000	 999	 1.305390e+03	 700.00	 766.67	 54.00	 23	 0.61	 
BFE_339	 1	 15	 1120.jpg	 1.306374e+03	 11	 1.051958e+03	 1100	 7.000444e+02	 98	 1.307392e+03	 650.00	 766.67	 18.00	 20	 0.54	 
BFE_339	 1	 15	 2101.jpg	 1.308359e+03	 24	 999000	 240	 999000	 999	 1.309378e+03	 650.00	 766.67	 61.00	 1	 0.50	 
BFE_339	 1	 15	 1203.jpg	 1.313365e+03	 12	 999000	 120	 999000	 999	 1.314383e+03	 650.00	 766.67	 38.00	 24	 0.21	 
BFE_339	 1	 15	 1204.jpg	 1.315368e+03	 12	 999000	 120	 999000	 999	 1.316385e+03	 650.00	 766.67	 19.00	 25	 0.53	 
BFE_339	 1	 15	 1214.jpg	 1.317370e+03	 12	 999000	 120	 999000	 999	 1.318388e+03	 650.00	 766.67	 4.00	 35	 0.76	 
BFE_339	 1	 15	 1107.jpg	 1.320373e+03	 12	 999000	 120	 999000	 999	 1.321391e+03	 650.00	 766.67	 37.00	 7	 0.22	 
BFE_339	 1	 15	 2205.jpg	 1.327364e+03	 22	 9.897521e+02	 220	 7.667132e+02	 98	 1.328382e+03	 650.00	 783.33	 55.00	 26	 0.61	 
BFE_339	 1	 15	 2104.jpg	 1.331369e+03	 24	 999000	 240	 999000	 999	 1.332387e+03	 650.00	 783.33	 57.00	 4	 0.57	 
BFE_339	 1	 15	 1215.jpg	 1.338360e+03	 12	 999000	 120	 999000	 999	 1.339378e+03	 650.00	 783.33	 16.00	 36	 0.56	 
