subjectID	 order	 runNum	 itemName	 onsetTime	 shuff_trialType	 RT	 respInTime	 AudioTime	 response	 fixationTime	 ladder1	 ladder2	 bidIndex	 itemNameIndex	 bidValue	 
BFE_302	 2	 16	 2121.jpg	 2.037486e+03	 24	 999000	 240	 999000	 999	 2.038504e+03	 383.33	 450.00	 61.00	 21	 0.52	 
BFE_302	 2	 16	 2219.jpg	 2.040473e+03	 24	 999000	 240	 999000	 999	 2.041491e+03	 383.33	 450.00	 43.00	 40	 0.82	 
BFE_302	 2	 16	 1211.jpg	 2.042475e+03	 12	 999000	 120	 999000	 999	 2.043493e+03	 383.33	 450.00	 13.00	 32	 0.64	 
BFE_302	 2	 16	 2217.jpg	 2.044477e+03	 24	 999000	 240	 999000	 999	 2.045495e+03	 383.33	 450.00	 55.00	 38	 0.64	 
BFE_302	 2	 16	 2204.jpg	 2.046480e+03	 22	 8.264616e+02	 220	 4.500444e+02	 98	 2.047497e+03	 383.33	 466.67	 49.00	 25	 0.69	 
BFE_302	 2	 16	 1203.jpg	 2.049466e+03	 12	 999000	 120	 999000	 999	 2.050484e+03	 383.33	 466.67	 38.00	 24	 0.16	 
BFE_302	 2	 16	 1208.jpg	 2.051469e+03	 11	 7.574999e+02	 110	 3.833755e+02	 98	 2.052486e+03	 400.00	 466.67	 14.00	 29	 0.62	 
BFE_302	 2	 16	 1219.jpg	 2.055473e+03	 12	 999000	 120	 999000	 999	 2.056491e+03	 400.00	 466.67	 4.00	 40	 0.84	 
BFE_302	 2	 16	 1121.jpg	 2.057475e+03	 12	 999000	 120	 999000	 999	 2.058493e+03	 400.00	 466.67	 22.00	 21	 0.47	 
BFE_302	 2	 16	 2106.jpg	 2.062481e+03	 22	 8.651700e+02	 220	 4.666923e+02	 98	 2.063499e+03	 400.00	 483.33	 57.00	 6	 0.62	 
BFE_302	 2	 16	 2208.jpg	 2.064483e+03	 24	 999000	 240	 999000	 999	 2.065501e+03	 400.00	 483.33	 52.00	 29	 0.66	 
BFE_302	 2	 16	 2214.jpg	 2.068471e+03	 22	 7.951408e+02	 220	 4.833732e+02	 98	 2.069489e+03	 400.00	 500.00	 56.00	 35	 0.64	 
BFE_302	 2	 16	 1101.jpg	 2.070473e+03	 11	 6.809111e+02	 110	 4.000366e+02	 98	 2.071491e+03	 416.67	 500.00	 8.00	 1	 0.72	 
BFE_302	 2	 16	 1204.jpg	 2.073477e+03	 12	 999000	 120	 999000	 999	 2.074494e+03	 416.67	 500.00	 7.00	 25	 0.72	 
BFE_302	 2	 16	 2202.jpg	 2.078482e+03	 24	 999000	 240	 999000	 999	 2.079500e+03	 416.67	 500.00	 60.00	 23	 0.57	 
BFE_302	 2	 16	 2211.jpg	 2.080467e+03	 22	 8.146834e+02	 220	 5.000273e+02	 98	 2.081485e+03	 416.67	 516.67	 54.00	 32	 0.64	 
BFE_302	 2	 16	 2218.jpg	 2.082470e+03	 24	 999000	 240	 999000	 999	 2.083488e+03	 416.67	 516.67	 59.00	 39	 0.60	 
BFE_302	 2	 16	 1216.jpg	 2.086474e+03	 12	 999000	 120	 999000	 999	 2.087492e+03	 416.67	 516.67	 12.00	 37	 0.64	 
BFE_302	 2	 16	 2101.jpg	 2.090479e+03	 22	 8.431969e+02	 220	 5.167001e+02	 98	 2.091497e+03	 416.67	 533.33	 51.00	 1	 0.66	 
BFE_302	 2	 16	 2117.jpg	 2.094483e+03	 24	 999000	 240	 999000	 999	 2.095501e+03	 416.67	 533.33	 78.00	 17	 0.16	 
BFE_302	 2	 16	 1218.jpg	 2.096469e+03	 11	 7.491187e+02	 110	 4.166966e+02	 98	 2.097487e+03	 433.33	 533.33	 16.00	 39	 0.56	 
BFE_302	 2	 16	 1106.jpg	 2.098471e+03	 12	 999000	 120	 999000	 999	 2.099489e+03	 433.33	 533.33	 20.00	 6	 0.50	 
BFE_302	 2	 16	 2201.jpg	 2.100473e+03	 22	 8.566571e+02	 220	 5.333665e+02	 98	 2.101491e+03	 433.33	 550.00	 48.00	 22	 0.69	 
BFE_302	 2	 16	 1117.jpg	 2.102476e+03	 12	 999000	 120	 999000	 999	 2.103493e+03	 433.33	 550.00	 37.00	 17	 0.20	 
BFE_302	 2	 16	 1109.jpg	 2.108482e+03	 12	 999000	 120	 999000	 999	 2.109500e+03	 433.33	 550.00	 15.00	 9	 0.62	 
BFE_302	 2	 16	 1214.jpg	 2.111469e+03	 12	 999000	 120	 999000	 999	 2.112487e+03	 433.33	 550.00	 3.00	 35	 0.84	 
BFE_302	 2	 16	 1120.jpg	 2.113471e+03	 12	 999000	 120	 999000	 999	 2.114489e+03	 433.33	 550.00	 21.00	 20	 0.50	 
BFE_302	 2	 16	 1205.jpg	 2.115474e+03	 11	 6.965657e+02	 110	 4.333662e+02	 98	 2.116491e+03	 450.00	 550.00	 9.00	 26	 0.72	 
BFE_302	 2	 16	 2112.jpg	 2.118477e+03	 24	 999000	 240	 999000	 999	 2.119495e+03	 450.00	 550.00	 77.00	 12	 0.16	 
BFE_302	 2	 16	 1217.jpg	 2.120479e+03	 12	 999000	 120	 999000	 999	 2.121497e+03	 450.00	 550.00	 18.00	 38	 0.52	 
BFE_302	 2	 16	 2115.jpg	 2.122481e+03	 24	 999000	 240	 999000	 999	 2.123499e+03	 450.00	 550.00	 53.00	 15	 0.65	 
BFE_302	 2	 16	 1202.jpg	 2.124467e+03	 11	 7.273076e+02	 110	 4.500345e+02	 98	 2.125485e+03	 466.67	 550.00	 17.00	 23	 0.54	 
BFE_302	 2	 16	 2207.jpg	 2.127470e+03	 24	 999000	 240	 999000	 999	 2.128488e+03	 466.67	 550.00	 62.00	 28	 0.51	 
BFE_302	 2	 16	 2215.jpg	 2.129473e+03	 24	 999000	 240	 999000	 999	 2.130490e+03	 466.67	 550.00	 58.00	 36	 0.60	 
BFE_302	 2	 16	 1206.jpg	 2.131475e+03	 11	 7.351772e+02	 110	 4.667047e+02	 98	 2.132493e+03	 483.33	 550.00	 11.00	 27	 0.67	 
BFE_302	 2	 16	 2206.jpg	 2.133477e+03	 24	 999000	 240	 999000	 999	 2.134495e+03	 483.33	 550.00	 47.00	 27	 0.70	 
BFE_302	 2	 16	 2109.jpg	 2.135479e+03	 24	 999000	 240	 999000	 999	 2.136497e+03	 483.33	 550.00	 50.00	 9	 0.67	 
BFE_302	 2	 16	 2205.jpg	 2.141469e+03	 24	 999000	 240	 999000	 999	 2.142487e+03	 483.33	 550.00	 44.00	 26	 0.77	 
BFE_302	 2	 16	 1115.jpg	 2.144473e+03	 12	 999000	 120	 999000	 999	 2.145491e+03	 483.33	 550.00	 10.00	 15	 0.69	 
BFE_302	 2	 16	 1102.jpg	 2.148477e+03	 12	 999000	 120	 999000	 999	 2.149495e+03	 483.33	 550.00	 19.00	 2	 0.52	 
