subjectID	 order	 runNum	 itemName	 onsetTime	 shuff_trialType	 RT	 respInTime	 AudioTime	 response	 fixationTime	 ladder1	 ladder2	 bidIndex	 itemNameIndex	 bidValue	 
BFE_308	 2	 6	 1219.jpg	 6.620112e+02	 12	 999000	 120	 999000	 999	 6.630291e+02	 716.67	 783.33	 19.00	 40	 0.53	 
BFE_308	 2	 6	 2213.jpg	 6.649979e+02	 24	 999000	 240	 999000	 999	 6.660157e+02	 716.67	 783.33	 47.00	 34	 0.76	 
BFE_308	 2	 6	 2102.jpg	 6.670003e+02	 22	 1.017704e+03	 2200	 7.833844e+02	 98	 6.680179e+02	 716.67	 733.33	 54.00	 2	 0.60	 
BFE_308	 2	 6	 2109.jpg	 6.690024e+02	 22	 7.516259e+02	 220	 7.333651e+02	 98	 6.700202e+02	 716.67	 750.00	 56.00	 9	 0.58	 
BFE_308	 2	 6	 1109.jpg	 6.710047e+02	 12	 2.853480e+02	 12	 999000	 98	 6.720224e+02	 716.67	 750.00	 18.00	 9	 0.54	 
BFE_308	 2	 6	 1208.jpg	 6.740080e+02	 12	 999000	 120	 999000	 999	 6.750259e+02	 716.67	 750.00	 7.00	 29	 0.76	 
BFE_308	 2	 6	 1202.jpg	 6.759934e+02	 12	 999000	 120	 999000	 999	 6.770114e+02	 716.67	 750.00	 21.00	 23	 0.47	 
BFE_308	 2	 6	 2210.jpg	 6.799981e+02	 24	 999000	 240	 999000	 999	 6.810159e+02	 716.67	 750.00	 77.00	 31	 0.17	 
BFE_308	 2	 6	 1211.jpg	 6.820004e+02	 12	 999000	 120	 999000	 999	 6.830181e+02	 716.67	 750.00	 13.00	 32	 0.67	 
BFE_308	 2	 6	 2208.jpg	 6.870060e+02	 24	 999000	 240	 999000	 999	 6.880237e+02	 716.67	 750.00	 58.00	 29	 0.56	 
BFE_308	 2	 6	 2105.jpg	 6.890082e+02	 24	 999000	 240	 999000	 999	 6.900260e+02	 716.67	 750.00	 50.00	 5	 0.68	 
BFE_308	 2	 6	 2218.jpg	 6.929960e+02	 22	 9.420362e+02	 220	 7.500346e+02	 98	 6.940139e+02	 716.67	 766.67	 57.00	 39	 0.58	 
BFE_308	 2	 6	 1209.jpg	 6.949983e+02	 12	 1.203793e+03	 12	 999000	 98	 6.960160e+02	 716.67	 766.67	 22.00	 30	 0.46	 
BFE_308	 2	 6	 1215.jpg	 6.980017e+02	 12	 999000	 120	 999000	 999	 6.990195e+02	 716.67	 766.67	 15.00	 36	 0.59	 
BFE_308	 2	 6	 1210.jpg	 7.030073e+02	 12	 999000	 120	 999000	 999	 7.040250e+02	 716.67	 766.67	 38.00	 31	 0.15	 
BFE_308	 2	 6	 1203.jpg	 7.050095e+02	 11	 9.124973e+02	 110	 7.167151e+02	 98	 7.060273e+02	 733.33	 766.67	 16.00	 24	 0.58	 
BFE_308	 2	 6	 1103.jpg	 7.069950e+02	 11	 9.270168e+02	 110	 7.333910e+02	 98	 7.080129e+02	 750.00	 766.67	 8.00	 3	 0.74	 
BFE_308	 2	 6	 2206.jpg	 7.109996e+02	 24	 999000	 240	 999000	 999	 7.120173e+02	 750.00	 766.67	 60.00	 27	 0.52	 
BFE_308	 2	 6	 1110.jpg	 7.150042e+02	 11	 7.498387e+02	 11	 7.500370e+02	 98	 7.160218e+02	 766.67	 766.67	 14.00	 10	 0.60	 
BFE_308	 2	 6	 2121.jpg	 7.190086e+02	 22	 6.654787e+02	 22	 7.667078e+02	 98	 7.200263e+02	 766.67	 783.33	 48.00	 21	 0.72	 
BFE_308	 2	 6	 2111.jpg	 7.209943e+02	 24	 999000	 240	 999000	 999	 7.220119e+02	 766.67	 783.33	 78.00	 11	 0.14	 
BFE_308	 2	 6	 2110.jpg	 7.229965e+02	 24	 999000	 240	 999000	 999	 7.240142e+02	 766.67	 783.33	 52.00	 10	 0.66	 
BFE_308	 2	 6	 1114.jpg	 7.249986e+02	 11	 5.474478e+02	 11	 7.667097e+02	 98	 7.260163e+02	 783.33	 783.33	 9.00	 14	 0.71	 
BFE_308	 2	 6	 1216.jpg	 7.270009e+02	 12	 999000	 120	 999000	 999	 7.280187e+02	 783.33	 783.33	 10.00	 37	 0.71	 
BFE_308	 2	 6	 2215.jpg	 7.330077e+02	 24	 999000	 240	 999000	 999	 7.340253e+02	 783.33	 783.33	 44.00	 36	 0.79	 
BFE_308	 2	 6	 2116.jpg	 7.359943e+02	 24	 999000	 240	 999000	 999	 7.370120e+02	 783.33	 783.33	 62.00	 16	 0.51	 
BFE_308	 2	 6	 2115.jpg	 7.379966e+02	 24	 999000	 240	 999000	 999	 7.390144e+02	 783.33	 783.33	 55.00	 15	 0.58	 
BFE_308	 2	 6	 1214.jpg	 7.399988e+02	 11	 1.019284e+03	 1100	 7.833680e+02	 98	 7.410166e+02	 733.33	 783.33	 11.00	 35	 0.71	 
BFE_308	 2	 6	 1105.jpg	 7.430022e+02	 11	 7.838822e+02	 110	 7.333660e+02	 98	 7.440199e+02	 750.00	 783.33	 17.00	 5	 0.57	 
BFE_308	 2	 6	 2209.jpg	 7.450045e+02	 22	 9.176012e+02	 220	 7.833751e+02	 98	 7.460222e+02	 750.00	 800.00	 49.00	 30	 0.71	 
BFE_308	 2	 6	 2219.jpg	 7.470066e+02	 24	 999000	 240	 999000	 999	 7.480244e+02	 750.00	 800.00	 43.00	 40	 0.83	 
BFE_308	 2	 6	 2103.jpg	 7.490089e+02	 22	 6.971427e+02	 22	 8.000345e+02	 98	 7.500267e+02	 750.00	 816.67	 51.00	 3	 0.67	 
BFE_308	 2	 6	 1207.jpg	 7.519956e+02	 12	 999000	 120	 999000	 999	 7.530134e+02	 750.00	 816.67	 12.00	 28	 0.67	 
BFE_308	 2	 6	 1117.jpg	 7.539979e+02	 12	 999000	 120	 999000	 999	 7.550156e+02	 750.00	 816.67	 37.00	 17	 0.17	 
BFE_308	 2	 6	 1218.jpg	 7.560001e+02	 12	 7.459656e+02	 12	 999000	 98	 7.570179e+02	 750.00	 816.67	 3.00	 39	 0.85	 
BFE_308	 2	 6	 2203.jpg	 7.580023e+02	 24	 999000	 240	 999000	 999	 7.590201e+02	 750.00	 816.67	 59.00	 24	 0.53	 
BFE_308	 2	 6	 1201.jpg	 7.600046e+02	 12	 999000	 120	 999000	 999	 7.610224e+02	 750.00	 816.67	 4.00	 22	 0.80	 
BFE_308	 2	 6	 2216.jpg	 7.659948e+02	 24	 999000	 240	 999000	 999	 7.670124e+02	 750.00	 816.67	 53.00	 37	 0.64	 
BFE_308	 2	 6	 1113.jpg	 7.689980e+02	 12	 999000	 120	 999000	 999	 7.700158e+02	 750.00	 816.67	 20.00	 13	 0.53	 
BFE_308	 2	 6	 2204.jpg	 7.730026e+02	 24	 999000	 240	 999000	 999	 7.740203e+02	 750.00	 816.67	 61.00	 25	 0.51	 
