subjectID	 order	 runNum	 itemName	 onsetTime	 shuff_trialType	 RT	 respInTime	 AudioTime	 response	 fixationTime	 ladder1	 ladder2	 bidIndex	 itemNameIndex	 bidValue	 
BFE_338	 2	 18	 1103.jpg	 1.484994e+03	 12	 999000	 120	 999000	 999	 1.486012e+03	 650.00	 650.00	 10.00	 3	 0.70	 
BFE_338	 2	 18	 2219.jpg	 1.489983e+03	 24	 999000	 240	 999000	 999	 1.491001e+03	 650.00	 650.00	 47.00	 40	 0.73	 
BFE_338	 2	 18	 2113.jpg	 1.491986e+03	 22	 9.686662e+02	 220	 6.500514e+02	 98	 1.493003e+03	 650.00	 666.67	 57.00	 13	 0.57	 
BFE_338	 2	 18	 1108.jpg	 1.493988e+03	 12	 999000	 120	 999000	 999	 1.495006e+03	 650.00	 666.67	 38.00	 8	 0.16	 
BFE_338	 2	 18	 1121.jpg	 1.499978e+03	 11	 9.443716e+02	 110	 6.500480e+02	 98	 1.500996e+03	 666.67	 666.67	 17.00	 21	 0.52	 
BFE_338	 2	 18	 1210.jpg	 1.501980e+03	 11	 1.062102e+03	 1100	 6.667002e+02	 98	 1.502998e+03	 616.67	 666.67	 16.00	 31	 0.58	 
BFE_338	 2	 18	 2119.jpg	 1.504984e+03	 24	 999000	 240	 999000	 999	 1.506001e+03	 616.67	 666.67	 78.00	 19	 0.16	 
BFE_338	 2	 18	 2217.jpg	 1.506986e+03	 24	 999000	 240	 999000	 999	 1.508004e+03	 616.67	 666.67	 58.00	 38	 0.57	 
BFE_338	 2	 18	 2213.jpg	 1.510973e+03	 22	 1.028921e+03	 2200	 6.667151e+02	 98	 1.511991e+03	 616.67	 616.67	 51.00	 34	 0.70	 
BFE_338	 2	 18	 2121.jpg	 1.512976e+03	 22	 8.423508e+02	 220	 6.167240e+02	 98	 1.513994e+03	 616.67	 633.33	 49.00	 21	 0.72	 
BFE_338	 2	 18	 1215.jpg	 1.517981e+03	 12	 999000	 120	 999000	 999	 1.518999e+03	 616.67	 633.33	 18.00	 36	 0.51	 
BFE_338	 2	 18	 2103.jpg	 1.524989e+03	 24	 999000	 240	 999000	 999	 1.526007e+03	 616.67	 633.33	 50.00	 3	 0.71	 
BFE_338	 2	 18	 2218.jpg	 1.526975e+03	 24	 999000	 240	 999000	 999	 1.527993e+03	 616.67	 633.33	 44.00	 39	 0.79	 
BFE_338	 2	 18	 1207.jpg	 1.529978e+03	 12	 999000	 120	 999000	 999	 1.530996e+03	 616.67	 633.33	 7.00	 28	 0.73	 
BFE_338	 2	 18	 1205.jpg	 1.532982e+03	 12	 999000	 120	 999000	 999	 1.533999e+03	 616.67	 633.33	 3.00	 26	 0.80	 
BFE_338	 2	 18	 1112.jpg	 1.536986e+03	 12	 999000	 120	 999000	 999	 1.538004e+03	 616.67	 633.33	 37.00	 12	 0.17	 
BFE_338	 2	 18	 2108.jpg	 1.540991e+03	 24	 999000	 240	 999000	 999	 1.542008e+03	 616.67	 633.33	 77.00	 8	 0.19	 
BFE_338	 2	 18	 1217.jpg	 1.544978e+03	 12	 999000	 120	 999000	 999	 1.545996e+03	 616.67	 633.33	 15.00	 38	 0.59	 
BFE_338	 2	 18	 2106.jpg	 1.547982e+03	 24	 999000	 240	 999000	 999	 1.548999e+03	 616.67	 633.33	 62.00	 6	 0.52	 
BFE_338	 2	 18	 1111.jpg	 1.553988e+03	 11	 9.098303e+02	 110	 6.167036e+02	 98	 1.555006e+03	 633.33	 633.33	 11.00	 11	 0.70	 
BFE_338	 2	 18	 2202.jpg	 1.555974e+03	 24	 999000	 240	 999000	 999	 1.556992e+03	 633.33	 633.33	 59.00	 23	 0.55	 
BFE_338	 2	 18	 1203.jpg	 1.558977e+03	 12	 999000	 120	 999000	 999	 1.559995e+03	 633.33	 633.33	 4.00	 24	 0.80	 
BFE_338	 2	 18	 2206.jpg	 1.560980e+03	 24	 999000	 240	 999000	 999	 1.561997e+03	 633.33	 633.33	 52.00	 27	 0.69	 
BFE_338	 2	 18	 1202.jpg	 1.562982e+03	 11	 9.723862e+02	 110	 6.333697e+02	 98	 1.564000e+03	 650.00	 633.33	 14.00	 23	 0.62	 
BFE_338	 2	 18	 1214.jpg	 1.564984e+03	 12	 999000	 120	 999000	 999	 1.566002e+03	 650.00	 633.33	 19.00	 35	 0.51	 
BFE_338	 2	 18	 2110.jpg	 1.567987e+03	 24	 999000	 240	 999000	 999	 1.569007e+03	 650.00	 633.33	 55.00	 10	 0.60	 
BFE_338	 2	 18	 1120.jpg	 1.571975e+03	 12	 999000	 120	 999000	 999	 1.572993e+03	 650.00	 633.33	 20.00	 20	 0.49	 
BFE_338	 2	 18	 1106.jpg	 1.573978e+03	 12	 999000	 120	 999000	 999	 1.574995e+03	 650.00	 633.33	 21.00	 6	 0.48	 
BFE_338	 2	 18	 2214.jpg	 1.575980e+03	 24	 999000	 240	 999000	 999	 1.576998e+03	 650.00	 633.33	 61.00	 35	 0.52	 
BFE_338	 2	 18	 2209.jpg	 1.577982e+03	 24	 999000	 240	 999000	 999	 1.579000e+03	 650.00	 633.33	 53.00	 30	 0.65	 
BFE_338	 2	 18	 2201.jpg	 1.579984e+03	 24	 999000	 240	 999000	 999	 1.581002e+03	 650.00	 633.33	 43.00	 22	 0.81	 
BFE_338	 2	 18	 2204.jpg	 1.581986e+03	 22	 9.117772e+02	 220	 6.333995e+02	 98	 1.583004e+03	 650.00	 650.00	 48.00	 25	 0.72	 
BFE_338	 2	 18	 1218.jpg	 1.585974e+03	 11	 9.562478e+02	 110	 6.500498e+02	 98	 1.586992e+03	 666.67	 650.00	 9.00	 39	 0.70	 
BFE_338	 2	 18	 1209.jpg	 1.589979e+03	 12	 999000	 120	 999000	 999	 1.590997e+03	 666.67	 650.00	 22.00	 30	 0.46	 
BFE_338	 2	 18	 1213.jpg	 1.591981e+03	 12	 999000	 120	 999000	 999	 1.592999e+03	 666.67	 650.00	 13.00	 34	 0.64	 
BFE_338	 2	 18	 2208.jpg	 1.593983e+03	 22	 9.709608e+02	 220	 6.500630e+02	 98	 1.595001e+03	 666.67	 666.67	 54.00	 29	 0.62	 
BFE_338	 2	 18	 2114.jpg	 1.595985e+03	 22	 9.607724e+02	 220	 6.667067e+02	 98	 1.597003e+03	 666.67	 683.33	 56.00	 14	 0.60	 
BFE_338	 2	 18	 1204.jpg	 1.597988e+03	 12	 999000	 120	 999000	 999	 1.599006e+03	 666.67	 683.33	 12.00	 25	 0.70	 
BFE_338	 2	 18	 1201.jpg	 1.603978e+03	 11	 9.603685e+02	 110	 6.667072e+02	 98	 1.604996e+03	 683.33	 683.33	 8.00	 22	 0.72	 
BFE_338	 2	 18	 2102.jpg	 1.605980e+03	 24	 999000	 240	 999000	 999	 1.606998e+03	 683.33	 683.33	 60.00	 2	 0.53	 
