subjectID	 order	 runNum	 itemName	 onsetTime	 shuff_trialType	 RT	 respInTime	 AudioTime	 response	 fixationTime	 ladder1	 ladder2	 bidIndex	 itemNameIndex	 bidValue	 
BFE_334	 2	 19	 2110.jpg	 1.533689e+03	 24	 999000	 240	 999000	 999	 1.534707e+03	 550.00	 550.00	 50.00	 10	 0.67	 
BFE_334	 2	 19	 2211.jpg	 1.538678e+03	 22	 6.523271e+02	 220	 5.500494e+02	 98	 1.539696e+03	 550.00	 566.67	 48.00	 32	 0.73	 
BFE_334	 2	 19	 1111.jpg	 1.540680e+03	 12	 999000	 120	 999000	 999	 1.541698e+03	 550.00	 566.67	 18.00	 11	 0.48	 
BFE_334	 2	 19	 1119.jpg	 1.542683e+03	 12	 999000	 120	 999000	 999	 1.543701e+03	 550.00	 566.67	 19.00	 19	 0.47	 
BFE_334	 2	 19	 1107.jpg	 1.548673e+03	 12	 999000	 120	 999000	 999	 1.549690e+03	 550.00	 566.67	 20.00	 7	 0.47	 
BFE_334	 2	 19	 1113.jpg	 1.550675e+03	 11	 8.796193e+02	 110	 5.500576e+02	 98	 1.551693e+03	 566.67	 566.67	 9.00	 13	 0.66	 
BFE_334	 2	 19	 2216.jpg	 1.553678e+03	 24	 999000	 240	 999000	 999	 1.554696e+03	 566.67	 566.67	 43.00	 37	 0.84	 
BFE_334	 2	 19	 1215.jpg	 1.555681e+03	 12	 999000	 120	 999000	 999	 1.556698e+03	 566.67	 566.67	 7.00	 36	 0.69	 
BFE_334	 2	 19	 1110.jpg	 1.559685e+03	 12	 999000	 120	 999000	 999	 1.560703e+03	 566.67	 566.67	 13.00	 10	 0.60	 
BFE_334	 2	 19	 2219.jpg	 1.561670e+03	 24	 999000	 240	 999000	 999	 1.562688e+03	 566.67	 566.67	 44.00	 40	 0.80	 
BFE_334	 2	 19	 2112.jpg	 1.566676e+03	 24	 999000	 240	 999000	 999	 1.567694e+03	 566.67	 566.67	 61.00	 12	 0.45	 
BFE_334	 2	 19	 2209.jpg	 1.573684e+03	 22	 7.903511e+02	 220	 5.667040e+02	 98	 1.574702e+03	 566.67	 583.33	 51.00	 30	 0.67	 
BFE_334	 2	 19	 2214.jpg	 1.575686e+03	 22	 7.962802e+02	 220	 5.833890e+02	 98	 1.576704e+03	 566.67	 600.00	 56.00	 35	 0.51	 
BFE_334	 2	 19	 2204.jpg	 1.578673e+03	 22	 8.174950e+02	 220	 6.000479e+02	 98	 1.579691e+03	 566.67	 616.67	 49.00	 25	 0.71	 
BFE_334	 2	 19	 2205.jpg	 1.581676e+03	 24	 999000	 240	 999000	 999	 1.582694e+03	 566.67	 616.67	 47.00	 26	 0.77	 
BFE_334	 2	 19	 1205.jpg	 1.585681e+03	 12	 999000	 120	 999000	 999	 1.586699e+03	 566.67	 616.67	 21.00	 26	 0.47	 
BFE_334	 2	 19	 1213.jpg	 1.589685e+03	 12	 999000	 120	 999000	 999	 1.590703e+03	 566.67	 616.67	 12.00	 34	 0.61	 
BFE_334	 2	 19	 2113.jpg	 1.593673e+03	 24	 999000	 240	 999000	 999	 1.594691e+03	 566.67	 616.67	 52.00	 13	 0.62	 
BFE_334	 2	 19	 2116.jpg	 1.596676e+03	 22	 9.740592e+02	 220	 6.167006e+02	 98	 1.597694e+03	 566.67	 633.33	 57.00	 16	 0.50	 
BFE_334	 2	 19	 1218.jpg	 1.602683e+03	 12	 999000	 120	 999000	 999	 1.603701e+03	 566.67	 633.33	 10.00	 39	 0.63	 
BFE_334	 2	 19	 2206.jpg	 1.604686e+03	 24	 999000	 240	 999000	 999	 1.605703e+03	 566.67	 633.33	 62.00	 27	 0.44	 
BFE_334	 2	 19	 1208.jpg	 1.607672e+03	 12	 999000	 120	 999000	 999	 1.608690e+03	 566.67	 633.33	 3.00	 29	 0.81	 
BFE_334	 2	 19	 2106.jpg	 1.609674e+03	 24	 999000	 240	 999000	 999	 1.610692e+03	 566.67	 633.33	 53.00	 6	 0.55	 
BFE_334	 2	 19	 1216.jpg	 1.611677e+03	 11	 8.138825e+02	 110	 5.667117e+02	 98	 1.612694e+03	 583.33	 633.33	 8.00	 37	 0.67	 
BFE_334	 2	 19	 2210.jpg	 1.613679e+03	 24	 999000	 240	 999000	 999	 1.614697e+03	 583.33	 633.33	 59.00	 31	 0.47	 
BFE_334	 2	 19	 1102.jpg	 1.616682e+03	 12	 999000	 120	 999000	 999	 1.617700e+03	 583.33	 633.33	 38.00	 2	 0.22	 
BFE_334	 2	 19	 2202.jpg	 1.620687e+03	 24	 999000	 240	 999000	 999	 1.621705e+03	 583.33	 633.33	 78.00	 23	 0.27	 
BFE_334	 2	 19	 1117.jpg	 1.622672e+03	 11	 9.862016e+02	 110	 5.833698e+02	 98	 1.623690e+03	 600.00	 633.33	 11.00	 17	 0.62	 
BFE_334	 2	 19	 1214.jpg	 1.624675e+03	 11	 9.839315e+02	 110	 6.000574e+02	 98	 1.625692e+03	 616.67	 633.33	 17.00	 35	 0.48	 
BFE_334	 2	 19	 1219.jpg	 1.626677e+03	 12	 999000	 120	 999000	 999	 1.627695e+03	 616.67	 633.33	 15.00	 40	 0.56	 
BFE_334	 2	 19	 2105.jpg	 1.628679e+03	 24	 999000	 240	 999000	 999	 1.629699e+03	 616.67	 633.33	 58.00	 5	 0.48	 
BFE_334	 2	 19	 2109.jpg	 1.630681e+03	 24	 999000	 240	 999000	 999	 1.631699e+03	 616.67	 633.33	 60.00	 9	 0.47	 
BFE_334	 2	 19	 1109.jpg	 1.634686e+03	 11	 9.166157e+02	 110	 6.166987e+02	 98	 1.635704e+03	 633.33	 633.33	 16.00	 9	 0.51	 
BFE_334	 2	 19	 1211.jpg	 1.638674e+03	 12	 999000	 120	 999000	 999	 1.639691e+03	 633.33	 633.33	 4.00	 32	 0.80	 
BFE_334	 2	 19	 1206.jpg	 1.640676e+03	 12	 999000	 120	 999000	 999	 1.641694e+03	 633.33	 633.33	 22.00	 27	 0.46	 
BFE_334	 2	 19	 1121.jpg	 1.642678e+03	 11	 1.004537e+03	 1100	 6.333705e+02	 98	 1.643698e+03	 583.33	 633.33	 14.00	 21	 0.58	 
BFE_334	 2	 19	 2107.jpg	 1.644680e+03	 24	 999000	 240	 999000	 999	 1.645698e+03	 583.33	 633.33	 55.00	 7	 0.51	 
BFE_334	 2	 19	 2218.jpg	 1.646683e+03	 22	 1.016014e+03	 2200	 6.333751e+02	 98	 1.647700e+03	 583.33	 583.33	 54.00	 39	 0.52	 
BFE_334	 2	 19	 1209.jpg	 1.652673e+03	 12	 999000	 120	 999000	 999	 1.653690e+03	 583.33	 583.33	 37.00	 30	 0.28	 
BFE_334	 2	 19	 2217.jpg	 1.654675e+03	 24	 999000	 240	 999000	 999	 1.655693e+03	 583.33	 583.33	 77.00	 38	 0.30	 
