subjectID	 order	 runNum	 itemName	 onsetTime	 shuff_trialType	 RT	 respInTime	 AudioTime	 response	 fixationTime	 ladder1	 ladder2	 bidIndex	 itemNameIndex	 bidValue	 
BFE_339	 1	 7	 2111.jpg	 1.327579e+00	 24	 999000	 240	 999000	 999	 2.344991e+00	 750.00	 750.00	 60.00	 11	 0.50	 
BFE_339	 1	 7	 1205.jpg	 4.313913e+00	 11	 9.921975e+02	 110	 7.506797e+02	 98	 5.331729e+00	 766.67	 750.00	 12.00	 26	 0.64	 
BFE_339	 1	 7	 1203.jpg	 6.316235e+00	 12	 999000	 120	 999000	 999	 7.333928e+00	 766.67	 750.00	 38.00	 24	 0.21	 
BFE_339	 1	 7	 2102.jpg	 8.318419e+00	 24	 999000	 240	 999000	 999	 9.336167e+00	 766.67	 750.00	 77.00	 2	 0.20	 
BFE_339	 1	 7	 1210.jpg	 1.032070e+01	 12	 999000	 120	 999000	 999	 1.133851e+01	 766.67	 750.00	 21.00	 31	 0.49	 
BFE_339	 1	 7	 2115.jpg	 1.330736e+01	 24	 999000	 240	 999000	 999	 1.432518e+01	 766.67	 750.00	 49.00	 15	 0.69	 
BFE_339	 1	 7	 2116.jpg	 1.530961e+01	 24	 999000	 240	 999000	 999	 1.632737e+01	 766.67	 750.00	 51.00	 16	 0.65	 
BFE_339	 1	 7	 1201.jpg	 1.931413e+01	 11	 9.760156e+02	 110	 7.667227e+02	 98	 2.033188e+01	 783.33	 750.00	 10.00	 22	 0.67	 
BFE_339	 1	 7	 2209.jpg	 2.131632e+01	 24	 999000	 240	 999000	 999	 2.233428e+01	 783.33	 750.00	 48.00	 30	 0.71	 
BFE_339	 1	 7	 1102.jpg	 2.630506e+01	 11	 1.057087e+03	 1100	 7.833707e+02	 98	 2.732309e+01	 733.33	 750.00	 13.00	 2	 0.63	 
BFE_339	 1	 7	 2201.jpg	 2.830756e+01	 24	 999000	 240	 999000	 999	 2.932529e+01	 733.33	 750.00	 56.00	 22	 0.59	 
BFE_339	 1	 7	 2213.jpg	 3.231203e+01	 24	 999000	 240	 999000	 999	 3.332977e+01	 733.33	 750.00	 44.00	 34	 0.82	 
BFE_339	 1	 7	 1215.jpg	 3.431432e+01	 12	 999000	 120	 999000	 999	 3.533200e+01	 733.33	 750.00	 16.00	 36	 0.56	 
BFE_339	 1	 7	 2216.jpg	 3.731756e+01	 24	 999000	 240	 999000	 999	 3.833545e+01	 733.33	 750.00	 43.00	 37	 0.92	 
BFE_339	 1	 7	 1114.jpg	 4.230656e+01	 12	 999000	 120	 999000	 999	 4.332432e+01	 733.33	 750.00	 11.00	 14	 0.67	 
BFE_339	 1	 7	 1202.jpg	 4.430883e+01	 12	 999000	 120	 999000	 999	 4.532655e+01	 733.33	 750.00	 20.00	 23	 0.49	 
BFE_339	 1	 7	 2211.jpg	 4.631114e+01	 22	 9.949711e+02	 220	 7.506350e+02	 98	 4.732872e+01	 733.33	 766.67	 50.00	 32	 0.68	 
BFE_339	 1	 7	 1219.jpg	 5.031556e+01	 12	 999000	 120	 999000	 999	 5.133335e+01	 733.33	 766.67	 14.00	 40	 0.58	 
BFE_339	 1	 7	 2117.jpg	 5.432013e+01	 24	 999000	 240	 999000	 999	 5.533783e+01	 733.33	 766.67	 78.00	 17	 0.20	 
BFE_339	 1	 7	 1120.jpg	 5.830778e+01	 11	 1.062339e+03	 1100	 7.333659e+02	 98	 5.932557e+01	 683.33	 766.67	 18.00	 20	 0.54	 
BFE_339	 1	 7	 1207.jpg	 6.031005e+01	 12	 999000	 120	 999000	 999	 6.132781e+01	 683.33	 766.67	 22.00	 28	 0.49	 
BFE_339	 1	 7	 2109.jpg	 6.231239e+01	 22	 1.081723e+03	 2200	 7.667081e+02	 98	 6.333015e+01	 683.33	 716.67	 47.00	 9	 0.74	 
BFE_339	 1	 7	 2106.jpg	 6.431461e+01	 22	 9.274966e+02	 220	 7.167100e+02	 98	 6.533249e+01	 683.33	 733.33	 58.00	 6	 0.55	 
BFE_339	 1	 7	 1204.jpg	 6.631680e+01	 12	 999000	 120	 999000	 999	 6.733454e+01	 683.33	 733.33	 19.00	 25	 0.53	 
BFE_339	 1	 7	 1214.jpg	 7.230687e+01	 12	 999000	 120	 999000	 999	 7.332697e+01	 683.33	 733.33	 4.00	 35	 0.76	 
BFE_339	 1	 7	 2215.jpg	 7.531027e+01	 22	 9.718838e+02	 220	 7.333807e+02	 98	 7.632802e+01	 683.33	 750.00	 52.00	 36	 0.64	 
BFE_339	 1	 7	 2205.jpg	 7.731248e+01	 22	 9.856493e+02	 220	 7.500586e+02	 98	 7.833029e+01	 683.33	 766.67	 55.00	 26	 0.61	 
BFE_339	 1	 7	 2204.jpg	 7.931468e+01	 22	 9.754331e+02	 220	 7.667040e+02	 98	 8.033244e+01	 683.33	 783.33	 53.00	 25	 0.62	 
BFE_339	 1	 7	 1121.jpg	 8.231818e+01	 12	 999000	 120	 999000	 999	 8.333589e+01	 683.33	 783.33	 3.00	 21	 0.78	 
BFE_339	 1	 7	 2114.jpg	 8.432036e+01	 24	 999000	 240	 999000	 999	 8.533810e+01	 683.33	 783.33	 59.00	 14	 0.52	 
BFE_339	 1	 7	 1111.jpg	 8.630591e+01	 12	 999000	 120	 999000	 999	 8.732370e+01	 683.33	 783.33	 8.00	 11	 0.70	 
BFE_339	 1	 7	 2104.jpg	 8.830817e+01	 24	 999000	 240	 999000	 999	 8.932599e+01	 683.33	 783.33	 57.00	 4	 0.57	 
BFE_339	 1	 7	 2112.jpg	 9.131162e+01	 24	 999000	 240	 999000	 999	 9.232934e+01	 683.33	 783.33	 62.00	 12	 0.49	 
BFE_339	 1	 7	 1218.jpg	 9.331375e+01	 11	 9.364068e+02	 110	 6.833835e+02	 98	 9.433152e+01	 700.00	 783.33	 15.00	 39	 0.58	 
BFE_339	 1	 7	 1109.jpg	 9.531596e+01	 11	 9.341557e+02	 110	 7.000418e+02	 98	 9.633375e+01	 716.67	 783.33	 7.00	 9	 0.71	 
BFE_339	 1	 7	 1209.jpg	 9.731830e+01	 12	 999000	 120	 999000	 999	 9.833601e+01	 716.67	 783.33	 17.00	 30	 0.54	 
BFE_339	 1	 7	 1107.jpg	 9.932046e+01	 12	 999000	 120	 999000	 999	 1.003383e+02	 716.67	 783.33	 37.00	 7	 0.22	 
BFE_339	 1	 7	 2202.jpg	 1.053105e+02	 24	 999000	 240	 999000	 999	 1.063283e+02	 716.67	 783.33	 54.00	 23	 0.61	 
BFE_339	 1	 7	 2101.jpg	 1.083139e+02	 24	 999000	 240	 999000	 999	 1.093318e+02	 716.67	 783.33	 61.00	 1	 0.50	 
BFE_339	 1	 7	 1206.jpg	 1.123184e+02	 12	 999000	 120	 999000	 999	 1.133362e+02	 716.67	 783.33	 9.00	 27	 0.68	 
