subjectID	 order	 runNum	 itemName	 onsetTime	 shuff_trialType	 RT	 respInTime	 AudioTime	 response	 fixationTime	 ladder1	 ladder2	 bidIndex	 itemNameIndex	 bidValue	 
BFE_335	 1	 9	 1111.jpg	 2.525823e+02	 11	 9.479782e+02	 110	 7.500600e+02	 98	 2.536000e+02	 766.67	 750.00	 15.00	 11	 0.57	 
BFE_335	 1	 9	 2111.jpg	 2.555857e+02	 22	 1.032547e+03	 2200	 7.500606e+02	 98	 2.566034e+02	 766.67	 700.00	 50.00	 11	 0.74	 
BFE_335	 1	 9	 1103.jpg	 2.595735e+02	 12	 999000	 120	 999000	 999	 2.605912e+02	 766.67	 700.00	 4.00	 3	 0.82	 
BFE_335	 1	 9	 2215.jpg	 2.615756e+02	 24	 999000	 240	 999000	 999	 2.625934e+02	 766.67	 700.00	 56.00	 36	 0.51	 
BFE_335	 1	 9	 2204.jpg	 2.635779e+02	 24	 999000	 240	 999000	 999	 2.645957e+02	 766.67	 700.00	 59.00	 25	 0.45	 
BFE_335	 1	 9	 2110.jpg	 2.675825e+02	 24	 999000	 240	 999000	 999	 2.686001e+02	 766.67	 700.00	 43.00	 10	 0.82	 
BFE_335	 1	 9	 1206.jpg	 2.695847e+02	 12	 999000	 120	 999000	 999	 2.706024e+02	 766.67	 700.00	 14.00	 27	 0.62	 
BFE_335	 1	 9	 1104.jpg	 2.745736e+02	 12	 999000	 120	 999000	 999	 2.755914e+02	 766.67	 700.00	 37.00	 4	 0.18	 
BFE_335	 1	 9	 2102.jpg	 2.765759e+02	 24	 999000	 240	 999000	 999	 2.775936e+02	 766.67	 700.00	 54.00	 2	 0.59	 
BFE_335	 1	 9	 2216.jpg	 2.795792e+02	 24	 999000	 240	 999000	 999	 2.805969e+02	 766.67	 700.00	 44.00	 37	 0.81	 
BFE_335	 1	 9	 1201.jpg	 2.825826e+02	 12	 999000	 120	 999000	 999	 2.836003e+02	 766.67	 700.00	 20.00	 22	 0.48	 
BFE_335	 1	 9	 1119.jpg	 2.865701e+02	 12	 999000	 120	 999000	 999	 2.875881e+02	 766.67	 700.00	 17.00	 19	 0.53	 
BFE_335	 1	 9	 1114.jpg	 2.895737e+02	 12	 999000	 120	 999000	 999	 2.905915e+02	 766.67	 700.00	 3.00	 14	 0.83	 
BFE_335	 1	 9	 1211.jpg	 2.915760e+02	 11	 1.002231e+03	 1100	 7.667023e+02	 98	 2.925937e+02	 716.67	 700.00	 13.00	 32	 0.66	 
BFE_335	 1	 9	 1204.jpg	 2.945793e+02	 11	 9.268877e+02	 110	 7.167050e+02	 98	 2.955972e+02	 733.33	 700.00	 18.00	 25	 0.50	 
BFE_335	 1	 9	 1203.jpg	 2.985838e+02	 12	 999000	 120	 999000	 999	 2.996016e+02	 733.33	 700.00	 22.00	 24	 0.44	 
BFE_335	 1	 9	 2209.jpg	 3.015702e+02	 22	 9.040691e+02	 220	 7.000438e+02	 98	 3.025882e+02	 733.33	 716.67	 52.00	 30	 0.66	 
BFE_335	 1	 9	 1102.jpg	 3.035727e+02	 11	 9.015276e+02	 110	 7.333681e+02	 98	 3.045905e+02	 750.00	 716.67	 10.00	 2	 0.69	 
BFE_335	 1	 9	 2210.jpg	 3.055750e+02	 22	 9.312176e+02	 220	 7.167088e+02	 98	 3.065927e+02	 750.00	 733.33	 58.00	 31	 0.46	 
BFE_335	 1	 9	 2101.jpg	 3.105805e+02	 24	 999000	 240	 999000	 999	 3.115984e+02	 750.00	 733.33	 78.00	 1	 0.21	 
BFE_335	 1	 9	 2206.jpg	 3.145850e+02	 24	 999000	 240	 999000	 999	 3.156028e+02	 750.00	 733.33	 51.00	 27	 0.67	 
BFE_335	 1	 9	 2205.jpg	 3.185729e+02	 24	 999000	 240	 999000	 999	 3.195907e+02	 750.00	 733.33	 60.00	 26	 0.45	 
BFE_335	 1	 9	 1209.jpg	 3.245796e+02	 12	 999000	 120	 999000	 999	 3.255975e+02	 750.00	 733.33	 11.00	 30	 0.68	 
BFE_335	 1	 9	 1107.jpg	 3.265820e+02	 11	 9.242901e+02	 110	 7.500464e+02	 98	 3.275996e+02	 766.67	 733.33	 12.00	 7	 0.67	 
BFE_335	 1	 9	 1106.jpg	 3.285841e+02	 12	 999000	 120	 999000	 999	 3.296019e+02	 766.67	 733.33	 9.00	 6	 0.71	 
BFE_335	 1	 9	 1216.jpg	 3.305864e+02	 12	 999000	 120	 999000	 999	 3.316041e+02	 766.67	 733.33	 19.00	 37	 0.49	 
BFE_335	 1	 9	 1115.jpg	 3.325720e+02	 12	 999000	 120	 999000	 999	 3.335898e+02	 766.67	 733.33	 8.00	 15	 0.76	 
BFE_335	 1	 9	 2107.jpg	 3.365764e+02	 22	 9.618577e+02	 220	 7.333791e+02	 98	 3.375942e+02	 766.67	 750.00	 55.00	 7	 0.55	 
BFE_335	 1	 9	 2114.jpg	 3.385786e+02	 24	 999000	 240	 999000	 999	 3.395964e+02	 766.67	 750.00	 48.00	 14	 0.78	 
BFE_335	 1	 9	 2201.jpg	 3.425831e+02	 24	 999000	 240	 999000	 999	 3.436010e+02	 766.67	 750.00	 61.00	 22	 0.44	 
BFE_335	 1	 9	 1215.jpg	 3.445853e+02	 12	 999000	 120	 999000	 999	 3.456031e+02	 766.67	 750.00	 21.00	 36	 0.47	 
BFE_335	 1	 9	 1219.jpg	 3.465706e+02	 11	 1.047648e+03	 1100	 7.667174e+02	 98	 3.475887e+02	 716.67	 750.00	 7.00	 40	 0.77	 
BFE_335	 1	 9	 1217.jpg	 3.485732e+02	 12	 999000	 120	 999000	 999	 3.495909e+02	 716.67	 750.00	 16.00	 38	 0.57	 
BFE_335	 1	 9	 2219.jpg	 3.535788e+02	 24	 999000	 240	 999000	 999	 3.545966e+02	 716.67	 750.00	 57.00	 40	 0.50	 
BFE_335	 1	 9	 2202.jpg	 3.555810e+02	 24	 999000	 240	 999000	 999	 3.565988e+02	 716.67	 750.00	 62.00	 23	 0.44	 
BFE_335	 1	 9	 2217.jpg	 3.575833e+02	 22	 9.549835e+02	 220	 7.500393e+02	 98	 3.586010e+02	 716.67	 766.67	 53.00	 38	 0.63	 
BFE_335	 1	 9	 2105.jpg	 3.605866e+02	 24	 999000	 240	 999000	 999	 3.616044e+02	 716.67	 766.67	 49.00	 5	 0.76	 
BFE_335	 1	 9	 2207.jpg	 3.675778e+02	 24	 999000	 240	 999000	 999	 3.685956e+02	 716.67	 766.67	 77.00	 28	 0.22	 
BFE_335	 1	 9	 1118.jpg	 3.715823e+02	 12	 999000	 120	 999000	 999	 3.726001e+02	 716.67	 766.67	 38.00	 18	 0.16	 
BFE_335	 1	 9	 2103.jpg	 3.785734e+02	 22	 9.728042e+02	 220	 7.667045e+02	 98	 3.795912e+02	 716.67	 783.33	 47.00	 3	 0.78	 
