subjectID	 order	 runNum	 itemName	 onsetTime	 shuff_trialType	 RT	 respInTime	 AudioTime	 response	 fixationTime	 ladder1	 ladder2	 bidIndex	 itemNameIndex	 bidValue	 
BFE_132	 2	 13	 1213.jpg	 7.504571e+02	 11	 9.054729e+02	 110	 5.500428e+02	 98	 7.514748e+02	 566.67	 416.67	 11.00	 34	 0.61	 
BFE_132	 2	 13	 2219.jpg	 7.554460e+02	 24	 999000	 240	 999000	 999	 7.564637e+02	 566.67	 416.67	 53.00	 40	 0.66	 
BFE_132	 2	 13	 1105.jpg	 7.574484e+02	 11	 1.018170e+03	 1100	 5.666945e+02	 98	 7.584660e+02	 516.67	 416.67	 14.00	 5	 0.60	 
BFE_132	 2	 13	 1204.jpg	 7.594504e+02	 12	 999000	 120	 999000	 999	 7.604683e+02	 516.67	 416.67	 22.00	 25	 0.54	 
BFE_132	 2	 13	 1109.jpg	 7.654404e+02	 11	 8.422108e+02	 110	 5.166972e+02	 98	 7.664583e+02	 533.33	 416.67	 16.00	 9	 0.59	 
BFE_132	 2	 13	 1104.jpg	 7.674427e+02	 12	 999000	 120	 999000	 999	 7.684606e+02	 533.33	 416.67	 12.00	 4	 0.61	 
BFE_132	 2	 13	 2217.jpg	 7.704461e+02	 22	 7.245118e+02	 220	 4.167035e+02	 98	 7.714640e+02	 533.33	 433.33	 49.00	 38	 0.76	 
BFE_132	 2	 13	 1116.jpg	 7.724484e+02	 12	 999000	 120	 999000	 999	 7.734661e+02	 533.33	 433.33	 18.00	 16	 0.56	 
BFE_132	 2	 13	 2106.jpg	 7.764530e+02	 24	 999000	 240	 999000	 999	 7.774707e+02	 533.33	 433.33	 58.00	 6	 0.61	 
BFE_132	 2	 13	 2201.jpg	 7.784551e+02	 24	 999000	 240	 999000	 999	 7.794729e+02	 533.33	 433.33	 47.00	 22	 0.77	 
BFE_132	 2	 13	 1115.jpg	 7.834440e+02	 12	 999000	 120	 999000	 999	 7.844618e+02	 533.33	 433.33	 3.00	 15	 0.77	 
BFE_132	 2	 13	 1110.jpg	 7.904519e+02	 11	 8.466271e+02	 110	 5.333625e+02	 98	 7.914697e+02	 550.00	 433.33	 8.00	 10	 0.66	 
BFE_132	 2	 13	 2211.jpg	 7.924542e+02	 24	 999000	 240	 999000	 999	 7.934719e+02	 550.00	 433.33	 60.00	 32	 0.59	 
BFE_132	 2	 13	 1218.jpg	 7.954408e+02	 12	 999000	 120	 999000	 999	 7.964586e+02	 550.00	 433.33	 19.00	 39	 0.56	 
BFE_132	 2	 13	 1211.jpg	 7.984443e+02	 12	 999000	 120	 999000	 999	 7.994620e+02	 550.00	 433.33	 10.00	 32	 0.64	 
BFE_132	 2	 13	 1215.jpg	 8.024487e+02	 11	 8.898698e+02	 110	 5.500319e+02	 98	 8.034665e+02	 566.67	 433.33	 17.00	 36	 0.56	 
BFE_132	 2	 13	 1208.jpg	 8.064531e+02	 12	 999000	 120	 999000	 999	 8.074709e+02	 566.67	 433.33	 15.00	 29	 0.59	 
BFE_132	 2	 13	 2115.jpg	 8.104407e+02	 24	 999000	 240	 999000	 999	 8.114610e+02	 566.67	 433.33	 43.00	 15	 0.84	 
BFE_132	 2	 13	 2104.jpg	 8.134444e+02	 24	 999000	 240	 999000	 999	 8.144622e+02	 566.67	 433.33	 77.00	 4	 0.29	 
BFE_132	 2	 13	 1102.jpg	 8.194511e+02	 12	 999000	 120	 999000	 999	 8.204690e+02	 566.67	 433.33	 13.00	 2	 0.60	 
BFE_132	 2	 13	 2102.jpg	 8.214534e+02	 24	 999000	 240	 999000	 999	 8.224711e+02	 566.67	 433.33	 59.00	 2	 0.61	 
BFE_132	 2	 13	 2215.jpg	 8.244567e+02	 24	 999000	 240	 999000	 999	 8.254746e+02	 566.67	 433.33	 62.00	 36	 0.55	 
BFE_132	 2	 13	 1219.jpg	 8.264423e+02	 12	 999000	 120	 999000	 999	 8.274600e+02	 566.67	 433.33	 20.00	 40	 0.55	 
BFE_132	 2	 13	 2108.jpg	 8.284445e+02	 24	 999000	 240	 999000	 999	 8.294622e+02	 566.67	 433.33	 78.00	 8	 0.25	 
BFE_132	 2	 13	 2216.jpg	 8.304468e+02	 24	 999000	 240	 999000	 999	 8.314646e+02	 566.67	 433.33	 50.00	 37	 0.75	 
BFE_132	 2	 13	 1206.jpg	 8.334501e+02	 12	 999000	 120	 999000	 999	 8.344679e+02	 566.67	 433.33	 7.00	 27	 0.67	 
BFE_132	 2	 13	 2116.jpg	 8.374546e+02	 24	 999000	 240	 999000	 999	 8.384724e+02	 566.67	 433.33	 61.00	 16	 0.55	 
BFE_132	 2	 13	 1113.jpg	 8.394401e+02	 11	 9.065097e+02	 110	 5.666936e+02	 98	 8.404580e+02	 583.33	 433.33	 9.00	 13	 0.65	 
BFE_132	 2	 13	 2202.jpg	 8.414425e+02	 24	 999000	 240	 999000	 999	 8.424602e+02	 583.33	 433.33	 52.00	 23	 0.67	 
BFE_132	 2	 13	 2112.jpg	 8.434447e+02	 24	 999000	 240	 999000	 999	 8.444624e+02	 583.33	 433.33	 55.00	 12	 0.64	 
BFE_132	 2	 13	 1209.jpg	 8.454469e+02	 12	 999000	 120	 999000	 999	 8.464646e+02	 583.33	 433.33	 21.00	 30	 0.55	 
BFE_132	 2	 13	 2107.jpg	 8.474492e+02	 22	 9.694088e+02	 220	 4.333741e+02	 98	 8.484670e+02	 583.33	 450.00	 57.00	 7	 0.62	 
BFE_132	 2	 13	 2214.jpg	 8.514536e+02	 22	 6.929169e+02	 220	 4.500391e+02	 98	 8.524714e+02	 583.33	 466.67	 51.00	 35	 0.75	 
BFE_132	 2	 13	 2110.jpg	 8.554416e+02	 22	 7.529937e+02	 220	 4.667006e+02	 98	 8.564593e+02	 583.33	 483.33	 54.00	 10	 0.65	 
BFE_132	 2	 13	 1216.jpg	 8.574438e+02	 12	 999000	 120	 999000	 999	 8.584615e+02	 583.33	 483.33	 4.00	 37	 0.76	 
BFE_132	 2	 13	 2114.jpg	 8.594460e+02	 24	 999000	 240	 999000	 999	 8.604637e+02	 583.33	 483.33	 44.00	 14	 0.80	 
BFE_132	 2	 13	 2103.jpg	 8.614483e+02	 22	 8.102709e+02	 220	 4.833704e+02	 98	 8.624659e+02	 583.33	 500.00	 48.00	 3	 0.76	 
BFE_132	 2	 13	 1120.jpg	 8.634504e+02	 12	 999000	 120	 999000	 999	 8.644682e+02	 583.33	 500.00	 37.00	 20	 0.23	 
BFE_132	 2	 13	 2109.jpg	 8.694402e+02	 22	 1.298384e+03	 2200	 5.000340e+02	 98	 8.704582e+02	 583.33	 450.00	 56.00	 9	 0.63	 
BFE_132	 2	 13	 1118.jpg	 8.714427e+02	 12	 999000	 120	 999000	 999	 8.724605e+02	 583.33	 450.00	 38.00	 18	 0.16	 
