subjectID	 order	 runNum	 itemName	 onsetTime	 shuff_trialType	 RT	 respInTime	 AudioTime	 response	 fixationTime	 ladder1	 ladder2	 bidIndex	 itemNameIndex	 bidValue	 
BFE_352	 2	 3	 1212.jpg	 2.549734e+02	 11	 9.172674e+02	 110	 6.833887e+02	 98	 2.559912e+02	 700.00	 750.00	 11.00	 33	 0.68	 
BFE_352	 2	 3	 1121.jpg	 2.569590e+02	 11	 9.316781e+02	 110	 7.000372e+02	 98	 2.579767e+02	 716.67	 750.00	 16.00	 21	 0.55	 
BFE_352	 2	 3	 2206.jpg	 2.609635e+02	 24	 999000	 240	 999000	 999	 2.619813e+02	 716.67	 750.00	 61.00	 27	 0.47	 
BFE_352	 2	 3	 2114.jpg	 2.639668e+02	 24	 999000	 240	 999000	 999	 2.649846e+02	 716.67	 750.00	 59.00	 14	 0.52	 
BFE_352	 2	 3	 1102.jpg	 2.659691e+02	 11	 9.535491e+02	 110	 7.167065e+02	 98	 2.669868e+02	 733.33	 750.00	 14.00	 2	 0.62	 
BFE_352	 2	 3	 1215.jpg	 2.689558e+02	 11	 9.748524e+02	 110	 7.333610e+02	 98	 2.699735e+02	 750.00	 750.00	 8.00	 36	 0.71	 
BFE_352	 2	 3	 1106.jpg	 2.729603e+02	 12	 999000	 120	 999000	 999	 2.739780e+02	 750.00	 750.00	 4.00	 6	 0.80	 
BFE_352	 2	 3	 2218.jpg	 2.769648e+02	 24	 4.218766e+02	 24	 999000	 98	 2.779826e+02	 750.00	 750.00	 50.00	 39	 0.67	 
BFE_352	 2	 3	 1114.jpg	 2.789669e+02	 12	 999000	 120	 999000	 999	 2.799848e+02	 750.00	 750.00	 7.00	 14	 0.73	 
BFE_352	 2	 3	 1117.jpg	 2.839560e+02	 12	 999000	 120	 999000	 999	 2.849737e+02	 750.00	 750.00	 19.00	 17	 0.52	 
BFE_352	 2	 3	 2117.jpg	 2.859581e+02	 24	 999000	 240	 999000	 999	 2.869759e+02	 750.00	 750.00	 60.00	 17	 0.48	 
BFE_352	 2	 3	 1216.jpg	 2.879604e+02	 12	 999000	 120	 999000	 999	 2.889781e+02	 750.00	 750.00	 3.00	 37	 0.82	 
BFE_352	 2	 3	 2219.jpg	 2.939671e+02	 22	 9.554943e+02	 220	 7.500493e+02	 98	 2.949849e+02	 750.00	 766.67	 48.00	 40	 0.72	 
BFE_352	 2	 3	 1112.jpg	 2.959526e+02	 12	 999000	 120	 999000	 999	 2.969707e+02	 750.00	 766.67	 38.00	 12	 0.17	 
BFE_352	 2	 3	 2212.jpg	 2.979548e+02	 24	 999000	 240	 999000	 999	 2.989728e+02	 750.00	 766.67	 58.00	 33	 0.56	 
BFE_352	 2	 3	 2209.jpg	 2.999572e+02	 24	 999000	 240	 999000	 999	 3.009750e+02	 750.00	 766.67	 44.00	 30	 0.84	 
BFE_352	 2	 3	 1113.jpg	 3.039618e+02	 12	 999000	 120	 999000	 999	 3.049795e+02	 750.00	 766.67	 18.00	 13	 0.54	 
BFE_352	 2	 3	 1214.jpg	 3.079664e+02	 12	 999000	 120	 999000	 999	 3.089840e+02	 750.00	 766.67	 12.00	 35	 0.65	 
BFE_352	 2	 3	 1120.jpg	 3.109696e+02	 12	 999000	 120	 999000	 999	 3.119874e+02	 750.00	 766.67	 37.00	 20	 0.20	 
BFE_352	 2	 3	 1119.jpg	 3.149574e+02	 12	 999000	 120	 999000	 999	 3.159751e+02	 750.00	 766.67	 21.00	 19	 0.51	 
BFE_352	 2	 3	 2101.jpg	 3.179608e+02	 24	 999000	 240	 999000	 999	 3.189785e+02	 750.00	 766.67	 78.00	 1	 0.13	 
BFE_352	 2	 3	 2208.jpg	 3.199628e+02	 22	 9.997971e+02	 220	 7.666964e+02	 98	 3.209809e+02	 750.00	 783.33	 57.00	 29	 0.57	 
BFE_352	 2	 3	 2202.jpg	 3.239673e+02	 24	 999000	 240	 999000	 999	 3.249854e+02	 750.00	 783.33	 55.00	 23	 0.60	 
BFE_352	 2	 3	 1213.jpg	 3.259697e+02	 12	 999000	 120	 999000	 999	 3.269875e+02	 750.00	 783.33	 13.00	 34	 0.64	 
BFE_352	 2	 3	 1206.jpg	 3.279554e+02	 11	 9.912403e+02	 110	 7.500327e+02	 98	 3.289731e+02	 766.67	 783.33	 9.00	 27	 0.71	 
BFE_352	 2	 3	 1211.jpg	 3.319598e+02	 12	 999000	 120	 999000	 999	 3.329776e+02	 766.67	 783.33	 22.00	 32	 0.49	 
BFE_352	 2	 3	 2214.jpg	 3.339620e+02	 24	 999000	 240	 999000	 999	 3.349798e+02	 766.67	 783.33	 47.00	 35	 0.77	 
BFE_352	 2	 3	 2111.jpg	 3.379666e+02	 24	 999000	 240	 999000	 999	 3.389844e+02	 766.67	 783.33	 62.00	 11	 0.47	 
BFE_352	 2	 3	 2109.jpg	 3.419541e+02	 22	 1.008515e+03	 2200	 7.833614e+02	 98	 3.429724e+02	 766.67	 733.33	 51.00	 9	 0.67	 
BFE_352	 2	 3	 2210.jpg	 3.449578e+02	 24	 999000	 240	 999000	 999	 3.459755e+02	 766.67	 733.33	 77.00	 31	 0.16	 
BFE_352	 2	 3	 1109.jpg	 3.509645e+02	 11	 9.580974e+02	 110	 7.667261e+02	 98	 3.519823e+02	 783.33	 733.33	 17.00	 9	 0.55	 
BFE_352	 2	 3	 2211.jpg	 3.529667e+02	 22	 9.798816e+02	 220	 7.333704e+02	 98	 3.539845e+02	 783.33	 750.00	 54.00	 32	 0.63	 
BFE_352	 2	 3	 2113.jpg	 3.569544e+02	 22	 1.096210e+03	 2200	 7.500374e+02	 98	 3.579723e+02	 783.33	 700.00	 56.00	 13	 0.58	 
BFE_352	 2	 3	 1218.jpg	 3.589568e+02	 12	 999000	 120	 999000	 999	 3.599745e+02	 783.33	 700.00	 10.00	 39	 0.69	 
BFE_352	 2	 3	 1103.jpg	 3.609590e+02	 12	 999000	 120	 999000	 999	 3.619768e+02	 783.33	 700.00	 15.00	 3	 0.55	 
BFE_352	 2	 3	 2213.jpg	 3.629613e+02	 22	 9.213126e+02	 220	 7.000357e+02	 98	 3.639792e+02	 783.33	 716.67	 49.00	 34	 0.71	 
BFE_352	 2	 3	 2216.jpg	 3.679669e+02	 24	 999000	 240	 999000	 999	 3.689846e+02	 783.33	 716.67	 52.00	 37	 0.66	 
BFE_352	 2	 3	 1204.jpg	 3.699692e+02	 12	 999000	 120	 999000	 999	 3.709869e+02	 783.33	 716.67	 20.00	 25	 0.52	 
BFE_352	 2	 3	 2215.jpg	 3.719547e+02	 24	 999000	 240	 999000	 999	 3.729734e+02	 783.33	 716.67	 43.00	 36	 0.84	 
BFE_352	 2	 3	 2217.jpg	 3.749581e+02	 24	 999000	 240	 999000	 999	 3.759759e+02	 783.33	 716.67	 53.00	 38	 0.64	 
