subjectID	 order	 runNum	 itemName	 onsetTime	 shuff_trialType	 RT	 respInTime	 AudioTime	 response	 fixationTime	 ladder1	 ladder2	 bidIndex	 itemNameIndex	 bidValue	 
BFE_308	 2	 17	 1216.jpg	 2.046515e+03	 12	 999000	 120	 999000	 999	 2.047533e+03	 916.67	 916.67	 10.00	 37	 0.71	 
BFE_308	 2	 17	 1114.jpg	 2.049502e+03	 11	 9.001432e+02	 11	 9.167274e+02	 98	 2.050520e+03	 916.67	 916.67	 9.00	 14	 0.71	 
BFE_308	 2	 17	 1210.jpg	 2.053506e+03	 12	 999000	 120	 999000	 999	 2.054524e+03	 916.67	 916.67	 38.00	 31	 0.15	 
BFE_308	 2	 17	 1218.jpg	 2.055509e+03	 12	 5.013269e+02	 12	 999000	 98	 2.056527e+03	 916.67	 916.67	 3.00	 39	 0.85	 
BFE_308	 2	 17	 2111.jpg	 2.057511e+03	 24	 999000	 240	 999000	 999	 2.058529e+03	 916.67	 916.67	 78.00	 11	 0.14	 
BFE_308	 2	 17	 2219.jpg	 2.061499e+03	 24	 999000	 240	 999000	 999	 2.062517e+03	 916.67	 916.67	 43.00	 40	 0.83	 
BFE_308	 2	 17	 2216.jpg	 2.063501e+03	 24	 999000	 240	 999000	 999	 2.064519e+03	 916.67	 916.67	 53.00	 37	 0.64	 
BFE_308	 2	 17	 1103.jpg	 2.068507e+03	 11	 6.233916e+02	 11	 9.167031e+02	 98	 2.069524e+03	 916.67	 916.67	 8.00	 3	 0.74	 
BFE_308	 2	 17	 2209.jpg	 2.070509e+03	 22	 7.730844e+02	 22	 9.167262e+02	 98	 2.071527e+03	 916.67	 916.67	 49.00	 30	 0.71	 
BFE_308	 2	 17	 2208.jpg	 2.073512e+03	 24	 999000	 240	 999000	 999	 2.074530e+03	 916.67	 916.67	 58.00	 29	 0.56	 
BFE_308	 2	 17	 1110.jpg	 2.076499e+03	 11	 5.431301e+02	 11	 9.167168e+02	 98	 2.077517e+03	 916.67	 916.67	 14.00	 10	 0.60	 
BFE_308	 2	 17	 1207.jpg	 2.080503e+03	 12	 999000	 120	 999000	 999	 2.081521e+03	 916.67	 916.67	 12.00	 28	 0.67	 
BFE_308	 2	 17	 2218.jpg	 2.083507e+03	 22	 5.192103e+02	 22	 9.166987e+02	 98	 2.084525e+03	 916.67	 916.67	 57.00	 39	 0.58	 
BFE_308	 2	 17	 1105.jpg	 2.085509e+03	 11	 6.449371e+02	 11	 9.166977e+02	 98	 2.086527e+03	 916.67	 916.67	 17.00	 5	 0.57	 
BFE_308	 2	 17	 1211.jpg	 2.088512e+03	 12	 999000	 120	 999000	 999	 2.089530e+03	 916.67	 916.67	 13.00	 32	 0.67	 
BFE_308	 2	 17	 2203.jpg	 2.092500e+03	 24	 999000	 240	 999000	 999	 2.093518e+03	 916.67	 916.67	 59.00	 24	 0.53	 
BFE_308	 2	 17	 2109.jpg	 2.095504e+03	 22	 6.504870e+02	 22	 9.167024e+02	 98	 2.096521e+03	 916.67	 916.67	 56.00	 9	 0.58	 
BFE_308	 2	 17	 2103.jpg	 2.097506e+03	 22	 7.921308e+02	 22	 9.167022e+02	 98	 2.098524e+03	 916.67	 916.67	 51.00	 3	 0.67	 
BFE_308	 2	 17	 1209.jpg	 2.099508e+03	 12	 999000	 120	 999000	 999	 2.100526e+03	 916.67	 916.67	 22.00	 30	 0.46	 
BFE_308	 2	 17	 2115.jpg	 2.104497e+03	 24	 999000	 240	 999000	 999	 2.105515e+03	 916.67	 916.67	 55.00	 15	 0.58	 
BFE_308	 2	 17	 1208.jpg	 2.108502e+03	 12	 999000	 120	 999000	 999	 2.109519e+03	 916.67	 916.67	 7.00	 29	 0.76	 
BFE_308	 2	 17	 2210.jpg	 2.112506e+03	 24	 999000	 240	 999000	 999	 2.113524e+03	 916.67	 916.67	 77.00	 31	 0.17	 
BFE_308	 2	 17	 2213.jpg	 2.118513e+03	 24	 999000	 240	 999000	 999	 2.119531e+03	 916.67	 916.67	 47.00	 34	 0.76	 
BFE_308	 2	 17	 1109.jpg	 2.120499e+03	 12	 9.115311e+02	 12	 999000	 98	 2.121516e+03	 916.67	 916.67	 18.00	 9	 0.54	 
BFE_308	 2	 17	 2110.jpg	 2.122501e+03	 24	 999000	 240	 999000	 999	 2.123518e+03	 916.67	 916.67	 52.00	 10	 0.66	 
BFE_308	 2	 17	 2215.jpg	 2.124503e+03	 24	 999000	 240	 999000	 999	 2.125521e+03	 916.67	 916.67	 44.00	 36	 0.79	 
BFE_308	 2	 17	 1215.jpg	 2.126505e+03	 12	 999000	 120	 999000	 999	 2.127523e+03	 916.67	 916.67	 15.00	 36	 0.59	 
BFE_308	 2	 17	 1203.jpg	 2.130510e+03	 11	 6.763969e+02	 11	 9.167139e+02	 98	 2.131527e+03	 916.67	 916.67	 16.00	 24	 0.58	 
BFE_308	 2	 17	 1117.jpg	 2.132512e+03	 12	 999000	 120	 999000	 999	 2.133530e+03	 916.67	 916.67	 37.00	 17	 0.17	 
BFE_308	 2	 17	 1202.jpg	 2.136500e+03	 12	 999000	 120	 999000	 999	 2.137517e+03	 916.67	 916.67	 21.00	 23	 0.47	 
BFE_308	 2	 17	 1113.jpg	 2.138502e+03	 12	 999000	 120	 999000	 999	 2.139520e+03	 916.67	 916.67	 20.00	 13	 0.53	 
BFE_308	 2	 17	 1214.jpg	 2.140504e+03	 11	 6.499597e+02	 11	 9.167090e+02	 98	 2.141522e+03	 916.67	 916.67	 11.00	 35	 0.71	 
BFE_308	 2	 17	 1201.jpg	 2.142506e+03	 12	 999000	 120	 999000	 999	 2.143524e+03	 916.67	 916.67	 4.00	 22	 0.80	 
BFE_308	 2	 17	 2105.jpg	 2.147512e+03	 24	 999000	 240	 999000	 999	 2.148530e+03	 916.67	 916.67	 50.00	 5	 0.68	 
BFE_308	 2	 17	 2121.jpg	 2.149498e+03	 22	 7.203556e+02	 22	 9.166987e+02	 98	 2.150515e+03	 916.67	 916.67	 48.00	 21	 0.72	 
BFE_308	 2	 17	 2102.jpg	 2.151500e+03	 22	 1.022272e+03	 2200	 9.166968e+02	 98	 2.152518e+03	 916.67	 866.67	 54.00	 2	 0.60	 
BFE_308	 2	 17	 2206.jpg	 2.154503e+03	 24	 999000	 240	 999000	 999	 2.155521e+03	 916.67	 866.67	 60.00	 27	 0.52	 
BFE_308	 2	 17	 2204.jpg	 2.161511e+03	 24	 999000	 240	 999000	 999	 2.162529e+03	 916.67	 866.67	 61.00	 25	 0.51	 
BFE_308	 2	 17	 2116.jpg	 2.165499e+03	 24	 999000	 240	 999000	 999	 2.166517e+03	 916.67	 866.67	 62.00	 16	 0.51	 
BFE_308	 2	 17	 1219.jpg	 2.172507e+03	 12	 999000	 120	 999000	 999	 2.173524e+03	 916.67	 866.67	 19.00	 40	 0.53	 
