subjectID	 order	 runNum	 itemName	 onsetTime	 shuff_trialType	 RT	 respInTime	 AudioTime	 response	 fixationTime	 ladder1	 ladder2	 bidIndex	 itemNameIndex	 bidValue	 
BFE_337	 1	 16	 2106.jpg	 1.177354e+03	 24	 999000	 240	 999000	 999	 1.178372e+03	 583.33	 583.33	 59.00	 6	 0.50	 
BFE_337	 1	 16	 2107.jpg	 1.180341e+03	 24	 999000	 240	 999000	 999	 1.181359e+03	 583.33	 583.33	 78.00	 7	 0.20	 
BFE_337	 1	 16	 1206.jpg	 1.184345e+03	 11	 1.136695e+03	 1100	 5.833907e+02	 98	 1.185363e+03	 533.33	 583.33	 10.00	 27	 0.65	 
BFE_337	 1	 16	 2216.jpg	 1.186348e+03	 22	 7.904715e+02	 220	 5.834001e+02	 98	 1.187365e+03	 533.33	 600.00	 47.00	 37	 0.74	 
BFE_337	 1	 16	 2219.jpg	 1.188350e+03	 24	 999000	 240	 999000	 999	 1.189368e+03	 533.33	 600.00	 44.00	 40	 0.82	 
BFE_337	 1	 16	 2101.jpg	 1.192337e+03	 24	 999000	 240	 999000	 999	 1.193355e+03	 533.33	 600.00	 54.00	 1	 0.59	 
BFE_337	 1	 16	 1213.jpg	 1.194340e+03	 12	 999000	 120	 999000	 999	 1.195358e+03	 533.33	 600.00	 16.00	 34	 0.56	 
BFE_337	 1	 16	 1216.jpg	 1.199346e+03	 12	 999000	 120	 999000	 999	 1.200363e+03	 533.33	 600.00	 14.00	 37	 0.61	 
BFE_337	 1	 16	 2212.jpg	 1.201348e+03	 22	 1.014291e+03	 2200	 6.000526e+02	 98	 1.202367e+03	 533.33	 550.00	 53.00	 33	 0.59	 
BFE_337	 1	 16	 2104.jpg	 1.204351e+03	 24	 999000	 240	 999000	 999	 1.205369e+03	 533.33	 550.00	 61.00	 4	 0.46	 
BFE_337	 1	 16	 1105.jpg	 1.207338e+03	 11	 9.364936e+02	 110	 5.333766e+02	 98	 1.208356e+03	 550.00	 550.00	 18.00	 5	 0.55	 
BFE_337	 1	 16	 1120.jpg	 1.211342e+03	 12	 999000	 120	 999000	 999	 1.212360e+03	 550.00	 550.00	 37.00	 20	 0.22	 
BFE_337	 1	 16	 2209.jpg	 1.214346e+03	 24	 999000	 240	 999000	 999	 1.215363e+03	 550.00	 550.00	 43.00	 30	 0.83	 
BFE_337	 1	 16	 1106.jpg	 1.216348e+03	 12	 999000	 120	 999000	 999	 1.217366e+03	 550.00	 550.00	 4.00	 6	 0.79	 
BFE_337	 1	 16	 1112.jpg	 1.219351e+03	 12	 999000	 120	 999000	 999	 1.220369e+03	 550.00	 550.00	 17.00	 12	 0.56	 
BFE_337	 1	 16	 2213.jpg	 1.223339e+03	 24	 999000	 240	 999000	 999	 1.224357e+03	 550.00	 550.00	 49.00	 34	 0.70	 
BFE_337	 1	 16	 1114.jpg	 1.226342e+03	 12	 999000	 120	 999000	 999	 1.227360e+03	 550.00	 550.00	 19.00	 14	 0.52	 
BFE_337	 1	 16	 1118.jpg	 1.228345e+03	 12	 999000	 120	 999000	 999	 1.229362e+03	 550.00	 550.00	 38.00	 18	 0.19	 
BFE_337	 1	 16	 2114.jpg	 1.230347e+03	 24	 999000	 240	 999000	 999	 1.231365e+03	 550.00	 550.00	 60.00	 14	 0.48	 
BFE_337	 1	 16	 1117.jpg	 1.235353e+03	 12	 999000	 120	 999000	 999	 1.236370e+03	 550.00	 550.00	 11.00	 17	 0.64	 
BFE_337	 1	 16	 2109.jpg	 1.239340e+03	 22	 8.058297e+02	 220	 5.500296e+02	 98	 1.240358e+03	 550.00	 566.67	 52.00	 9	 0.63	 
BFE_337	 1	 16	 2108.jpg	 1.243345e+03	 24	 999000	 240	 999000	 999	 1.244362e+03	 550.00	 566.67	 77.00	 8	 0.21	 
BFE_337	 1	 16	 2217.jpg	 1.249352e+03	 24	 999000	 240	 999000	 999	 1.250369e+03	 550.00	 566.67	 56.00	 38	 0.52	 
BFE_337	 1	 16	 2206.jpg	 1.251337e+03	 24	 999000	 240	 999000	 999	 1.252355e+03	 550.00	 566.67	 51.00	 27	 0.63	 
BFE_337	 1	 16	 2102.jpg	 1.253339e+03	 22	 8.226532e+02	 220	 5.667139e+02	 98	 1.254357e+03	 550.00	 583.33	 58.00	 2	 0.51	 
BFE_337	 1	 16	 1205.jpg	 1.255342e+03	 12	 999000	 120	 999000	 999	 1.256359e+03	 550.00	 583.33	 9.00	 26	 0.68	 
BFE_337	 1	 16	 1115.jpg	 1.257344e+03	 11	 8.261777e+02	 110	 5.500473e+02	 98	 1.258362e+03	 566.67	 583.33	 13.00	 15	 0.63	 
BFE_337	 1	 16	 1212.jpg	 1.261348e+03	 12	 999000	 120	 999000	 999	 1.262366e+03	 566.67	 583.33	 21.00	 33	 0.50	 
BFE_337	 1	 16	 1107.jpg	 1.263350e+03	 12	 999000	 120	 999000	 999	 1.264368e+03	 566.67	 583.33	 20.00	 7	 0.50	 
BFE_337	 1	 16	 2204.jpg	 1.267338e+03	 24	 999000	 240	 999000	 999	 1.268356e+03	 566.67	 583.33	 57.00	 25	 0.52	 
BFE_337	 1	 16	 2117.jpg	 1.269340e+03	 22	 8.295477e+02	 220	 5.833702e+02	 98	 1.270358e+03	 566.67	 600.00	 55.00	 17	 0.55	 
BFE_337	 1	 16	 1217.jpg	 1.271343e+03	 12	 999000	 120	 999000	 999	 1.272361e+03	 566.67	 600.00	 8.00	 38	 0.70	 
BFE_337	 1	 16	 1109.jpg	 1.273345e+03	 11	 8.409577e+02	 110	 5.667116e+02	 98	 1.274363e+03	 583.33	 600.00	 7.00	 9	 0.73	 
BFE_337	 1	 16	 2207.jpg	 1.278351e+03	 24	 999000	 240	 999000	 999	 1.279368e+03	 583.33	 600.00	 62.00	 28	 0.46	 
BFE_337	 1	 16	 2103.jpg	 1.280353e+03	 24	 999000	 240	 999000	 999	 1.281371e+03	 583.33	 600.00	 48.00	 3	 0.73	 
BFE_337	 1	 16	 1121.jpg	 1.282338e+03	 11	 8.556512e+02	 110	 5.833804e+02	 98	 1.283356e+03	 600.00	 600.00	 12.00	 21	 0.64	 
BFE_337	 1	 16	 1209.jpg	 1.285342e+03	 12	 999000	 120	 999000	 999	 1.286360e+03	 600.00	 600.00	 3.00	 30	 0.79	 
BFE_337	 1	 16	 1102.jpg	 1.292350e+03	 11	 1.020333e+03	 1100	 6.000393e+02	 98	 1.293367e+03	 550.00	 600.00	 15.00	 2	 0.59	 
BFE_337	 1	 16	 2211.jpg	 1.296337e+03	 22	 8.486595e+02	 220	 6.000460e+02	 98	 1.297355e+03	 550.00	 616.67	 50.00	 32	 0.63	 
BFE_337	 1	 16	 1215.jpg	 1.303345e+03	 12	 999000	 120	 999000	 999	 1.304363e+03	 550.00	 616.67	 22.00	 36	 0.48	 
