subjectID	 order	 runNum	 itemName	 onsetTime	 shuff_trialType	 RT	 respInTime	 AudioTime	 response	 fixationTime	 ladder1	 ladder2	 bidIndex	 itemNameIndex	 bidValue	 
BFE_317	 1	 7	 2103.jpg	 7.554610e+02	 24	 999000	 240	 999000	 999	 7.564787e+02	 883.33	 816.67	 44.00	 3	 0.90	 
BFE_317	 1	 7	 2208.jpg	 7.604499e+02	 22	 8.083657e+02	 22	 8.167180e+02	 98	 7.614677e+02	 883.33	 833.33	 58.00	 29	 0.59	 
BFE_317	 1	 7	 2104.jpg	 7.624543e+02	 24	 999000	 240	 999000	 999	 7.634701e+02	 883.33	 833.33	 61.00	 4	 0.52	 
BFE_317	 1	 7	 2121.jpg	 7.644545e+02	 24	 999000	 240	 999000	 999	 7.654723e+02	 883.33	 833.33	 49.00	 21	 0.75	 
BFE_317	 1	 7	 2213.jpg	 7.704442e+02	 24	 999000	 240	 999000	 999	 7.714622e+02	 883.33	 833.33	 43.00	 34	 0.90	 
BFE_317	 1	 7	 2115.jpg	 7.724467e+02	 24	 999000	 240	 999000	 999	 7.734646e+02	 883.33	 833.33	 51.00	 15	 0.68	 
BFE_317	 1	 7	 1207.jpg	 7.754502e+02	 11	 6.560923e+02	 11	 8.833820e+02	 98	 7.764679e+02	 900.00	 833.33	 10.00	 28	 0.67	 
BFE_317	 1	 7	 2101.jpg	 7.774524e+02	 24	 999000	 240	 999000	 999	 7.784701e+02	 900.00	 833.33	 62.00	 1	 0.50	 
BFE_317	 1	 7	 1121.jpg	 7.814569e+02	 12	 999000	 120	 999000	 999	 7.824747e+02	 900.00	 833.33	 8.00	 21	 0.73	 
BFE_317	 1	 7	 1109.jpg	 7.834592e+02	 12	 999000	 120	 999000	 999	 7.844769e+02	 900.00	 833.33	 4.00	 9	 0.80	 
BFE_317	 1	 7	 1113.jpg	 7.884480e+02	 12	 8.902783e+02	 12	 999000	 98	 7.894658e+02	 900.00	 833.33	 3.00	 13	 0.80	 
BFE_317	 1	 7	 1216.jpg	 7.954559e+02	 12	 999000	 120	 999000	 999	 7.964736e+02	 900.00	 833.33	 22.00	 37	 0.47	 
BFE_317	 1	 7	 1213.jpg	 7.974581e+02	 12	 999000	 120	 999000	 999	 7.984760e+02	 900.00	 833.33	 17.00	 34	 0.58	 
BFE_317	 1	 7	 2211.jpg	 8.004449e+02	 22	 8.693525e+02	 220	 8.333649e+02	 98	 8.014626e+02	 900.00	 850.00	 52.00	 32	 0.66	 
BFE_317	 1	 7	 1115.jpg	 8.034482e+02	 12	 999000	 120	 999000	 999	 8.044660e+02	 900.00	 850.00	 11.00	 15	 0.66	 
BFE_317	 1	 7	 2201.jpg	 8.074527e+02	 22	 8.376155e+02	 22	 8.500283e+02	 98	 8.084704e+02	 900.00	 866.67	 55.00	 22	 0.60	 
BFE_317	 1	 7	 1110.jpg	 8.114572e+02	 12	 999000	 120	 999000	 999	 8.124750e+02	 900.00	 866.67	 20.00	 10	 0.52	 
BFE_317	 1	 7	 1104.jpg	 8.154446e+02	 12	 999000	 120	 999000	 999	 8.164628e+02	 900.00	 866.67	 14.00	 4	 0.61	 
BFE_317	 1	 7	 1218.jpg	 8.184484e+02	 11	 6.979348e+02	 11	 9.000338e+02	 98	 8.194661e+02	 916.67	 866.67	 12.00	 39	 0.63	 
BFE_317	 1	 7	 2218.jpg	 8.244553e+02	 24	 7.790322e+02	 24	 999000	 98	 8.254729e+02	 916.67	 866.67	 59.00	 39	 0.55	 
BFE_317	 1	 7	 2105.jpg	 8.264574e+02	 24	 999000	 240	 999000	 999	 8.274752e+02	 916.67	 866.67	 48.00	 5	 0.77	 
BFE_317	 1	 7	 1205.jpg	 8.294438e+02	 11	 9.905005e+02	 110	 9.166952e+02	 98	 8.304618e+02	 916.67	 866.67	 13.00	 26	 0.62	 
BFE_317	 1	 7	 1219.jpg	 8.314464e+02	 12	 999000	 120	 999000	 999	 8.324641e+02	 916.67	 866.67	 19.00	 40	 0.52	 
BFE_317	 1	 7	 2112.jpg	 8.334485e+02	 24	 999000	 240	 999000	 999	 8.344663e+02	 916.67	 866.67	 78.00	 12	 0.17	 
BFE_317	 1	 7	 2217.jpg	 8.354508e+02	 24	 999000	 240	 999000	 999	 8.364686e+02	 916.67	 866.67	 54.00	 38	 0.65	 
BFE_317	 1	 7	 2113.jpg	 8.384542e+02	 22	 1.036097e+03	 2200	 8.666986e+02	 98	 8.394719e+02	 916.67	 816.67	 47.00	 13	 0.77	 
BFE_317	 1	 7	 2107.jpg	 8.424587e+02	 24	 999000	 240	 999000	 999	 8.434764e+02	 916.67	 816.67	 60.00	 7	 0.53	 
BFE_317	 1	 7	 1209.jpg	 8.444439e+02	 12	 999000	 120	 999000	 999	 8.454620e+02	 916.67	 816.67	 21.00	 30	 0.49	 
BFE_317	 1	 7	 1112.jpg	 8.464465e+02	 12	 999000	 120	 999000	 999	 8.474643e+02	 916.67	 816.67	 37.00	 12	 0.21	 
BFE_317	 1	 7	 2118.jpg	 8.484487e+02	 24	 999000	 240	 999000	 999	 8.494665e+02	 916.67	 816.67	 56.00	 18	 0.59	 
BFE_317	 1	 7	 2119.jpg	 8.504510e+02	 24	 999000	 240	 999000	 999	 8.514687e+02	 916.67	 816.67	 77.00	 19	 0.18	 
BFE_317	 1	 7	 2207.jpg	 8.524532e+02	 22	 7.170902e+02	 22	 8.166989e+02	 98	 8.534710e+02	 916.67	 833.33	 53.00	 28	 0.65	 
BFE_317	 1	 7	 1211.jpg	 8.564577e+02	 11	 7.046113e+02	 11	 9.167028e+02	 98	 8.574755e+02	 916.67	 833.33	 15.00	 32	 0.61	 
BFE_317	 1	 7	 1208.jpg	 8.604452e+02	 11	 1.013056e+03	 1100	 9.167054e+02	 98	 8.614641e+02	 866.67	 833.33	 18.00	 29	 0.56	 
BFE_317	 1	 7	 2106.jpg	 8.624478e+02	 22	 1.050508e+03	 2200	 8.333648e+02	 98	 8.634655e+02	 866.67	 783.33	 50.00	 6	 0.72	 
BFE_317	 1	 7	 2204.jpg	 8.644501e+02	 24	 999000	 240	 999000	 999	 8.654678e+02	 866.67	 783.33	 57.00	 25	 0.59	 
BFE_317	 1	 7	 1114.jpg	 8.664523e+02	 12	 999000	 120	 999000	 999	 8.674700e+02	 866.67	 783.33	 16.00	 14	 0.59	 
BFE_317	 1	 7	 1201.jpg	 8.684546e+02	 11	 8.277566e+02	 11	 8.666981e+02	 98	 8.694723e+02	 883.33	 783.33	 7.00	 22	 0.74	 
BFE_317	 1	 7	 1101.jpg	 8.744443e+02	 12	 999000	 120	 999000	 999	 8.754624e+02	 883.33	 783.33	 38.00	 1	 0.21	 
BFE_317	 1	 7	 1106.jpg	 8.764468e+02	 12	 999000	 120	 999000	 999	 8.774646e+02	 883.33	 783.33	 9.00	 6	 0.71	 
