subjectID	 order	 runNum	 itemName	 onsetTime	 shuff_trialType	 RT	 respInTime	 AudioTime	 response	 fixationTime	 ladder1	 ladder2	 bidIndex	 itemNameIndex	 bidValue	 
BFE_338	 2	 7	 1205.jpg	 1.331680e+00	 12	 999000	 120	 999000	 999	 2.349069e+00	 750.00	 750.00	 3.00	 26	 0.80	 
BFE_338	 2	 7	 1203.jpg	 6.320229e+00	 12	 999000	 120	 999000	 999	 7.338038e+00	 750.00	 750.00	 4.00	 24	 0.80	 
BFE_338	 2	 7	 2209.jpg	 8.322554e+00	 24	 999000	 240	 999000	 999	 9.340289e+00	 750.00	 750.00	 53.00	 30	 0.65	 
BFE_338	 2	 7	 1201.jpg	 1.030780e+01	 11	 1.046423e+03	 1100	 7.506787e+02	 98	 1.132579e+01	 700.00	 750.00	 8.00	 22	 0.72	 
BFE_338	 2	 7	 1103.jpg	 1.631476e+01	 12	 3.674638e+02	 12	 999000	 98	 1.733264e+01	 700.00	 750.00	 10.00	 3	 0.70	 
BFE_338	 2	 7	 2218.jpg	 1.831712e+01	 24	 999000	 240	 999000	 999	 1.933486e+01	 700.00	 750.00	 44.00	 39	 0.79	 
BFE_338	 2	 7	 1217.jpg	 2.132045e+01	 12	 999000	 120	 999000	 999	 2.233821e+01	 700.00	 750.00	 15.00	 38	 0.59	 
BFE_338	 2	 7	 1108.jpg	 2.332263e+01	 12	 999000	 120	 999000	 999	 2.434046e+01	 700.00	 750.00	 38.00	 8	 0.16	 
BFE_338	 2	 7	 2121.jpg	 2.731053e+01	 22	 1.051703e+03	 2200	 7.506474e+02	 98	 2.832821e+01	 700.00	 700.00	 49.00	 21	 0.72	 
BFE_338	 2	 7	 1207.jpg	 2.931277e+01	 12	 999000	 120	 999000	 999	 3.033045e+01	 700.00	 700.00	 7.00	 28	 0.73	 
BFE_338	 2	 7	 2208.jpg	 3.431838e+01	 22	 9.718458e+02	 220	 7.000413e+02	 98	 3.533611e+01	 700.00	 716.67	 54.00	 29	 0.62	 
BFE_338	 2	 7	 1215.jpg	 4.130945e+01	 12	 999000	 120	 999000	 999	 4.232730e+01	 700.00	 716.67	 18.00	 36	 0.51	 
BFE_338	 2	 7	 2108.jpg	 4.331176e+01	 24	 999000	 240	 999000	 999	 4.432945e+01	 700.00	 716.67	 77.00	 8	 0.19	 
BFE_338	 2	 7	 1106.jpg	 4.631514e+01	 12	 999000	 120	 999000	 999	 4.733283e+01	 700.00	 716.67	 21.00	 6	 0.48	 
BFE_338	 2	 7	 2110.jpg	 4.931846e+01	 24	 999000	 240	 999000	 999	 5.033624e+01	 700.00	 716.67	 55.00	 10	 0.60	 
BFE_338	 2	 7	 1111.jpg	 5.332294e+01	 11	 9.992963e+02	 110	 7.000330e+02	 98	 5.434079e+01	 716.67	 716.67	 11.00	 11	 0.70	 
BFE_338	 2	 7	 2201.jpg	 5.731086e+01	 24	 999000	 240	 999000	 999	 5.832856e+01	 716.67	 716.67	 43.00	 22	 0.81	 
BFE_338	 2	 7	 2113.jpg	 6.131521e+01	 22	 1.023025e+03	 2200	 7.167120e+02	 98	 6.233305e+01	 716.67	 666.67	 57.00	 13	 0.57	 
BFE_338	 2	 7	 2214.jpg	 6.431865e+01	 24	 999000	 240	 999000	 999	 6.533636e+01	 716.67	 666.67	 61.00	 35	 0.52	 
BFE_338	 2	 7	 2202.jpg	 7.030837e+01	 24	 999000	 240	 999000	 999	 7.132639e+01	 716.67	 666.67	 59.00	 23	 0.55	 
BFE_338	 2	 7	 2114.jpg	 7.231085e+01	 22	 1.035376e+03	 2200	 6.667032e+02	 98	 7.332861e+01	 716.67	 616.67	 56.00	 14	 0.60	 
BFE_338	 2	 7	 2206.jpg	 7.531423e+01	 24	 999000	 240	 999000	 999	 7.633204e+01	 716.67	 616.67	 52.00	 27	 0.69	 
BFE_338	 2	 7	 1121.jpg	 7.731651e+01	 11	 9.417056e+02	 110	 7.167195e+02	 98	 7.833428e+01	 733.33	 616.67	 17.00	 21	 0.52	 
BFE_338	 2	 7	 2219.jpg	 7.931882e+01	 24	 999000	 240	 999000	 999	 8.033649e+01	 733.33	 616.67	 47.00	 40	 0.73	 
BFE_338	 2	 7	 1202.jpg	 8.132095e+01	 11	 1.073299e+03	 1100	 7.333788e+02	 98	 8.233879e+01	 683.33	 616.67	 14.00	 23	 0.62	 
BFE_338	 2	 7	 2106.jpg	 8.432440e+01	 24	 999000	 240	 999000	 999	 8.534212e+01	 683.33	 616.67	 62.00	 6	 0.52	 
BFE_338	 2	 7	 1120.jpg	 8.831218e+01	 12	 999000	 120	 999000	 999	 8.933000e+01	 683.33	 616.67	 20.00	 20	 0.49	 
BFE_338	 2	 7	 1218.jpg	 9.031437e+01	 11	 1.007886e+03	 1100	 6.833802e+02	 98	 9.133330e+01	 633.33	 616.67	 9.00	 39	 0.70	 
BFE_338	 2	 7	 2102.jpg	 9.231665e+01	 24	 999000	 240	 999000	 999	 9.333445e+01	 633.33	 616.67	 60.00	 2	 0.53	 
BFE_338	 2	 7	 1210.jpg	 9.431892e+01	 11	 8.833050e+02	 110	 6.333684e+02	 98	 9.533671e+01	 650.00	 616.67	 16.00	 31	 0.58	 
BFE_338	 2	 7	 2204.jpg	 9.632115e+01	 22	 8.890828e+02	 220	 6.167133e+02	 98	 9.733904e+01	 650.00	 633.33	 48.00	 25	 0.72	 
BFE_338	 2	 7	 2103.jpg	 9.832338e+01	 24	 999000	 240	 999000	 999	 9.934117e+01	 650.00	 633.33	 50.00	 3	 0.71	 
BFE_338	 2	 7	 1112.jpg	 1.023112e+02	 12	 999000	 120	 999000	 999	 1.033289e+02	 650.00	 633.33	 37.00	 12	 0.17	 
BFE_338	 2	 7	 1209.jpg	 1.063156e+02	 12	 999000	 120	 999000	 999	 1.073334e+02	 650.00	 633.33	 22.00	 30	 0.46	 
BFE_338	 2	 7	 1213.jpg	 1.083180e+02	 12	 999000	 120	 999000	 999	 1.093358e+02	 650.00	 633.33	 13.00	 34	 0.64	 
BFE_338	 2	 7	 2119.jpg	 1.103201e+02	 24	 999000	 240	 999000	 999	 1.113379e+02	 650.00	 633.33	 78.00	 19	 0.16	 
BFE_338	 2	 7	 1204.jpg	 1.123224e+02	 12	 999000	 120	 999000	 999	 1.133402e+02	 650.00	 633.33	 12.00	 25	 0.70	 
BFE_338	 2	 7	 2213.jpg	 1.143078e+02	 22	 9.024271e+02	 220	 6.333746e+02	 98	 1.153258e+02	 650.00	 650.00	 51.00	 34	 0.70	 
BFE_338	 2	 7	 2217.jpg	 1.203147e+02	 24	 999000	 240	 999000	 999	 1.213325e+02	 650.00	 650.00	 58.00	 38	 0.57	 
BFE_338	 2	 7	 1214.jpg	 1.223170e+02	 12	 999000	 120	 999000	 999	 1.233348e+02	 650.00	 650.00	 19.00	 35	 0.51	 
