subjectID	 order	 runNum	 itemName	 onsetTime	 shuff_trialType	 RT	 respInTime	 AudioTime	 response	 fixationTime	 ladder1	 ladder2	 bidIndex	 itemNameIndex	 bidValue	 
BFE_336	 2	 10	 2108.jpg	 4.083827e+02	 24	 999000	 240	 999000	 999	 4.094005e+02	 650.00	 650.00	 62.00	 8	 0.47	 
BFE_336	 2	 10	 2113.jpg	 4.113694e+02	 24	 999000	 240	 999000	 999	 4.123872e+02	 650.00	 650.00	 61.00	 13	 0.48	 
BFE_336	 2	 10	 1215.jpg	 4.133716e+02	 12	 999000	 120	 999000	 999	 4.143894e+02	 650.00	 650.00	 7.00	 36	 0.68	 
BFE_336	 2	 10	 1113.jpg	 4.153739e+02	 11	 9.484393e+02	 110	 6.500697e+02	 98	 4.163916e+02	 666.67	 650.00	 8.00	 13	 0.68	 
BFE_336	 2	 10	 1204.jpg	 4.173761e+02	 12	 999000	 120	 999000	 999	 4.183939e+02	 666.67	 650.00	 38.00	 25	 0.33	 
BFE_336	 2	 10	 2107.jpg	 4.203795e+02	 24	 999000	 240	 999000	 999	 4.213973e+02	 666.67	 650.00	 60.00	 7	 0.49	 
BFE_336	 2	 10	 2207.jpg	 4.223651e+02	 22	 999000	 2	 6.500644e+02	 999	 4.233828e+02	 666.67	 600.00	 57.00	 28	 0.53	 
BFE_336	 2	 10	 1214.jpg	 4.263696e+02	 11	 999000	 1	 6.667074e+02	 999	 4.273872e+02	 616.67	 600.00	 11.00	 35	 0.60	 
BFE_336	 2	 10	 1101.jpg	 4.283718e+02	 11	 8.865815e+02	 110	 6.167052e+02	 98	 4.293895e+02	 633.33	 600.00	 14.00	 1	 0.54	 
BFE_336	 2	 10	 1203.jpg	 4.333774e+02	 11	 999000	 1	 6.333973e+02	 999	 4.343952e+02	 583.33	 600.00	 16.00	 24	 0.51	 
BFE_336	 2	 10	 2111.jpg	 4.353802e+02	 24	 999000	 240	 999000	 999	 4.363974e+02	 583.33	 600.00	 44.00	 11	 0.78	 
BFE_336	 2	 10	 1201.jpg	 4.393674e+02	 12	 999000	 120	 999000	 999	 4.403852e+02	 583.33	 600.00	 10.00	 22	 0.63	 
BFE_336	 2	 10	 1116.jpg	 4.413697e+02	 12	 999000	 120	 999000	 999	 4.423877e+02	 583.33	 600.00	 22.00	 16	 0.44	 
BFE_336	 2	 10	 1110.jpg	 4.443731e+02	 12	 999000	 120	 999000	 999	 4.453909e+02	 583.33	 600.00	 18.00	 10	 0.50	 
BFE_336	 2	 10	 2218.jpg	 4.493786e+02	 22	 9.117016e+02	 220	 6.000554e+02	 98	 4.503964e+02	 583.33	 616.67	 51.00	 39	 0.66	 
BFE_336	 2	 10	 2219.jpg	 4.513639e+02	 22	 9.183736e+02	 220	 6.167097e+02	 98	 4.523820e+02	 583.33	 633.33	 54.00	 40	 0.61	 
BFE_336	 2	 10	 1213.jpg	 4.533664e+02	 12	 999000	 120	 999000	 999	 4.543842e+02	 583.33	 633.33	 21.00	 34	 0.47	 
BFE_336	 2	 10	 1112.jpg	 4.573711e+02	 12	 999000	 120	 999000	 999	 4.583887e+02	 583.33	 633.33	 13.00	 12	 0.54	 
BFE_336	 2	 10	 2106.jpg	 4.613755e+02	 24	 999000	 240	 999000	 999	 4.623932e+02	 583.33	 633.33	 55.00	 6	 0.60	 
BFE_336	 2	 10	 1205.jpg	 4.653799e+02	 12	 999000	 120	 999000	 999	 4.663977e+02	 583.33	 633.33	 20.00	 26	 0.48	 
BFE_336	 2	 10	 2116.jpg	 4.673655e+02	 24	 999000	 240	 999000	 999	 4.683833e+02	 583.33	 633.33	 52.00	 16	 0.66	 
BFE_336	 2	 10	 1102.jpg	 4.693677e+02	 11	 8.506448e+02	 110	 5.833743e+02	 98	 4.703855e+02	 600.00	 633.33	 9.00	 2	 0.65	 
BFE_336	 2	 10	 1218.jpg	 4.713699e+02	 12	 999000	 120	 999000	 999	 4.723878e+02	 600.00	 633.33	 4.00	 39	 0.73	 
BFE_336	 2	 10	 1103.jpg	 4.733724e+02	 12	 999000	 120	 999000	 999	 4.743900e+02	 600.00	 633.33	 12.00	 3	 0.57	 
BFE_336	 2	 10	 2215.jpg	 4.793790e+02	 24	 999000	 240	 999000	 999	 4.803967e+02	 600.00	 633.33	 78.00	 36	 0.32	 
BFE_336	 2	 10	 2101.jpg	 4.823657e+02	 24	 999000	 240	 999000	 999	 4.833835e+02	 600.00	 633.33	 53.00	 1	 0.63	 
BFE_336	 2	 10	 2212.jpg	 4.843679e+02	 24	 999000	 240	 999000	 999	 4.853856e+02	 600.00	 633.33	 59.00	 33	 0.50	 
BFE_336	 2	 10	 1219.jpg	 4.863702e+02	 12	 999000	 120	 999000	 999	 4.873879e+02	 600.00	 633.33	 19.00	 40	 0.50	 
BFE_336	 2	 10	 2208.jpg	 4.893735e+02	 24	 999000	 240	 999000	 999	 4.903912e+02	 600.00	 633.33	 50.00	 29	 0.67	 
BFE_336	 2	 10	 2201.jpg	 4.913758e+02	 22	 8.905469e+02	 220	 6.333856e+02	 98	 4.923935e+02	 600.00	 650.00	 49.00	 22	 0.75	 
BFE_336	 2	 10	 1109.jpg	 4.933779e+02	 11	 8.563878e+02	 110	 6.000655e+02	 98	 4.943957e+02	 616.67	 650.00	 17.00	 9	 0.51	 
BFE_336	 2	 10	 2206.jpg	 4.953802e+02	 22	 8.861563e+02	 220	 6.500538e+02	 98	 4.963980e+02	 616.67	 666.67	 48.00	 27	 0.75	 
BFE_336	 2	 10	 2202.jpg	 4.983669e+02	 24	 999000	 240	 999000	 999	 4.993846e+02	 616.67	 666.67	 77.00	 23	 0.32	 
BFE_336	 2	 10	 1210.jpg	 5.003691e+02	 12	 999000	 120	 999000	 999	 5.013869e+02	 616.67	 666.67	 37.00	 31	 0.34	 
BFE_336	 2	 10	 1216.jpg	 5.023714e+02	 12	 999000	 120	 999000	 999	 5.033892e+02	 616.67	 666.67	 3.00	 37	 0.75	 
BFE_336	 2	 10	 2213.jpg	 5.043738e+02	 24	 999000	 240	 999000	 999	 5.053915e+02	 616.67	 666.67	 58.00	 34	 0.52	 
BFE_336	 2	 10	 2203.jpg	 5.063760e+02	 22	 8.903661e+02	 220	 6.667054e+02	 98	 5.073936e+02	 616.67	 683.33	 56.00	 24	 0.56	 
BFE_336	 2	 10	 1208.jpg	 5.123660e+02	 12	 999000	 120	 999000	 999	 5.133838e+02	 616.67	 683.33	 15.00	 29	 0.54	 
BFE_336	 2	 10	 2103.jpg	 5.153694e+02	 24	 999000	 240	 999000	 999	 5.163871e+02	 616.67	 683.33	 43.00	 3	 0.79	 
BFE_336	 2	 10	 2118.jpg	 5.193738e+02	 24	 999000	 240	 999000	 999	 5.203930e+02	 616.67	 683.33	 47.00	 18	 0.76	 
