subjectID	 order	 runNum	 itemName	 onsetTime	 shuff_trialType	 RT	 respInTime	 AudioTime	 response	 fixationTime	 ladder1	 ladder2	 bidIndex	 itemNameIndex	 bidValue	 
BFE_339	 1	 16	 2211.jpg	 1.342198e+03	 22	 1.028433e+03	 2200	 7.834070e+02	 98	 1.343215e+03	 650.00	 733.33	 50.00	 32	 0.68	 
BFE_339	 1	 16	 2101.jpg	 1.345201e+03	 24	 999000	 240	 999000	 999	 1.346219e+03	 650.00	 733.33	 61.00	 1	 0.50	 
BFE_339	 1	 16	 2117.jpg	 1.347187e+03	 24	 999000	 240	 999000	 999	 1.348204e+03	 650.00	 733.33	 78.00	 17	 0.20	 
BFE_339	 1	 16	 1204.jpg	 1.349189e+03	 12	 999000	 120	 999000	 999	 1.350207e+03	 650.00	 733.33	 19.00	 25	 0.53	 
BFE_339	 1	 16	 1102.jpg	 1.351191e+03	 11	 8.750276e+02	 110	 6.500619e+02	 98	 1.352209e+03	 666.67	 733.33	 13.00	 2	 0.63	 
BFE_339	 1	 16	 1205.jpg	 1.354194e+03	 11	 7.036872e+02	 110	 6.667085e+02	 98	 1.355212e+03	 683.33	 733.33	 12.00	 26	 0.64	 
BFE_339	 1	 16	 2205.jpg	 1.356197e+03	 22	 9.573796e+02	 220	 7.333790e+02	 98	 1.357214e+03	 683.33	 750.00	 55.00	 26	 0.61	 
BFE_339	 1	 16	 1111.jpg	 1.360201e+03	 12	 999000	 120	 999000	 999	 1.361219e+03	 683.33	 750.00	 8.00	 11	 0.70	 
BFE_339	 1	 16	 2215.jpg	 1.362187e+03	 22	 9.913678e+02	 220	 7.500448e+02	 98	 1.363205e+03	 683.33	 766.67	 52.00	 36	 0.64	 
BFE_339	 1	 16	 2111.jpg	 1.367192e+03	 24	 999000	 240	 999000	 999	 1.368210e+03	 683.33	 766.67	 60.00	 11	 0.50	 
BFE_339	 1	 16	 1201.jpg	 1.369195e+03	 11	 8.714733e+02	 110	 6.833843e+02	 98	 1.370212e+03	 700.00	 766.67	 10.00	 22	 0.67	 
BFE_339	 1	 16	 1120.jpg	 1.373199e+03	 11	 8.829878e+02	 110	 7.000443e+02	 98	 1.374217e+03	 716.67	 766.67	 18.00	 20	 0.54	 
BFE_339	 1	 16	 2114.jpg	 1.375201e+03	 24	 999000	 240	 999000	 999	 1.376219e+03	 716.67	 766.67	 59.00	 14	 0.52	 
BFE_339	 1	 16	 1109.jpg	 1.378188e+03	 11	 9.741247e+02	 110	 7.167479e+02	 98	 1.379206e+03	 733.33	 766.67	 7.00	 9	 0.71	 
BFE_339	 1	 16	 2209.jpg	 1.383194e+03	 24	 999000	 240	 999000	 999	 1.384212e+03	 733.33	 766.67	 48.00	 30	 0.71	 
BFE_339	 1	 16	 2213.jpg	 1.385196e+03	 24	 999000	 240	 999000	 999	 1.386214e+03	 733.33	 766.67	 44.00	 34	 0.82	 
BFE_339	 1	 16	 2106.jpg	 1.387198e+03	 22	 9.320021e+02	 220	 7.667425e+02	 98	 1.388216e+03	 733.33	 783.33	 58.00	 6	 0.55	 
BFE_339	 1	 16	 1209.jpg	 1.391186e+03	 12	 999000	 120	 999000	 999	 1.392204e+03	 733.33	 783.33	 17.00	 30	 0.54	 
BFE_339	 1	 16	 1214.jpg	 1.395190e+03	 12	 999000	 120	 999000	 999	 1.396208e+03	 733.33	 783.33	 4.00	 35	 0.76	 
BFE_339	 1	 16	 1206.jpg	 1.399195e+03	 12	 999000	 120	 999000	 999	 1.400213e+03	 733.33	 783.33	 9.00	 27	 0.68	 
BFE_339	 1	 16	 2112.jpg	 1.401197e+03	 24	 999000	 240	 999000	 999	 1.402215e+03	 733.33	 783.33	 62.00	 12	 0.49	 
BFE_339	 1	 16	 1202.jpg	 1.403199e+03	 12	 999000	 120	 999000	 999	 1.404217e+03	 733.33	 783.33	 20.00	 23	 0.49	 
BFE_339	 1	 16	 1203.jpg	 1.405202e+03	 12	 999000	 120	 999000	 999	 1.406219e+03	 733.33	 783.33	 38.00	 24	 0.21	 
BFE_339	 1	 16	 1107.jpg	 1.407187e+03	 12	 999000	 120	 999000	 999	 1.408205e+03	 733.33	 783.33	 37.00	 7	 0.22	 
BFE_339	 1	 16	 2116.jpg	 1.413194e+03	 24	 999000	 240	 999000	 999	 1.414212e+03	 733.33	 783.33	 51.00	 16	 0.65	 
BFE_339	 1	 16	 1218.jpg	 1.416197e+03	 11	 9.407204e+02	 110	 7.333861e+02	 98	 1.417215e+03	 750.00	 783.33	 15.00	 39	 0.58	 
BFE_339	 1	 16	 2204.jpg	 1.418200e+03	 22	 1.010514e+03	 2200	 7.833822e+02	 98	 1.419219e+03	 750.00	 733.33	 53.00	 25	 0.62	 
BFE_339	 1	 16	 1210.jpg	 1.420185e+03	 12	 999000	 120	 999000	 999	 1.421203e+03	 750.00	 733.33	 21.00	 31	 0.49	 
BFE_339	 1	 16	 2109.jpg	 1.423188e+03	 22	 9.736816e+02	 220	 7.333780e+02	 98	 1.424206e+03	 750.00	 750.00	 47.00	 9	 0.74	 
BFE_339	 1	 16	 1215.jpg	 1.425191e+03	 12	 999000	 120	 999000	 999	 1.426208e+03	 750.00	 750.00	 16.00	 36	 0.56	 
BFE_339	 1	 16	 2102.jpg	 1.427193e+03	 24	 999000	 240	 999000	 999	 1.428211e+03	 750.00	 750.00	 77.00	 2	 0.20	 
BFE_339	 1	 16	 1114.jpg	 1.429195e+03	 12	 999000	 120	 999000	 999	 1.430213e+03	 750.00	 750.00	 11.00	 14	 0.67	 
BFE_339	 1	 16	 2202.jpg	 1.432199e+03	 24	 999000	 240	 999000	 999	 1.433216e+03	 750.00	 750.00	 54.00	 23	 0.61	 
BFE_339	 1	 16	 1121.jpg	 1.434201e+03	 12	 999000	 120	 999000	 999	 1.435219e+03	 750.00	 750.00	 3.00	 21	 0.78	 
BFE_339	 1	 16	 2115.jpg	 1.436186e+03	 24	 999000	 240	 999000	 999	 1.437204e+03	 750.00	 750.00	 49.00	 15	 0.69	 
BFE_339	 1	 16	 2201.jpg	 1.438189e+03	 24	 999000	 240	 999000	 999	 1.439207e+03	 750.00	 750.00	 56.00	 22	 0.59	 
BFE_339	 1	 16	 2104.jpg	 1.440191e+03	 24	 999000	 240	 999000	 999	 1.441209e+03	 750.00	 750.00	 57.00	 4	 0.57	 
BFE_339	 1	 16	 2216.jpg	 1.446198e+03	 24	 999000	 240	 999000	 999	 1.447215e+03	 750.00	 750.00	 43.00	 37	 0.92	 
BFE_339	 1	 16	 1207.jpg	 1.449201e+03	 12	 999000	 120	 999000	 999	 1.450219e+03	 750.00	 750.00	 22.00	 28	 0.49	 
BFE_339	 1	 16	 1219.jpg	 1.453189e+03	 12	 999000	 120	 999000	 999	 1.454207e+03	 750.00	 750.00	 14.00	 40	 0.58	 
