subjectID	 order	 runNum	 itemName	 onsetTime	 shuff_trialType	 RT	 respInTime	 AudioTime	 response	 fixationTime	 ladder1	 ladder2	 bidIndex	 itemNameIndex	 bidValue	 
BFE_302	 2	 13	 2218.jpg	 1.660631e+03	 24	 999000	 240	 999000	 999	 1.661648e+03	 616.67	 616.67	 59.00	 39	 0.60	 
BFE_302	 2	 13	 1106.jpg	 1.662633e+03	 12	 999000	 120	 999000	 999	 1.663651e+03	 616.67	 616.67	 20.00	 6	 0.50	 
BFE_302	 2	 13	 2101.jpg	 1.666621e+03	 22	 999000	 2	 6.167157e+02	 999	 1.667638e+03	 616.67	 566.67	 51.00	 1	 0.66	 
BFE_302	 2	 13	 1211.jpg	 1.669624e+03	 12	 999000	 120	 999000	 999	 1.670642e+03	 616.67	 566.67	 13.00	 32	 0.64	 
BFE_302	 2	 13	 2112.jpg	 1.671626e+03	 24	 999000	 240	 999000	 999	 1.672644e+03	 616.67	 566.67	 77.00	 12	 0.16	 
BFE_302	 2	 13	 1202.jpg	 1.674630e+03	 11	 999000	 1	 6.167075e+02	 999	 1.675647e+03	 566.67	 566.67	 17.00	 23	 0.54	 
BFE_302	 2	 13	 1121.jpg	 1.678617e+03	 12	 999000	 120	 999000	 999	 1.679635e+03	 566.67	 566.67	 22.00	 21	 0.47	 
BFE_302	 2	 13	 2219.jpg	 1.682622e+03	 24	 999000	 240	 999000	 999	 1.683640e+03	 566.67	 566.67	 43.00	 40	 0.82	 
BFE_302	 2	 13	 1217.jpg	 1.684624e+03	 12	 999000	 120	 999000	 999	 1.685642e+03	 566.67	 566.67	 18.00	 38	 0.52	 
BFE_302	 2	 13	 1115.jpg	 1.689630e+03	 12	 999000	 120	 999000	 999	 1.690648e+03	 566.67	 566.67	 10.00	 15	 0.69	 
BFE_302	 2	 13	 2215.jpg	 1.691632e+03	 24	 999000	 240	 999000	 999	 1.692650e+03	 566.67	 566.67	 58.00	 36	 0.60	 
BFE_302	 2	 13	 1216.jpg	 1.693617e+03	 12	 999000	 120	 999000	 999	 1.694635e+03	 566.67	 566.67	 12.00	 37	 0.64	 
BFE_302	 2	 13	 1117.jpg	 1.699624e+03	 12	 999000	 120	 999000	 999	 1.700642e+03	 566.67	 566.67	 37.00	 17	 0.20	 
BFE_302	 2	 13	 2204.jpg	 1.701627e+03	 22	 999000	 2	 5.667194e+02	 999	 1.702644e+03	 566.67	 516.67	 49.00	 25	 0.69	 
BFE_302	 2	 13	 1102.jpg	 1.703629e+03	 12	 999000	 120	 999000	 999	 1.704647e+03	 566.67	 516.67	 19.00	 2	 0.52	 
BFE_302	 2	 13	 2208.jpg	 1.705631e+03	 24	 999000	 240	 999000	 999	 1.706649e+03	 566.67	 516.67	 52.00	 29	 0.66	 
BFE_302	 2	 13	 2217.jpg	 1.709619e+03	 24	 999000	 240	 999000	 999	 1.710637e+03	 566.67	 516.67	 55.00	 38	 0.64	 
BFE_302	 2	 13	 1101.jpg	 1.713623e+03	 11	 1.466771e+03	 1100	 5.667070e+02	 98	 1.714641e+03	 516.67	 516.67	 8.00	 1	 0.72	 
BFE_302	 2	 13	 2201.jpg	 1.716627e+03	 22	 1.407416e+03	 2200	 5.166985e+02	 98	 1.717644e+03	 516.67	 466.67	 48.00	 22	 0.69	 
BFE_302	 2	 13	 2109.jpg	 1.720631e+03	 24	 999000	 240	 999000	 999	 1.721649e+03	 516.67	 466.67	 50.00	 9	 0.67	 
BFE_302	 2	 13	 1120.jpg	 1.723618e+03	 12	 999000	 120	 999000	 999	 1.724636e+03	 516.67	 466.67	 21.00	 20	 0.50	 
BFE_302	 2	 13	 2117.jpg	 1.725620e+03	 24	 999000	 240	 999000	 999	 1.726638e+03	 516.67	 466.67	 78.00	 17	 0.16	 
BFE_302	 2	 13	 1218.jpg	 1.729625e+03	 11	 1.377577e+03	 1100	 5.166988e+02	 98	 1.730642e+03	 466.67	 466.67	 16.00	 39	 0.56	 
BFE_302	 2	 13	 2214.jpg	 1.731627e+03	 22	 1.303276e+03	 2200	 4.666982e+02	 98	 1.732645e+03	 466.67	 416.67	 56.00	 35	 0.64	 
BFE_302	 2	 13	 1204.jpg	 1.733629e+03	 12	 999000	 120	 999000	 999	 1.734647e+03	 466.67	 416.67	 7.00	 25	 0.72	 
BFE_302	 2	 13	 1203.jpg	 1.737634e+03	 12	 999000	 120	 999000	 999	 1.738651e+03	 466.67	 416.67	 38.00	 24	 0.16	 
BFE_302	 2	 13	 2106.jpg	 1.739619e+03	 22	 1.247039e+03	 2200	 4.166926e+02	 98	 1.740637e+03	 466.67	 366.67	 57.00	 6	 0.62	 
BFE_302	 2	 13	 2206.jpg	 1.743624e+03	 24	 999000	 240	 999000	 999	 1.744641e+03	 466.67	 366.67	 47.00	 27	 0.70	 
BFE_302	 2	 13	 2121.jpg	 1.747628e+03	 24	 999000	 240	 999000	 999	 1.748646e+03	 466.67	 366.67	 61.00	 21	 0.52	 
BFE_302	 2	 13	 2202.jpg	 1.750631e+03	 24	 999000	 240	 999000	 999	 1.751649e+03	 466.67	 366.67	 60.00	 23	 0.57	 
BFE_302	 2	 13	 2205.jpg	 1.756622e+03	 24	 999000	 240	 999000	 999	 1.757639e+03	 466.67	 366.67	 44.00	 26	 0.77	 
BFE_302	 2	 13	 1206.jpg	 1.758624e+03	 11	 1.274414e+03	 1100	 4.666944e+02	 98	 1.759642e+03	 416.67	 366.67	 11.00	 27	 0.67	 
BFE_302	 2	 13	 2115.jpg	 1.762628e+03	 24	 999000	 240	 999000	 999	 1.763646e+03	 416.67	 366.67	 53.00	 15	 0.65	 
BFE_302	 2	 13	 2207.jpg	 1.764630e+03	 24	 999000	 240	 999000	 999	 1.765648e+03	 416.67	 366.67	 62.00	 28	 0.51	 
BFE_302	 2	 13	 1219.jpg	 1.766633e+03	 12	 999000	 120	 999000	 999	 1.767651e+03	 416.67	 366.67	 4.00	 40	 0.84	 
BFE_302	 2	 13	 1208.jpg	 1.768618e+03	 11	 1.176137e+03	 1100	 4.167042e+02	 98	 1.769636e+03	 366.67	 366.67	 14.00	 29	 0.62	 
BFE_302	 2	 13	 1205.jpg	 1.773624e+03	 11	 1.138233e+03	 1100	 3.666917e+02	 98	 1.774642e+03	 316.67	 366.67	 9.00	 26	 0.72	 
BFE_302	 2	 13	 2211.jpg	 1.775626e+03	 22	 1.072010e+03	 2200	 3.666994e+02	 98	 1.776644e+03	 316.67	 316.67	 54.00	 32	 0.64	 
BFE_302	 2	 13	 1214.jpg	 1.777628e+03	 12	 999000	 120	 999000	 999	 1.778646e+03	 316.67	 316.67	 3.00	 35	 0.84	 
BFE_302	 2	 13	 1109.jpg	 1.780632e+03	 12	 999000	 120	 999000	 999	 1.781649e+03	 316.67	 316.67	 15.00	 9	 0.62	 
