subjectID	 order	 runNum	 itemName	 onsetTime	 shuff_trialType	 RT	 respInTime	 AudioTime	 response	 fixationTime	 ladder1	 ladder2	 bidIndex	 itemNameIndex	 bidValue	 
BFE_336	 2	 14	 1216.jpg	 9.299171e+02	 12	 999000	 120	 999000	 999	 9.309352e+02	 716.67	 650.00	 3.00	 37	 0.75	 
BFE_336	 2	 14	 2101.jpg	 9.349231e+02	 24	 999000	 240	 999000	 999	 9.359409e+02	 716.67	 650.00	 53.00	 1	 0.63	 
BFE_336	 2	 14	 2108.jpg	 9.369253e+02	 24	 999000	 240	 999000	 999	 9.379430e+02	 716.67	 650.00	 62.00	 8	 0.47	 
BFE_336	 2	 14	 2118.jpg	 9.389275e+02	 24	 999000	 240	 999000	 999	 9.399453e+02	 716.67	 650.00	 47.00	 18	 0.76	 
BFE_336	 2	 14	 2113.jpg	 9.449176e+02	 24	 999000	 240	 999000	 999	 9.459353e+02	 716.67	 650.00	 61.00	 13	 0.48	 
BFE_336	 2	 14	 1218.jpg	 9.469198e+02	 12	 999000	 120	 999000	 999	 9.479378e+02	 716.67	 650.00	 4.00	 39	 0.73	 
BFE_336	 2	 14	 2207.jpg	 9.499232e+02	 22	 8.391638e+02	 220	 6.500583e+02	 98	 9.509410e+02	 716.67	 666.67	 57.00	 28	 0.53	 
BFE_336	 2	 14	 2111.jpg	 9.519255e+02	 24	 999000	 240	 999000	 999	 9.529432e+02	 716.67	 666.67	 44.00	 11	 0.78	 
BFE_336	 2	 14	 1110.jpg	 9.559133e+02	 12	 999000	 120	 999000	 999	 9.569310e+02	 716.67	 666.67	 18.00	 10	 0.50	 
BFE_336	 2	 14	 2213.jpg	 9.579156e+02	 24	 999000	 240	 999000	 999	 9.589333e+02	 716.67	 666.67	 58.00	 34	 0.52	 
BFE_336	 2	 14	 2107.jpg	 9.629211e+02	 24	 999000	 240	 999000	 999	 9.639389e+02	 716.67	 666.67	 60.00	 7	 0.49	 
BFE_336	 2	 14	 1101.jpg	 9.699124e+02	 11	 9.779545e+02	 110	 7.167229e+02	 98	 9.709301e+02	 733.33	 666.67	 14.00	 1	 0.54	 
BFE_336	 2	 14	 2202.jpg	 9.719145e+02	 24	 999000	 240	 999000	 999	 9.729324e+02	 733.33	 666.67	 77.00	 23	 0.32	 
BFE_336	 2	 14	 2106.jpg	 9.749179e+02	 24	 999000	 240	 999000	 999	 9.759358e+02	 733.33	 666.67	 55.00	 6	 0.60	 
BFE_336	 2	 14	 2203.jpg	 9.779213e+02	 22	 9.690912e+02	 220	 6.667137e+02	 98	 9.789390e+02	 733.33	 683.33	 56.00	 24	 0.56	 
BFE_336	 2	 14	 1210.jpg	 9.819257e+02	 12	 999000	 120	 999000	 999	 9.829435e+02	 733.33	 683.33	 37.00	 31	 0.34	 
BFE_336	 2	 14	 1203.jpg	 9.859136e+02	 11	 9.687762e+02	 110	 7.333842e+02	 98	 9.869313e+02	 750.00	 683.33	 16.00	 24	 0.51	 
BFE_336	 2	 14	 1215.jpg	 9.899181e+02	 12	 999000	 120	 999000	 999	 9.909358e+02	 750.00	 683.33	 7.00	 36	 0.68	 
BFE_336	 2	 14	 2212.jpg	 9.929214e+02	 24	 999000	 240	 999000	 999	 9.939391e+02	 750.00	 683.33	 59.00	 33	 0.50	 
BFE_336	 2	 14	 2201.jpg	 9.989282e+02	 22	 8.901474e+02	 220	 6.833749e+02	 98	 9.999459e+02	 750.00	 700.00	 49.00	 22	 0.75	 
BFE_336	 2	 14	 1214.jpg	 1.000914e+03	 11	 1.000683e+03	 1100	 7.500505e+02	 98	 1.001933e+03	 700.00	 700.00	 11.00	 35	 0.60	 
BFE_336	 2	 14	 1113.jpg	 1.003917e+03	 11	 2.692660e+02	 11	 7.000535e+02	 98	 1.004935e+03	 716.67	 700.00	 8.00	 13	 0.68	 
BFE_336	 2	 14	 1109.jpg	 1.005919e+03	 11	 9.390694e+02	 110	 7.167083e+02	 98	 1.006937e+03	 733.33	 700.00	 17.00	 9	 0.51	 
BFE_336	 2	 14	 1116.jpg	 1.007922e+03	 12	 999000	 120	 999000	 999	 1.008939e+03	 733.33	 700.00	 22.00	 16	 0.44	 
BFE_336	 2	 14	 2219.jpg	 1.009924e+03	 22	 9.825479e+02	 220	 7.000425e+02	 98	 1.010942e+03	 733.33	 716.67	 54.00	 40	 0.61	 
BFE_336	 2	 14	 1204.jpg	 1.012927e+03	 12	 999000	 120	 999000	 999	 1.013945e+03	 733.33	 716.67	 38.00	 25	 0.33	 
BFE_336	 2	 14	 1213.jpg	 1.016915e+03	 12	 999000	 120	 999000	 999	 1.017933e+03	 733.33	 716.67	 21.00	 34	 0.47	 
BFE_336	 2	 14	 2215.jpg	 1.018917e+03	 24	 999000	 240	 999000	 999	 1.019935e+03	 733.33	 716.67	 78.00	 36	 0.32	 
BFE_336	 2	 14	 1103.jpg	 1.020919e+03	 12	 999000	 120	 999000	 999	 1.021937e+03	 733.33	 716.67	 12.00	 3	 0.57	 
BFE_336	 2	 14	 1208.jpg	 1.022922e+03	 12	 999000	 120	 999000	 999	 1.023939e+03	 733.33	 716.67	 15.00	 29	 0.54	 
BFE_336	 2	 14	 1201.jpg	 1.024924e+03	 12	 999000	 120	 999000	 999	 1.025942e+03	 733.33	 716.67	 10.00	 22	 0.63	 
BFE_336	 2	 14	 2116.jpg	 1.026926e+03	 24	 999000	 240	 999000	 999	 1.027944e+03	 733.33	 716.67	 52.00	 16	 0.66	 
BFE_336	 2	 14	 2206.jpg	 1.030914e+03	 22	 1.008196e+03	 2200	 7.167024e+02	 98	 1.031934e+03	 733.33	 666.67	 48.00	 27	 0.75	 
BFE_336	 2	 14	 1102.jpg	 1.034919e+03	 11	 1.003822e+03	 1100	 7.333813e+02	 98	 1.035939e+03	 683.33	 666.67	 9.00	 2	 0.65	 
BFE_336	 2	 14	 1112.jpg	 1.036921e+03	 12	 999000	 120	 999000	 999	 1.037939e+03	 683.33	 666.67	 13.00	 12	 0.54	 
BFE_336	 2	 14	 1205.jpg	 1.038923e+03	 12	 999000	 120	 999000	 999	 1.039941e+03	 683.33	 666.67	 20.00	 26	 0.48	 
BFE_336	 2	 14	 2208.jpg	 1.040925e+03	 24	 999000	 240	 999000	 999	 1.041943e+03	 683.33	 666.67	 50.00	 29	 0.67	 
BFE_336	 2	 14	 2103.jpg	 1.042928e+03	 24	 999000	 240	 999000	 999	 1.043945e+03	 683.33	 666.67	 43.00	 3	 0.79	 
BFE_336	 2	 14	 1219.jpg	 1.048918e+03	 12	 999000	 120	 999000	 999	 1.049935e+03	 683.33	 666.67	 19.00	 40	 0.50	 
BFE_336	 2	 14	 2218.jpg	 1.050920e+03	 22	 8.665844e+02	 220	 6.667070e+02	 98	 1.051938e+03	 683.33	 683.33	 51.00	 39	 0.66	 
