subjectID	 order	 runNum	 itemName	 onsetTime	 shuff_trialType	 RT	 respInTime	 AudioTime	 response	 fixationTime	 ladder1	 ladder2	 bidIndex	 itemNameIndex	 bidValue	 
BFE_340	 2	 7	 2105.jpg	 1.305598e+00	 24	 999000	 240	 999000	 999	 2.323472e+00	 750.00	 750.00	 50.00	 5	 0.73	 
BFE_340	 2	 7	 2219.jpg	 4.309055e+00	 22	 1.013063e+03	 2200	 7.506518e+02	 98	 5.326963e+00	 750.00	 700.00	 57.00	 40	 0.57	 
BFE_340	 2	 7	 1105.jpg	 8.296850e+00	 12	 999000	 120	 999000	 999	 9.314707e+00	 750.00	 700.00	 21.00	 5	 0.49	 
BFE_340	 2	 7	 2116.jpg	 1.029905e+01	 24	 999000	 240	 999000	 999	 1.131682e+01	 750.00	 700.00	 53.00	 16	 0.65	 
BFE_340	 2	 7	 1218.jpg	 1.230145e+01	 12	 999000	 120	 999000	 999	 1.331912e+01	 750.00	 700.00	 20.00	 39	 0.53	 
BFE_340	 2	 7	 2101.jpg	 1.630578e+01	 24	 999000	 240	 999000	 999	 1.732360e+01	 750.00	 700.00	 78.00	 1	 0.17	 
BFE_340	 2	 7	 2117.jpg	 1.830809e+01	 22	 9.580075e+02	 220	 7.000492e+02	 98	 1.932584e+01	 750.00	 716.67	 56.00	 17	 0.59	 
BFE_340	 2	 7	 2217.jpg	 2.329707e+01	 24	 999000	 240	 999000	 999	 2.431479e+01	 750.00	 716.67	 55.00	 38	 0.61	 
BFE_340	 2	 7	 2103.jpg	 2.529919e+01	 24	 999000	 240	 999000	 999	 2.631698e+01	 750.00	 716.67	 44.00	 3	 0.85	 
BFE_340	 2	 7	 1120.jpg	 2.830259e+01	 12	 999000	 120	 999000	 999	 2.932041e+01	 750.00	 716.67	 12.00	 20	 0.67	 
BFE_340	 2	 7	 1204.jpg	 3.130598e+01	 12	 999000	 120	 999000	 999	 3.232373e+01	 750.00	 716.67	 22.00	 25	 0.47	 
BFE_340	 2	 7	 1103.jpg	 3.531043e+01	 12	 999000	 120	 999000	 999	 3.632821e+01	 750.00	 716.67	 4.00	 3	 0.81	 
BFE_340	 2	 7	 1217.jpg	 3.829712e+01	 12	 999000	 120	 999000	 999	 3.931491e+01	 750.00	 716.67	 15.00	 38	 0.56	 
BFE_340	 2	 7	 1106.jpg	 4.029942e+01	 11	 1.006682e+03	 1100	 7.506020e+02	 98	 4.131927e+01	 700.00	 716.67	 14.00	 6	 0.63	 
BFE_340	 2	 7	 2113.jpg	 4.330278e+01	 24	 999000	 240	 999000	 999	 4.432058e+01	 700.00	 716.67	 43.00	 13	 0.88	 
BFE_340	 2	 7	 2218.jpg	 4.730719e+01	 24	 999000	 240	 999000	 999	 4.832502e+01	 700.00	 716.67	 58.00	 39	 0.57	 
BFE_340	 2	 7	 1118.jpg	 5.029364e+01	 12	 999000	 120	 999000	 999	 5.131167e+01	 700.00	 716.67	 19.00	 18	 0.54	 
BFE_340	 2	 7	 2114.jpg	 5.229615e+01	 24	 999000	 240	 999000	 999	 5.331393e+01	 700.00	 716.67	 52.00	 14	 0.66	 
BFE_340	 2	 7	 1121.jpg	 5.429840e+01	 12	 999000	 120	 999000	 999	 5.531623e+01	 700.00	 716.67	 10.00	 21	 0.72	 
BFE_340	 2	 7	 2213.jpg	 5.930402e+01	 24	 999000	 240	 999000	 999	 6.032175e+01	 700.00	 716.67	 62.00	 34	 0.51	 
BFE_340	 2	 7	 1107.jpg	 6.330850e+01	 12	 999000	 120	 999000	 999	 6.432634e+01	 700.00	 716.67	 13.00	 7	 0.64	 
BFE_340	 2	 7	 2202.jpg	 6.729648e+01	 24	 999000	 240	 999000	 999	 6.831412e+01	 700.00	 716.67	 60.00	 23	 0.54	 
BFE_340	 2	 7	 2208.jpg	 7.330300e+01	 24	 999000	 240	 999000	 999	 7.432082e+01	 700.00	 716.67	 77.00	 29	 0.18	 
BFE_340	 2	 7	 1219.jpg	 7.530526e+01	 11	 9.608089e+02	 110	 7.000313e+02	 98	 7.632302e+01	 716.67	 716.67	 17.00	 40	 0.55	 
BFE_340	 2	 7	 1201.jpg	 7.730751e+01	 11	 9.825676e+02	 110	 7.167604e+02	 98	 7.832533e+01	 733.33	 716.67	 8.00	 22	 0.75	 
BFE_340	 2	 7	 2109.jpg	 7.930975e+01	 22	 9.403415e+02	 220	 7.167157e+02	 98	 8.032751e+01	 733.33	 733.33	 51.00	 9	 0.71	 
BFE_340	 2	 7	 2203.jpg	 8.129544e+01	 24	 999000	 240	 999000	 999	 8.231310e+01	 733.33	 733.33	 61.00	 24	 0.53	 
BFE_340	 2	 7	 1117.jpg	 8.529988e+01	 12	 999000	 120	 999000	 999	 8.631756e+01	 733.33	 733.33	 3.00	 17	 0.85	 
BFE_340	 2	 7	 1115.jpg	 8.730221e+01	 11	 9.558658e+02	 110	 7.333713e+02	 98	 8.831985e+01	 750.00	 733.33	 11.00	 15	 0.69	 
BFE_340	 2	 7	 1206.jpg	 9.130662e+01	 12	 999000	 120	 999000	 999	 9.232440e+01	 750.00	 733.33	 7.00	 27	 0.76	 
BFE_340	 2	 7	 1109.jpg	 9.330929e+01	 12	 999000	 120	 999000	 999	 9.432661e+01	 750.00	 733.33	 18.00	 9	 0.54	 
BFE_340	 2	 7	 2211.jpg	 9.529410e+01	 22	 9.639710e+02	 220	 7.333797e+02	 98	 9.631226e+01	 750.00	 750.00	 48.00	 32	 0.76	 
BFE_340	 2	 7	 2115.jpg	 9.729660e+01	 22	 9.534926e+02	 220	 7.500431e+02	 98	 9.831437e+01	 750.00	 766.67	 49.00	 15	 0.73	 
BFE_340	 2	 7	 1208.jpg	 1.023023e+02	 12	 999000	 120	 999000	 999	 1.033200e+02	 750.00	 766.67	 38.00	 29	 0.16	 
BFE_340	 2	 7	 2209.jpg	 1.043044e+02	 22	 1.137653e+03	 2200	 7.667464e+02	 98	 1.053240e+02	 750.00	 716.67	 54.00	 30	 0.63	 
BFE_340	 2	 7	 1119.jpg	 1.063067e+02	 12	 999000	 120	 999000	 999	 1.073245e+02	 750.00	 716.67	 37.00	 19	 0.19	 
BFE_340	 2	 7	 2102.jpg	 1.093100e+02	 24	 999000	 240	 999000	 999	 1.103278e+02	 750.00	 716.67	 47.00	 2	 0.81	 
BFE_340	 2	 7	 1213.jpg	 1.163013e+02	 11	 9.727487e+02	 110	 7.500396e+02	 98	 1.173191e+02	 766.67	 716.67	 16.00	 34	 0.56	 
BFE_340	 2	 7	 2111.jpg	 1.203057e+02	 24	 999000	 240	 999000	 999	 1.213235e+02	 766.67	 716.67	 59.00	 11	 0.55	 
BFE_340	 2	 7	 1114.jpg	 1.272970e+02	 11	 1.009141e+03	 1100	 7.667122e+02	 98	 1.283152e+02	 716.67	 716.67	 9.00	 14	 0.74	 
