subjectID	 order	 runNum	 itemName	 onsetTime	 shuff_trialType	 RT	 respInTime	 AudioTime	 response	 fixationTime	 ladder1	 ladder2	 bidIndex	 itemNameIndex	 bidValue	 
BFE_340	 2	 17	 2102.jpg	 1.324572e+03	 24	 999000	 240	 999000	 999	 1.325590e+03	 916.67	 916.67	 47.00	 2	 0.81	 
BFE_340	 2	 17	 1103.jpg	 1.329562e+03	 12	 999000	 120	 999000	 999	 1.330579e+03	 916.67	 916.67	 4.00	 3	 0.81	 
BFE_340	 2	 17	 2213.jpg	 1.331564e+03	 24	 999000	 240	 999000	 999	 1.332581e+03	 916.67	 916.67	 62.00	 34	 0.51	 
BFE_340	 2	 17	 1114.jpg	 1.333566e+03	 11	 5.961860e+02	 11	 9.167293e+02	 98	 1.334584e+03	 916.67	 916.67	 9.00	 14	 0.74	 
BFE_340	 2	 17	 2217.jpg	 1.339556e+03	 24	 999000	 240	 999000	 999	 1.340574e+03	 916.67	 916.67	 55.00	 38	 0.61	 
BFE_340	 2	 17	 2111.jpg	 1.341558e+03	 24	 999000	 240	 999000	 999	 1.342576e+03	 916.67	 916.67	 59.00	 11	 0.55	 
BFE_340	 2	 17	 2109.jpg	 1.344562e+03	 22	 7.125697e+02	 22	 9.167293e+02	 98	 1.345579e+03	 916.67	 916.67	 51.00	 9	 0.71	 
BFE_340	 2	 17	 2114.jpg	 1.346564e+03	 24	 999000	 240	 999000	 999	 1.347582e+03	 916.67	 916.67	 52.00	 14	 0.66	 
BFE_340	 2	 17	 1201.jpg	 1.350568e+03	 11	 5.218423e+02	 11	 9.167094e+02	 98	 1.351586e+03	 916.67	 916.67	 8.00	 22	 0.75	 
BFE_340	 2	 17	 2105.jpg	 1.352554e+03	 24	 999000	 240	 999000	 999	 1.353572e+03	 916.67	 916.67	 50.00	 5	 0.73	 
BFE_340	 2	 17	 1109.jpg	 1.357559e+03	 12	 999000	 120	 999000	 999	 1.358577e+03	 916.67	 916.67	 18.00	 9	 0.54	 
BFE_340	 2	 17	 1115.jpg	 1.364567e+03	 11	 1.114753e+03	 1100	 9.167258e+02	 98	 1.365585e+03	 866.67	 916.67	 11.00	 15	 0.69	 
BFE_340	 2	 17	 2113.jpg	 1.366570e+03	 24	 999000	 240	 999000	 999	 1.367587e+03	 866.67	 916.67	 43.00	 13	 0.88	 
BFE_340	 2	 17	 1120.jpg	 1.369556e+03	 12	 999000	 120	 999000	 999	 1.370574e+03	 866.67	 916.67	 12.00	 20	 0.67	 
BFE_340	 2	 17	 2209.jpg	 1.372560e+03	 22	 5.385263e+02	 22	 9.167105e+02	 98	 1.373577e+03	 866.67	 916.67	 54.00	 30	 0.63	 
BFE_340	 2	 17	 1208.jpg	 1.376564e+03	 12	 999000	 120	 999000	 999	 1.377582e+03	 866.67	 916.67	 38.00	 29	 0.16	 
BFE_340	 2	 17	 2115.jpg	 1.380569e+03	 22	 6.175056e+02	 22	 9.167083e+02	 98	 1.381586e+03	 866.67	 916.67	 49.00	 15	 0.73	 
BFE_340	 2	 17	 2211.jpg	 1.384556e+03	 22	 7.016746e+02	 22	 9.167137e+02	 98	 1.385574e+03	 866.67	 916.67	 48.00	 32	 0.76	 
BFE_340	 2	 17	 1107.jpg	 1.387560e+03	 12	 999000	 120	 999000	 999	 1.388578e+03	 866.67	 916.67	 13.00	 7	 0.64	 
BFE_340	 2	 17	 1204.jpg	 1.393566e+03	 12	 4.756624e+02	 12	 999000	 98	 1.394584e+03	 866.67	 916.67	 22.00	 25	 0.47	 
BFE_340	 2	 17	 1217.jpg	 1.395569e+03	 12	 999000	 120	 999000	 999	 1.396586e+03	 866.67	 916.67	 15.00	 38	 0.56	 
BFE_340	 2	 17	 2203.jpg	 1.398555e+03	 24	 999000	 240	 999000	 999	 1.399573e+03	 866.67	 916.67	 61.00	 24	 0.53	 
BFE_340	 2	 17	 2117.jpg	 1.400558e+03	 22	 5.643904e+02	 22	 9.167078e+02	 98	 1.401575e+03	 866.67	 916.67	 56.00	 17	 0.59	 
BFE_340	 2	 17	 1218.jpg	 1.402560e+03	 12	 999000	 120	 999000	 999	 1.403578e+03	 866.67	 916.67	 20.00	 39	 0.53	 
BFE_340	 2	 17	 1105.jpg	 1.404562e+03	 12	 999000	 120	 999000	 999	 1.405580e+03	 866.67	 916.67	 21.00	 5	 0.49	 
BFE_340	 2	 17	 2208.jpg	 1.407565e+03	 24	 999000	 240	 999000	 999	 1.408583e+03	 866.67	 916.67	 77.00	 29	 0.18	 
BFE_340	 2	 17	 1118.jpg	 1.411553e+03	 12	 999000	 120	 999000	 999	 1.412571e+03	 866.67	 916.67	 19.00	 18	 0.54	 
BFE_340	 2	 17	 2202.jpg	 1.413556e+03	 24	 999000	 240	 999000	 999	 1.414573e+03	 866.67	 916.67	 60.00	 23	 0.54	 
BFE_340	 2	 17	 1213.jpg	 1.415558e+03	 11	 5.962820e+02	 11	 8.667163e+02	 98	 1.416576e+03	 883.33	 916.67	 16.00	 34	 0.56	 
BFE_340	 2	 17	 1119.jpg	 1.417560e+03	 12	 999000	 120	 999000	 999	 1.418578e+03	 883.33	 916.67	 37.00	 19	 0.19	 
BFE_340	 2	 17	 1206.jpg	 1.419562e+03	 12	 999000	 120	 999000	 999	 1.420580e+03	 883.33	 916.67	 7.00	 27	 0.76	 
BFE_340	 2	 17	 2219.jpg	 1.421564e+03	 22	 7.176223e+02	 22	 9.167113e+02	 98	 1.422582e+03	 883.33	 916.67	 57.00	 40	 0.57	 
BFE_340	 2	 17	 2116.jpg	 1.425569e+03	 24	 999000	 240	 999000	 999	 1.426587e+03	 883.33	 916.67	 53.00	 16	 0.65	 
BFE_340	 2	 17	 2218.jpg	 1.429557e+03	 24	 999000	 240	 999000	 999	 1.430575e+03	 883.33	 916.67	 58.00	 39	 0.57	 
BFE_340	 2	 17	 1121.jpg	 1.431559e+03	 12	 999000	 120	 999000	 999	 1.432577e+03	 883.33	 916.67	 10.00	 21	 0.72	 
BFE_340	 2	 17	 1219.jpg	 1.433561e+03	 11	 5.608180e+02	 11	 8.833854e+02	 98	 1.434579e+03	 900.00	 916.67	 17.00	 40	 0.55	 
BFE_340	 2	 17	 1106.jpg	 1.435564e+03	 11	 5.504958e+02	 11	 9.000532e+02	 98	 1.436581e+03	 916.67	 916.67	 14.00	 6	 0.63	 
BFE_340	 2	 17	 2101.jpg	 1.437566e+03	 24	 999000	 240	 999000	 999	 1.438584e+03	 916.67	 916.67	 78.00	 1	 0.17	 
BFE_340	 2	 17	 1117.jpg	 1.443556e+03	 12	 999000	 120	 999000	 999	 1.444574e+03	 916.67	 916.67	 3.00	 17	 0.85	 
BFE_340	 2	 17	 2103.jpg	 1.445558e+03	 24	 999000	 240	 999000	 999	 1.446576e+03	 916.67	 916.67	 44.00	 3	 0.85	 
