subjectID	 order	 runNum	 itemName	 onsetTime	 shuff_trialType	 RT	 respInTime	 AudioTime	 response	 fixationTime	 ladder1	 ladder2	 bidIndex	 itemNameIndex	 bidValue	 
BFE_132	 2	 12	 1105.jpg	 6.273189e+02	 11	 9.076300e+02	 110	 5.834004e+02	 98	 6.283368e+02	 600.00	 516.67	 14.00	 5	 0.60	 
BFE_132	 2	 12	 2116.jpg	 6.303057e+02	 24	 999000	 240	 999000	 999	 6.313234e+02	 600.00	 516.67	 61.00	 16	 0.55	 
BFE_132	 2	 12	 1219.jpg	 6.323080e+02	 12	 999000	 120	 999000	 999	 6.333256e+02	 600.00	 516.67	 20.00	 40	 0.55	 
BFE_132	 2	 12	 2102.jpg	 6.343102e+02	 24	 999000	 240	 999000	 999	 6.353280e+02	 600.00	 516.67	 59.00	 2	 0.61	 
BFE_132	 2	 12	 1104.jpg	 6.363141e+02	 12	 999000	 120	 999000	 999	 6.373302e+02	 600.00	 516.67	 12.00	 4	 0.61	 
BFE_132	 2	 12	 2216.jpg	 6.393158e+02	 24	 999000	 240	 999000	 999	 6.403336e+02	 600.00	 516.67	 50.00	 37	 0.75	 
BFE_132	 2	 12	 1116.jpg	 6.413014e+02	 12	 999000	 120	 999000	 999	 6.423191e+02	 600.00	 516.67	 18.00	 16	 0.56	 
BFE_132	 2	 12	 1218.jpg	 6.453059e+02	 12	 999000	 120	 999000	 999	 6.463237e+02	 600.00	 516.67	 19.00	 39	 0.56	 
BFE_132	 2	 12	 2217.jpg	 6.473081e+02	 22	 8.784767e+02	 220	 5.167077e+02	 98	 6.483259e+02	 600.00	 533.33	 49.00	 38	 0.76	 
BFE_132	 2	 12	 2110.jpg	 6.523137e+02	 22	 9.288374e+02	 220	 5.333657e+02	 98	 6.533315e+02	 600.00	 550.00	 54.00	 10	 0.65	 
BFE_132	 2	 12	 1113.jpg	 6.543159e+02	 11	 1.198666e+03	 1100	 6.000379e+02	 98	 6.553336e+02	 550.00	 550.00	 9.00	 13	 0.65	 
BFE_132	 2	 12	 1216.jpg	 6.583037e+02	 12	 999000	 120	 999000	 999	 6.593215e+02	 550.00	 550.00	 4.00	 37	 0.76	 
BFE_132	 2	 12	 2211.jpg	 6.603060e+02	 24	 999000	 240	 999000	 999	 6.613238e+02	 550.00	 550.00	 60.00	 32	 0.59	 
BFE_132	 2	 12	 1215.jpg	 6.633093e+02	 11	 9.892384e+02	 110	 5.500258e+02	 98	 6.643271e+02	 566.67	 550.00	 17.00	 36	 0.56	 
BFE_132	 2	 12	 2107.jpg	 6.683150e+02	 22	 1.079582e+03	 2200	 5.500306e+02	 98	 6.693327e+02	 566.67	 500.00	 57.00	 7	 0.62	 
BFE_132	 2	 12	 1115.jpg	 6.703002e+02	 12	 999000	 120	 999000	 999	 6.713183e+02	 566.67	 500.00	 3.00	 15	 0.77	 
BFE_132	 2	 12	 1211.jpg	 6.723027e+02	 12	 999000	 120	 999000	 999	 6.733205e+02	 566.67	 500.00	 10.00	 32	 0.64	 
BFE_132	 2	 12	 2115.jpg	 6.763072e+02	 24	 999000	 240	 999000	 999	 6.773250e+02	 566.67	 500.00	 43.00	 15	 0.84	 
BFE_132	 2	 12	 2103.jpg	 6.803117e+02	 22	 1.186825e+03	 2200	 5.000335e+02	 98	 6.813295e+02	 566.67	 450.00	 48.00	 3	 0.76	 
BFE_132	 2	 12	 2219.jpg	 6.843163e+02	 24	 999000	 240	 999000	 999	 6.853341e+02	 566.67	 450.00	 53.00	 40	 0.66	 
BFE_132	 2	 12	 1209.jpg	 6.863018e+02	 12	 999000	 120	 999000	 999	 6.873196e+02	 566.67	 450.00	 21.00	 30	 0.55	 
BFE_132	 2	 12	 1110.jpg	 6.883040e+02	 11	 1.042521e+03	 1100	 5.667031e+02	 98	 6.893219e+02	 516.67	 450.00	 8.00	 10	 0.66	 
BFE_132	 2	 12	 2114.jpg	 6.903062e+02	 24	 999000	 240	 999000	 999	 6.913240e+02	 516.67	 450.00	 44.00	 14	 0.80	 
BFE_132	 2	 12	 1118.jpg	 6.923085e+02	 12	 999000	 120	 999000	 999	 6.933263e+02	 516.67	 450.00	 38.00	 18	 0.16	 
BFE_132	 2	 12	 1109.jpg	 6.983153e+02	 11	 9.673098e+02	 110	 5.167039e+02	 98	 6.993331e+02	 533.33	 450.00	 16.00	 9	 0.59	 
BFE_132	 2	 12	 2201.jpg	 7.013019e+02	 24	 999000	 240	 999000	 999	 7.023197e+02	 533.33	 450.00	 47.00	 22	 0.77	 
BFE_132	 2	 12	 2104.jpg	 7.033042e+02	 24	 999000	 240	 999000	 999	 7.043219e+02	 533.33	 450.00	 77.00	 4	 0.29	 
BFE_132	 2	 12	 2108.jpg	 7.053064e+02	 24	 999000	 240	 999000	 999	 7.063242e+02	 533.33	 450.00	 78.00	 8	 0.25	 
BFE_132	 2	 12	 1204.jpg	 7.083098e+02	 12	 999000	 120	 999000	 999	 7.093276e+02	 533.33	 450.00	 22.00	 25	 0.54	 
BFE_132	 2	 12	 2214.jpg	 7.103120e+02	 22	 999000	 2	 4.500290e+02	 999	 7.113299e+02	 533.33	 400.00	 51.00	 35	 0.75	 
BFE_132	 2	 12	 2109.jpg	 7.123142e+02	 22	 8.803448e+02	 220	 4.000475e+02	 98	 7.133321e+02	 533.33	 416.67	 56.00	 9	 0.63	 
BFE_132	 2	 12	 1208.jpg	 7.142995e+02	 12	 999000	 120	 999000	 999	 7.153176e+02	 533.33	 416.67	 15.00	 29	 0.59	 
BFE_132	 2	 12	 1206.jpg	 7.173032e+02	 12	 999000	 120	 999000	 999	 7.183209e+02	 533.33	 416.67	 7.00	 27	 0.67	 
BFE_132	 2	 12	 1213.jpg	 7.193055e+02	 11	 9.690513e+02	 110	 5.333636e+02	 98	 7.203232e+02	 550.00	 416.67	 11.00	 34	 0.61	 
BFE_132	 2	 12	 2112.jpg	 7.213077e+02	 24	 999000	 240	 999000	 999	 7.223255e+02	 550.00	 416.67	 55.00	 12	 0.64	 
BFE_132	 2	 12	 2106.jpg	 7.233100e+02	 24	 2.125573e+02	 24	 999000	 98	 7.243278e+02	 550.00	 416.67	 58.00	 6	 0.61	 
BFE_132	 2	 12	 1120.jpg	 7.253122e+02	 12	 999000	 120	 999000	 999	 7.263300e+02	 550.00	 416.67	 37.00	 20	 0.23	 
BFE_132	 2	 12	 2202.jpg	 7.313023e+02	 24	 999000	 240	 999000	 999	 7.323200e+02	 550.00	 416.67	 52.00	 23	 0.67	 
BFE_132	 2	 12	 1102.jpg	 7.343056e+02	 12	 999000	 120	 999000	 999	 7.353235e+02	 550.00	 416.67	 13.00	 2	 0.60	 
BFE_132	 2	 12	 2215.jpg	 7.383102e+02	 24	 999000	 240	 999000	 999	 7.393279e+02	 550.00	 416.67	 62.00	 36	 0.55	 
