subjectID	 order	 runNum	 itemName	 onsetTime	 shuff_trialType	 RT	 respInTime	 AudioTime	 response	 fixationTime	 ladder1	 ladder2	 bidIndex	 itemNameIndex	 bidValue	 
BFE_334	 2	 9	 1110.jpg	 2.606628e+02	 12	 999000	 120	 999000	 999	 2.616806e+02	 616.67	 550.00	 13.00	 10	 0.60	 
BFE_334	 2	 9	 1107.jpg	 2.636662e+02	 12	 999000	 120	 999000	 999	 2.646839e+02	 616.67	 550.00	 20.00	 7	 0.47	 
BFE_334	 2	 9	 1113.jpg	 2.676540e+02	 11	 9.804994e+02	 110	 6.167257e+02	 98	 2.686717e+02	 633.33	 550.00	 9.00	 13	 0.66	 
BFE_334	 2	 9	 2107.jpg	 2.696562e+02	 24	 999000	 240	 999000	 999	 2.706740e+02	 633.33	 550.00	 55.00	 7	 0.51	 
BFE_334	 2	 9	 2218.jpg	 2.716584e+02	 22	 8.881066e+02	 220	 5.500579e+02	 98	 2.726763e+02	 633.33	 566.67	 54.00	 39	 0.52	 
BFE_334	 2	 9	 2106.jpg	 2.756629e+02	 24	 999000	 240	 999000	 999	 2.766807e+02	 633.33	 566.67	 53.00	 6	 0.55	 
BFE_334	 2	 9	 2116.jpg	 2.776652e+02	 22	 8.974051e+02	 220	 5.667155e+02	 98	 2.786830e+02	 633.33	 583.33	 57.00	 16	 0.50	 
BFE_334	 2	 9	 2219.jpg	 2.826541e+02	 24	 999000	 240	 999000	 999	 2.836720e+02	 633.33	 583.33	 44.00	 40	 0.80	 
BFE_334	 2	 9	 1208.jpg	 2.846564e+02	 12	 999000	 120	 999000	 999	 2.856741e+02	 633.33	 583.33	 3.00	 29	 0.81	 
BFE_334	 2	 9	 2210.jpg	 2.876599e+02	 24	 999000	 240	 999000	 999	 2.886775e+02	 633.33	 583.33	 59.00	 31	 0.47	 
BFE_334	 2	 9	 2109.jpg	 2.906631e+02	 24	 999000	 240	 999000	 999	 2.916816e+02	 633.33	 583.33	 60.00	 9	 0.47	 
BFE_334	 2	 9	 2105.jpg	 2.946676e+02	 24	 999000	 240	 999000	 999	 2.956854e+02	 633.33	 583.33	 58.00	 5	 0.48	 
BFE_334	 2	 9	 1218.jpg	 2.976542e+02	 12	 999000	 120	 999000	 999	 2.986720e+02	 633.33	 583.33	 10.00	 39	 0.63	 
BFE_334	 2	 9	 1121.jpg	 2.996565e+02	 11	 1.018033e+03	 1100	 6.333863e+02	 98	 3.006742e+02	 583.33	 583.33	 14.00	 21	 0.58	 
BFE_334	 2	 9	 1109.jpg	 3.026599e+02	 11	 9.586678e+02	 110	 5.833816e+02	 98	 3.036777e+02	 600.00	 583.33	 16.00	 9	 0.51	 
BFE_334	 2	 9	 1216.jpg	 3.066643e+02	 11	 9.942974e+02	 110	 6.000388e+02	 98	 3.076822e+02	 616.67	 583.33	 8.00	 37	 0.67	 
BFE_334	 2	 9	 2110.jpg	 3.096677e+02	 24	 999000	 240	 999000	 999	 3.106854e+02	 616.67	 583.33	 50.00	 10	 0.67	 
BFE_334	 2	 9	 1211.jpg	 3.116529e+02	 12	 999000	 120	 999000	 999	 3.126710e+02	 616.67	 583.33	 4.00	 32	 0.80	 
BFE_334	 2	 9	 2112.jpg	 3.136557e+02	 24	 999000	 240	 999000	 999	 3.146732e+02	 616.67	 583.33	 61.00	 12	 0.45	 
BFE_334	 2	 9	 1102.jpg	 3.186611e+02	 12	 999000	 120	 999000	 999	 3.196788e+02	 616.67	 583.33	 38.00	 2	 0.22	 
BFE_334	 2	 9	 2211.jpg	 3.226656e+02	 22	 9.689544e+02	 220	 5.833855e+02	 98	 3.236835e+02	 616.67	 600.00	 48.00	 32	 0.73	 
BFE_334	 2	 9	 1117.jpg	 3.266531e+02	 11	 9.494007e+02	 110	 6.167028e+02	 98	 3.276711e+02	 633.33	 600.00	 11.00	 17	 0.62	 
BFE_334	 2	 9	 1111.jpg	 3.326601e+02	 12	 999000	 120	 999000	 999	 3.336779e+02	 633.33	 600.00	 18.00	 11	 0.48	 
BFE_334	 2	 9	 1205.jpg	 3.346624e+02	 12	 999000	 120	 999000	 999	 3.356801e+02	 633.33	 600.00	 21.00	 26	 0.47	 
BFE_334	 2	 9	 2113.jpg	 3.366646e+02	 24	 999000	 240	 999000	 999	 3.376824e+02	 633.33	 600.00	 52.00	 13	 0.62	 
BFE_334	 2	 9	 2217.jpg	 3.386669e+02	 24	 999000	 240	 999000	 999	 3.396846e+02	 633.33	 600.00	 77.00	 38	 0.30	 
BFE_334	 2	 9	 1219.jpg	 3.406521e+02	 12	 999000	 120	 999000	 999	 3.416702e+02	 633.33	 600.00	 15.00	 40	 0.56	 
BFE_334	 2	 9	 1119.jpg	 3.446570e+02	 12	 999000	 120	 999000	 999	 3.456747e+02	 633.33	 600.00	 19.00	 19	 0.47	 
BFE_334	 2	 9	 2216.jpg	 3.466591e+02	 24	 999000	 240	 999000	 999	 3.476769e+02	 633.33	 600.00	 43.00	 37	 0.84	 
BFE_334	 2	 9	 2204.jpg	 3.506637e+02	 22	 9.708545e+02	 220	 6.000458e+02	 98	 3.516814e+02	 633.33	 616.67	 49.00	 25	 0.71	 
BFE_334	 2	 9	 2206.jpg	 3.526658e+02	 24	 999000	 240	 999000	 999	 3.536837e+02	 633.33	 616.67	 62.00	 27	 0.44	 
BFE_334	 2	 9	 1214.jpg	 3.546682e+02	 11	 9.904025e+02	 110	 6.333840e+02	 98	 3.556859e+02	 650.00	 616.67	 17.00	 35	 0.48	 
BFE_334	 2	 9	 1209.jpg	 3.566536e+02	 12	 999000	 120	 999000	 999	 3.576715e+02	 650.00	 616.67	 37.00	 30	 0.28	 
BFE_334	 2	 9	 1215.jpg	 3.616593e+02	 12	 999000	 120	 999000	 999	 3.626770e+02	 650.00	 616.67	 7.00	 36	 0.69	 
BFE_334	 2	 9	 2209.jpg	 3.636615e+02	 22	 1.045062e+03	 2200	 6.167129e+02	 98	 3.646793e+02	 650.00	 566.67	 51.00	 30	 0.67	 
BFE_334	 2	 9	 2202.jpg	 3.656637e+02	 24	 999000	 240	 999000	 999	 3.666815e+02	 650.00	 566.67	 78.00	 23	 0.27	 
BFE_334	 2	 9	 2205.jpg	 3.686672e+02	 24	 999000	 240	 999000	 999	 3.696849e+02	 650.00	 566.67	 47.00	 26	 0.77	 
BFE_334	 2	 9	 1206.jpg	 3.756583e+02	 12	 999000	 120	 999000	 999	 3.766761e+02	 650.00	 566.67	 22.00	 27	 0.46	 
BFE_334	 2	 9	 1213.jpg	 3.796628e+02	 12	 999000	 120	 999000	 999	 3.806806e+02	 650.00	 566.67	 12.00	 34	 0.61	 
BFE_334	 2	 9	 2214.jpg	 3.866540e+02	 22	 1.036528e+03	 2200	 5.667148e+02	 98	 3.876718e+02	 650.00	 516.67	 56.00	 35	 0.51	 
