subjectID	 order	 runNum	 itemName	 onsetTime	 shuff_trialType	 RT	 respInTime	 AudioTime	 response	 fixationTime	 ladder1	 ladder2	 bidIndex	 itemNameIndex	 bidValue	 
BFE_305	 1	 10	 2121.jpg	 1.144615e+03	 24	 3.388970e+02	 24	 999000	 98	 1.145633e+03	 383.33	 516.67	 54.00	 21	 0.63	 
BFE_305	 1	 10	 1214.jpg	 1.146601e+03	 11	 6.652758e+02	 110	 3.833893e+02	 98	 1.147618e+03	 400.00	 516.67	 7.00	 35	 0.77	 
BFE_305	 1	 10	 1219.jpg	 1.150605e+03	 12	 999000	 120	 999000	 999	 1.151623e+03	 400.00	 516.67	 19.00	 40	 0.51	 
BFE_305	 1	 10	 2113.jpg	 1.153608e+03	 24	 999000	 240	 999000	 999	 1.154626e+03	 400.00	 516.67	 78.00	 13	 0.25	 
BFE_305	 1	 10	 1210.jpg	 1.155611e+03	 12	 999000	 120	 999000	 999	 1.156628e+03	 400.00	 516.67	 8.00	 31	 0.69	 
BFE_305	 1	 10	 2203.jpg	 1.158614e+03	 24	 999000	 240	 999000	 999	 1.159632e+03	 400.00	 516.67	 43.00	 24	 0.81	 
BFE_305	 1	 10	 1209.jpg	 1.162602e+03	 12	 999000	 120	 999000	 999	 1.163620e+03	 400.00	 516.67	 20.00	 30	 0.50	 
BFE_305	 1	 10	 1121.jpg	 1.166606e+03	 12	 999000	 120	 999000	 999	 1.167624e+03	 400.00	 516.67	 16.00	 21	 0.58	 
BFE_305	 1	 10	 1205.jpg	 1.168609e+03	 11	 999000	 1	 4.000279e+02	 999	 1.169626e+03	 350.00	 516.67	 15.00	 26	 0.59	 
BFE_305	 1	 10	 2106.jpg	 1.173614e+03	 24	 999000	 240	 999000	 999	 1.174632e+03	 350.00	 516.67	 62.00	 6	 0.46	 
BFE_305	 1	 10	 2120.jpg	 1.175600e+03	 22	 1.130140e+03	 2200	 5.167200e+02	 98	 1.176617e+03	 350.00	 466.67	 53.00	 20	 0.63	 
BFE_305	 1	 10	 2218.jpg	 1.177602e+03	 22	 999000	 2	 4.667036e+02	 999	 1.178620e+03	 350.00	 416.67	 47.00	 39	 0.73	 
BFE_305	 1	 10	 2107.jpg	 1.183609e+03	 24	 999000	 240	 999000	 999	 1.184627e+03	 350.00	 416.67	 77.00	 7	 0.26	 
BFE_305	 1	 10	 1118.jpg	 1.185611e+03	 12	 999000	 120	 999000	 999	 1.186629e+03	 350.00	 416.67	 37.00	 18	 0.17	 
BFE_305	 1	 10	 2216.jpg	 1.187613e+03	 22	 9.967323e+02	 220	 4.166922e+02	 98	 1.188631e+03	 350.00	 433.33	 50.00	 37	 0.71	 
BFE_305	 1	 10	 1107.jpg	 1.189598e+03	 12	 999000	 120	 999000	 999	 1.190617e+03	 350.00	 433.33	 38.00	 7	 0.16	 
BFE_305	 1	 10	 2205.jpg	 1.193603e+03	 24	 999000	 240	 999000	 999	 1.194621e+03	 350.00	 433.33	 59.00	 26	 0.53	 
BFE_305	 1	 10	 2212.jpg	 1.197608e+03	 22	 999000	 2	 4.333610e+02	 999	 1.198626e+03	 350.00	 383.33	 52.00	 33	 0.66	 
BFE_305	 1	 10	 2110.jpg	 1.200611e+03	 24	 999000	 240	 999000	 999	 1.201629e+03	 350.00	 383.33	 61.00	 10	 0.48	 
BFE_305	 1	 10	 2204.jpg	 1.204599e+03	 24	 999000	 240	 999000	 999	 1.205617e+03	 350.00	 383.33	 56.00	 25	 0.59	 
BFE_305	 1	 10	 2102.jpg	 1.207602e+03	 22	 9.355801e+02	 220	 3.833661e+02	 98	 1.208620e+03	 350.00	 400.00	 55.00	 2	 0.62	 
BFE_305	 1	 10	 1203.jpg	 1.209605e+03	 12	 999000	 120	 999000	 999	 1.210622e+03	 350.00	 400.00	 3.00	 24	 0.85	 
BFE_305	 1	 10	 2215.jpg	 1.213609e+03	 22	 9.528288e+02	 220	 4.000271e+02	 98	 1.214627e+03	 350.00	 416.67	 58.00	 36	 0.57	 
BFE_305	 1	 10	 1110.jpg	 1.215611e+03	 11	 999000	 1	 3.500309e+02	 999	 1.216629e+03	 300.00	 416.67	 18.00	 10	 0.55	 
BFE_305	 1	 10	 1106.jpg	 1.217614e+03	 12	 999000	 120	 999000	 999	 1.218631e+03	 300.00	 416.67	 21.00	 6	 0.50	 
BFE_305	 1	 10	 1101.jpg	 1.221601e+03	 12	 999000	 120	 999000	 999	 1.222619e+03	 300.00	 416.67	 11.00	 1	 0.62	 
BFE_305	 1	 10	 1204.jpg	 1.223604e+03	 11	 999000	 1	 3.000261e+02	 999	 1.224621e+03	 250.00	 416.67	 13.00	 25	 0.61	 
BFE_305	 1	 10	 2207.jpg	 1.227608e+03	 24	 8.417647e+02	 240	 999000	 121	 1.228626e+03	 250.00	 416.67	 44.00	 28	 0.77	 
BFE_305	 1	 10	 2211.jpg	 1.231613e+03	 24	 999000	 240	 999000	 999	 1.232630e+03	 250.00	 416.67	 49.00	 32	 0.73	 
BFE_305	 1	 10	 2101.jpg	 1.234599e+03	 24	 999000	 240	 999000	 999	 1.235617e+03	 250.00	 416.67	 60.00	 1	 0.51	 
BFE_305	 1	 10	 1215.jpg	 1.240606e+03	 11	 1.243865e+03	 1100	 2.500287e+02	 98	 1.241624e+03	 200.00	 416.67	 12.00	 36	 0.61	 
BFE_305	 1	 10	 1103.jpg	 1.242608e+03	 11	 999000	 1	 2.000344e+02	 999	 1.243626e+03	 150.00	 416.67	 10.00	 3	 0.65	 
BFE_305	 1	 10	 1217.jpg	 1.246613e+03	 12	 999000	 120	 999000	 999	 1.247631e+03	 150.00	 416.67	 17.00	 38	 0.56	 
BFE_305	 1	 10	 1212.jpg	 1.248615e+03	 12	 999000	 120	 999000	 999	 1.249633e+03	 150.00	 416.67	 9.00	 33	 0.67	 
BFE_305	 1	 10	 1102.jpg	 1.250601e+03	 12	 999000	 120	 999000	 999	 1.251618e+03	 150.00	 416.67	 22.00	 2	 0.49	 
BFE_305	 1	 10	 2214.jpg	 1.252603e+03	 24	 999000	 240	 999000	 999	 1.253621e+03	 150.00	 416.67	 48.00	 35	 0.73	 
BFE_305	 1	 10	 1206.jpg	 1.257608e+03	 12	 999000	 120	 999000	 999	 1.258626e+03	 150.00	 416.67	 14.00	 27	 0.60	 
BFE_305	 1	 10	 2201.jpg	 1.259611e+03	 24	 999000	 240	 999000	 999	 1.260628e+03	 150.00	 416.67	 51.00	 22	 0.70	 
BFE_305	 1	 10	 2209.jpg	 1.261613e+03	 24	 999000	 240	 999000	 999	 1.262631e+03	 150.00	 416.67	 57.00	 30	 0.59	 
BFE_305	 1	 10	 1201.jpg	 1.264599e+03	 12	 999000	 120	 999000	 999	 1.265617e+03	 150.00	 416.67	 4.00	 22	 0.84	 
