subjectID	 order	 runNum	 itemName	 onsetTime	 shuff_trialType	 RT	 respInTime	 AudioTime	 response	 fixationTime	 ladder1	 ladder2	 bidIndex	 itemNameIndex	 bidValue	 
BFE_340	 2	 18	 2102.jpg	 1.449396e+03	 24	 999000	 240	 999000	 999	 1.450414e+03	 916.67	 916.67	 47.00	 2	 0.81	 
BFE_340	 2	 18	 1219.jpg	 1.454385e+03	 11	 7.133762e+02	 11	 9.167341e+02	 98	 1.455402e+03	 916.67	 916.67	 17.00	 40	 0.55	 
BFE_340	 2	 18	 2115.jpg	 1.456387e+03	 22	 8.551602e+02	 22	 9.167383e+02	 98	 1.457405e+03	 916.67	 916.67	 49.00	 15	 0.73	 
BFE_340	 2	 18	 1119.jpg	 1.458389e+03	 12	 999000	 120	 999000	 999	 1.459407e+03	 916.67	 916.67	 37.00	 19	 0.19	 
BFE_340	 2	 18	 2217.jpg	 1.464396e+03	 24	 999000	 240	 999000	 999	 1.465414e+03	 916.67	 916.67	 55.00	 38	 0.61	 
BFE_340	 2	 18	 2213.jpg	 1.466398e+03	 24	 7.799698e+02	 24	 999000	 98	 1.467416e+03	 916.67	 916.67	 62.00	 34	 0.51	 
BFE_340	 2	 18	 1103.jpg	 1.469385e+03	 12	 999000	 120	 999000	 999	 1.470403e+03	 916.67	 916.67	 4.00	 3	 0.81	 
BFE_340	 2	 18	 1206.jpg	 1.471387e+03	 12	 999000	 120	 999000	 999	 1.472405e+03	 916.67	 916.67	 7.00	 27	 0.76	 
BFE_340	 2	 18	 1204.jpg	 1.475392e+03	 12	 999000	 120	 999000	 999	 1.476409e+03	 916.67	 916.67	 22.00	 25	 0.47	 
BFE_340	 2	 18	 2103.jpg	 1.477394e+03	 24	 999000	 240	 999000	 999	 1.478412e+03	 916.67	 916.67	 44.00	 3	 0.85	 
BFE_340	 2	 18	 2105.jpg	 1.482382e+03	 24	 999000	 240	 999000	 999	 1.483401e+03	 916.67	 916.67	 50.00	 5	 0.73	 
BFE_340	 2	 18	 2211.jpg	 1.489390e+03	 22	 5.395834e+02	 22	 9.167695e+02	 98	 1.490408e+03	 916.67	 916.67	 48.00	 32	 0.76	 
BFE_340	 2	 18	 2117.jpg	 1.491393e+03	 22	 6.892778e+02	 22	 9.167233e+02	 98	 1.492411e+03	 916.67	 916.67	 56.00	 17	 0.59	 
BFE_340	 2	 18	 1117.jpg	 1.494396e+03	 12	 999000	 120	 999000	 999	 1.495414e+03	 916.67	 916.67	 3.00	 17	 0.85	 
BFE_340	 2	 18	 2113.jpg	 1.497383e+03	 24	 999000	 240	 999000	 999	 1.498401e+03	 916.67	 916.67	 43.00	 13	 0.88	 
BFE_340	 2	 18	 2202.jpg	 1.501387e+03	 24	 999000	 240	 999000	 999	 1.502405e+03	 916.67	 916.67	 60.00	 23	 0.54	 
BFE_340	 2	 18	 1106.jpg	 1.505392e+03	 11	 1.498281e+03	 1100	 9.167053e+02	 98	 1.506410e+03	 866.67	 916.67	 14.00	 6	 0.63	 
BFE_340	 2	 18	 2116.jpg	 1.509396e+03	 24	 999000	 240	 999000	 999	 1.510414e+03	 866.67	 916.67	 53.00	 16	 0.65	 
BFE_340	 2	 18	 1217.jpg	 1.512383e+03	 12	 999000	 120	 999000	 999	 1.513401e+03	 866.67	 916.67	 15.00	 38	 0.56	 
BFE_340	 2	 18	 2101.jpg	 1.518390e+03	 24	 999000	 240	 999000	 999	 1.519407e+03	 866.67	 916.67	 78.00	 1	 0.17	 
BFE_340	 2	 18	 2203.jpg	 1.520392e+03	 24	 999000	 240	 999000	 999	 1.521410e+03	 866.67	 916.67	 61.00	 24	 0.53	 
BFE_340	 2	 18	 2208.jpg	 1.523395e+03	 24	 999000	 240	 999000	 999	 1.524413e+03	 866.67	 916.67	 77.00	 29	 0.18	 
BFE_340	 2	 18	 2111.jpg	 1.525398e+03	 24	 999000	 240	 999000	 999	 1.526415e+03	 866.67	 916.67	 59.00	 11	 0.55	 
BFE_340	 2	 18	 1114.jpg	 1.527383e+03	 11	 5.392856e+02	 11	 8.667207e+02	 98	 1.528401e+03	 883.33	 916.67	 9.00	 14	 0.74	 
BFE_340	 2	 18	 1107.jpg	 1.529385e+03	 12	 999000	 120	 999000	 999	 1.530403e+03	 883.33	 916.67	 13.00	 7	 0.64	 
BFE_340	 2	 18	 1109.jpg	 1.532389e+03	 12	 999000	 120	 999000	 999	 1.533407e+03	 883.33	 916.67	 18.00	 9	 0.54	 
BFE_340	 2	 18	 1201.jpg	 1.536393e+03	 11	 4.808517e+02	 11	 8.833832e+02	 98	 1.537411e+03	 900.00	 916.67	 8.00	 22	 0.75	 
BFE_340	 2	 18	 1213.jpg	 1.538395e+03	 11	 5.425911e+02	 11	 9.000760e+02	 98	 1.539413e+03	 916.67	 916.67	 16.00	 34	 0.56	 
BFE_340	 2	 18	 1121.jpg	 1.540398e+03	 12	 999000	 120	 999000	 999	 1.541416e+03	 916.67	 916.67	 10.00	 21	 0.72	 
BFE_340	 2	 18	 1120.jpg	 1.542383e+03	 12	 999000	 120	 999000	 999	 1.543401e+03	 916.67	 916.67	 12.00	 20	 0.67	 
BFE_340	 2	 18	 2218.jpg	 1.544386e+03	 24	 999000	 240	 999000	 999	 1.545403e+03	 916.67	 916.67	 58.00	 39	 0.57	 
BFE_340	 2	 18	 2209.jpg	 1.546388e+03	 22	 4.942673e+02	 22	 9.167125e+02	 98	 1.547406e+03	 916.67	 916.67	 54.00	 30	 0.63	 
BFE_340	 2	 18	 1208.jpg	 1.550392e+03	 12	 999000	 120	 999000	 999	 1.551410e+03	 916.67	 916.67	 38.00	 29	 0.16	 
BFE_340	 2	 18	 2114.jpg	 1.554397e+03	 24	 999000	 240	 999000	 999	 1.555415e+03	 916.67	 916.67	 52.00	 14	 0.66	 
BFE_340	 2	 18	 1118.jpg	 1.556382e+03	 12	 999000	 120	 999000	 999	 1.557400e+03	 916.67	 916.67	 19.00	 18	 0.54	 
BFE_340	 2	 18	 2109.jpg	 1.558385e+03	 22	 5.775649e+02	 22	 9.167085e+02	 98	 1.559402e+03	 916.67	 916.67	 51.00	 9	 0.71	 
BFE_340	 2	 18	 1115.jpg	 1.560387e+03	 11	 5.033253e+02	 11	 9.167080e+02	 98	 1.561405e+03	 916.67	 916.67	 11.00	 15	 0.69	 
BFE_340	 2	 18	 1105.jpg	 1.562389e+03	 12	 999000	 120	 999000	 999	 1.563407e+03	 916.67	 916.67	 21.00	 5	 0.49	 
BFE_340	 2	 18	 1218.jpg	 1.568396e+03	 12	 999000	 120	 999000	 999	 1.569414e+03	 916.67	 916.67	 20.00	 39	 0.53	 
BFE_340	 2	 18	 2219.jpg	 1.570398e+03	 22	 6.520237e+02	 22	 9.167162e+02	 98	 1.571416e+03	 916.67	 916.67	 57.00	 40	 0.57	 
