subjectID	 order	 runNum	 itemName	 onsetTime	 shuff_trialType	 RT	 respInTime	 AudioTime	 response	 fixationTime	 ladder1	 ladder2	 bidIndex	 itemNameIndex	 bidValue	 
BFE_308	 2	 13	 1207.jpg	 1.524663e+03	 12	 999000	 120	 999000	 999	 1.525681e+03	 916.67	 916.67	 12.00	 28	 0.67	 
BFE_308	 2	 13	 1211.jpg	 1.527650e+03	 12	 999000	 120	 999000	 999	 1.528667e+03	 916.67	 916.67	 13.00	 32	 0.67	 
BFE_308	 2	 13	 1218.jpg	 1.531654e+03	 12	 999000	 120	 999000	 999	 1.532672e+03	 916.67	 916.67	 3.00	 39	 0.85	 
BFE_308	 2	 13	 2216.jpg	 1.533656e+03	 24	 999000	 240	 999000	 999	 1.534674e+03	 916.67	 916.67	 53.00	 37	 0.64	 
BFE_308	 2	 13	 2204.jpg	 1.535659e+03	 24	 999000	 240	 999000	 999	 1.536676e+03	 916.67	 916.67	 61.00	 25	 0.51	 
BFE_308	 2	 13	 1105.jpg	 1.539646e+03	 11	 1.028000e+03	 1100	 9.167173e+02	 98	 1.540664e+03	 866.67	 916.67	 17.00	 5	 0.57	 
BFE_308	 2	 13	 2115.jpg	 1.541649e+03	 24	 999000	 240	 999000	 999	 1.542666e+03	 866.67	 916.67	 55.00	 15	 0.58	 
BFE_308	 2	 13	 2215.jpg	 1.546654e+03	 24	 999000	 240	 999000	 999	 1.547672e+03	 866.67	 916.67	 44.00	 36	 0.79	 
BFE_308	 2	 13	 1203.jpg	 1.548656e+03	 11	 7.456116e+02	 11	 8.667035e+02	 98	 1.549674e+03	 883.33	 916.67	 16.00	 24	 0.58	 
BFE_308	 2	 13	 2105.jpg	 1.551660e+03	 24	 999000	 240	 999000	 999	 1.552678e+03	 883.33	 916.67	 50.00	 5	 0.68	 
BFE_308	 2	 13	 2203.jpg	 1.554646e+03	 24	 999000	 240	 999000	 999	 1.555664e+03	 883.33	 916.67	 59.00	 24	 0.53	 
BFE_308	 2	 13	 1210.jpg	 1.558651e+03	 12	 999000	 120	 999000	 999	 1.559669e+03	 883.33	 916.67	 38.00	 31	 0.15	 
BFE_308	 2	 13	 1110.jpg	 1.561654e+03	 11	 3.715976e+02	 11	 8.833712e+02	 98	 1.562672e+03	 900.00	 916.67	 14.00	 10	 0.60	 
BFE_308	 2	 13	 2213.jpg	 1.563673e+03	 24	 999000	 240	 999000	 999	 1.564691e+03	 900.00	 916.67	 47.00	 34	 0.76	 
BFE_308	 2	 13	 2218.jpg	 1.566660e+03	 22	 6.140662e+02	 22	 9.167139e+02	 98	 1.567678e+03	 900.00	 916.67	 57.00	 39	 0.58	 
BFE_308	 2	 13	 1215.jpg	 1.570648e+03	 12	 999000	 120	 999000	 999	 1.571666e+03	 900.00	 916.67	 15.00	 36	 0.59	 
BFE_308	 2	 13	 1114.jpg	 1.573651e+03	 11	 5.348485e+02	 11	 9.000439e+02	 98	 1.574669e+03	 916.67	 916.67	 9.00	 14	 0.71	 
BFE_308	 2	 13	 2103.jpg	 1.575653e+03	 22	 9.085503e+02	 22	 9.167010e+02	 98	 1.576671e+03	 916.67	 916.67	 51.00	 3	 0.67	 
BFE_308	 2	 13	 2210.jpg	 1.577656e+03	 24	 999000	 240	 999000	 999	 1.578673e+03	 916.67	 916.67	 77.00	 31	 0.17	 
BFE_308	 2	 13	 2109.jpg	 1.582661e+03	 22	 8.446709e+02	 22	 9.167114e+02	 98	 1.583679e+03	 916.67	 916.67	 56.00	 9	 0.58	 
BFE_308	 2	 13	 1214.jpg	 1.586649e+03	 11	 6.648597e+02	 11	 9.166946e+02	 98	 1.587667e+03	 916.67	 916.67	 11.00	 35	 0.71	 
BFE_308	 2	 13	 1219.jpg	 1.590654e+03	 12	 999000	 120	 999000	 999	 1.591671e+03	 916.67	 916.67	 19.00	 40	 0.53	 
BFE_308	 2	 13	 2110.jpg	 1.596660e+03	 24	 999000	 240	 999000	 999	 1.597678e+03	 916.67	 916.67	 52.00	 10	 0.66	 
BFE_308	 2	 13	 2116.jpg	 1.598646e+03	 24	 999000	 240	 999000	 999	 1.599664e+03	 916.67	 916.67	 62.00	 16	 0.51	 
BFE_308	 2	 13	 1201.jpg	 1.600648e+03	 12	 999000	 120	 999000	 999	 1.601666e+03	 916.67	 916.67	 4.00	 22	 0.80	 
BFE_308	 2	 13	 2208.jpg	 1.602650e+03	 24	 999000	 240	 999000	 999	 1.603668e+03	 916.67	 916.67	 58.00	 29	 0.56	 
BFE_308	 2	 13	 1117.jpg	 1.604653e+03	 12	 999000	 120	 999000	 999	 1.605670e+03	 916.67	 916.67	 37.00	 17	 0.17	 
BFE_308	 2	 13	 2121.jpg	 1.608657e+03	 22	 5.768331e+02	 22	 9.166992e+02	 98	 1.609675e+03	 916.67	 916.67	 48.00	 21	 0.72	 
BFE_308	 2	 13	 1113.jpg	 1.610659e+03	 12	 999000	 120	 999000	 999	 1.611677e+03	 916.67	 916.67	 20.00	 13	 0.53	 
BFE_308	 2	 13	 1109.jpg	 1.614647e+03	 12	 7.068486e+02	 12	 999000	 98	 1.615665e+03	 916.67	 916.67	 18.00	 9	 0.54	 
BFE_308	 2	 13	 1208.jpg	 1.616649e+03	 12	 999000	 120	 999000	 999	 1.617667e+03	 916.67	 916.67	 7.00	 29	 0.76	 
BFE_308	 2	 13	 2206.jpg	 1.618652e+03	 24	 999000	 240	 999000	 999	 1.619670e+03	 916.67	 916.67	 60.00	 27	 0.52	 
BFE_308	 2	 13	 1103.jpg	 1.620654e+03	 11	 6.759152e+02	 11	 9.166982e+02	 98	 1.621672e+03	 916.67	 916.67	 8.00	 3	 0.74	 
BFE_308	 2	 13	 2111.jpg	 1.625660e+03	 24	 999000	 240	 999000	 999	 1.626677e+03	 916.67	 916.67	 78.00	 11	 0.14	 
BFE_308	 2	 13	 2219.jpg	 1.627645e+03	 24	 999000	 240	 999000	 999	 1.628663e+03	 916.67	 916.67	 43.00	 40	 0.83	 
BFE_308	 2	 13	 1216.jpg	 1.629647e+03	 12	 999000	 120	 999000	 999	 1.630665e+03	 916.67	 916.67	 10.00	 37	 0.71	 
BFE_308	 2	 13	 1209.jpg	 1.632651e+03	 12	 999000	 120	 999000	 999	 1.633669e+03	 916.67	 916.67	 22.00	 30	 0.46	 
BFE_308	 2	 13	 2209.jpg	 1.639659e+03	 22	 5.754396e+02	 22	 9.167057e+02	 98	 1.640676e+03	 916.67	 916.67	 49.00	 30	 0.71	 
BFE_308	 2	 13	 2102.jpg	 1.643647e+03	 22	 5.875527e+02	 22	 9.166988e+02	 98	 1.644664e+03	 916.67	 916.67	 54.00	 2	 0.60	 
BFE_308	 2	 13	 1202.jpg	 1.650654e+03	 12	 999000	 120	 999000	 999	 1.651672e+03	 916.67	 916.67	 21.00	 23	 0.47	 
