subjectID	 order	 runNum	 itemName	 onsetTime	 shuff_trialType	 RT	 respInTime	 AudioTime	 response	 fixationTime	 ladder1	 ladder2	 bidIndex	 itemNameIndex	 bidValue	 
BFE_339	 1	 14	 1121.jpg	 1.008423e+03	 12	 999000	 120	 999000	 999	 1.009441e+03	 783.33	 783.33	 3.00	 21	 0.78	 
BFE_339	 1	 14	 1114.jpg	 1.013412e+03	 12	 999000	 120	 999000	 999	 1.014430e+03	 783.33	 783.33	 11.00	 14	 0.67	 
BFE_339	 1	 14	 1219.jpg	 1.015414e+03	 12	 999000	 120	 999000	 999	 1.016432e+03	 783.33	 783.33	 14.00	 40	 0.58	 
BFE_339	 1	 14	 1120.jpg	 1.017417e+03	 11	 1.137443e+03	 1100	 7.834317e+02	 98	 1.018435e+03	 733.33	 783.33	 18.00	 20	 0.54	 
BFE_339	 1	 14	 2215.jpg	 1.023407e+03	 22	 1.083560e+03	 2200	 7.833958e+02	 98	 1.024425e+03	 733.33	 733.33	 52.00	 36	 0.64	 
BFE_339	 1	 14	 1210.jpg	 1.025409e+03	 12	 999000	 120	 999000	 999	 1.026427e+03	 733.33	 733.33	 21.00	 31	 0.49	 
BFE_339	 1	 14	 1202.jpg	 1.028412e+03	 12	 999000	 120	 999000	 999	 1.029430e+03	 733.33	 733.33	 20.00	 23	 0.49	 
BFE_339	 1	 14	 2114.jpg	 1.030415e+03	 24	 999000	 240	 999000	 999	 1.031432e+03	 733.33	 733.33	 59.00	 14	 0.52	 
BFE_339	 1	 14	 2106.jpg	 1.034419e+03	 22	 1.006976e+03	 2200	 7.333776e+02	 98	 1.035439e+03	 733.33	 683.33	 58.00	 6	 0.55	 
BFE_339	 1	 14	 2102.jpg	 1.036404e+03	 24	 999000	 240	 999000	 999	 1.037423e+03	 733.33	 683.33	 77.00	 2	 0.20	 
BFE_339	 1	 14	 2115.jpg	 1.041410e+03	 24	 999000	 240	 999000	 999	 1.042428e+03	 733.33	 683.33	 49.00	 15	 0.69	 
BFE_339	 1	 14	 2109.jpg	 1.048418e+03	 22	 8.959595e+02	 220	 6.834088e+02	 98	 1.049436e+03	 733.33	 700.00	 47.00	 9	 0.74	 
BFE_339	 1	 14	 1214.jpg	 1.050420e+03	 12	 999000	 120	 999000	 999	 1.051438e+03	 733.33	 700.00	 4.00	 35	 0.76	 
BFE_339	 1	 14	 1203.jpg	 1.053407e+03	 12	 999000	 120	 999000	 999	 1.054425e+03	 733.33	 700.00	 38.00	 24	 0.21	 
BFE_339	 1	 14	 1218.jpg	 1.056410e+03	 11	 9.516318e+02	 110	 7.333693e+02	 98	 1.057428e+03	 750.00	 700.00	 15.00	 39	 0.58	 
BFE_339	 1	 14	 1206.jpg	 1.060415e+03	 12	 999000	 120	 999000	 999	 1.061433e+03	 750.00	 700.00	 9.00	 27	 0.68	 
BFE_339	 1	 14	 2204.jpg	 1.064420e+03	 22	 9.505666e+02	 220	 7.000359e+02	 98	 1.065437e+03	 750.00	 716.67	 53.00	 25	 0.62	 
BFE_339	 1	 14	 1107.jpg	 1.068407e+03	 12	 999000	 120	 999000	 999	 1.069425e+03	 750.00	 716.67	 37.00	 7	 0.22	 
BFE_339	 1	 14	 1207.jpg	 1.071411e+03	 12	 999000	 120	 999000	 999	 1.072428e+03	 750.00	 716.67	 22.00	 28	 0.49	 
BFE_339	 1	 14	 1215.jpg	 1.077417e+03	 12	 999000	 120	 999000	 999	 1.078435e+03	 750.00	 716.67	 16.00	 36	 0.56	 
BFE_339	 1	 14	 2116.jpg	 1.079420e+03	 24	 999000	 240	 999000	 999	 1.080437e+03	 750.00	 716.67	 51.00	 16	 0.65	 
BFE_339	 1	 14	 1201.jpg	 1.082406e+03	 11	 1.067728e+03	 1100	 7.500730e+02	 98	 1.083424e+03	 700.00	 716.67	 10.00	 22	 0.67	 
BFE_339	 1	 14	 1205.jpg	 1.084409e+03	 11	 8.895795e+02	 110	 7.000401e+02	 98	 1.085443e+03	 716.67	 716.67	 12.00	 26	 0.64	 
BFE_339	 1	 14	 2205.jpg	 1.086411e+03	 22	 9.272636e+02	 220	 7.167139e+02	 98	 1.087429e+03	 716.67	 733.33	 55.00	 26	 0.61	 
BFE_339	 1	 14	 1209.jpg	 1.088413e+03	 12	 999000	 120	 999000	 999	 1.089431e+03	 716.67	 733.33	 17.00	 30	 0.54	 
BFE_339	 1	 14	 1204.jpg	 1.091417e+03	 12	 999000	 120	 999000	 999	 1.092434e+03	 716.67	 733.33	 19.00	 25	 0.53	 
BFE_339	 1	 14	 2111.jpg	 1.095423e+03	 24	 999000	 240	 999000	 999	 1.096439e+03	 716.67	 733.33	 60.00	 11	 0.50	 
BFE_339	 1	 14	 2209.jpg	 1.097406e+03	 24	 999000	 240	 999000	 999	 1.098424e+03	 716.67	 733.33	 48.00	 30	 0.71	 
BFE_339	 1	 14	 2202.jpg	 1.099409e+03	 24	 999000	 240	 999000	 999	 1.100426e+03	 716.67	 733.33	 54.00	 23	 0.61	 
BFE_339	 1	 14	 2112.jpg	 1.101411e+03	 24	 999000	 240	 999000	 999	 1.102429e+03	 716.67	 733.33	 62.00	 12	 0.49	 
BFE_339	 1	 14	 1109.jpg	 1.103413e+03	 11	 1.052948e+03	 1100	 7.167230e+02	 98	 1.104431e+03	 666.67	 733.33	 7.00	 9	 0.71	 
BFE_339	 1	 14	 2211.jpg	 1.105415e+03	 22	 9.787249e+02	 220	 7.333713e+02	 98	 1.106433e+03	 666.67	 750.00	 50.00	 32	 0.68	 
BFE_339	 1	 14	 2104.jpg	 1.109420e+03	 24	 999000	 240	 999000	 999	 1.110438e+03	 666.67	 750.00	 57.00	 4	 0.57	 
BFE_339	 1	 14	 1111.jpg	 1.113408e+03	 12	 999000	 120	 999000	 999	 1.114425e+03	 666.67	 750.00	 8.00	 11	 0.70	 
BFE_339	 1	 14	 1102.jpg	 1.115410e+03	 11	 9.121522e+02	 110	 6.667170e+02	 98	 1.116428e+03	 683.33	 750.00	 13.00	 2	 0.63	 
BFE_339	 1	 14	 2117.jpg	 1.117412e+03	 24	 999000	 240	 999000	 999	 1.118430e+03	 683.33	 750.00	 78.00	 17	 0.20	 
BFE_339	 1	 14	 2216.jpg	 1.119414e+03	 24	 999000	 240	 999000	 999	 1.120432e+03	 683.33	 750.00	 43.00	 37	 0.92	 
BFE_339	 1	 14	 2101.jpg	 1.121417e+03	 24	 999000	 240	 999000	 999	 1.122435e+03	 683.33	 750.00	 61.00	 1	 0.50	 
BFE_339	 1	 14	 2213.jpg	 1.127407e+03	 24	 999000	 240	 999000	 999	 1.128424e+03	 683.33	 750.00	 44.00	 34	 0.82	 
BFE_339	 1	 14	 2201.jpg	 1.129409e+03	 24	 999000	 240	 999000	 999	 1.130427e+03	 683.33	 750.00	 56.00	 22	 0.59	 
