subjectID	 order	 runNum	 itemName	 onsetTime	 shuff_trialType	 RT	 respInTime	 AudioTime	 response	 fixationTime	 ladder1	 ladder2	 bidIndex	 itemNameIndex	 bidValue	 
BFE_302	 2	 14	 2121.jpg	 1.784469e+03	 24	 999000	 240	 999000	 999	 1.785487e+03	 316.67	 316.67	 61.00	 21	 0.52	 
BFE_302	 2	 14	 2206.jpg	 1.786455e+03	 24	 999000	 240	 999000	 999	 1.787473e+03	 316.67	 316.67	 47.00	 27	 0.70	 
BFE_302	 2	 14	 1202.jpg	 1.790459e+03	 11	 1.006737e+03	 1100	 3.167040e+02	 98	 1.791478e+03	 266.67	 316.67	 17.00	 23	 0.54	 
BFE_302	 2	 14	 1203.jpg	 1.793463e+03	 12	 999000	 120	 999000	 999	 1.794481e+03	 266.67	 316.67	 38.00	 24	 0.16	 
BFE_302	 2	 14	 2109.jpg	 1.795465e+03	 24	 999000	 240	 999000	 999	 1.796483e+03	 266.67	 316.67	 50.00	 9	 0.67	 
BFE_302	 2	 14	 2217.jpg	 1.798451e+03	 24	 999000	 240	 999000	 999	 1.799470e+03	 266.67	 316.67	 55.00	 38	 0.64	 
BFE_302	 2	 14	 1206.jpg	 1.802456e+03	 11	 1.002011e+03	 1100	 2.666935e+02	 98	 1.803475e+03	 216.67	 316.67	 11.00	 27	 0.67	 
BFE_302	 2	 14	 1218.jpg	 1.806461e+03	 11	 9.093761e+02	 110	 2.167005e+02	 98	 1.807478e+03	 233.33	 316.67	 16.00	 39	 0.56	 
BFE_302	 2	 14	 1109.jpg	 1.808463e+03	 12	 999000	 120	 999000	 999	 1.809481e+03	 233.33	 316.67	 15.00	 9	 0.62	 
BFE_302	 2	 14	 1205.jpg	 1.813452e+03	 11	 9.022212e+02	 110	 2.333575e+02	 98	 1.814470e+03	 250.00	 316.67	 9.00	 26	 0.72	 
BFE_302	 2	 14	 1101.jpg	 1.815454e+03	 11	 9.400380e+02	 110	 2.500356e+02	 98	 1.816472e+03	 266.67	 316.67	 8.00	 1	 0.72	 
BFE_302	 2	 14	 2207.jpg	 1.817456e+03	 24	 999000	 240	 999000	 999	 1.818474e+03	 266.67	 316.67	 62.00	 28	 0.51	 
BFE_302	 2	 14	 1214.jpg	 1.823463e+03	 12	 999000	 120	 999000	 999	 1.824481e+03	 266.67	 316.67	 3.00	 35	 0.84	 
BFE_302	 2	 14	 1208.jpg	 1.825465e+03	 11	 9.607858e+02	 110	 2.666935e+02	 98	 1.826483e+03	 283.33	 316.67	 14.00	 29	 0.62	 
BFE_302	 2	 14	 1216.jpg	 1.827451e+03	 12	 999000	 120	 999000	 999	 1.828469e+03	 283.33	 316.67	 12.00	 37	 0.64	 
BFE_302	 2	 14	 2205.jpg	 1.829453e+03	 24	 999000	 240	 999000	 999	 1.830471e+03	 283.33	 316.67	 44.00	 26	 0.77	 
BFE_302	 2	 14	 2211.jpg	 1.833458e+03	 22	 9.044875e+02	 220	 3.167118e+02	 98	 1.834475e+03	 283.33	 333.33	 54.00	 32	 0.64	 
BFE_302	 2	 14	 1120.jpg	 1.837462e+03	 12	 999000	 120	 999000	 999	 1.838480e+03	 283.33	 333.33	 21.00	 20	 0.50	 
BFE_302	 2	 14	 2204.jpg	 1.840465e+03	 22	 9.687244e+02	 220	 3.333598e+02	 98	 1.841483e+03	 283.33	 350.00	 49.00	 25	 0.69	 
BFE_302	 2	 14	 1211.jpg	 1.844453e+03	 12	 999000	 120	 999000	 999	 1.845471e+03	 283.33	 350.00	 13.00	 32	 0.64	 
BFE_302	 2	 14	 2214.jpg	 1.847457e+03	 22	 1.001554e+03	 2200	 3.500314e+02	 98	 1.848475e+03	 283.33	 300.00	 56.00	 35	 0.64	 
BFE_302	 2	 14	 1217.jpg	 1.849459e+03	 12	 999000	 120	 999000	 999	 1.850477e+03	 283.33	 300.00	 18.00	 38	 0.52	 
BFE_302	 2	 14	 2106.jpg	 1.853463e+03	 22	 9.467349e+02	 220	 3.000289e+02	 98	 1.854481e+03	 283.33	 316.67	 57.00	 6	 0.62	 
BFE_302	 2	 14	 2208.jpg	 1.855466e+03	 24	 999000	 240	 999000	 999	 1.856483e+03	 283.33	 316.67	 52.00	 29	 0.66	 
BFE_302	 2	 14	 1102.jpg	 1.857451e+03	 12	 999000	 120	 999000	 999	 1.858469e+03	 283.33	 316.67	 19.00	 2	 0.52	 
BFE_302	 2	 14	 2219.jpg	 1.861456e+03	 24	 999000	 240	 999000	 999	 1.862473e+03	 283.33	 316.67	 43.00	 40	 0.82	 
BFE_302	 2	 14	 1121.jpg	 1.863458e+03	 12	 999000	 120	 999000	 999	 1.864476e+03	 283.33	 316.67	 22.00	 21	 0.47	 
BFE_302	 2	 14	 1204.jpg	 1.867462e+03	 12	 999000	 120	 999000	 999	 1.868480e+03	 283.33	 316.67	 7.00	 25	 0.72	 
BFE_302	 2	 14	 2115.jpg	 1.871450e+03	 24	 999000	 240	 999000	 999	 1.872468e+03	 283.33	 316.67	 53.00	 15	 0.65	 
BFE_302	 2	 14	 2112.jpg	 1.874454e+03	 24	 999000	 240	 999000	 999	 1.875471e+03	 283.33	 316.67	 77.00	 12	 0.16	 
BFE_302	 2	 14	 1219.jpg	 1.880460e+03	 12	 999000	 120	 999000	 999	 1.881478e+03	 283.33	 316.67	 4.00	 40	 0.84	 
BFE_302	 2	 14	 2201.jpg	 1.882462e+03	 22	 8.596628e+02	 220	 3.167023e+02	 98	 1.883480e+03	 283.33	 333.33	 48.00	 22	 0.69	 
BFE_302	 2	 14	 2202.jpg	 1.886467e+03	 24	 999000	 240	 999000	 999	 1.887485e+03	 283.33	 333.33	 60.00	 23	 0.57	 
BFE_302	 2	 14	 1117.jpg	 1.888453e+03	 12	 999000	 120	 999000	 999	 1.889470e+03	 283.33	 333.33	 37.00	 17	 0.20	 
BFE_302	 2	 14	 2101.jpg	 1.890455e+03	 22	 8.512781e+02	 220	 3.333585e+02	 98	 1.891473e+03	 283.33	 350.00	 51.00	 1	 0.66	 
BFE_302	 2	 14	 1106.jpg	 1.892457e+03	 12	 999000	 120	 999000	 999	 1.893475e+03	 283.33	 350.00	 20.00	 6	 0.50	 
BFE_302	 2	 14	 1115.jpg	 1.897463e+03	 12	 999000	 120	 999000	 999	 1.898481e+03	 283.33	 350.00	 10.00	 15	 0.69	 
BFE_302	 2	 14	 2215.jpg	 1.899465e+03	 24	 999000	 240	 999000	 999	 1.900483e+03	 283.33	 350.00	 58.00	 36	 0.60	 
BFE_302	 2	 14	 2117.jpg	 1.901467e+03	 24	 999000	 240	 999000	 999	 1.902485e+03	 283.33	 350.00	 78.00	 17	 0.16	 
BFE_302	 2	 14	 2218.jpg	 1.904454e+03	 24	 999000	 240	 999000	 999	 1.905472e+03	 283.33	 350.00	 59.00	 39	 0.60	 
