subjectID	 order	 runNum	 itemName	 onsetTime	 shuff_trialType	 RT	 respInTime	 AudioTime	 response	 fixationTime	 ladder1	 ladder2	 bidIndex	 itemNameIndex	 bidValue	 
BFE_338	 2	 8	 1202.jpg	 1.261713e+02	 11	 9.349515e+02	 110	 6.500832e+02	 98	 1.271890e+02	 666.67	 650.00	 14.00	 23	 0.62	 
BFE_338	 2	 8	 2201.jpg	 1.291746e+02	 24	 999000	 240	 999000	 999	 1.301924e+02	 666.67	 650.00	 43.00	 22	 0.81	 
BFE_338	 2	 8	 2106.jpg	 1.311603e+02	 24	 999000	 240	 999000	 999	 1.321780e+02	 666.67	 650.00	 62.00	 6	 0.52	 
BFE_338	 2	 8	 2102.jpg	 1.331625e+02	 24	 999000	 240	 999000	 999	 1.341802e+02	 666.67	 650.00	 60.00	 2	 0.53	 
BFE_338	 2	 8	 1204.jpg	 1.351646e+02	 12	 999000	 120	 999000	 999	 1.361825e+02	 666.67	 650.00	 12.00	 25	 0.70	 
BFE_338	 2	 8	 2219.jpg	 1.381681e+02	 24	 999000	 240	 999000	 999	 1.391859e+02	 666.67	 650.00	 47.00	 40	 0.73	 
BFE_338	 2	 8	 1207.jpg	 1.401703e+02	 12	 999000	 120	 999000	 999	 1.411881e+02	 666.67	 650.00	 7.00	 28	 0.73	 
BFE_338	 2	 8	 1111.jpg	 1.441748e+02	 11	 8.834265e+02	 110	 6.667069e+02	 98	 1.451927e+02	 683.33	 650.00	 11.00	 11	 0.70	 
BFE_338	 2	 8	 2202.jpg	 1.461603e+02	 24	 999000	 240	 999000	 999	 1.471782e+02	 683.33	 650.00	 59.00	 23	 0.55	 
BFE_338	 2	 8	 2206.jpg	 1.511659e+02	 24	 999000	 240	 999000	 999	 1.521838e+02	 683.33	 650.00	 52.00	 27	 0.69	 
BFE_338	 2	 8	 1218.jpg	 1.531682e+02	 11	 9.940442e+02	 110	 6.833764e+02	 98	 1.541860e+02	 700.00	 650.00	 9.00	 39	 0.70	 
BFE_338	 2	 8	 2103.jpg	 1.571727e+02	 24	 999000	 240	 999000	 999	 1.581904e+02	 700.00	 650.00	 50.00	 3	 0.71	 
BFE_338	 2	 8	 1209.jpg	 1.591580e+02	 12	 999000	 120	 999000	 999	 1.601760e+02	 700.00	 650.00	 22.00	 30	 0.46	 
BFE_338	 2	 8	 1112.jpg	 1.621616e+02	 12	 999000	 120	 999000	 999	 1.631795e+02	 700.00	 650.00	 37.00	 12	 0.17	 
BFE_338	 2	 8	 1106.jpg	 1.671672e+02	 12	 999000	 120	 999000	 999	 1.681850e+02	 700.00	 650.00	 21.00	 6	 0.48	 
BFE_338	 2	 8	 2208.jpg	 1.691695e+02	 22	 9.447227e+02	 220	 6.500587e+02	 98	 1.701872e+02	 700.00	 666.67	 54.00	 29	 0.62	 
BFE_338	 2	 8	 2209.jpg	 1.711717e+02	 24	 999000	 240	 999000	 999	 1.721895e+02	 700.00	 666.67	 53.00	 30	 0.65	 
BFE_338	 2	 8	 2108.jpg	 1.751598e+02	 24	 999000	 240	 999000	 999	 1.761773e+02	 700.00	 666.67	 77.00	 8	 0.19	 
BFE_338	 2	 8	 2217.jpg	 1.791641e+02	 24	 999000	 240	 999000	 999	 1.801818e+02	 700.00	 666.67	 58.00	 38	 0.57	 
BFE_338	 2	 8	 1217.jpg	 1.831685e+02	 12	 999000	 120	 999000	 999	 1.841863e+02	 700.00	 666.67	 15.00	 38	 0.59	 
BFE_338	 2	 8	 2113.jpg	 1.851707e+02	 22	 9.515714e+02	 220	 6.667188e+02	 98	 1.861885e+02	 700.00	 683.33	 57.00	 13	 0.57	 
BFE_338	 2	 8	 1214.jpg	 1.871730e+02	 12	 999000	 120	 999000	 999	 1.881907e+02	 700.00	 683.33	 19.00	 35	 0.51	 
BFE_338	 2	 8	 2218.jpg	 1.891586e+02	 24	 999000	 240	 999000	 999	 1.901764e+02	 700.00	 683.33	 44.00	 39	 0.79	 
BFE_338	 2	 8	 2119.jpg	 1.911608e+02	 24	 999000	 240	 999000	 999	 1.921789e+02	 700.00	 683.33	 78.00	 19	 0.16	 
BFE_338	 2	 8	 1201.jpg	 1.971675e+02	 11	 9.547659e+02	 110	 7.000498e+02	 98	 1.981853e+02	 716.67	 683.33	 8.00	 22	 0.72	 
BFE_338	 2	 8	 2204.jpg	 2.001708e+02	 22	 9.674305e+02	 220	 6.833739e+02	 98	 2.011886e+02	 716.67	 700.00	 48.00	 25	 0.72	 
BFE_338	 2	 8	 1120.jpg	 2.021732e+02	 12	 999000	 120	 999000	 999	 2.031909e+02	 716.67	 700.00	 20.00	 20	 0.49	 
BFE_338	 2	 8	 1121.jpg	 2.041754e+02	 11	 9.948539e+02	 110	 7.167152e+02	 98	 2.051932e+02	 733.33	 700.00	 17.00	 21	 0.52	 
BFE_338	 2	 8	 1205.jpg	 2.071620e+02	 12	 999000	 120	 999000	 999	 2.081798e+02	 733.33	 700.00	 3.00	 26	 0.80	 
BFE_338	 2	 8	 2110.jpg	 2.091644e+02	 24	 999000	 240	 999000	 999	 2.101821e+02	 733.33	 700.00	 55.00	 10	 0.60	 
BFE_338	 2	 8	 2213.jpg	 2.111666e+02	 22	 9.636621e+02	 220	 7.000411e+02	 98	 2.121844e+02	 733.33	 716.67	 51.00	 34	 0.70	 
BFE_338	 2	 8	 1213.jpg	 2.131689e+02	 12	 999000	 120	 999000	 999	 2.141865e+02	 733.33	 716.67	 13.00	 34	 0.64	 
BFE_338	 2	 8	 2214.jpg	 2.161722e+02	 24	 999000	 240	 999000	 999	 2.171900e+02	 733.33	 716.67	 61.00	 35	 0.52	 
BFE_338	 2	 8	 1215.jpg	 2.181744e+02	 12	 999000	 120	 999000	 999	 2.191922e+02	 733.33	 716.67	 18.00	 36	 0.51	 
BFE_338	 2	 8	 1108.jpg	 2.201600e+02	 12	 999000	 120	 999000	 999	 2.211777e+02	 733.33	 716.67	 38.00	 8	 0.16	 
BFE_338	 2	 8	 2114.jpg	 2.221622e+02	 22	 9.439881e+02	 220	 7.167085e+02	 98	 2.231800e+02	 733.33	 733.33	 56.00	 14	 0.60	 
BFE_338	 2	 8	 2121.jpg	 2.241645e+02	 22	 1.021704e+03	 2200	 7.333782e+02	 98	 2.251822e+02	 733.33	 683.33	 49.00	 21	 0.72	 
BFE_338	 2	 8	 1203.jpg	 2.301712e+02	 12	 999000	 120	 999000	 999	 2.311889e+02	 733.33	 683.33	 4.00	 24	 0.80	 
BFE_338	 2	 8	 1103.jpg	 2.331746e+02	 12	 999000	 120	 999000	 999	 2.341925e+02	 733.33	 683.33	 10.00	 3	 0.70	 
BFE_338	 2	 8	 1210.jpg	 2.371624e+02	 11	 1.071854e+03	 1100	 7.333749e+02	 98	 2.381801e+02	 683.33	 683.33	 16.00	 31	 0.58	 
