subjectID	 order	 runNum	 itemName	 onsetTime	 shuff_trialType	 RT	 respInTime	 AudioTime	 response	 fixationTime	 ladder1	 ladder2	 bidIndex	 itemNameIndex	 bidValue	 
BFE_340	 2	 15	 1208.jpg	 1.073925e+03	 12	 999000	 120	 999000	 999	 1.074943e+03	 916.67	 833.33	 38.00	 29	 0.16	 
BFE_340	 2	 15	 2209.jpg	 1.075910e+03	 22	 5.076320e+02	 22	 8.333979e+02	 98	 1.076928e+03	 916.67	 850.00	 54.00	 30	 0.63	 
BFE_340	 2	 15	 1105.jpg	 1.079915e+03	 12	 999000	 120	 999000	 999	 1.080933e+03	 916.67	 850.00	 21.00	 5	 0.49	 
BFE_340	 2	 15	 1103.jpg	 1.082918e+03	 12	 999000	 120	 999000	 999	 1.083936e+03	 916.67	 850.00	 4.00	 3	 0.81	 
BFE_340	 2	 15	 2111.jpg	 1.084920e+03	 24	 999000	 240	 999000	 999	 1.085938e+03	 916.67	 850.00	 59.00	 11	 0.55	 
BFE_340	 2	 15	 2117.jpg	 1.087924e+03	 22	 999000	 2	 8.500486e+02	 999	 1.088942e+03	 916.67	 800.00	 56.00	 17	 0.59	 
BFE_340	 2	 15	 1206.jpg	 1.091912e+03	 12	 999000	 120	 999000	 999	 1.092929e+03	 916.67	 800.00	 7.00	 27	 0.76	 
BFE_340	 2	 15	 2102.jpg	 1.095916e+03	 24	 999000	 240	 999000	 999	 1.096934e+03	 916.67	 800.00	 47.00	 2	 0.81	 
BFE_340	 2	 15	 2219.jpg	 1.097918e+03	 22	 6.837200e+02	 22	 8.000521e+02	 98	 1.098936e+03	 916.67	 816.67	 57.00	 40	 0.57	 
BFE_340	 2	 15	 2218.jpg	 1.102907e+03	 24	 999000	 240	 999000	 999	 1.103925e+03	 916.67	 816.67	 58.00	 39	 0.57	 
BFE_340	 2	 15	 2101.jpg	 1.104910e+03	 24	 999000	 240	 999000	 999	 1.105927e+03	 916.67	 816.67	 78.00	 1	 0.17	 
BFE_340	 2	 15	 1201.jpg	 1.106912e+03	 11	 5.222967e+02	 11	 9.167273e+02	 98	 1.107930e+03	 916.67	 816.67	 8.00	 22	 0.75	 
BFE_340	 2	 15	 1213.jpg	 1.112918e+03	 11	 7.396093e+02	 11	 9.167123e+02	 98	 1.113936e+03	 916.67	 816.67	 16.00	 34	 0.56	 
BFE_340	 2	 15	 1106.jpg	 1.114921e+03	 11	 7.371861e+02	 11	 9.167228e+02	 98	 1.115939e+03	 916.67	 816.67	 14.00	 6	 0.63	 
BFE_340	 2	 15	 1120.jpg	 1.116923e+03	 12	 999000	 120	 999000	 999	 1.117941e+03	 916.67	 816.67	 12.00	 20	 0.67	 
BFE_340	 2	 15	 1218.jpg	 1.118909e+03	 12	 999000	 120	 999000	 999	 1.119926e+03	 916.67	 816.67	 20.00	 39	 0.53	 
BFE_340	 2	 15	 2113.jpg	 1.122913e+03	 24	 999000	 240	 999000	 999	 1.123931e+03	 916.67	 816.67	 43.00	 13	 0.88	 
BFE_340	 2	 15	 1109.jpg	 1.126918e+03	 12	 8.285249e+02	 12	 999000	 98	 1.127935e+03	 916.67	 816.67	 18.00	 9	 0.54	 
BFE_340	 2	 15	 2217.jpg	 1.129921e+03	 24	 999000	 240	 999000	 999	 1.130939e+03	 916.67	 816.67	 55.00	 38	 0.61	 
BFE_340	 2	 15	 1118.jpg	 1.133909e+03	 12	 999000	 120	 999000	 999	 1.134926e+03	 916.67	 816.67	 19.00	 18	 0.54	 
BFE_340	 2	 15	 1119.jpg	 1.136912e+03	 12	 999000	 120	 999000	 999	 1.137930e+03	 916.67	 816.67	 37.00	 19	 0.19	 
BFE_340	 2	 15	 2203.jpg	 1.138914e+03	 24	 999000	 240	 999000	 999	 1.139932e+03	 916.67	 816.67	 61.00	 24	 0.53	 
BFE_340	 2	 15	 1114.jpg	 1.142919e+03	 11	 6.031742e+02	 11	 9.167200e+02	 98	 1.143937e+03	 916.67	 816.67	 9.00	 14	 0.74	 
BFE_340	 2	 15	 2213.jpg	 1.144921e+03	 24	 999000	 240	 999000	 999	 1.145939e+03	 916.67	 816.67	 62.00	 34	 0.51	 
BFE_340	 2	 15	 1115.jpg	 1.146923e+03	 11	 5.347158e+02	 11	 9.167157e+02	 98	 1.147941e+03	 916.67	 816.67	 11.00	 15	 0.69	 
BFE_340	 2	 15	 1121.jpg	 1.150911e+03	 12	 999000	 120	 999000	 999	 1.151929e+03	 916.67	 816.67	 10.00	 21	 0.72	 
BFE_340	 2	 15	 1219.jpg	 1.152913e+03	 11	 6.007961e+02	 11	 9.167160e+02	 98	 1.153931e+03	 916.67	 816.67	 17.00	 40	 0.55	 
BFE_340	 2	 15	 2115.jpg	 1.156918e+03	 22	 5.162772e+02	 22	 8.167214e+02	 98	 1.157936e+03	 916.67	 833.33	 49.00	 15	 0.73	 
BFE_340	 2	 15	 1117.jpg	 1.160922e+03	 12	 7.356943e+02	 12	 999000	 98	 1.161940e+03	 916.67	 833.33	 3.00	 17	 0.85	 
BFE_340	 2	 15	 2105.jpg	 1.163909e+03	 24	 999000	 240	 999000	 999	 1.164927e+03	 916.67	 833.33	 50.00	 5	 0.73	 
BFE_340	 2	 15	 1204.jpg	 1.169916e+03	 12	 999000	 120	 999000	 999	 1.170934e+03	 916.67	 833.33	 22.00	 25	 0.47	 
BFE_340	 2	 15	 2208.jpg	 1.171918e+03	 24	 999000	 240	 999000	 999	 1.172936e+03	 916.67	 833.33	 77.00	 29	 0.18	 
BFE_340	 2	 15	 2211.jpg	 1.175923e+03	 22	 5.916110e+02	 22	 8.333913e+02	 98	 1.176940e+03	 916.67	 850.00	 48.00	 32	 0.76	 
BFE_340	 2	 15	 1217.jpg	 1.177908e+03	 12	 999000	 120	 999000	 999	 1.178926e+03	 916.67	 850.00	 15.00	 38	 0.56	 
BFE_340	 2	 15	 2116.jpg	 1.179910e+03	 24	 999000	 240	 999000	 999	 1.180928e+03	 916.67	 850.00	 53.00	 16	 0.65	 
BFE_340	 2	 15	 2109.jpg	 1.181913e+03	 22	 9.215327e+02	 220	 8.500379e+02	 98	 1.182930e+03	 916.67	 866.67	 51.00	 9	 0.71	 
BFE_340	 2	 15	 2202.jpg	 1.186918e+03	 24	 999000	 240	 999000	 999	 1.187936e+03	 916.67	 866.67	 60.00	 23	 0.54	 
BFE_340	 2	 15	 2103.jpg	 1.188920e+03	 24	 999000	 240	 999000	 999	 1.189938e+03	 916.67	 866.67	 44.00	 3	 0.85	 
BFE_340	 2	 15	 1107.jpg	 1.190923e+03	 12	 999000	 120	 999000	 999	 1.191940e+03	 916.67	 866.67	 13.00	 7	 0.64	 
BFE_340	 2	 15	 2114.jpg	 1.193909e+03	 24	 9.007521e+02	 24	 999000	 98	 1.194927e+03	 916.67	 866.67	 52.00	 14	 0.66	 
