subjectID	 order	 runNum	 itemName	 onsetTime	 shuff_trialType	 RT	 respInTime	 AudioTime	 response	 fixationTime	 ladder1	 ladder2	 bidIndex	 itemNameIndex	 bidValue	 
BFE_132	 2	 5	 1215.jpg	 5.344304e+02	 11	 999000	 1	 1.923820e-01	 999	 5.354481e+02	 -33.33	 0.00	 17.00	 36	 0.56	 
BFE_132	 2	 5	 1115.jpg	 5.394193e+02	 12	 999000	 120	 999000	 999	 5.404371e+02	 -33.33	 0.00	 3.00	 15	 0.77	 
BFE_132	 2	 5	 2114.jpg	 5.414216e+02	 24	 999000	 240	 999000	 999	 5.424393e+02	 -33.33	 0.00	 44.00	 14	 0.80	 
BFE_132	 2	 5	 2107.jpg	 5.434238e+02	 22	 999000	 2	 1.894940e-01	 999	 5.444416e+02	 -33.33	 0.00	 57.00	 7	 0.62	 
BFE_132	 2	 5	 2116.jpg	 5.494138e+02	 24	 999000	 240	 999000	 999	 5.504317e+02	 -33.33	 0.00	 61.00	 16	 0.55	 
BFE_132	 2	 5	 1209.jpg	 5.514161e+02	 12	 999000	 120	 999000	 999	 5.524338e+02	 -33.33	 0.00	 21.00	 30	 0.55	 
BFE_132	 2	 5	 1113.jpg	 5.544195e+02	 11	 999000	 1	 1.805320e-01	 999	 5.554373e+02	 -33.33	 0.00	 9.00	 13	 0.65	 
BFE_132	 2	 5	 2216.jpg	 5.564217e+02	 24	 999000	 240	 999000	 999	 5.574396e+02	 -33.33	 0.00	 50.00	 37	 0.75	 
BFE_132	 2	 5	 2115.jpg	 5.604262e+02	 24	 999000	 240	 999000	 999	 5.614440e+02	 -33.33	 0.00	 43.00	 15	 0.84	 
BFE_132	 2	 5	 1118.jpg	 5.624118e+02	 12	 999000	 120	 999000	 999	 5.634296e+02	 -33.33	 0.00	 38.00	 18	 0.16	 
BFE_132	 2	 5	 2202.jpg	 5.674174e+02	 24	 999000	 240	 999000	 999	 5.684352e+02	 -33.33	 0.00	 52.00	 23	 0.67	 
BFE_132	 2	 5	 1109.jpg	 5.744253e+02	 11	 999000	 1	 1.658610e-01	 999	 5.754431e+02	 -33.33	 0.00	 16.00	 9	 0.59	 
BFE_132	 2	 5	 2102.jpg	 5.764105e+02	 24	 999000	 240	 999000	 999	 5.774286e+02	 -33.33	 0.00	 59.00	 2	 0.61	 
BFE_132	 2	 5	 1218.jpg	 5.794142e+02	 12	 999000	 120	 999000	 999	 5.804320e+02	 -33.33	 0.00	 19.00	 39	 0.56	 
BFE_132	 2	 5	 1116.jpg	 5.824175e+02	 12	 999000	 120	 999000	 999	 5.834353e+02	 -33.33	 0.00	 18.00	 16	 0.56	 
BFE_132	 2	 5	 1105.jpg	 5.864221e+02	 11	 999000	 1	 1.805180e-01	 999	 5.874399e+02	 -33.33	 0.00	 14.00	 5	 0.60	 
BFE_132	 2	 5	 2217.jpg	 5.904265e+02	 22	 999000	 2	 1.829140e-01	 999	 5.914443e+02	 -33.33	 0.00	 49.00	 38	 0.76	 
BFE_132	 2	 5	 2211.jpg	 5.944144e+02	 24	 999000	 240	 999000	 999	 5.954321e+02	 -33.33	 0.00	 60.00	 32	 0.59	 
BFE_132	 2	 5	 2109.jpg	 5.974177e+02	 22	 999000	 2	 2.123270e-01	 999	 5.984355e+02	 -33.33	 0.00	 56.00	 9	 0.63	 
BFE_132	 2	 5	 1204.jpg	 6.034245e+02	 12	 999000	 120	 999000	 999	 6.044422e+02	 -33.33	 0.00	 22.00	 25	 0.54	 
BFE_132	 2	 5	 1208.jpg	 6.054267e+02	 12	 999000	 120	 999000	 999	 6.064445e+02	 -33.33	 0.00	 15.00	 29	 0.59	 
BFE_132	 2	 5	 2104.jpg	 6.084134e+02	 24	 999000	 240	 999000	 999	 6.094312e+02	 -33.33	 0.00	 77.00	 4	 0.29	 
BFE_132	 2	 5	 2108.jpg	 6.104155e+02	 24	 999000	 240	 999000	 999	 6.114334e+02	 -33.33	 0.00	 78.00	 8	 0.25	 
BFE_132	 2	 5	 1219.jpg	 6.124179e+02	 12	 999000	 120	 999000	 999	 6.134356e+02	 -33.33	 0.00	 20.00	 40	 0.55	 
BFE_132	 2	 5	 2103.jpg	 6.144201e+02	 22	 999000	 2	 1.847260e-01	 999	 6.154379e+02	 -33.33	 0.00	 48.00	 3	 0.76	 
BFE_132	 2	 5	 1216.jpg	 6.174234e+02	 12	 999000	 120	 999000	 999	 6.184413e+02	 -33.33	 0.00	 4.00	 37	 0.76	 
BFE_132	 2	 5	 2201.jpg	 6.214110e+02	 24	 999000	 240	 999000	 999	 6.224290e+02	 -33.33	 0.00	 47.00	 22	 0.77	 
BFE_132	 2	 5	 2106.jpg	 6.234135e+02	 24	 999000	 240	 999000	 999	 6.244312e+02	 -33.33	 0.00	 58.00	 6	 0.61	 
BFE_132	 2	 5	 1120.jpg	 6.254157e+02	 12	 999000	 120	 999000	 999	 6.264335e+02	 -33.33	 0.00	 37.00	 20	 0.23	 
BFE_132	 2	 5	 2112.jpg	 6.274180e+02	 24	 999000	 240	 999000	 999	 6.284358e+02	 -33.33	 0.00	 55.00	 12	 0.64	 
BFE_132	 2	 5	 2110.jpg	 6.294203e+02	 22	 999000	 2	 2.113940e-01	 999	 6.304381e+02	 -33.33	 0.00	 54.00	 10	 0.65	 
BFE_132	 2	 5	 1104.jpg	 6.314225e+02	 12	 999000	 120	 999000	 999	 6.324403e+02	 -33.33	 0.00	 12.00	 4	 0.61	 
BFE_132	 2	 5	 2215.jpg	 6.354270e+02	 24	 999000	 240	 999000	 999	 6.364447e+02	 -33.33	 0.00	 62.00	 36	 0.55	 
BFE_132	 2	 5	 1102.jpg	 6.394147e+02	 12	 999000	 120	 999000	 999	 6.404325e+02	 -33.33	 0.00	 13.00	 2	 0.60	 
BFE_132	 2	 5	 1206.jpg	 6.414170e+02	 12	 999000	 120	 999000	 999	 6.424348e+02	 -33.33	 0.00	 7.00	 27	 0.67	 
BFE_132	 2	 5	 2219.jpg	 6.434193e+02	 24	 999000	 240	 999000	 999	 6.444370e+02	 -33.33	 0.00	 53.00	 40	 0.66	 
BFE_132	 2	 5	 1211.jpg	 6.454215e+02	 12	 999000	 120	 999000	 999	 6.464393e+02	 -33.33	 0.00	 10.00	 32	 0.64	 
BFE_132	 2	 5	 1110.jpg	 6.474238e+02	 11	 999000	 1	 1.806090e-01	 999	 6.484415e+02	 -33.33	 0.00	 8.00	 10	 0.66	 
BFE_132	 2	 5	 1213.jpg	 6.534138e+02	 11	 999000	 1	 1.786800e-01	 999	 6.544316e+02	 -33.33	 0.00	 11.00	 34	 0.61	 
BFE_132	 2	 5	 2214.jpg	 6.554160e+02	 22	 999000	 2	 1.830049e-01	 999	 6.564338e+02	 -33.33	 0.00	 51.00	 35	 0.75	 
