subjectID	 order	 runNum	 itemName	 onsetTime	 shuff_trialType	 RT	 respInTime	 AudioTime	 response	 fixationTime	 ladder1	 ladder2	 bidIndex	 itemNameIndex	 bidValue	 
BFE_337	 1	 20	 1209.jpg	 1.707431e+03	 12	 999000	 120	 999000	 999	 1.708449e+03	 650.00	 583.33	 3.00	 30	 0.79	 
BFE_337	 1	 20	 2212.jpg	 1.710435e+03	 22	 8.713050e+02	 220	 5.834028e+02	 98	 1.711452e+03	 650.00	 600.00	 53.00	 33	 0.59	 
BFE_337	 1	 20	 1109.jpg	 1.712420e+03	 11	 9.496380e+02	 110	 6.500463e+02	 98	 1.713438e+03	 666.67	 600.00	 7.00	 9	 0.73	 
BFE_337	 1	 20	 2207.jpg	 1.714423e+03	 24	 999000	 240	 999000	 999	 1.715440e+03	 666.67	 600.00	 62.00	 28	 0.46	 
BFE_337	 1	 20	 2107.jpg	 1.716425e+03	 24	 999000	 240	 999000	 999	 1.717443e+03	 666.67	 600.00	 78.00	 7	 0.20	 
BFE_337	 1	 20	 1105.jpg	 1.719430e+03	 11	 9.320314e+02	 110	 6.667203e+02	 98	 1.720446e+03	 683.33	 600.00	 18.00	 5	 0.55	 
BFE_337	 1	 20	 1106.jpg	 1.721430e+03	 12	 999000	 120	 999000	 999	 1.722448e+03	 683.33	 600.00	 4.00	 6	 0.79	 
BFE_337	 1	 20	 2209.jpg	 1.725418e+03	 24	 999000	 240	 999000	 999	 1.726436e+03	 683.33	 600.00	 43.00	 30	 0.83	 
BFE_337	 1	 20	 2106.jpg	 1.727420e+03	 24	 999000	 240	 999000	 999	 1.728438e+03	 683.33	 600.00	 59.00	 6	 0.50	 
BFE_337	 1	 20	 2117.jpg	 1.732426e+03	 22	 8.480686e+02	 220	 6.000390e+02	 98	 1.733444e+03	 683.33	 616.67	 55.00	 17	 0.55	 
BFE_337	 1	 20	 2213.jpg	 1.734428e+03	 24	 999000	 240	 999000	 999	 1.735446e+03	 683.33	 616.67	 49.00	 34	 0.70	 
BFE_337	 1	 20	 1205.jpg	 1.738433e+03	 12	 999000	 120	 999000	 999	 1.739451e+03	 683.33	 616.67	 9.00	 26	 0.68	 
BFE_337	 1	 20	 1112.jpg	 1.740435e+03	 12	 999000	 120	 999000	 999	 1.741453e+03	 683.33	 616.67	 17.00	 12	 0.56	 
BFE_337	 1	 20	 1118.jpg	 1.743422e+03	 12	 999000	 120	 999000	 999	 1.744439e+03	 683.33	 616.67	 38.00	 18	 0.19	 
BFE_337	 1	 20	 2211.jpg	 1.748427e+03	 22	 9.267901e+02	 220	 6.167082e+02	 98	 1.749445e+03	 683.33	 633.33	 50.00	 32	 0.63	 
BFE_337	 1	 20	 2104.jpg	 1.750429e+03	 24	 999000	 240	 999000	 999	 1.751447e+03	 683.33	 633.33	 61.00	 4	 0.46	 
BFE_337	 1	 20	 1213.jpg	 1.752432e+03	 12	 999000	 120	 999000	 999	 1.753450e+03	 683.33	 633.33	 16.00	 34	 0.56	 
BFE_337	 1	 20	 1107.jpg	 1.756420e+03	 12	 999000	 120	 999000	 999	 1.757437e+03	 683.33	 633.33	 20.00	 7	 0.50	 
BFE_337	 1	 20	 1217.jpg	 1.760424e+03	 12	 999000	 120	 999000	 999	 1.761442e+03	 683.33	 633.33	 8.00	 38	 0.70	 
BFE_337	 1	 20	 2108.jpg	 1.764428e+03	 24	 999000	 240	 999000	 999	 1.765446e+03	 683.33	 633.33	 77.00	 8	 0.21	 
BFE_337	 1	 20	 2216.jpg	 1.766431e+03	 22	 9.072749e+02	 220	 6.333805e+02	 98	 1.767449e+03	 683.33	 650.00	 47.00	 37	 0.74	 
BFE_337	 1	 20	 1114.jpg	 1.768433e+03	 12	 999000	 120	 999000	 999	 1.769451e+03	 683.33	 650.00	 19.00	 14	 0.52	 
BFE_337	 1	 20	 2101.jpg	 1.770435e+03	 24	 999000	 240	 999000	 999	 1.771453e+03	 683.33	 650.00	 54.00	 1	 0.59	 
BFE_337	 1	 20	 1120.jpg	 1.772421e+03	 12	 999000	 120	 999000	 999	 1.773439e+03	 683.33	 650.00	 37.00	 20	 0.22	 
BFE_337	 1	 20	 1102.jpg	 1.778427e+03	 11	 9.665267e+02	 110	 6.833756e+02	 98	 1.779445e+03	 700.00	 650.00	 15.00	 2	 0.59	 
BFE_337	 1	 20	 2102.jpg	 1.781431e+03	 22	 8.831204e+02	 220	 6.500432e+02	 98	 1.782449e+03	 700.00	 666.67	 58.00	 2	 0.51	 
BFE_337	 1	 20	 1117.jpg	 1.783433e+03	 12	 999000	 120	 999000	 999	 1.784451e+03	 700.00	 666.67	 11.00	 17	 0.64	 
BFE_337	 1	 20	 2219.jpg	 1.785418e+03	 24	 999000	 240	 999000	 999	 1.786436e+03	 700.00	 666.67	 44.00	 40	 0.82	 
BFE_337	 1	 20	 1121.jpg	 1.788422e+03	 11	 1.180001e+03	 1100	 7.000390e+02	 98	 1.789440e+03	 650.00	 666.67	 12.00	 21	 0.64	 
BFE_337	 1	 20	 1212.jpg	 1.790424e+03	 12	 999000	 120	 999000	 999	 1.791442e+03	 650.00	 666.67	 21.00	 33	 0.50	 
BFE_337	 1	 20	 2114.jpg	 1.792427e+03	 24	 999000	 240	 999000	 999	 1.793444e+03	 650.00	 666.67	 60.00	 14	 0.48	 
BFE_337	 1	 20	 1115.jpg	 1.794429e+03	 11	 1.013266e+03	 1100	 6.500315e+02	 98	 1.795447e+03	 600.00	 666.67	 13.00	 15	 0.63	 
BFE_337	 1	 20	 1206.jpg	 1.797432e+03	 11	 8.337837e+02	 110	 6.000485e+02	 98	 1.798450e+03	 616.67	 666.67	 10.00	 27	 0.65	 
BFE_337	 1	 20	 1216.jpg	 1.799434e+03	 12	 999000	 120	 999000	 999	 1.800452e+03	 616.67	 666.67	 14.00	 37	 0.61	 
BFE_337	 1	 20	 2103.jpg	 1.801420e+03	 24	 999000	 240	 999000	 999	 1.802438e+03	 616.67	 666.67	 48.00	 3	 0.73	 
BFE_337	 1	 20	 2206.jpg	 1.803422e+03	 24	 999000	 240	 999000	 999	 1.804440e+03	 616.67	 666.67	 51.00	 27	 0.63	 
BFE_337	 1	 20	 2217.jpg	 1.805424e+03	 24	 999000	 240	 999000	 999	 1.806442e+03	 616.67	 666.67	 56.00	 38	 0.52	 
BFE_337	 1	 20	 2204.jpg	 1.811431e+03	 24	 999000	 240	 999000	 999	 1.812449e+03	 616.67	 666.67	 57.00	 25	 0.52	 
BFE_337	 1	 20	 1215.jpg	 1.814435e+03	 12	 999000	 120	 999000	 999	 1.815452e+03	 616.67	 666.67	 22.00	 36	 0.48	 
BFE_337	 1	 20	 2109.jpg	 1.818422e+03	 22	 1.091718e+03	 2200	 6.667073e+02	 98	 1.819440e+03	 616.67	 616.67	 52.00	 9	 0.63	 
