subjectID	 order	 runNum	 itemName	 onsetTime	 shuff_trialType	 RT	 respInTime	 AudioTime	 response	 fixationTime	 ladder1	 ladder2	 bidIndex	 itemNameIndex	 bidValue	 
BFE_308	 2	 19	 2103.jpg	 2.309110e+03	 22	 1.211955e+03	 2200	 8.667266e+02	 98	 2.310128e+03	 916.67	 816.67	 51.00	 3	 0.67	 
BFE_308	 2	 19	 2216.jpg	 2.312097e+03	 24	 999000	 240	 999000	 999	 2.313115e+03	 916.67	 816.67	 53.00	 37	 0.64	 
BFE_308	 2	 19	 1216.jpg	 2.316101e+03	 12	 999000	 120	 999000	 999	 2.317119e+03	 916.67	 816.67	 10.00	 37	 0.71	 
BFE_308	 2	 19	 1103.jpg	 2.318104e+03	 11	 6.344697e+02	 11	 9.167131e+02	 98	 2.319121e+03	 916.67	 816.67	 8.00	 3	 0.74	 
BFE_308	 2	 19	 2208.jpg	 2.320106e+03	 24	 999000	 240	 999000	 999	 2.321123e+03	 916.67	 816.67	 58.00	 29	 0.56	 
BFE_308	 2	 19	 1117.jpg	 2.324093e+03	 12	 999000	 120	 999000	 999	 2.325111e+03	 916.67	 816.67	 37.00	 17	 0.17	 
BFE_308	 2	 19	 1109.jpg	 2.326096e+03	 12	 5.143074e+02	 12	 999000	 98	 2.327114e+03	 916.67	 816.67	 18.00	 9	 0.54	 
BFE_308	 2	 19	 2204.jpg	 2.331101e+03	 24	 999000	 240	 999000	 999	 2.332119e+03	 916.67	 816.67	 61.00	 25	 0.51	 
BFE_308	 2	 19	 1208.jpg	 2.333104e+03	 12	 999000	 120	 999000	 999	 2.334121e+03	 916.67	 816.67	 7.00	 29	 0.76	 
BFE_308	 2	 19	 2209.jpg	 2.336107e+03	 22	 5.430432e+02	 22	 8.167051e+02	 98	 2.337125e+03	 916.67	 833.33	 49.00	 30	 0.71	 
BFE_308	 2	 19	 1219.jpg	 2.339093e+03	 12	 999000	 120	 999000	 999	 2.340112e+03	 916.67	 833.33	 19.00	 40	 0.53	 
BFE_308	 2	 19	 1210.jpg	 2.343098e+03	 12	 999000	 120	 999000	 999	 2.344116e+03	 916.67	 833.33	 38.00	 31	 0.15	 
BFE_308	 2	 19	 2219.jpg	 2.346102e+03	 24	 999000	 240	 999000	 999	 2.347120e+03	 916.67	 833.33	 43.00	 40	 0.83	 
BFE_308	 2	 19	 2116.jpg	 2.348104e+03	 24	 999000	 240	 999000	 999	 2.349122e+03	 916.67	 833.33	 62.00	 16	 0.51	 
BFE_308	 2	 19	 2109.jpg	 2.351107e+03	 22	 4.948575e+02	 22	 8.333609e+02	 98	 2.352125e+03	 916.67	 850.00	 56.00	 9	 0.58	 
BFE_308	 2	 19	 1202.jpg	 2.355095e+03	 12	 999000	 120	 999000	 999	 2.356113e+03	 916.67	 850.00	 21.00	 23	 0.47	 
BFE_308	 2	 19	 1207.jpg	 2.358098e+03	 12	 999000	 120	 999000	 999	 2.359116e+03	 916.67	 850.00	 12.00	 28	 0.67	 
BFE_308	 2	 19	 2102.jpg	 2.360101e+03	 22	 7.573500e+02	 22	 8.500353e+02	 98	 2.361118e+03	 916.67	 866.67	 54.00	 2	 0.60	 
BFE_308	 2	 19	 2111.jpg	 2.362103e+03	 24	 999000	 240	 999000	 999	 2.363121e+03	 916.67	 866.67	 78.00	 11	 0.14	 
BFE_308	 2	 19	 2203.jpg	 2.367109e+03	 24	 999000	 240	 999000	 999	 2.368126e+03	 916.67	 866.67	 59.00	 24	 0.53	 
BFE_308	 2	 19	 1203.jpg	 2.371096e+03	 11	 5.937248e+02	 11	 9.167481e+02	 98	 2.372114e+03	 916.67	 866.67	 16.00	 24	 0.58	 
BFE_308	 2	 19	 2206.jpg	 2.375101e+03	 24	 999000	 240	 999000	 999	 2.376119e+03	 916.67	 866.67	 60.00	 27	 0.52	 
BFE_308	 2	 19	 2110.jpg	 2.381108e+03	 24	 999000	 240	 999000	 999	 2.382125e+03	 916.67	 866.67	 52.00	 10	 0.66	 
BFE_308	 2	 19	 2213.jpg	 2.383093e+03	 24	 999000	 240	 999000	 999	 2.384111e+03	 916.67	 866.67	 47.00	 34	 0.76	 
BFE_308	 2	 19	 2115.jpg	 2.385095e+03	 24	 999000	 240	 999000	 999	 2.386113e+03	 916.67	 866.67	 55.00	 15	 0.58	 
BFE_308	 2	 19	 1214.jpg	 2.387098e+03	 11	 6.324594e+02	 11	 9.167037e+02	 98	 2.388116e+03	 916.67	 866.67	 11.00	 35	 0.71	 
BFE_308	 2	 19	 2210.jpg	 2.389100e+03	 24	 999000	 240	 999000	 999	 2.390118e+03	 916.67	 866.67	 77.00	 31	 0.17	 
BFE_308	 2	 19	 2218.jpg	 2.393104e+03	 22	 5.377265e+02	 22	 8.667024e+02	 98	 2.394122e+03	 916.67	 883.33	 57.00	 39	 0.58	 
BFE_308	 2	 19	 2105.jpg	 2.395107e+03	 24	 999000	 240	 999000	 999	 2.396124e+03	 916.67	 883.33	 50.00	 5	 0.68	 
BFE_308	 2	 19	 1211.jpg	 2.399094e+03	 12	 999000	 120	 999000	 999	 2.400112e+03	 916.67	 883.33	 13.00	 32	 0.67	 
BFE_308	 2	 19	 1110.jpg	 2.401097e+03	 11	 6.254547e+02	 11	 9.166982e+02	 98	 2.402114e+03	 916.67	 883.33	 14.00	 10	 0.60	 
BFE_308	 2	 19	 1215.jpg	 2.403099e+03	 12	 999000	 120	 999000	 999	 2.404117e+03	 916.67	 883.33	 15.00	 36	 0.59	 
BFE_308	 2	 19	 1201.jpg	 2.405101e+03	 12	 999000	 120	 999000	 999	 2.406119e+03	 916.67	 883.33	 4.00	 22	 0.80	 
BFE_308	 2	 19	 1105.jpg	 2.410107e+03	 11	 5.512577e+02	 11	 9.166950e+02	 98	 2.411124e+03	 916.67	 883.33	 17.00	 5	 0.57	 
BFE_308	 2	 19	 1114.jpg	 2.412109e+03	 11	 5.650301e+02	 11	 9.166947e+02	 98	 2.413127e+03	 916.67	 883.33	 9.00	 14	 0.71	 
BFE_308	 2	 19	 1218.jpg	 2.414095e+03	 12	 999000	 120	 999000	 999	 2.415112e+03	 916.67	 883.33	 3.00	 39	 0.85	 
BFE_308	 2	 19	 2215.jpg	 2.417098e+03	 24	 999000	 240	 999000	 999	 2.418116e+03	 916.67	 883.33	 44.00	 36	 0.79	 
BFE_308	 2	 19	 1113.jpg	 2.424106e+03	 12	 999000	 120	 999000	 999	 2.425124e+03	 916.67	 883.33	 20.00	 13	 0.53	 
BFE_308	 2	 19	 2121.jpg	 2.428093e+03	 22	 4.927635e+02	 22	 8.833756e+02	 98	 2.429111e+03	 916.67	 900.00	 48.00	 21	 0.72	 
BFE_308	 2	 19	 1209.jpg	 2.435101e+03	 12	 999000	 120	 999000	 999	 2.436119e+03	 916.67	 900.00	 22.00	 30	 0.46	 
