subjectID	 order	 runNum	 itemName	 onsetTime	 shuff_trialType	 RT	 respInTime	 AudioTime	 response	 fixationTime	 ladder1	 ladder2	 bidIndex	 itemNameIndex	 bidValue	 
BFE_305	 1	 16	 1212.jpg	 1.984474e+03	 12	 999000	 120	 999000	 999	 1.985492e+03	 383.33	 450.00	 9.00	 33	 0.67	 
BFE_305	 1	 16	 2102.jpg	 1.986460e+03	 22	 9.423304e+02	 220	 4.500468e+02	 98	 1.987478e+03	 383.33	 466.67	 55.00	 2	 0.62	 
BFE_305	 1	 16	 1118.jpg	 1.990464e+03	 12	 999000	 120	 999000	 999	 1.991482e+03	 383.33	 466.67	 37.00	 18	 0.17	 
BFE_305	 1	 16	 1107.jpg	 1.993468e+03	 12	 999000	 120	 999000	 999	 1.994486e+03	 383.33	 466.67	 38.00	 7	 0.16	 
BFE_305	 1	 16	 1203.jpg	 1.995470e+03	 12	 999000	 120	 999000	 999	 1.996488e+03	 383.33	 466.67	 3.00	 24	 0.85	 
BFE_305	 1	 16	 1106.jpg	 1.998473e+03	 12	 999000	 120	 999000	 999	 1.999491e+03	 383.33	 466.67	 21.00	 6	 0.50	 
BFE_305	 1	 16	 1214.jpg	 2.002461e+03	 11	 9.328077e+02	 110	 3.833837e+02	 98	 2.003479e+03	 400.00	 466.67	 7.00	 35	 0.77	 
BFE_305	 1	 16	 2212.jpg	 2.006466e+03	 22	 1.328213e+03	 2200	 4.666916e+02	 98	 2.007483e+03	 400.00	 416.67	 52.00	 33	 0.66	 
BFE_305	 1	 16	 2211.jpg	 2.008468e+03	 24	 999000	 240	 999000	 999	 2.009486e+03	 400.00	 416.67	 49.00	 32	 0.73	 
BFE_305	 1	 16	 2121.jpg	 2.013474e+03	 24	 999000	 240	 999000	 999	 2.014491e+03	 400.00	 416.67	 54.00	 21	 0.63	 
BFE_305	 1	 16	 1206.jpg	 2.015476e+03	 12	 999000	 120	 999000	 999	 2.016494e+03	 400.00	 416.67	 14.00	 27	 0.60	 
BFE_305	 1	 16	 1210.jpg	 2.017461e+03	 12	 999000	 120	 999000	 999	 2.018479e+03	 400.00	 416.67	 8.00	 31	 0.69	 
BFE_305	 1	 16	 1110.jpg	 2.023468e+03	 11	 8.538619e+02	 110	 4.000256e+02	 98	 2.024486e+03	 416.67	 416.67	 18.00	 10	 0.55	 
BFE_305	 1	 16	 1121.jpg	 2.025470e+03	 12	 999000	 120	 999000	 999	 2.026488e+03	 416.67	 416.67	 16.00	 21	 0.58	 
BFE_305	 1	 16	 1217.jpg	 2.027473e+03	 12	 999000	 120	 999000	 999	 2.028490e+03	 416.67	 416.67	 17.00	 38	 0.56	 
BFE_305	 1	 16	 2110.jpg	 2.029475e+03	 24	 999000	 240	 999000	 999	 2.030493e+03	 416.67	 416.67	 61.00	 10	 0.48	 
BFE_305	 1	 16	 1205.jpg	 2.033463e+03	 11	 8.353240e+02	 110	 4.166932e+02	 98	 2.034480e+03	 433.33	 416.67	 15.00	 26	 0.59	 
BFE_305	 1	 16	 2101.jpg	 2.037467e+03	 24	 999000	 240	 999000	 999	 2.038485e+03	 433.33	 416.67	 60.00	 1	 0.51	 
BFE_305	 1	 16	 2201.jpg	 2.040471e+03	 24	 999000	 240	 999000	 999	 2.041488e+03	 433.33	 416.67	 51.00	 22	 0.70	 
BFE_305	 1	 16	 1101.jpg	 2.044458e+03	 12	 999000	 120	 999000	 999	 2.045476e+03	 433.33	 416.67	 11.00	 1	 0.62	 
BFE_305	 1	 16	 1103.jpg	 2.047462e+03	 11	 8.921157e+02	 110	 4.333643e+02	 98	 2.048479e+03	 450.00	 416.67	 10.00	 3	 0.65	 
BFE_305	 1	 16	 2209.jpg	 2.049464e+03	 24	 999000	 240	 999000	 999	 2.050482e+03	 450.00	 416.67	 57.00	 30	 0.59	 
BFE_305	 1	 16	 2204.jpg	 2.053469e+03	 24	 999000	 240	 999000	 999	 2.054486e+03	 450.00	 416.67	 56.00	 25	 0.59	 
BFE_305	 1	 16	 2113.jpg	 2.055471e+03	 24	 999000	 240	 999000	 999	 2.056488e+03	 450.00	 416.67	 78.00	 13	 0.25	 
BFE_305	 1	 16	 2120.jpg	 2.057473e+03	 22	 7.609858e+02	 220	 4.166950e+02	 98	 2.058491e+03	 450.00	 433.33	 53.00	 20	 0.63	 
BFE_305	 1	 16	 2205.jpg	 2.061461e+03	 24	 999000	 240	 999000	 999	 2.062479e+03	 450.00	 433.33	 59.00	 26	 0.53	 
BFE_305	 1	 16	 2218.jpg	 2.063463e+03	 22	 8.029452e+02	 220	 4.333632e+02	 98	 2.064481e+03	 450.00	 450.00	 47.00	 39	 0.73	 
BFE_305	 1	 16	 2203.jpg	 2.067468e+03	 24	 999000	 240	 999000	 999	 2.068485e+03	 450.00	 450.00	 43.00	 24	 0.81	 
BFE_305	 1	 16	 2214.jpg	 2.071472e+03	 24	 999000	 240	 999000	 999	 2.072490e+03	 450.00	 450.00	 48.00	 35	 0.73	 
BFE_305	 1	 16	 1201.jpg	 2.074458e+03	 12	 999000	 120	 999000	 999	 2.075476e+03	 450.00	 450.00	 4.00	 22	 0.84	 
BFE_305	 1	 16	 2106.jpg	 2.080465e+03	 24	 999000	 240	 999000	 999	 2.081483e+03	 450.00	 450.00	 62.00	 6	 0.46	 
BFE_305	 1	 16	 2107.jpg	 2.082468e+03	 24	 999000	 240	 999000	 999	 2.083486e+03	 450.00	 450.00	 77.00	 7	 0.26	 
BFE_305	 1	 16	 1219.jpg	 2.086472e+03	 12	 999000	 120	 999000	 999	 2.087490e+03	 450.00	 450.00	 19.00	 40	 0.51	 
BFE_305	 1	 16	 2215.jpg	 2.088474e+03	 22	 9.195765e+02	 220	 4.500450e+02	 98	 2.089492e+03	 450.00	 466.67	 58.00	 36	 0.57	 
BFE_305	 1	 16	 2216.jpg	 2.090460e+03	 22	 9.499161e+02	 220	 4.667019e+02	 98	 2.091478e+03	 450.00	 483.33	 50.00	 37	 0.71	 
BFE_305	 1	 16	 1209.jpg	 2.092462e+03	 12	 999000	 120	 999000	 999	 2.093480e+03	 450.00	 483.33	 20.00	 30	 0.50	 
BFE_305	 1	 16	 2207.jpg	 2.097470e+03	 24	 999000	 240	 999000	 999	 2.098486e+03	 450.00	 483.33	 44.00	 28	 0.77	 
BFE_305	 1	 16	 1204.jpg	 2.099470e+03	 11	 7.958797e+02	 110	 4.500243e+02	 98	 2.100488e+03	 466.67	 483.33	 13.00	 25	 0.61	 
BFE_305	 1	 16	 1102.jpg	 2.101472e+03	 12	 999000	 120	 999000	 999	 2.102490e+03	 466.67	 483.33	 22.00	 2	 0.49	 
BFE_305	 1	 16	 1215.jpg	 2.104459e+03	 11	 7.191731e+02	 110	 4.666950e+02	 98	 2.105477e+03	 483.33	 483.33	 12.00	 36	 0.61	 
