subjectID	 order	 runNum	 itemName	 onsetTime	 shuff_trialType	 RT	 respInTime	 AudioTime	 response	 fixationTime	 ladder1	 ladder2	 bidIndex	 itemNameIndex	 bidValue	 
BFE_340	 2	 20	 2102.jpg	 1.701278e+03	 24	 999000	 240	 999000	 999	 1.702296e+03	 916.67	 916.67	 47.00	 2	 0.81	 
BFE_340	 2	 20	 2203.jpg	 1.703280e+03	 24	 999000	 240	 999000	 999	 1.704298e+03	 916.67	 916.67	 61.00	 24	 0.53	 
BFE_340	 2	 20	 2111.jpg	 1.707268e+03	 24	 999000	 240	 999000	 999	 1.708286e+03	 916.67	 916.67	 59.00	 11	 0.55	 
BFE_340	 2	 20	 2217.jpg	 1.710272e+03	 24	 999000	 240	 999000	 999	 1.711289e+03	 916.67	 916.67	 55.00	 38	 0.61	 
BFE_340	 2	 20	 1103.jpg	 1.712274e+03	 12	 999000	 120	 999000	 999	 1.713292e+03	 916.67	 916.67	 4.00	 3	 0.81	 
BFE_340	 2	 20	 2114.jpg	 1.715277e+03	 24	 999000	 240	 999000	 999	 1.716295e+03	 916.67	 916.67	 52.00	 14	 0.66	 
BFE_340	 2	 20	 1106.jpg	 1.719265e+03	 11	 6.493609e+02	 11	 9.167411e+02	 98	 1.720283e+03	 916.67	 916.67	 14.00	 6	 0.63	 
BFE_340	 2	 20	 1105.jpg	 1.723270e+03	 12	 999000	 120	 999000	 999	 1.724287e+03	 916.67	 916.67	 21.00	 5	 0.49	 
BFE_340	 2	 20	 1217.jpg	 1.725272e+03	 12	 999000	 120	 999000	 999	 1.726289e+03	 916.67	 916.67	 15.00	 38	 0.56	 
BFE_340	 2	 20	 1201.jpg	 1.730277e+03	 11	 5.248515e+02	 11	 9.167437e+02	 98	 1.731295e+03	 916.67	 916.67	 8.00	 22	 0.75	 
BFE_340	 2	 20	 1208.jpg	 1.732279e+03	 12	 999000	 120	 999000	 999	 1.733297e+03	 916.67	 916.67	 38.00	 29	 0.16	 
BFE_340	 2	 20	 1117.jpg	 1.734265e+03	 12	 999000	 120	 999000	 999	 1.735283e+03	 916.67	 916.67	 3.00	 17	 0.85	 
BFE_340	 2	 20	 2109.jpg	 1.740272e+03	 22	 5.863005e+02	 22	 9.167197e+02	 98	 1.741290e+03	 916.67	 916.67	 51.00	 9	 0.71	 
BFE_340	 2	 20	 1204.jpg	 1.742274e+03	 12	 999000	 120	 999000	 999	 1.743292e+03	 916.67	 916.67	 22.00	 25	 0.47	 
BFE_340	 2	 20	 1119.jpg	 1.744276e+03	 12	 999000	 120	 999000	 999	 1.745294e+03	 916.67	 916.67	 37.00	 19	 0.19	 
BFE_340	 2	 20	 2115.jpg	 1.746279e+03	 22	 5.555295e+02	 22	 9.167269e+02	 98	 1.747296e+03	 916.67	 916.67	 49.00	 15	 0.73	 
BFE_340	 2	 20	 1206.jpg	 1.750266e+03	 12	 999000	 120	 999000	 999	 1.751284e+03	 916.67	 916.67	 7.00	 27	 0.76	 
BFE_340	 2	 20	 2103.jpg	 1.754271e+03	 24	 999000	 240	 999000	 999	 1.755289e+03	 916.67	 916.67	 44.00	 3	 0.85	 
BFE_340	 2	 20	 2218.jpg	 1.757274e+03	 24	 999000	 240	 999000	 999	 1.758292e+03	 916.67	 916.67	 58.00	 39	 0.57	 
BFE_340	 2	 20	 1115.jpg	 1.761279e+03	 11	 5.554392e+02	 11	 9.167105e+02	 98	 1.762296e+03	 916.67	 916.67	 11.00	 15	 0.69	 
BFE_340	 2	 20	 2208.jpg	 1.764265e+03	 24	 999000	 240	 999000	 999	 1.765283e+03	 916.67	 916.67	 77.00	 29	 0.18	 
BFE_340	 2	 20	 1219.jpg	 1.766268e+03	 11	 6.385321e+02	 11	 9.167230e+02	 98	 1.767285e+03	 916.67	 916.67	 17.00	 40	 0.55	 
BFE_340	 2	 20	 2219.jpg	 1.770272e+03	 22	 6.099487e+02	 22	 9.167609e+02	 98	 1.771290e+03	 916.67	 916.67	 57.00	 40	 0.57	 
BFE_340	 2	 20	 1107.jpg	 1.772274e+03	 12	 999000	 120	 999000	 999	 1.773292e+03	 916.67	 916.67	 13.00	 7	 0.64	 
BFE_340	 2	 20	 2105.jpg	 1.774277e+03	 24	 999000	 240	 999000	 999	 1.775294e+03	 916.67	 916.67	 50.00	 5	 0.73	 
BFE_340	 2	 20	 2113.jpg	 1.778264e+03	 24	 999000	 240	 999000	 999	 1.779282e+03	 916.67	 916.67	 43.00	 13	 0.88	 
BFE_340	 2	 20	 2116.jpg	 1.780267e+03	 24	 999000	 240	 999000	 999	 1.781284e+03	 916.67	 916.67	 53.00	 16	 0.65	 
BFE_340	 2	 20	 1118.jpg	 1.784271e+03	 12	 999000	 120	 999000	 999	 1.785289e+03	 916.67	 916.67	 19.00	 18	 0.54	 
BFE_340	 2	 20	 1213.jpg	 1.788276e+03	 11	 8.384674e+02	 11	 9.167080e+02	 98	 1.789293e+03	 916.67	 916.67	 16.00	 34	 0.56	 
BFE_340	 2	 20	 2211.jpg	 1.791279e+03	 22	 5.471535e+02	 22	 9.167645e+02	 98	 1.792297e+03	 916.67	 916.67	 48.00	 32	 0.76	 
BFE_340	 2	 20	 2213.jpg	 1.797269e+03	 24	 999000	 240	 999000	 999	 1.798287e+03	 916.67	 916.67	 62.00	 34	 0.51	 
BFE_340	 2	 20	 1114.jpg	 1.799271e+03	 11	 6.267632e+02	 11	 9.167150e+02	 98	 1.800289e+03	 916.67	 916.67	 9.00	 14	 0.74	 
BFE_340	 2	 20	 2209.jpg	 1.803276e+03	 22	 5.823036e+02	 22	 9.167113e+02	 98	 1.804293e+03	 916.67	 916.67	 54.00	 30	 0.63	 
BFE_340	 2	 20	 1121.jpg	 1.805278e+03	 12	 999000	 120	 999000	 999	 1.806296e+03	 916.67	 916.67	 10.00	 21	 0.72	 
BFE_340	 2	 20	 2202.jpg	 1.807280e+03	 24	 999000	 240	 999000	 999	 1.808298e+03	 916.67	 916.67	 60.00	 23	 0.54	 
BFE_340	 2	 20	 2101.jpg	 1.809266e+03	 24	 999000	 240	 999000	 999	 1.810284e+03	 916.67	 916.67	 78.00	 1	 0.17	 
BFE_340	 2	 20	 1120.jpg	 1.814271e+03	 12	 999000	 120	 999000	 999	 1.815289e+03	 916.67	 916.67	 12.00	 20	 0.67	 
BFE_340	 2	 20	 1109.jpg	 1.816274e+03	 12	 999000	 120	 999000	 999	 1.817291e+03	 916.67	 916.67	 18.00	 9	 0.54	 
BFE_340	 2	 20	 1218.jpg	 1.818276e+03	 12	 999000	 120	 999000	 999	 1.819294e+03	 916.67	 916.67	 20.00	 39	 0.53	 
BFE_340	 2	 20	 2117.jpg	 1.821279e+03	 22	 5.628200e+02	 22	 9.167065e+02	 98	 1.822297e+03	 916.67	 916.67	 56.00	 17	 0.59	 
