subjectID	 order	 runNum	 itemName	 onsetTime	 shuff_trialType	 RT	 respInTime	 AudioTime	 response	 fixationTime	 ladder1	 ladder2	 bidIndex	 itemNameIndex	 bidValue	 
BFE_339	 1	 10	 2104.jpg	 4.219656e+02	 24	 999000	 240	 999000	 999	 4.229835e+02	 716.67	 716.67	 57.00	 4	 0.57	 
BFE_339	 1	 10	 1204.jpg	 4.249524e+02	 12	 999000	 120	 999000	 999	 4.259701e+02	 716.67	 716.67	 19.00	 25	 0.53	 
BFE_339	 1	 10	 2111.jpg	 4.269546e+02	 24	 999000	 240	 999000	 999	 4.279723e+02	 716.67	 716.67	 60.00	 11	 0.50	 
BFE_339	 1	 10	 1214.jpg	 4.289568e+02	 12	 999000	 120	 999000	 999	 4.299746e+02	 716.67	 716.67	 4.00	 35	 0.76	 
BFE_339	 1	 10	 1111.jpg	 4.309590e+02	 12	 999000	 120	 999000	 999	 4.319769e+02	 716.67	 716.67	 8.00	 11	 0.70	 
BFE_339	 1	 10	 2109.jpg	 4.339625e+02	 22	 9.436496e+02	 220	 7.167333e+02	 98	 4.349802e+02	 716.67	 733.33	 47.00	 9	 0.74	 
BFE_339	 1	 10	 2116.jpg	 4.359477e+02	 24	 999000	 240	 999000	 999	 4.369658e+02	 716.67	 733.33	 51.00	 16	 0.65	 
BFE_339	 1	 10	 2213.jpg	 4.399525e+02	 24	 999000	 240	 999000	 999	 4.409702e+02	 716.67	 733.33	 44.00	 34	 0.82	 
BFE_339	 1	 10	 1114.jpg	 4.419547e+02	 12	 999000	 120	 999000	 999	 4.429726e+02	 716.67	 733.33	 11.00	 14	 0.67	 
BFE_339	 1	 10	 1109.jpg	 4.469604e+02	 11	 9.777716e+02	 110	 7.167226e+02	 98	 4.479781e+02	 733.33	 733.33	 7.00	 9	 0.71	 
BFE_339	 1	 10	 2115.jpg	 4.489626e+02	 24	 999000	 240	 999000	 999	 4.499803e+02	 733.33	 733.33	 49.00	 15	 0.69	 
BFE_339	 1	 10	 2201.jpg	 4.529504e+02	 24	 999000	 240	 999000	 999	 4.539682e+02	 733.33	 733.33	 56.00	 22	 0.59	 
BFE_339	 1	 10	 2211.jpg	 4.549526e+02	 22	 1.009503e+03	 2200	 7.333725e+02	 98	 4.559716e+02	 733.33	 683.33	 50.00	 32	 0.68	 
BFE_339	 1	 10	 2112.jpg	 4.579561e+02	 24	 999000	 240	 999000	 999	 4.589738e+02	 733.33	 683.33	 62.00	 12	 0.49	 
BFE_339	 1	 10	 1215.jpg	 4.629616e+02	 12	 999000	 120	 999000	 999	 4.639794e+02	 733.33	 683.33	 16.00	 36	 0.56	 
BFE_339	 1	 10	 1219.jpg	 4.649638e+02	 12	 999000	 120	 999000	 999	 4.659816e+02	 733.33	 683.33	 14.00	 40	 0.58	 
BFE_339	 1	 10	 1207.jpg	 4.669495e+02	 12	 999000	 120	 999000	 999	 4.679671e+02	 733.33	 683.33	 22.00	 28	 0.49	 
BFE_339	 1	 10	 2205.jpg	 4.709540e+02	 22	 8.801368e+02	 220	 6.833763e+02	 98	 4.719717e+02	 733.33	 700.00	 55.00	 26	 0.61	 
BFE_339	 1	 10	 2202.jpg	 4.749584e+02	 24	 999000	 240	 999000	 999	 4.759762e+02	 733.33	 700.00	 54.00	 23	 0.61	 
BFE_339	 1	 10	 2117.jpg	 4.789630e+02	 24	 999000	 240	 999000	 999	 4.799807e+02	 733.33	 700.00	 78.00	 17	 0.20	 
BFE_339	 1	 10	 1202.jpg	 4.809482e+02	 12	 999000	 120	 999000	 999	 4.819662e+02	 733.33	 700.00	 20.00	 23	 0.49	 
BFE_339	 1	 10	 1121.jpg	 4.829508e+02	 12	 999000	 120	 999000	 999	 4.839686e+02	 733.33	 700.00	 3.00	 21	 0.78	 
BFE_339	 1	 10	 2204.jpg	 4.849529e+02	 22	 8.892177e+02	 220	 7.000527e+02	 98	 4.859708e+02	 733.33	 716.67	 53.00	 25	 0.62	 
BFE_339	 1	 10	 1210.jpg	 4.869552e+02	 12	 999000	 120	 999000	 999	 4.879731e+02	 733.33	 716.67	 21.00	 31	 0.49	 
BFE_339	 1	 10	 1205.jpg	 4.929619e+02	 11	 9.603028e+02	 110	 7.333822e+02	 98	 4.939796e+02	 750.00	 716.67	 12.00	 26	 0.64	 
BFE_339	 1	 10	 2114.jpg	 4.959484e+02	 24	 999000	 240	 999000	 999	 4.969664e+02	 750.00	 716.67	 59.00	 14	 0.52	 
BFE_339	 1	 10	 1218.jpg	 4.979509e+02	 11	 1.051222e+03	 1100	 7.500374e+02	 98	 4.989687e+02	 700.00	 716.67	 15.00	 39	 0.58	 
BFE_339	 1	 10	 1201.jpg	 4.999531e+02	 11	 8.730562e+02	 110	 7.000539e+02	 98	 5.009709e+02	 716.67	 716.67	 10.00	 22	 0.67	 
BFE_339	 1	 10	 1206.jpg	 5.029728e+02	 12	 999000	 120	 999000	 999	 5.039909e+02	 716.67	 716.67	 9.00	 27	 0.68	 
BFE_339	 1	 10	 1120.jpg	 5.049588e+02	 11	 9.153394e+02	 110	 7.167051e+02	 98	 5.059765e+02	 733.33	 716.67	 18.00	 20	 0.54	 
BFE_339	 1	 10	 2106.jpg	 5.069610e+02	 22	 9.211358e+02	 220	 7.167052e+02	 98	 5.079788e+02	 733.33	 733.33	 58.00	 6	 0.55	 
BFE_339	 1	 10	 1102.jpg	 5.089632e+02	 11	 9.508935e+02	 110	 7.333718e+02	 98	 5.099810e+02	 750.00	 733.33	 13.00	 2	 0.63	 
BFE_339	 1	 10	 2216.jpg	 5.119500e+02	 24	 999000	 240	 999000	 999	 5.129677e+02	 750.00	 733.33	 43.00	 37	 0.92	 
BFE_339	 1	 10	 2215.jpg	 5.139522e+02	 22	 9.619564e+02	 220	 7.333772e+02	 98	 5.149699e+02	 750.00	 750.00	 52.00	 36	 0.64	 
BFE_339	 1	 10	 1209.jpg	 5.159544e+02	 12	 999000	 120	 999000	 999	 5.169722e+02	 750.00	 750.00	 17.00	 30	 0.54	 
BFE_339	 1	 10	 1203.jpg	 5.179566e+02	 12	 999000	 120	 999000	 999	 5.189744e+02	 750.00	 750.00	 38.00	 24	 0.21	 
BFE_339	 1	 10	 2209.jpg	 5.199589e+02	 24	 999000	 240	 999000	 999	 5.209766e+02	 750.00	 750.00	 48.00	 30	 0.71	 
BFE_339	 1	 10	 2101.jpg	 5.259489e+02	 24	 999000	 240	 999000	 999	 5.269667e+02	 750.00	 750.00	 61.00	 1	 0.50	 
BFE_339	 1	 10	 2102.jpg	 5.289523e+02	 24	 999000	 240	 999000	 999	 5.299701e+02	 750.00	 750.00	 77.00	 2	 0.20	 
BFE_339	 1	 10	 1107.jpg	 5.329568e+02	 12	 999000	 120	 999000	 999	 5.339746e+02	 750.00	 750.00	 37.00	 7	 0.22	 
