subjectID	 order	 runNum	 itemName	 onsetTime	 shuff_trialType	 RT	 respInTime	 AudioTime	 response	 fixationTime	 ladder1	 ladder2	 bidIndex	 itemNameIndex	 bidValue	 
BFE_337	 1	 10	 2108.jpg	 4.228421e+02	 24	 999000	 240	 999000	 999	 4.238600e+02	 650.00	 650.00	 77.00	 8	 0.21	 
BFE_337	 1	 10	 2211.jpg	 4.258455e+02	 22	 1.012554e+03	 2200	 6.500674e+02	 98	 4.268659e+02	 650.00	 600.00	 50.00	 32	 0.63	 
BFE_337	 1	 10	 2107.jpg	 4.298334e+02	 24	 999000	 240	 999000	 999	 4.308511e+02	 650.00	 600.00	 78.00	 7	 0.20	 
BFE_337	 1	 10	 1102.jpg	 4.318355e+02	 11	 9.105132e+02	 110	 6.500492e+02	 98	 4.328534e+02	 666.67	 600.00	 15.00	 2	 0.59	 
BFE_337	 1	 10	 2219.jpg	 4.338379e+02	 24	 999000	 240	 999000	 999	 4.348555e+02	 666.67	 600.00	 44.00	 40	 0.82	 
BFE_337	 1	 10	 2204.jpg	 4.378422e+02	 24	 999000	 240	 999000	 999	 4.388601e+02	 666.67	 600.00	 57.00	 25	 0.52	 
BFE_337	 1	 10	 2101.jpg	 4.398445e+02	 24	 999000	 240	 999000	 999	 4.408623e+02	 666.67	 600.00	 54.00	 1	 0.59	 
BFE_337	 1	 10	 1106.jpg	 4.448335e+02	 12	 999000	 120	 999000	 999	 4.458512e+02	 666.67	 600.00	 4.00	 6	 0.79	 
BFE_337	 1	 10	 1117.jpg	 4.468357e+02	 12	 999000	 120	 999000	 999	 4.478535e+02	 666.67	 600.00	 11.00	 17	 0.64	 
BFE_337	 1	 10	 1217.jpg	 4.498391e+02	 12	 999000	 120	 999000	 999	 4.508569e+02	 666.67	 600.00	 8.00	 38	 0.70	 
BFE_337	 1	 10	 2103.jpg	 4.528425e+02	 24	 999000	 240	 999000	 999	 4.538603e+02	 666.67	 600.00	 48.00	 3	 0.73	 
BFE_337	 1	 10	 1112.jpg	 4.568299e+02	 12	 999000	 120	 999000	 999	 4.578480e+02	 666.67	 600.00	 17.00	 12	 0.56	 
BFE_337	 1	 10	 2207.jpg	 4.598336e+02	 24	 999000	 240	 999000	 999	 4.608513e+02	 666.67	 600.00	 62.00	 28	 0.46	 
BFE_337	 1	 10	 1118.jpg	 4.618359e+02	 12	 999000	 120	 999000	 999	 4.628536e+02	 666.67	 600.00	 38.00	 18	 0.19	 
BFE_337	 1	 10	 1105.jpg	 4.648392e+02	 11	 9.388281e+02	 110	 6.667066e+02	 98	 4.658570e+02	 683.33	 600.00	 18.00	 5	 0.55	 
BFE_337	 1	 10	 2216.jpg	 4.688438e+02	 22	 8.462152e+02	 220	 6.000433e+02	 98	 4.698614e+02	 683.33	 616.67	 47.00	 37	 0.74	 
BFE_337	 1	 10	 2117.jpg	 4.718302e+02	 22	 8.358417e+02	 220	 6.167015e+02	 98	 4.728481e+02	 683.33	 633.33	 55.00	 17	 0.55	 
BFE_337	 1	 10	 1109.jpg	 4.738326e+02	 11	 8.894033e+02	 110	 6.833793e+02	 98	 4.748503e+02	 700.00	 633.33	 7.00	 9	 0.73	 
BFE_337	 1	 10	 1209.jpg	 4.758349e+02	 12	 999000	 120	 999000	 999	 4.768527e+02	 700.00	 633.33	 3.00	 30	 0.79	 
BFE_337	 1	 10	 2106.jpg	 4.808404e+02	 24	 999000	 240	 999000	 999	 4.818582e+02	 700.00	 633.33	 59.00	 6	 0.50	 
BFE_337	 1	 10	 1213.jpg	 4.848450e+02	 12	 999000	 120	 999000	 999	 4.858628e+02	 700.00	 633.33	 16.00	 34	 0.56	 
BFE_337	 1	 10	 1107.jpg	 4.888328e+02	 12	 999000	 120	 999000	 999	 4.898505e+02	 700.00	 633.33	 20.00	 7	 0.50	 
BFE_337	 1	 10	 2212.jpg	 4.948395e+02	 22	 9.785645e+02	 220	 6.333797e+02	 98	 4.958572e+02	 700.00	 650.00	 53.00	 33	 0.59	 
BFE_337	 1	 10	 1212.jpg	 4.968418e+02	 12	 999000	 120	 999000	 999	 4.978595e+02	 700.00	 650.00	 21.00	 33	 0.50	 
BFE_337	 1	 10	 1215.jpg	 4.988440e+02	 12	 999000	 120	 999000	 999	 4.998622e+02	 700.00	 650.00	 22.00	 36	 0.48	 
BFE_337	 1	 10	 2104.jpg	 5.008462e+02	 24	 999000	 240	 999000	 999	 5.018639e+02	 700.00	 650.00	 61.00	 4	 0.46	 
BFE_337	 1	 10	 1206.jpg	 5.028319e+02	 11	 9.221774e+02	 110	 7.000549e+02	 98	 5.038495e+02	 716.67	 650.00	 10.00	 27	 0.65	 
BFE_337	 1	 10	 1121.jpg	 5.068362e+02	 11	 9.257807e+02	 110	 7.167122e+02	 98	 5.078540e+02	 733.33	 650.00	 12.00	 21	 0.64	 
BFE_337	 1	 10	 2213.jpg	 5.088385e+02	 24	 999000	 240	 999000	 999	 5.098563e+02	 733.33	 650.00	 49.00	 34	 0.70	 
BFE_337	 1	 10	 1120.jpg	 5.128430e+02	 12	 999000	 120	 999000	 999	 5.138607e+02	 733.33	 650.00	 37.00	 20	 0.22	 
BFE_337	 1	 10	 2109.jpg	 5.148452e+02	 22	 1.036808e+03	 2200	 6.500343e+02	 98	 5.158629e+02	 733.33	 600.00	 52.00	 9	 0.63	 
BFE_337	 1	 10	 1114.jpg	 5.168306e+02	 12	 999000	 120	 999000	 999	 5.178486e+02	 733.33	 600.00	 19.00	 14	 0.52	 
BFE_337	 1	 10	 1216.jpg	 5.188330e+02	 12	 999000	 120	 999000	 999	 5.198510e+02	 733.33	 600.00	 14.00	 37	 0.61	 
BFE_337	 1	 10	 1205.jpg	 5.238387e+02	 12	 999000	 120	 999000	 999	 5.248564e+02	 733.33	 600.00	 9.00	 26	 0.68	 
BFE_337	 1	 10	 2209.jpg	 5.258409e+02	 24	 999000	 240	 999000	 999	 5.268587e+02	 733.33	 600.00	 43.00	 30	 0.83	 
BFE_337	 1	 10	 1115.jpg	 5.278431e+02	 11	 1.006922e+03	 1100	 7.333793e+02	 98	 5.288609e+02	 683.33	 600.00	 13.00	 15	 0.63	 
BFE_337	 1	 10	 2217.jpg	 5.308296e+02	 24	 999000	 240	 999000	 999	 5.318476e+02	 683.33	 600.00	 56.00	 38	 0.52	 
BFE_337	 1	 10	 2114.jpg	 5.378377e+02	 24	 999000	 240	 999000	 999	 5.388554e+02	 683.33	 600.00	 60.00	 14	 0.48	 
BFE_337	 1	 10	 2206.jpg	 5.418421e+02	 24	 999000	 240	 999000	 999	 5.428600e+02	 683.33	 600.00	 51.00	 27	 0.63	 
BFE_337	 1	 10	 2102.jpg	 5.488333e+02	 22	 8.807228e+02	 220	 6.000450e+02	 98	 5.498511e+02	 683.33	 616.67	 58.00	 2	 0.51	 
