subjectID	 order	 runNum	 itemName	 onsetTime	 shuff_trialType	 RT	 respInTime	 AudioTime	 response	 fixationTime	 ladder1	 ladder2	 bidIndex	 itemNameIndex	 bidValue	 
BFE_335	 1	 11	 1102.jpg	 5.119229e+02	 11	 7.113003e+02	 11	 7.500642e+02	 98	 5.129407e+02	 766.67	 750.00	 10.00	 2	 0.69	 
BFE_335	 1	 11	 1203.jpg	 5.149095e+02	 12	 999000	 120	 999000	 999	 5.159273e+02	 766.67	 750.00	 22.00	 24	 0.44	 
BFE_335	 1	 11	 2103.jpg	 5.189141e+02	 22	 5.601310e+02	 22	 7.500577e+02	 98	 5.199319e+02	 766.67	 766.67	 47.00	 3	 0.78	 
BFE_335	 1	 11	 2114.jpg	 5.209163e+02	 24	 999000	 240	 999000	 999	 5.219341e+02	 766.67	 766.67	 48.00	 14	 0.78	 
BFE_335	 1	 11	 1119.jpg	 5.229186e+02	 12	 999000	 120	 999000	 999	 5.239364e+02	 766.67	 766.67	 17.00	 19	 0.53	 
BFE_335	 1	 11	 1215.jpg	 5.269064e+02	 12	 999000	 120	 999000	 999	 5.279242e+02	 766.67	 766.67	 21.00	 36	 0.47	 
BFE_335	 1	 11	 1211.jpg	 5.289086e+02	 11	 9.336823e+02	 110	 7.667162e+02	 98	 5.299264e+02	 783.33	 766.67	 13.00	 32	 0.66	 
BFE_335	 1	 11	 2206.jpg	 5.339142e+02	 24	 999000	 240	 999000	 999	 5.349319e+02	 783.33	 766.67	 51.00	 27	 0.67	 
BFE_335	 1	 11	 2219.jpg	 5.359166e+02	 24	 999000	 240	 999000	 999	 5.369342e+02	 783.33	 766.67	 57.00	 40	 0.50	 
BFE_335	 1	 11	 2110.jpg	 5.389199e+02	 24	 999000	 240	 999000	 999	 5.399376e+02	 783.33	 766.67	 43.00	 10	 0.82	 
BFE_335	 1	 11	 2215.jpg	 5.419062e+02	 24	 999000	 240	 999000	 999	 5.429244e+02	 783.33	 766.67	 56.00	 36	 0.51	 
BFE_335	 1	 11	 1209.jpg	 5.459110e+02	 12	 999000	 120	 999000	 999	 5.469288e+02	 783.33	 766.67	 11.00	 30	 0.68	 
BFE_335	 1	 11	 1111.jpg	 5.489143e+02	 11	 7.199051e+02	 11	 7.833760e+02	 98	 5.499321e+02	 800.00	 766.67	 15.00	 11	 0.57	 
BFE_335	 1	 11	 1114.jpg	 5.509166e+02	 12	 999000	 120	 999000	 999	 5.519344e+02	 800.00	 766.67	 3.00	 14	 0.83	 
BFE_335	 1	 11	 1103.jpg	 5.539200e+02	 12	 999000	 120	 999000	 999	 5.549378e+02	 800.00	 766.67	 4.00	 3	 0.82	 
BFE_335	 1	 11	 2102.jpg	 5.579077e+02	 24	 999000	 240	 999000	 999	 5.589256e+02	 800.00	 766.67	 54.00	 2	 0.59	 
BFE_335	 1	 11	 1206.jpg	 5.609111e+02	 12	 999000	 120	 999000	 999	 5.619289e+02	 800.00	 766.67	 14.00	 27	 0.62	 
BFE_335	 1	 11	 1219.jpg	 5.629133e+02	 11	 1.040886e+03	 1100	 8.000363e+02	 98	 5.639312e+02	 750.00	 766.67	 7.00	 40	 0.77	 
BFE_335	 1	 11	 2205.jpg	 5.649156e+02	 24	 999000	 240	 999000	 999	 5.659333e+02	 750.00	 766.67	 60.00	 26	 0.45	 
BFE_335	 1	 11	 2216.jpg	 5.699212e+02	 24	 999000	 240	 999000	 999	 5.709390e+02	 750.00	 766.67	 44.00	 37	 0.81	 
BFE_335	 1	 11	 2201.jpg	 5.739092e+02	 24	 999000	 240	 999000	 999	 5.749268e+02	 750.00	 766.67	 61.00	 22	 0.44	 
BFE_335	 1	 11	 2105.jpg	 5.779135e+02	 24	 999000	 240	 999000	 999	 5.789313e+02	 750.00	 766.67	 49.00	 5	 0.76	 
BFE_335	 1	 11	 1204.jpg	 5.839203e+02	 11	 9.859403e+02	 110	 7.500515e+02	 98	 5.849380e+02	 766.67	 766.67	 18.00	 25	 0.50	 
BFE_335	 1	 11	 2107.jpg	 5.859055e+02	 22	 9.846955e+02	 220	 7.667117e+02	 98	 5.869237e+02	 766.67	 783.33	 55.00	 7	 0.55	 
BFE_335	 1	 11	 2204.jpg	 5.879080e+02	 24	 999000	 240	 999000	 999	 5.889259e+02	 766.67	 783.33	 59.00	 25	 0.45	 
BFE_335	 1	 11	 1106.jpg	 5.899103e+02	 12	 999000	 120	 999000	 999	 5.909281e+02	 766.67	 783.33	 9.00	 6	 0.71	 
BFE_335	 1	 11	 2217.jpg	 5.919126e+02	 22	 1.009671e+03	 2200	 7.833817e+02	 98	 5.929320e+02	 766.67	 733.33	 53.00	 38	 0.63	 
BFE_335	 1	 11	 2209.jpg	 5.959170e+02	 22	 9.012330e+02	 220	 7.333848e+02	 98	 5.969348e+02	 766.67	 750.00	 52.00	 30	 0.66	 
BFE_335	 1	 11	 1104.jpg	 5.979193e+02	 12	 999000	 120	 999000	 999	 5.989370e+02	 766.67	 750.00	 37.00	 4	 0.18	 
BFE_335	 1	 11	 1118.jpg	 6.019071e+02	 12	 999000	 120	 999000	 999	 6.029248e+02	 766.67	 750.00	 38.00	 18	 0.16	 
BFE_335	 1	 11	 2202.jpg	 6.039093e+02	 24	 999000	 240	 999000	 999	 6.049271e+02	 766.67	 750.00	 62.00	 23	 0.44	 
BFE_335	 1	 11	 1201.jpg	 6.059121e+02	 12	 999000	 120	 999000	 999	 6.069293e+02	 766.67	 750.00	 20.00	 22	 0.48	 
BFE_335	 1	 11	 2111.jpg	 6.079139e+02	 22	 8.403879e+02	 220	 7.500407e+02	 98	 6.089315e+02	 766.67	 766.67	 50.00	 11	 0.74	 
BFE_335	 1	 11	 2210.jpg	 6.129194e+02	 22	 9.788540e+02	 220	 7.667118e+02	 98	 6.139372e+02	 766.67	 783.33	 58.00	 31	 0.46	 
BFE_335	 1	 11	 1115.jpg	 6.149216e+02	 12	 3.045887e+02	 12	 999000	 98	 6.159394e+02	 766.67	 783.33	 8.00	 15	 0.76	 
BFE_335	 1	 11	 1107.jpg	 6.169073e+02	 11	 7.509358e+02	 11	 7.667142e+02	 98	 6.179250e+02	 783.33	 783.33	 12.00	 7	 0.67	 
BFE_335	 1	 11	 1217.jpg	 6.199106e+02	 12	 999000	 120	 999000	 999	 6.209283e+02	 783.33	 783.33	 16.00	 38	 0.57	 
BFE_335	 1	 11	 2207.jpg	 6.269184e+02	 24	 999000	 240	 999000	 999	 6.279363e+02	 783.33	 783.33	 77.00	 28	 0.22	 
BFE_335	 1	 11	 2101.jpg	 6.309061e+02	 24	 999000	 240	 999000	 999	 6.319240e+02	 783.33	 783.33	 78.00	 1	 0.21	 
BFE_335	 1	 11	 1216.jpg	 6.379141e+02	 12	 999000	 120	 999000	 999	 6.389318e+02	 783.33	 783.33	 19.00	 37	 0.49	 
