subjectID	 order	 runNum	 itemName	 onsetTime	 shuff_trialType	 RT	 respInTime	 AudioTime	 response	 fixationTime	 ladder1	 ladder2	 bidIndex	 itemNameIndex	 bidValue	 
BFE_338	 2	 15	 1111.jpg	 1.081792e+03	 11	 9.378825e+02	 110	 6.167252e+02	 98	 1.082810e+03	 633.33	 683.33	 11.00	 11	 0.70	 
BFE_338	 2	 15	 2110.jpg	 1.084796e+03	 24	 999000	 240	 999000	 999	 1.085814e+03	 633.33	 683.33	 55.00	 10	 0.60	 
BFE_338	 2	 15	 2218.jpg	 1.086781e+03	 24	 999000	 240	 999000	 999	 1.087799e+03	 633.33	 683.33	 44.00	 39	 0.79	 
BFE_338	 2	 15	 1204.jpg	 1.088784e+03	 12	 999000	 120	 999000	 999	 1.089801e+03	 633.33	 683.33	 12.00	 25	 0.70	 
BFE_338	 2	 15	 2108.jpg	 1.090786e+03	 24	 999000	 240	 999000	 999	 1.091804e+03	 633.33	 683.33	 77.00	 8	 0.19	 
BFE_338	 2	 15	 1210.jpg	 1.093789e+03	 11	 9.250702e+02	 110	 6.333714e+02	 98	 1.094807e+03	 650.00	 683.33	 16.00	 31	 0.58	 
BFE_338	 2	 15	 1203.jpg	 1.095791e+03	 12	 999000	 120	 999000	 999	 1.096809e+03	 650.00	 683.33	 4.00	 24	 0.80	 
BFE_338	 2	 15	 1106.jpg	 1.099796e+03	 12	 999000	 120	 999000	 999	 1.100814e+03	 650.00	 683.33	 21.00	 6	 0.48	 
BFE_338	 2	 15	 1112.jpg	 1.101782e+03	 12	 999000	 120	 999000	 999	 1.102799e+03	 650.00	 683.33	 37.00	 12	 0.17	 
BFE_338	 2	 15	 1201.jpg	 1.106787e+03	 11	 8.951539e+02	 110	 6.500424e+02	 98	 1.107805e+03	 666.67	 683.33	 8.00	 22	 0.72	 
BFE_338	 2	 15	 2213.jpg	 1.108789e+03	 22	 1.044885e+03	 2200	 6.834100e+02	 98	 1.109807e+03	 666.67	 633.33	 51.00	 34	 0.70	 
BFE_338	 2	 15	 1215.jpg	 1.112794e+03	 12	 999000	 120	 999000	 999	 1.113812e+03	 666.67	 633.33	 18.00	 36	 0.51	 
BFE_338	 2	 15	 2209.jpg	 1.114796e+03	 24	 999000	 240	 999000	 999	 1.115814e+03	 666.67	 633.33	 53.00	 30	 0.65	 
BFE_338	 2	 15	 1120.jpg	 1.117783e+03	 12	 999000	 120	 999000	 999	 1.118800e+03	 666.67	 633.33	 20.00	 20	 0.49	 
BFE_338	 2	 15	 1207.jpg	 1.122788e+03	 12	 999000	 120	 999000	 999	 1.123806e+03	 666.67	 633.33	 7.00	 28	 0.73	 
BFE_338	 2	 15	 1214.jpg	 1.124791e+03	 12	 999000	 120	 999000	 999	 1.125808e+03	 666.67	 633.33	 19.00	 35	 0.51	 
BFE_338	 2	 15	 2103.jpg	 1.126793e+03	 24	 999000	 240	 999000	 999	 1.127811e+03	 666.67	 633.33	 50.00	 3	 0.71	 
BFE_338	 2	 15	 2114.jpg	 1.130780e+03	 22	 9.978958e+02	 220	 6.333727e+02	 98	 1.131798e+03	 666.67	 650.00	 56.00	 14	 0.60	 
BFE_338	 2	 15	 2208.jpg	 1.134785e+03	 22	 1.081099e+03	 2200	 6.500311e+02	 98	 1.135803e+03	 666.67	 600.00	 54.00	 29	 0.62	 
BFE_338	 2	 15	 2202.jpg	 1.138790e+03	 24	 999000	 240	 999000	 999	 1.139807e+03	 666.67	 600.00	 59.00	 23	 0.55	 
BFE_338	 2	 15	 1108.jpg	 1.140792e+03	 12	 999000	 120	 999000	 999	 1.141810e+03	 666.67	 600.00	 38.00	 8	 0.16	 
BFE_338	 2	 15	 2106.jpg	 1.142794e+03	 24	 999000	 240	 999000	 999	 1.143812e+03	 666.67	 600.00	 62.00	 6	 0.52	 
BFE_338	 2	 15	 2201.jpg	 1.144779e+03	 24	 999000	 240	 999000	 999	 1.145797e+03	 666.67	 600.00	 43.00	 22	 0.81	 
BFE_338	 2	 15	 2119.jpg	 1.146782e+03	 24	 999000	 240	 999000	 999	 1.147800e+03	 666.67	 600.00	 78.00	 19	 0.16	 
BFE_338	 2	 15	 1103.jpg	 1.152789e+03	 12	 999000	 120	 999000	 999	 1.153806e+03	 666.67	 600.00	 10.00	 3	 0.70	 
BFE_338	 2	 15	 1205.jpg	 1.155792e+03	 12	 999000	 120	 999000	 999	 1.156810e+03	 666.67	 600.00	 3.00	 26	 0.80	 
BFE_338	 2	 15	 2204.jpg	 1.157794e+03	 22	 9.119660e+02	 220	 6.000380e+02	 98	 1.158812e+03	 666.67	 616.67	 48.00	 25	 0.72	 
BFE_338	 2	 15	 1213.jpg	 1.159779e+03	 12	 999000	 120	 999000	 999	 1.160798e+03	 666.67	 616.67	 13.00	 34	 0.64	 
BFE_338	 2	 15	 1121.jpg	 1.162783e+03	 11	 8.750750e+02	 110	 6.667034e+02	 98	 1.163801e+03	 683.33	 616.67	 17.00	 21	 0.52	 
BFE_338	 2	 15	 2214.jpg	 1.164786e+03	 24	 999000	 240	 999000	 999	 1.165803e+03	 683.33	 616.67	 61.00	 35	 0.52	 
BFE_338	 2	 15	 1218.jpg	 1.166788e+03	 11	 8.786298e+02	 110	 6.833756e+02	 98	 1.167806e+03	 700.00	 616.67	 9.00	 39	 0.70	 
BFE_338	 2	 15	 2102.jpg	 1.168790e+03	 24	 999000	 240	 999000	 999	 1.169808e+03	 700.00	 616.67	 60.00	 2	 0.53	 
BFE_338	 2	 15	 2219.jpg	 1.171793e+03	 24	 2.969293e+02	 24	 999000	 98	 1.172811e+03	 700.00	 616.67	 47.00	 40	 0.73	 
BFE_338	 2	 15	 2121.jpg	 1.173795e+03	 22	 8.787929e+02	 220	 6.167128e+02	 98	 1.174813e+03	 700.00	 633.33	 49.00	 21	 0.72	 
BFE_338	 2	 15	 1217.jpg	 1.175781e+03	 12	 999000	 120	 999000	 999	 1.176799e+03	 700.00	 633.33	 15.00	 38	 0.59	 
BFE_338	 2	 15	 1209.jpg	 1.177783e+03	 12	 999000	 120	 999000	 999	 1.178801e+03	 700.00	 633.33	 22.00	 30	 0.46	 
BFE_338	 2	 15	 2113.jpg	 1.179786e+03	 22	 9.526231e+02	 220	 6.333732e+02	 98	 1.180803e+03	 700.00	 650.00	 57.00	 13	 0.57	 
BFE_338	 2	 15	 2206.jpg	 1.185792e+03	 24	 999000	 240	 999000	 999	 1.186810e+03	 700.00	 650.00	 52.00	 27	 0.69	 
BFE_338	 2	 15	 1202.jpg	 1.188779e+03	 11	 1.031205e+03	 1100	 7.000438e+02	 98	 1.189797e+03	 650.00	 650.00	 14.00	 23	 0.62	 
BFE_338	 2	 15	 2217.jpg	 1.192784e+03	 24	 999000	 240	 999000	 999	 1.193801e+03	 650.00	 650.00	 58.00	 38	 0.57	 
