subjectID	 order	 runNum	 itemName	 onsetTime	 shuff_trialType	 RT	 respInTime	 AudioTime	 response	 fixationTime	 ladder1	 ladder2	 bidIndex	 itemNameIndex	 bidValue	 
BFE_336	 2	 19	 2212.jpg	 1.645520e+03	 24	 999000	 240	 999000	 999	 1.646538e+03	 750.00	 683.33	 59.00	 33	 0.50	 
BFE_336	 2	 19	 1208.jpg	 1.648507e+03	 12	 999000	 120	 999000	 999	 1.649524e+03	 750.00	 683.33	 15.00	 29	 0.54	 
BFE_336	 2	 19	 1112.jpg	 1.650509e+03	 12	 999000	 120	 999000	 999	 1.651527e+03	 750.00	 683.33	 13.00	 12	 0.54	 
BFE_336	 2	 19	 2107.jpg	 1.652511e+03	 24	 999000	 240	 999000	 999	 1.653529e+03	 750.00	 683.33	 60.00	 7	 0.49	 
BFE_336	 2	 19	 2101.jpg	 1.654513e+03	 24	 999000	 240	 999000	 999	 1.655531e+03	 750.00	 683.33	 53.00	 1	 0.63	 
BFE_336	 2	 19	 1215.jpg	 1.657517e+03	 12	 999000	 120	 999000	 999	 1.658534e+03	 750.00	 683.33	 7.00	 36	 0.68	 
BFE_336	 2	 19	 1204.jpg	 1.659502e+03	 12	 999000	 120	 999000	 999	 1.660520e+03	 750.00	 683.33	 38.00	 25	 0.33	 
BFE_336	 2	 19	 2111.jpg	 1.663507e+03	 24	 999000	 240	 999000	 999	 1.664524e+03	 750.00	 683.33	 44.00	 11	 0.78	 
BFE_336	 2	 19	 1102.jpg	 1.665509e+03	 11	 9.973865e+02	 110	 7.500454e+02	 98	 1.666530e+03	 766.67	 683.33	 9.00	 2	 0.65	 
BFE_336	 2	 19	 2202.jpg	 1.670515e+03	 24	 999000	 240	 999000	 999	 1.671532e+03	 766.67	 683.33	 77.00	 23	 0.32	 
BFE_336	 2	 19	 1103.jpg	 1.672517e+03	 12	 999000	 120	 999000	 999	 1.673535e+03	 766.67	 683.33	 12.00	 3	 0.57	 
BFE_336	 2	 19	 2218.jpg	 1.676506e+03	 22	 9.925890e+02	 220	 6.833853e+02	 98	 1.677523e+03	 766.67	 700.00	 51.00	 39	 0.66	 
BFE_336	 2	 19	 1113.jpg	 1.678509e+03	 11	 1.069525e+03	 1100	 7.667240e+02	 98	 1.679525e+03	 716.67	 700.00	 8.00	 13	 0.68	 
BFE_336	 2	 19	 2215.jpg	 1.681510e+03	 24	 999000	 240	 999000	 999	 1.682528e+03	 716.67	 700.00	 78.00	 36	 0.32	 
BFE_336	 2	 19	 2208.jpg	 1.686516e+03	 24	 999000	 240	 999000	 999	 1.687534e+03	 716.67	 700.00	 50.00	 29	 0.67	 
BFE_336	 2	 19	 2106.jpg	 1.688518e+03	 24	 999000	 240	 999000	 999	 1.689536e+03	 716.67	 700.00	 55.00	 6	 0.60	 
BFE_336	 2	 19	 1109.jpg	 1.690504e+03	 11	 9.627663e+02	 110	 7.167040e+02	 98	 1.691521e+03	 733.33	 700.00	 17.00	 9	 0.51	 
BFE_336	 2	 19	 2213.jpg	 1.694508e+03	 24	 999000	 240	 999000	 999	 1.695526e+03	 733.33	 700.00	 58.00	 34	 0.52	 
BFE_336	 2	 19	 2203.jpg	 1.698513e+03	 22	 9.617465e+02	 220	 7.000573e+02	 98	 1.699530e+03	 733.33	 716.67	 56.00	 24	 0.56	 
BFE_336	 2	 19	 1101.jpg	 1.702517e+03	 11	 9.571906e+02	 110	 7.333715e+02	 98	 1.703535e+03	 750.00	 716.67	 14.00	 1	 0.54	 
BFE_336	 2	 19	 2207.jpg	 1.704502e+03	 22	 1.011931e+03	 2200	 7.167199e+02	 98	 1.705522e+03	 750.00	 666.67	 57.00	 28	 0.53	 
BFE_336	 2	 19	 2116.jpg	 1.706505e+03	 24	 999000	 240	 999000	 999	 1.707523e+03	 750.00	 666.67	 52.00	 16	 0.66	 
BFE_336	 2	 19	 2206.jpg	 1.708507e+03	 22	 9.432039e+02	 220	 6.667100e+02	 98	 1.709525e+03	 750.00	 683.33	 48.00	 27	 0.75	 
BFE_336	 2	 19	 1210.jpg	 1.710509e+03	 12	 999000	 120	 999000	 999	 1.711527e+03	 750.00	 683.33	 37.00	 31	 0.34	 
BFE_336	 2	 19	 1213.jpg	 1.716516e+03	 12	 3.581872e+02	 12	 999000	 98	 1.717534e+03	 750.00	 683.33	 21.00	 34	 0.47	 
BFE_336	 2	 19	 1218.jpg	 1.719503e+03	 12	 999000	 120	 999000	 999	 1.720521e+03	 750.00	 683.33	 4.00	 39	 0.73	 
BFE_336	 2	 19	 2108.jpg	 1.721505e+03	 24	 999000	 240	 999000	 999	 1.722523e+03	 750.00	 683.33	 62.00	 8	 0.47	 
BFE_336	 2	 19	 1110.jpg	 1.723507e+03	 12	 999000	 120	 999000	 999	 1.724525e+03	 750.00	 683.33	 18.00	 10	 0.50	 
BFE_336	 2	 19	 2103.jpg	 1.726511e+03	 24	 999000	 240	 999000	 999	 1.727529e+03	 750.00	 683.33	 43.00	 3	 0.79	 
BFE_336	 2	 19	 1203.jpg	 1.728513e+03	 11	 1.009290e+03	 1100	 7.500334e+02	 98	 1.729532e+03	 700.00	 683.33	 16.00	 24	 0.51	 
BFE_336	 2	 19	 1216.jpg	 1.730515e+03	 12	 999000	 120	 999000	 999	 1.731533e+03	 700.00	 683.33	 3.00	 37	 0.75	 
BFE_336	 2	 19	 1205.jpg	 1.732517e+03	 12	 999000	 120	 999000	 999	 1.733535e+03	 700.00	 683.33	 20.00	 26	 0.48	 
BFE_336	 2	 19	 1201.jpg	 1.735504e+03	 12	 999000	 120	 999000	 999	 1.736522e+03	 700.00	 683.33	 10.00	 22	 0.63	 
BFE_336	 2	 19	 2201.jpg	 1.737506e+03	 22	 9.440074e+02	 220	 6.833885e+02	 98	 1.738524e+03	 700.00	 700.00	 49.00	 22	 0.75	 
BFE_336	 2	 19	 2113.jpg	 1.739509e+03	 24	 999000	 240	 999000	 999	 1.740526e+03	 700.00	 700.00	 61.00	 13	 0.48	 
BFE_336	 2	 19	 1219.jpg	 1.741511e+03	 12	 999000	 120	 999000	 999	 1.742529e+03	 700.00	 700.00	 19.00	 40	 0.50	 
BFE_336	 2	 19	 1214.jpg	 1.743513e+03	 11	 9.612516e+02	 110	 7.000483e+02	 98	 1.744531e+03	 716.67	 700.00	 11.00	 35	 0.60	 
BFE_336	 2	 19	 2219.jpg	 1.749503e+03	 22	 2.753010e+02	 22	 7.000442e+02	 98	 1.750521e+03	 716.67	 716.67	 54.00	 40	 0.61	 
BFE_336	 2	 19	 1116.jpg	 1.752506e+03	 12	 999000	 120	 999000	 999	 1.753524e+03	 716.67	 716.67	 22.00	 16	 0.44	 
BFE_336	 2	 19	 2118.jpg	 1.756511e+03	 24	 999000	 240	 999000	 999	 1.757529e+03	 716.67	 716.67	 47.00	 18	 0.76	 
