subjectID	 order	 runNum	 itemName	 onsetTime	 shuff_trialType	 RT	 respInTime	 AudioTime	 response	 fixationTime	 ladder1	 ladder2	 bidIndex	 itemNameIndex	 bidValue	 
BFE_340	 2	 12	 1218.jpg	 6.727417e+02	 12	 999000	 120	 999000	 999	 6.737595e+02	 783.33	 850.00	 20.00	 39	 0.53	 
BFE_340	 2	 12	 1103.jpg	 6.757285e+02	 12	 999000	 120	 999000	 999	 6.767461e+02	 783.33	 850.00	 4.00	 3	 0.81	 
BFE_340	 2	 12	 2117.jpg	 6.777306e+02	 22	 7.194838e+02	 22	 8.500614e+02	 98	 6.787485e+02	 783.33	 866.67	 56.00	 17	 0.59	 
BFE_340	 2	 12	 2111.jpg	 6.797329e+02	 24	 999000	 240	 999000	 999	 6.807507e+02	 783.33	 866.67	 59.00	 11	 0.55	 
BFE_340	 2	 12	 1105.jpg	 6.817352e+02	 12	 999000	 120	 999000	 999	 6.827529e+02	 783.33	 866.67	 21.00	 5	 0.49	 
BFE_340	 2	 12	 2102.jpg	 6.847385e+02	 24	 999000	 240	 999000	 999	 6.857564e+02	 783.33	 866.67	 47.00	 2	 0.81	 
BFE_340	 2	 12	 2101.jpg	 6.867237e+02	 24	 999000	 240	 999000	 999	 6.877419e+02	 783.33	 866.67	 78.00	 1	 0.17	 
BFE_340	 2	 12	 1213.jpg	 6.907286e+02	 11	 9.615324e+02	 110	 7.833855e+02	 98	 6.917464e+02	 800.00	 866.67	 16.00	 34	 0.56	 
BFE_340	 2	 12	 2213.jpg	 6.927308e+02	 24	 999000	 240	 999000	 999	 6.937486e+02	 800.00	 866.67	 62.00	 34	 0.51	 
BFE_340	 2	 12	 2114.jpg	 6.977364e+02	 24	 7.456577e+02	 24	 999000	 98	 6.987542e+02	 800.00	 866.67	 52.00	 14	 0.66	 
BFE_340	 2	 12	 2116.jpg	 6.997387e+02	 24	 999000	 240	 999000	 999	 7.007564e+02	 800.00	 866.67	 53.00	 16	 0.65	 
BFE_340	 2	 12	 1119.jpg	 7.037265e+02	 12	 999000	 120	 999000	 999	 7.047443e+02	 800.00	 866.67	 37.00	 19	 0.19	 
BFE_340	 2	 12	 2103.jpg	 7.057287e+02	 24	 999000	 240	 999000	 999	 7.067464e+02	 800.00	 866.67	 44.00	 3	 0.85	 
BFE_340	 2	 12	 1106.jpg	 7.087321e+02	 11	 6.299732e+02	 11	 8.000455e+02	 98	 7.097499e+02	 816.67	 866.67	 14.00	 6	 0.63	 
BFE_340	 2	 12	 1219.jpg	 7.137377e+02	 11	 6.164144e+02	 11	 8.167192e+02	 98	 7.147554e+02	 833.33	 866.67	 17.00	 40	 0.55	 
BFE_340	 2	 12	 1206.jpg	 7.157230e+02	 12	 999000	 120	 999000	 999	 7.167411e+02	 833.33	 866.67	 7.00	 27	 0.76	 
BFE_340	 2	 12	 1115.jpg	 7.177255e+02	 11	 5.165800e+02	 11	 8.333862e+02	 98	 7.187432e+02	 850.00	 866.67	 11.00	 15	 0.69	 
BFE_340	 2	 12	 1204.jpg	 7.217300e+02	 12	 999000	 120	 999000	 999	 7.227477e+02	 850.00	 866.67	 22.00	 25	 0.47	 
BFE_340	 2	 12	 1107.jpg	 7.257345e+02	 12	 999000	 120	 999000	 999	 7.267522e+02	 850.00	 866.67	 13.00	 7	 0.64	 
BFE_340	 2	 12	 1121.jpg	 7.297389e+02	 12	 999000	 120	 999000	 999	 7.307567e+02	 850.00	 866.67	 10.00	 21	 0.72	 
BFE_340	 2	 12	 2208.jpg	 7.317246e+02	 24	 999000	 240	 999000	 999	 7.327423e+02	 850.00	 866.67	 77.00	 29	 0.18	 
BFE_340	 2	 12	 2203.jpg	 7.337268e+02	 24	 999000	 240	 999000	 999	 7.347445e+02	 850.00	 866.67	 61.00	 24	 0.53	 
BFE_340	 2	 12	 1217.jpg	 7.357290e+02	 12	 999000	 120	 999000	 999	 7.367468e+02	 850.00	 866.67	 15.00	 38	 0.56	 
BFE_340	 2	 12	 2105.jpg	 7.377313e+02	 24	 999000	 240	 999000	 999	 7.387490e+02	 850.00	 866.67	 50.00	 5	 0.73	 
BFE_340	 2	 12	 1109.jpg	 7.437380e+02	 12	 6.240228e+02	 12	 999000	 98	 7.447557e+02	 850.00	 866.67	 18.00	 9	 0.54	 
BFE_340	 2	 12	 2113.jpg	 7.467247e+02	 24	 999000	 240	 999000	 999	 7.477424e+02	 850.00	 866.67	 43.00	 13	 0.88	 
BFE_340	 2	 12	 2202.jpg	 7.487271e+02	 24	 999000	 240	 999000	 999	 7.497447e+02	 850.00	 866.67	 60.00	 23	 0.54	 
BFE_340	 2	 12	 2115.jpg	 7.507291e+02	 22	 8.489792e+02	 22	 8.667146e+02	 98	 7.517470e+02	 850.00	 883.33	 49.00	 15	 0.73	 
BFE_340	 2	 12	 1201.jpg	 7.537326e+02	 11	 5.175212e+02	 11	 8.500531e+02	 98	 7.547502e+02	 866.67	 883.33	 8.00	 22	 0.75	 
BFE_340	 2	 12	 1117.jpg	 7.557348e+02	 12	 5.312962e+02	 12	 999000	 98	 7.567525e+02	 866.67	 883.33	 3.00	 17	 0.85	 
BFE_340	 2	 12	 2209.jpg	 7.577370e+02	 22	 6.090238e+02	 22	 8.833890e+02	 98	 7.587548e+02	 866.67	 900.00	 54.00	 30	 0.63	 
BFE_340	 2	 12	 1118.jpg	 7.597393e+02	 12	 999000	 120	 999000	 999	 7.607570e+02	 866.67	 900.00	 19.00	 18	 0.54	 
BFE_340	 2	 12	 2219.jpg	 7.627260e+02	 22	 7.321105e+02	 22	 9.000477e+02	 98	 7.637436e+02	 866.67	 916.67	 57.00	 40	 0.57	 
BFE_340	 2	 12	 2217.jpg	 7.647282e+02	 24	 999000	 240	 999000	 999	 7.657460e+02	 866.67	 916.67	 55.00	 38	 0.61	 
BFE_340	 2	 12	 1114.jpg	 7.667304e+02	 11	 6.396883e+02	 11	 8.667264e+02	 98	 7.677482e+02	 883.33	 916.67	 9.00	 14	 0.74	 
BFE_340	 2	 12	 1208.jpg	 7.687328e+02	 12	 999000	 120	 999000	 999	 7.697505e+02	 883.33	 916.67	 38.00	 29	 0.16	 
BFE_340	 2	 12	 2218.jpg	 7.707349e+02	 24	 999000	 240	 999000	 999	 7.717526e+02	 883.33	 916.67	 58.00	 39	 0.57	 
BFE_340	 2	 12	 2109.jpg	 7.767250e+02	 22	 1.013148e+03	 2200	 9.167369e+02	 98	 7.777454e+02	 883.33	 866.67	 51.00	 9	 0.71	 
BFE_340	 2	 12	 2211.jpg	 7.797284e+02	 22	 6.977198e+02	 22	 8.667174e+02	 98	 7.807461e+02	 883.33	 883.33	 48.00	 32	 0.76	 
BFE_340	 2	 12	 1120.jpg	 7.837328e+02	 12	 999000	 120	 999000	 999	 7.847506e+02	 883.33	 883.33	 12.00	 20	 0.67	 
