subjectID	 order	 runNum	 itemName	 onsetTime	 shuff_trialType	 RT	 respInTime	 AudioTime	 response	 fixationTime	 ladder1	 ladder2	 bidIndex	 itemNameIndex	 bidValue	 
BFE_335	 1	 12	 2219.jpg	 6.417517e+02	 24	 999000	 240	 999000	 999	 6.427695e+02	 783.33	 783.33	 57.00	 40	 0.50	 
BFE_335	 1	 12	 1215.jpg	 6.447384e+02	 12	 999000	 120	 999000	 999	 6.457561e+02	 783.33	 783.33	 21.00	 36	 0.47	 
BFE_335	 1	 12	 2215.jpg	 6.467407e+02	 24	 999000	 240	 999000	 999	 6.477585e+02	 783.33	 783.33	 56.00	 36	 0.51	 
BFE_335	 1	 12	 1115.jpg	 6.487429e+02	 12	 999000	 120	 999000	 999	 6.497608e+02	 783.33	 783.33	 8.00	 15	 0.76	 
BFE_335	 1	 12	 2103.jpg	 6.507452e+02	 22	 9.530820e+02	 220	 7.833924e+02	 98	 6.517629e+02	 783.33	 800.00	 47.00	 3	 0.78	 
BFE_335	 1	 12	 1106.jpg	 6.537485e+02	 12	 999000	 120	 999000	 999	 6.547663e+02	 783.33	 800.00	 9.00	 6	 0.71	 
BFE_335	 1	 12	 2204.jpg	 6.557508e+02	 24	 999000	 240	 999000	 999	 6.567686e+02	 783.33	 800.00	 59.00	 25	 0.45	 
BFE_335	 1	 12	 1219.jpg	 6.597386e+02	 11	 9.436906e+02	 110	 7.834015e+02	 98	 6.607563e+02	 800.00	 800.00	 7.00	 40	 0.77	 
BFE_335	 1	 12	 1118.jpg	 6.617407e+02	 12	 999000	 120	 999000	 999	 6.627585e+02	 800.00	 800.00	 38.00	 18	 0.16	 
BFE_335	 1	 12	 2216.jpg	 6.667464e+02	 24	 999000	 240	 999000	 999	 6.677642e+02	 800.00	 800.00	 44.00	 37	 0.81	 
BFE_335	 1	 12	 2107.jpg	 6.687486e+02	 22	 7.975901e+02	 22	 8.000461e+02	 98	 6.697665e+02	 800.00	 816.67	 55.00	 7	 0.55	 
BFE_335	 1	 12	 2209.jpg	 6.727365e+02	 22	 1.057708e+03	 2200	 8.167152e+02	 98	 6.737543e+02	 800.00	 766.67	 52.00	 30	 0.66	 
BFE_335	 1	 12	 2206.jpg	 6.747386e+02	 24	 999000	 240	 999000	 999	 6.757565e+02	 800.00	 766.67	 51.00	 27	 0.67	 
BFE_335	 1	 12	 2105.jpg	 6.777420e+02	 24	 999000	 240	 999000	 999	 6.787599e+02	 800.00	 766.67	 49.00	 5	 0.76	 
BFE_335	 1	 12	 2101.jpg	 6.827476e+02	 24	 999000	 240	 999000	 999	 6.837654e+02	 800.00	 766.67	 78.00	 1	 0.21	 
BFE_335	 1	 12	 1206.jpg	 6.847499e+02	 12	 999000	 120	 999000	 999	 6.857677e+02	 800.00	 766.67	 14.00	 27	 0.62	 
BFE_335	 1	 12	 2205.jpg	 6.867353e+02	 24	 999000	 240	 999000	 999	 6.877532e+02	 800.00	 766.67	 60.00	 26	 0.45	 
BFE_335	 1	 12	 2217.jpg	 6.907400e+02	 22	 9.422505e+02	 220	 7.667163e+02	 98	 6.917577e+02	 800.00	 783.33	 53.00	 38	 0.63	 
BFE_335	 1	 12	 2114.jpg	 6.947445e+02	 24	 999000	 240	 999000	 999	 6.957622e+02	 800.00	 783.33	 48.00	 14	 0.78	 
BFE_335	 1	 12	 1216.jpg	 6.987489e+02	 12	 999000	 120	 999000	 999	 6.997667e+02	 800.00	 783.33	 19.00	 37	 0.49	 
BFE_335	 1	 12	 2110.jpg	 7.007342e+02	 24	 999000	 240	 999000	 999	 7.017523e+02	 800.00	 783.33	 43.00	 10	 0.82	 
BFE_335	 1	 12	 2102.jpg	 7.027367e+02	 24	 8.815151e+02	 24	 999000	 98	 7.037545e+02	 800.00	 783.33	 54.00	 2	 0.59	 
BFE_335	 1	 12	 1119.jpg	 7.047390e+02	 12	 999000	 120	 999000	 999	 7.057568e+02	 800.00	 783.33	 17.00	 19	 0.53	 
BFE_335	 1	 12	 2111.jpg	 7.067413e+02	 22	 8.209330e+02	 220	 7.833983e+02	 98	 7.077590e+02	 800.00	 800.00	 50.00	 11	 0.74	 
BFE_335	 1	 12	 1211.jpg	 7.127480e+02	 11	 9.822311e+02	 110	 8.000440e+02	 98	 7.137657e+02	 816.67	 800.00	 13.00	 32	 0.66	 
BFE_335	 1	 12	 2207.jpg	 7.157345e+02	 24	 999000	 240	 999000	 999	 7.167524e+02	 816.67	 800.00	 77.00	 28	 0.22	 
BFE_335	 1	 12	 1114.jpg	 7.177369e+02	 12	 999000	 120	 999000	 999	 7.187546e+02	 816.67	 800.00	 3.00	 14	 0.83	 
BFE_335	 1	 12	 1103.jpg	 7.197391e+02	 12	 999000	 120	 999000	 999	 7.207570e+02	 816.67	 800.00	 4.00	 3	 0.82	 
BFE_335	 1	 12	 2210.jpg	 7.227425e+02	 22	 9.637005e+02	 220	 8.000400e+02	 98	 7.237602e+02	 816.67	 816.67	 58.00	 31	 0.46	 
BFE_335	 1	 12	 1104.jpg	 7.247448e+02	 12	 999000	 120	 999000	 999	 7.257625e+02	 816.67	 816.67	 37.00	 4	 0.18	 
BFE_335	 1	 12	 1111.jpg	 7.267470e+02	 11	 9.912235e+02	 110	 8.167014e+02	 98	 7.277648e+02	 833.33	 816.67	 15.00	 11	 0.57	 
BFE_335	 1	 12	 1217.jpg	 7.287492e+02	 12	 999000	 120	 999000	 999	 7.297671e+02	 833.33	 816.67	 16.00	 38	 0.57	 
BFE_335	 1	 12	 2202.jpg	 7.317359e+02	 24	 999000	 240	 999000	 999	 7.327536e+02	 833.33	 816.67	 62.00	 23	 0.44	 
BFE_335	 1	 12	 1107.jpg	 7.337381e+02	 11	 8.561133e+02	 110	 8.333886e+02	 98	 7.347559e+02	 850.00	 816.67	 12.00	 7	 0.67	 
BFE_335	 1	 12	 1204.jpg	 7.357405e+02	 11	 1.045759e+03	 1100	 8.500411e+02	 98	 7.367581e+02	 800.00	 816.67	 18.00	 25	 0.50	 
BFE_335	 1	 12	 1201.jpg	 7.377426e+02	 12	 999000	 120	 999000	 999	 7.387604e+02	 800.00	 816.67	 20.00	 22	 0.48	 
BFE_335	 1	 12	 1209.jpg	 7.397448e+02	 12	 999000	 120	 999000	 999	 7.407626e+02	 800.00	 816.67	 11.00	 30	 0.68	 
BFE_335	 1	 12	 1102.jpg	 7.457346e+02	 11	 1.107620e+03	 1100	 8.000401e+02	 98	 7.467527e+02	 750.00	 816.67	 10.00	 2	 0.69	 
BFE_335	 1	 12	 1203.jpg	 7.487384e+02	 12	 999000	 120	 999000	 999	 7.497560e+02	 750.00	 816.67	 22.00	 24	 0.44	 
BFE_335	 1	 12	 2201.jpg	 7.527428e+02	 24	 999000	 240	 999000	 999	 7.537606e+02	 750.00	 816.67	 61.00	 22	 0.44	 
