subjectID	 order	 runNum	 itemName	 onsetTime	 shuff_trialType	 RT	 respInTime	 AudioTime	 response	 fixationTime	 ladder1	 ladder2	 bidIndex	 itemNameIndex	 bidValue	 
BFE_334	 2	 12	 1208.jpg	 6.470958e+02	 12	 999000	 120	 999000	 999	 6.481136e+02	 650.00	 650.00	 3.00	 29	 0.81	 
BFE_334	 2	 12	 2219.jpg	 6.520847e+02	 24	 999000	 240	 999000	 999	 6.531025e+02	 650.00	 650.00	 44.00	 40	 0.80	 
BFE_334	 2	 12	 1206.jpg	 6.540869e+02	 12	 999000	 120	 999000	 999	 6.551048e+02	 650.00	 650.00	 22.00	 27	 0.46	 
BFE_334	 2	 12	 1121.jpg	 6.560894e+02	 11	 1.065147e+03	 1100	 6.500696e+02	 98	 6.571070e+02	 600.00	 650.00	 14.00	 21	 0.58	 
BFE_334	 2	 12	 2202.jpg	 6.620960e+02	 24	 999000	 240	 999000	 999	 6.631137e+02	 600.00	 650.00	 78.00	 23	 0.27	 
BFE_334	 2	 12	 1205.jpg	 6.640982e+02	 12	 999000	 120	 999000	 999	 6.651159e+02	 600.00	 650.00	 21.00	 26	 0.47	 
BFE_334	 2	 12	 1110.jpg	 6.670849e+02	 12	 999000	 120	 999000	 999	 6.681027e+02	 600.00	 650.00	 13.00	 10	 0.60	 
BFE_334	 2	 12	 1216.jpg	 6.690871e+02	 11	 9.234352e+02	 110	 6.000448e+02	 98	 6.701049e+02	 616.67	 650.00	 8.00	 37	 0.67	 
BFE_334	 2	 12	 1107.jpg	 6.730916e+02	 12	 999000	 120	 999000	 999	 6.741094e+02	 616.67	 650.00	 20.00	 7	 0.47	 
BFE_334	 2	 12	 2116.jpg	 6.750938e+02	 22	 9.887550e+02	 220	 6.500495e+02	 98	 6.761116e+02	 616.67	 666.67	 57.00	 16	 0.50	 
BFE_334	 2	 12	 1102.jpg	 6.800827e+02	 12	 999000	 120	 999000	 999	 6.811006e+02	 616.67	 666.67	 38.00	 2	 0.22	 
BFE_334	 2	 12	 1111.jpg	 6.870906e+02	 12	 999000	 120	 999000	 999	 6.881084e+02	 616.67	 666.67	 18.00	 11	 0.48	 
BFE_334	 2	 12	 1211.jpg	 6.890929e+02	 12	 999000	 120	 999000	 999	 6.901106e+02	 616.67	 666.67	 4.00	 32	 0.80	 
BFE_334	 2	 12	 2105.jpg	 6.920962e+02	 24	 999000	 240	 999000	 999	 6.931140e+02	 616.67	 666.67	 58.00	 5	 0.48	 
BFE_334	 2	 12	 2110.jpg	 6.950826e+02	 24	 999000	 240	 999000	 999	 6.961006e+02	 616.67	 666.67	 50.00	 10	 0.67	 
BFE_334	 2	 12	 1117.jpg	 6.990874e+02	 11	 1.027190e+03	 1100	 6.167059e+02	 98	 7.001053e+02	 566.67	 666.67	 11.00	 17	 0.62	 
BFE_334	 2	 12	 1218.jpg	 7.030920e+02	 12	 999000	 120	 999000	 999	 7.041097e+02	 566.67	 666.67	 10.00	 39	 0.63	 
BFE_334	 2	 12	 2107.jpg	 7.070963e+02	 24	 999000	 240	 999000	 999	 7.081141e+02	 566.67	 666.67	 55.00	 7	 0.51	 
BFE_334	 2	 12	 2218.jpg	 7.100831e+02	 22	 1.071406e+03	 2200	 6.667136e+02	 98	 7.111009e+02	 566.67	 616.67	 54.00	 39	 0.52	 
BFE_334	 2	 12	 2209.jpg	 7.160898e+02	 22	 9.687308e+02	 220	 6.167210e+02	 98	 7.171075e+02	 566.67	 633.33	 51.00	 30	 0.67	 
BFE_334	 2	 12	 1215.jpg	 7.180920e+02	 12	 999000	 120	 999000	 999	 7.191098e+02	 566.67	 633.33	 7.00	 36	 0.69	 
BFE_334	 2	 12	 1214.jpg	 7.210954e+02	 11	 9.231160e+02	 110	 5.667161e+02	 98	 7.221132e+02	 583.33	 633.33	 17.00	 35	 0.48	 
BFE_334	 2	 12	 2112.jpg	 7.230976e+02	 24	 999000	 240	 999000	 999	 7.241154e+02	 583.33	 633.33	 61.00	 12	 0.45	 
BFE_334	 2	 12	 2214.jpg	 7.250829e+02	 22	 9.116633e+02	 220	 6.333796e+02	 98	 7.261009e+02	 583.33	 650.00	 56.00	 35	 0.51	 
BFE_334	 2	 12	 1209.jpg	 7.270854e+02	 12	 999000	 120	 999000	 999	 7.281032e+02	 583.33	 650.00	 37.00	 30	 0.28	 
BFE_334	 2	 12	 2204.jpg	 7.300888e+02	 22	 1.057776e+03	 2200	 6.500456e+02	 98	 7.311066e+02	 583.33	 600.00	 49.00	 25	 0.71	 
BFE_334	 2	 12	 1113.jpg	 7.340933e+02	 11	 9.252060e+02	 110	 5.833775e+02	 98	 7.351111e+02	 600.00	 600.00	 9.00	 13	 0.66	 
BFE_334	 2	 12	 2206.jpg	 7.360956e+02	 24	 999000	 240	 999000	 999	 7.371133e+02	 600.00	 600.00	 62.00	 27	 0.44	 
BFE_334	 2	 12	 2205.jpg	 7.380807e+02	 24	 999000	 240	 999000	 999	 7.390988e+02	 600.00	 600.00	 47.00	 26	 0.77	 
BFE_334	 2	 12	 1119.jpg	 7.400834e+02	 12	 999000	 120	 999000	 999	 7.411011e+02	 600.00	 600.00	 19.00	 19	 0.47	 
BFE_334	 2	 12	 2106.jpg	 7.420872e+02	 24	 999000	 240	 999000	 999	 7.431034e+02	 600.00	 600.00	 53.00	 6	 0.55	 
BFE_334	 2	 12	 1213.jpg	 7.440879e+02	 12	 999000	 120	 999000	 999	 7.451056e+02	 600.00	 600.00	 12.00	 34	 0.61	 
BFE_334	 2	 12	 2113.jpg	 7.480923e+02	 24	 999000	 240	 999000	 999	 7.491101e+02	 600.00	 600.00	 52.00	 13	 0.62	 
BFE_334	 2	 12	 2216.jpg	 7.520967e+02	 24	 999000	 240	 999000	 999	 7.531146e+02	 600.00	 600.00	 43.00	 37	 0.84	 
BFE_334	 2	 12	 1109.jpg	 7.540820e+02	 11	 8.805214e+02	 110	 6.000601e+02	 98	 7.551001e+02	 616.67	 600.00	 16.00	 9	 0.51	 
BFE_334	 2	 12	 2109.jpg	 7.560845e+02	 24	 999000	 240	 999000	 999	 7.571023e+02	 616.67	 600.00	 60.00	 9	 0.47	 
BFE_334	 2	 12	 2210.jpg	 7.580869e+02	 24	 999000	 240	 999000	 999	 7.591046e+02	 616.67	 600.00	 59.00	 31	 0.47	 
BFE_334	 2	 12	 1219.jpg	 7.600891e+02	 12	 999000	 120	 999000	 999	 7.611068e+02	 616.67	 600.00	 15.00	 40	 0.56	 
BFE_334	 2	 12	 2217.jpg	 7.660959e+02	 24	 999000	 240	 999000	 999	 7.671136e+02	 616.67	 600.00	 77.00	 38	 0.30	 
BFE_334	 2	 12	 2211.jpg	 7.680811e+02	 22	 9.694067e+02	 220	 6.000350e+02	 98	 7.690991e+02	 616.67	 616.67	 48.00	 32	 0.73	 
