subjectID	 order	 runNum	 itemName	 onsetTime	 shuff_trialType	 RT	 respInTime	 AudioTime	 response	 fixationTime	 ladder1	 ladder2	 bidIndex	 itemNameIndex	 bidValue	 
BFE_337	 1	 8	 1212.jpg	 1.251753e+02	 12	 999000	 120	 999000	 999	 1.261930e+02	 716.67	 716.67	 21.00	 33	 0.50	 
BFE_337	 1	 8	 2211.jpg	 1.271775e+02	 22	 9.524961e+02	 220	 7.167246e+02	 98	 1.281952e+02	 716.67	 733.33	 50.00	 32	 0.63	 
BFE_337	 1	 8	 1117.jpg	 1.311653e+02	 12	 999000	 120	 999000	 999	 1.321831e+02	 716.67	 733.33	 11.00	 17	 0.64	 
BFE_337	 1	 8	 2213.jpg	 1.341686e+02	 24	 999000	 240	 999000	 999	 1.351865e+02	 716.67	 733.33	 49.00	 34	 0.70	 
BFE_337	 1	 8	 2117.jpg	 1.361710e+02	 22	 1.095024e+03	 2200	 7.333879e+02	 98	 1.371887e+02	 716.67	 683.33	 55.00	 17	 0.55	 
BFE_337	 1	 8	 1217.jpg	 1.391742e+02	 12	 999000	 120	 999000	 999	 1.401920e+02	 716.67	 683.33	 8.00	 38	 0.70	 
BFE_337	 1	 8	 2212.jpg	 1.431787e+02	 22	 1.055324e+03	 2200	 6.833947e+02	 98	 1.441965e+02	 716.67	 633.33	 53.00	 33	 0.59	 
BFE_337	 1	 8	 1106.jpg	 1.471666e+02	 12	 999000	 120	 999000	 999	 1.481844e+02	 716.67	 633.33	 4.00	 6	 0.79	 
BFE_337	 1	 8	 2114.jpg	 1.491688e+02	 24	 999000	 240	 999000	 999	 1.501866e+02	 716.67	 633.33	 60.00	 14	 0.48	 
BFE_337	 1	 8	 1112.jpg	 1.541744e+02	 12	 999000	 120	 999000	 999	 1.551921e+02	 716.67	 633.33	 17.00	 12	 0.56	 
BFE_337	 1	 8	 1216.jpg	 1.561766e+02	 12	 999000	 120	 999000	 999	 1.571944e+02	 716.67	 633.33	 14.00	 37	 0.61	 
BFE_337	 1	 8	 1115.jpg	 1.581789e+02	 11	 1.039107e+03	 1100	 7.167241e+02	 98	 1.591967e+02	 666.67	 633.33	 13.00	 15	 0.63	 
BFE_337	 1	 8	 2209.jpg	 1.641691e+02	 24	 999000	 240	 999000	 999	 1.651892e+02	 666.67	 633.33	 43.00	 30	 0.83	 
BFE_337	 1	 8	 1105.jpg	 1.661712e+02	 11	 1.118862e+03	 1100	 6.667073e+02	 98	 1.671890e+02	 616.67	 633.33	 18.00	 5	 0.55	 
BFE_337	 1	 8	 2101.jpg	 1.681734e+02	 24	 999000	 240	 999000	 999	 1.691912e+02	 616.67	 633.33	 54.00	 1	 0.59	 
BFE_337	 1	 8	 1118.jpg	 1.701757e+02	 12	 999000	 120	 999000	 999	 1.711935e+02	 616.67	 633.33	 38.00	 18	 0.19	 
BFE_337	 1	 8	 2103.jpg	 1.741632e+02	 24	 999000	 240	 999000	 999	 1.751812e+02	 616.67	 633.33	 48.00	 3	 0.73	 
BFE_337	 1	 8	 2206.jpg	 1.781679e+02	 24	 999000	 240	 999000	 999	 1.791857e+02	 616.67	 633.33	 51.00	 27	 0.63	 
BFE_337	 1	 8	 1206.jpg	 1.811713e+02	 11	 9.506775e+02	 110	 6.167037e+02	 98	 1.821891e+02	 633.33	 633.33	 10.00	 27	 0.65	 
BFE_337	 1	 8	 2207.jpg	 1.851758e+02	 24	 999000	 240	 999000	 999	 1.861936e+02	 633.33	 633.33	 62.00	 28	 0.46	 
BFE_337	 1	 8	 2109.jpg	 1.881792e+02	 22	 1.030806e+03	 2200	 6.333846e+02	 98	 1.891969e+02	 633.33	 583.33	 52.00	 9	 0.63	 
BFE_337	 1	 8	 2108.jpg	 1.901648e+02	 24	 999000	 240	 999000	 999	 1.911826e+02	 633.33	 583.33	 77.00	 8	 0.21	 
BFE_337	 1	 8	 2219.jpg	 1.941692e+02	 24	 999000	 240	 999000	 999	 1.951870e+02	 633.33	 583.33	 44.00	 40	 0.82	 
BFE_337	 1	 8	 1120.jpg	 1.961715e+02	 12	 999000	 120	 999000	 999	 1.971893e+02	 633.33	 583.33	 37.00	 20	 0.22	 
BFE_337	 1	 8	 2107.jpg	 1.981737e+02	 24	 999000	 240	 999000	 999	 1.991915e+02	 633.33	 583.33	 78.00	 7	 0.20	 
BFE_337	 1	 8	 1102.jpg	 2.021783e+02	 11	 9.597386e+02	 110	 6.333767e+02	 98	 2.031959e+02	 650.00	 583.33	 15.00	 2	 0.59	 
BFE_337	 1	 8	 1209.jpg	 2.041635e+02	 12	 999000	 120	 999000	 999	 2.051815e+02	 650.00	 583.33	 3.00	 30	 0.79	 
BFE_337	 1	 8	 2217.jpg	 2.081682e+02	 24	 999000	 240	 999000	 999	 2.091860e+02	 650.00	 583.33	 56.00	 38	 0.52	 
BFE_337	 1	 8	 2106.jpg	 2.121727e+02	 24	 999000	 240	 999000	 999	 2.131906e+02	 650.00	 583.33	 59.00	 6	 0.50	 
BFE_337	 1	 8	 1205.jpg	 2.151761e+02	 12	 999000	 120	 999000	 999	 2.161939e+02	 650.00	 583.33	 9.00	 26	 0.68	 
BFE_337	 1	 8	 1109.jpg	 2.211661e+02	 11	 9.158878e+02	 110	 6.500457e+02	 98	 2.221839e+02	 666.67	 583.33	 7.00	 9	 0.73	 
BFE_337	 1	 8	 1107.jpg	 2.231684e+02	 12	 999000	 120	 999000	 999	 2.241862e+02	 666.67	 583.33	 20.00	 7	 0.50	 
BFE_337	 1	 8	 1114.jpg	 2.271729e+02	 12	 999000	 120	 999000	 999	 2.281907e+02	 666.67	 583.33	 19.00	 14	 0.52	 
BFE_337	 1	 8	 2104.jpg	 2.291751e+02	 24	 999000	 240	 999000	 999	 2.301929e+02	 666.67	 583.33	 61.00	 4	 0.46	 
BFE_337	 1	 8	 1121.jpg	 2.311774e+02	 11	 9.606702e+02	 110	 6.667068e+02	 98	 2.321951e+02	 683.33	 583.33	 12.00	 21	 0.64	 
BFE_337	 1	 8	 2102.jpg	 2.331627e+02	 22	 1.055357e+03	 2200	 5.833824e+02	 98	 2.341806e+02	 683.33	 533.33	 58.00	 2	 0.51	 
BFE_337	 1	 8	 1215.jpg	 2.381686e+02	 12	 999000	 120	 999000	 999	 2.391863e+02	 683.33	 533.33	 22.00	 36	 0.48	 
BFE_337	 1	 8	 2216.jpg	 2.401707e+02	 22	 8.393512e+02	 220	 5.333784e+02	 98	 2.411885e+02	 683.33	 550.00	 47.00	 37	 0.74	 
BFE_337	 1	 8	 1213.jpg	 2.421730e+02	 12	 999000	 120	 999000	 999	 2.431908e+02	 683.33	 550.00	 16.00	 34	 0.56	 
BFE_337	 1	 8	 2204.jpg	 2.451764e+02	 24	 999000	 240	 999000	 999	 2.461943e+02	 683.33	 550.00	 57.00	 25	 0.52	 
