subjectID	 order	 runNum	 itemName	 onsetTime	 shuff_trialType	 RT	 respInTime	 AudioTime	 response	 fixationTime	 ladder1	 ladder2	 bidIndex	 itemNameIndex	 bidValue	 
BFE_338	 2	 19	 1203.jpg	 1.614289e+03	 12	 999000	 120	 999000	 999	 1.615307e+03	 683.33	 683.33	 4.00	 24	 0.80	 
BFE_338	 2	 19	 1205.jpg	 1.616275e+03	 12	 999000	 120	 999000	 999	 1.617293e+03	 683.33	 683.33	 3.00	 26	 0.80	 
BFE_338	 2	 19	 1210.jpg	 1.620279e+03	 11	 1.002931e+03	 1100	 6.833930e+02	 98	 1.621297e+03	 633.33	 683.33	 16.00	 31	 0.58	 
BFE_338	 2	 19	 1204.jpg	 1.623283e+03	 12	 999000	 120	 999000	 999	 1.624301e+03	 633.33	 683.33	 12.00	 25	 0.70	 
BFE_338	 2	 19	 1120.jpg	 1.625285e+03	 12	 999000	 120	 999000	 999	 1.626303e+03	 633.33	 683.33	 20.00	 20	 0.49	 
BFE_338	 2	 19	 2121.jpg	 1.628272e+03	 22	 1.010690e+03	 2200	 6.833874e+02	 98	 1.629290e+03	 633.33	 633.33	 49.00	 21	 0.72	 
BFE_338	 2	 19	 2219.jpg	 1.632276e+03	 24	 999000	 240	 999000	 999	 1.633294e+03	 633.33	 633.33	 47.00	 40	 0.73	 
BFE_338	 2	 19	 1121.jpg	 1.636281e+03	 11	 8.895882e+02	 110	 6.333664e+02	 98	 1.637298e+03	 650.00	 633.33	 17.00	 21	 0.52	 
BFE_338	 2	 19	 2217.jpg	 1.638283e+03	 24	 999000	 240	 999000	 999	 1.639301e+03	 650.00	 633.33	 58.00	 38	 0.57	 
BFE_338	 2	 19	 2209.jpg	 1.643272e+03	 24	 999000	 240	 999000	 999	 1.644290e+03	 650.00	 633.33	 53.00	 30	 0.65	 
BFE_338	 2	 19	 2202.jpg	 1.645274e+03	 24	 999000	 240	 999000	 999	 1.646292e+03	 650.00	 633.33	 59.00	 23	 0.55	 
BFE_338	 2	 19	 2108.jpg	 1.647276e+03	 24	 999000	 240	 999000	 999	 1.648294e+03	 650.00	 633.33	 77.00	 8	 0.19	 
BFE_338	 2	 19	 2114.jpg	 1.653283e+03	 22	 9.351358e+02	 220	 6.333764e+02	 98	 1.654301e+03	 650.00	 650.00	 56.00	 14	 0.60	 
BFE_338	 2	 19	 1112.jpg	 1.655285e+03	 12	 999000	 120	 999000	 999	 1.656303e+03	 650.00	 650.00	 37.00	 12	 0.17	 
BFE_338	 2	 19	 1201.jpg	 1.657271e+03	 11	 9.395588e+02	 110	 6.500869e+02	 98	 1.658289e+03	 666.67	 650.00	 8.00	 22	 0.72	 
BFE_338	 2	 19	 2204.jpg	 1.659273e+03	 22	 1.009147e+03	 2200	 6.500410e+02	 98	 1.660292e+03	 666.67	 600.00	 48.00	 25	 0.72	 
BFE_338	 2	 19	 2208.jpg	 1.663278e+03	 22	 8.686167e+02	 220	 6.000410e+02	 98	 1.664295e+03	 666.67	 616.67	 54.00	 29	 0.62	 
BFE_338	 2	 19	 1214.jpg	 1.667282e+03	 12	 999000	 120	 999000	 999	 1.668300e+03	 666.67	 616.67	 19.00	 35	 0.51	 
BFE_338	 2	 19	 2113.jpg	 1.670286e+03	 22	 9.406988e+02	 220	 6.167010e+02	 98	 1.671303e+03	 666.67	 633.33	 57.00	 13	 0.57	 
BFE_338	 2	 19	 1209.jpg	 1.674273e+03	 12	 999000	 120	 999000	 999	 1.675291e+03	 666.67	 633.33	 22.00	 30	 0.46	 
BFE_338	 2	 19	 1213.jpg	 1.677277e+03	 12	 999000	 120	 999000	 999	 1.678295e+03	 666.67	 633.33	 13.00	 34	 0.64	 
BFE_338	 2	 19	 1217.jpg	 1.679279e+03	 12	 999000	 120	 999000	 999	 1.680297e+03	 666.67	 633.33	 15.00	 38	 0.59	 
BFE_338	 2	 19	 2106.jpg	 1.683283e+03	 24	 999000	 240	 999000	 999	 1.684301e+03	 666.67	 633.33	 62.00	 6	 0.52	 
BFE_338	 2	 19	 2206.jpg	 1.685286e+03	 24	 999000	 240	 999000	 999	 1.686303e+03	 666.67	 633.33	 52.00	 27	 0.69	 
BFE_338	 2	 19	 2110.jpg	 1.687271e+03	 24	 999000	 240	 999000	 999	 1.688289e+03	 666.67	 633.33	 55.00	 10	 0.60	 
BFE_338	 2	 19	 2119.jpg	 1.691276e+03	 24	 999000	 240	 999000	 999	 1.692294e+03	 666.67	 633.33	 78.00	 19	 0.16	 
BFE_338	 2	 19	 1202.jpg	 1.693278e+03	 11	 9.963651e+02	 110	 6.667104e+02	 98	 1.694296e+03	 683.33	 633.33	 14.00	 23	 0.62	 
BFE_338	 2	 19	 2102.jpg	 1.697282e+03	 24	 999000	 240	 999000	 999	 1.698300e+03	 683.33	 633.33	 60.00	 2	 0.53	 
BFE_338	 2	 19	 1207.jpg	 1.701287e+03	 12	 999000	 120	 999000	 999	 1.702305e+03	 683.33	 633.33	 7.00	 28	 0.73	 
BFE_338	 2	 19	 2213.jpg	 1.704274e+03	 22	 9.606737e+02	 220	 6.333798e+02	 98	 1.705291e+03	 683.33	 650.00	 51.00	 34	 0.70	 
BFE_338	 2	 19	 2214.jpg	 1.710280e+03	 24	 999000	 240	 999000	 999	 1.711298e+03	 683.33	 650.00	 61.00	 35	 0.52	 
BFE_338	 2	 19	 1108.jpg	 1.712283e+03	 12	 999000	 120	 999000	 999	 1.713300e+03	 683.33	 650.00	 38.00	 8	 0.16	 
BFE_338	 2	 19	 2201.jpg	 1.716287e+03	 24	 999000	 240	 999000	 999	 1.717305e+03	 683.33	 650.00	 43.00	 22	 0.81	 
BFE_338	 2	 19	 2103.jpg	 1.718273e+03	 24	 999000	 240	 999000	 999	 1.719290e+03	 683.33	 650.00	 50.00	 3	 0.71	 
BFE_338	 2	 19	 2218.jpg	 1.720275e+03	 24	 999000	 240	 999000	 999	 1.721293e+03	 683.33	 650.00	 44.00	 39	 0.79	 
BFE_338	 2	 19	 1218.jpg	 1.722277e+03	 11	 9.571314e+02	 110	 6.833685e+02	 98	 1.723295e+03	 700.00	 650.00	 9.00	 39	 0.70	 
BFE_338	 2	 19	 1103.jpg	 1.727283e+03	 12	 999000	 120	 999000	 999	 1.728300e+03	 700.00	 650.00	 10.00	 3	 0.70	 
BFE_338	 2	 19	 1215.jpg	 1.729285e+03	 12	 999000	 120	 999000	 999	 1.730303e+03	 700.00	 650.00	 18.00	 36	 0.51	 
BFE_338	 2	 19	 1106.jpg	 1.731287e+03	 12	 999000	 120	 999000	 999	 1.732305e+03	 700.00	 650.00	 21.00	 6	 0.48	 
BFE_338	 2	 19	 1111.jpg	 1.734274e+03	 11	 1.064289e+03	 1100	 7.000485e+02	 98	 1.735292e+03	 650.00	 650.00	 11.00	 11	 0.70	 
