subjectID	 order	 runNum	 itemName	 onsetTime	 shuff_trialType	 RT	 respInTime	 AudioTime	 response	 fixationTime	 ladder1	 ladder2	 bidIndex	 itemNameIndex	 bidValue	 
BFE_132	 2	 17	 2214.jpg	 1.282721e+03	 22	 6.580543e+02	 220	 4.167392e+02	 98	 1.283738e+03	 550.00	 433.33	 51.00	 35	 0.75	 
BFE_132	 2	 17	 2215.jpg	 1.285707e+03	 24	 999000	 240	 999000	 999	 1.286725e+03	 550.00	 433.33	 62.00	 36	 0.55	 
BFE_132	 2	 17	 2219.jpg	 1.289712e+03	 24	 999000	 240	 999000	 999	 1.290730e+03	 550.00	 433.33	 53.00	 40	 0.66	 
BFE_132	 2	 17	 2104.jpg	 1.291714e+03	 24	 999000	 240	 999000	 999	 1.292732e+03	 550.00	 433.33	 77.00	 4	 0.29	 
BFE_132	 2	 17	 1115.jpg	 1.293716e+03	 12	 999000	 120	 999000	 999	 1.294734e+03	 550.00	 433.33	 3.00	 15	 0.77	 
BFE_132	 2	 17	 1109.jpg	 1.297721e+03	 11	 1.145888e+03	 1100	 5.500432e+02	 98	 1.298738e+03	 500.00	 433.33	 16.00	 9	 0.59	 
BFE_132	 2	 17	 2216.jpg	 1.299706e+03	 24	 999000	 240	 999000	 999	 1.300724e+03	 500.00	 433.33	 50.00	 37	 0.75	 
BFE_132	 2	 17	 2102.jpg	 1.304712e+03	 24	 999000	 240	 999000	 999	 1.305730e+03	 500.00	 433.33	 59.00	 2	 0.61	 
BFE_132	 2	 17	 1215.jpg	 1.306714e+03	 11	 999000	 1	 5.000407e+02	 999	 1.307732e+03	 450.00	 433.33	 17.00	 36	 0.56	 
BFE_132	 2	 17	 1216.jpg	 1.309718e+03	 12	 999000	 120	 999000	 999	 1.310735e+03	 450.00	 433.33	 4.00	 37	 0.76	 
BFE_132	 2	 17	 1218.jpg	 1.312721e+03	 12	 999000	 120	 999000	 999	 1.313739e+03	 450.00	 433.33	 19.00	 39	 0.56	 
BFE_132	 2	 17	 1110.jpg	 1.316709e+03	 11	 1.061876e+03	 1100	 4.500505e+02	 98	 1.317727e+03	 400.00	 433.33	 8.00	 10	 0.66	 
BFE_132	 2	 17	 1208.jpg	 1.319712e+03	 12	 999000	 120	 999000	 999	 1.320730e+03	 400.00	 433.33	 15.00	 29	 0.59	 
BFE_132	 2	 17	 1211.jpg	 1.321714e+03	 12	 999000	 120	 999000	 999	 1.322732e+03	 400.00	 433.33	 10.00	 32	 0.64	 
BFE_132	 2	 17	 2217.jpg	 1.324718e+03	 22	 7.648579e+02	 220	 4.333701e+02	 98	 1.325735e+03	 400.00	 450.00	 49.00	 38	 0.76	 
BFE_132	 2	 17	 1120.jpg	 1.328705e+03	 12	 999000	 120	 999000	 999	 1.329723e+03	 400.00	 450.00	 37.00	 20	 0.23	 
BFE_132	 2	 17	 1209.jpg	 1.331709e+03	 12	 999000	 120	 999000	 999	 1.332727e+03	 400.00	 450.00	 21.00	 30	 0.55	 
BFE_132	 2	 17	 2110.jpg	 1.333711e+03	 22	 8.754691e+02	 220	 4.500402e+02	 98	 1.334729e+03	 400.00	 466.67	 54.00	 10	 0.65	 
BFE_132	 2	 17	 2103.jpg	 1.335713e+03	 22	 6.972381e+02	 220	 4.667002e+02	 98	 1.336731e+03	 400.00	 483.33	 48.00	 3	 0.76	 
BFE_132	 2	 17	 1102.jpg	 1.340719e+03	 12	 999000	 120	 999000	 999	 1.341737e+03	 400.00	 483.33	 13.00	 2	 0.60	 
BFE_132	 2	 17	 2106.jpg	 1.344707e+03	 24	 999000	 240	 999000	 999	 1.345725e+03	 400.00	 483.33	 58.00	 6	 0.61	 
BFE_132	 2	 17	 2115.jpg	 1.348711e+03	 24	 999000	 240	 999000	 999	 1.349729e+03	 400.00	 483.33	 43.00	 15	 0.84	 
BFE_132	 2	 17	 2112.jpg	 1.354718e+03	 24	 999000	 240	 999000	 999	 1.355736e+03	 400.00	 483.33	 55.00	 12	 0.64	 
BFE_132	 2	 17	 2109.jpg	 1.356720e+03	 22	 7.862125e+02	 220	 4.833645e+02	 98	 1.357738e+03	 400.00	 500.00	 56.00	 9	 0.63	 
BFE_132	 2	 17	 1116.jpg	 1.358705e+03	 12	 999000	 120	 999000	 999	 1.359724e+03	 400.00	 500.00	 18.00	 16	 0.56	 
BFE_132	 2	 17	 2107.jpg	 1.360708e+03	 22	 7.505099e+02	 220	 5.000314e+02	 98	 1.361726e+03	 400.00	 516.67	 57.00	 7	 0.62	 
BFE_132	 2	 17	 2202.jpg	 1.362710e+03	 24	 999000	 240	 999000	 999	 1.363728e+03	 400.00	 516.67	 52.00	 23	 0.67	 
BFE_132	 2	 17	 1219.jpg	 1.366715e+03	 12	 999000	 120	 999000	 999	 1.367733e+03	 400.00	 516.67	 20.00	 40	 0.55	 
BFE_132	 2	 17	 2114.jpg	 1.368717e+03	 24	 999000	 240	 999000	 999	 1.369735e+03	 400.00	 516.67	 44.00	 14	 0.80	 
BFE_132	 2	 17	 1105.jpg	 1.372721e+03	 11	 6.971029e+02	 110	 4.000257e+02	 98	 1.373739e+03	 416.67	 516.67	 14.00	 5	 0.60	 
BFE_132	 2	 17	 2116.jpg	 1.374707e+03	 24	 999000	 240	 999000	 999	 1.375727e+03	 416.67	 516.67	 61.00	 16	 0.55	 
BFE_132	 2	 17	 1213.jpg	 1.376709e+03	 11	 7.972182e+02	 110	 4.167056e+02	 98	 1.377727e+03	 433.33	 516.67	 11.00	 34	 0.61	 
BFE_132	 2	 17	 2108.jpg	 1.378712e+03	 24	 999000	 240	 999000	 999	 1.379729e+03	 433.33	 516.67	 78.00	 8	 0.25	 
BFE_132	 2	 17	 2211.jpg	 1.383717e+03	 24	 999000	 240	 999000	 999	 1.384735e+03	 433.33	 516.67	 60.00	 32	 0.59	 
BFE_132	 2	 17	 1206.jpg	 1.385719e+03	 12	 999000	 120	 999000	 999	 1.386737e+03	 433.33	 516.67	 7.00	 27	 0.67	 
BFE_132	 2	 17	 2201.jpg	 1.387722e+03	 24	 999000	 240	 999000	 999	 1.388740e+03	 433.33	 516.67	 47.00	 22	 0.77	 
BFE_132	 2	 17	 1118.jpg	 1.390708e+03	 12	 999000	 120	 999000	 999	 1.391726e+03	 433.33	 516.67	 38.00	 18	 0.16	 
BFE_132	 2	 17	 1204.jpg	 1.397716e+03	 12	 999000	 120	 999000	 999	 1.398734e+03	 433.33	 516.67	 22.00	 25	 0.54	 
BFE_132	 2	 17	 1113.jpg	 1.401721e+03	 11	 9.378429e+02	 110	 4.333634e+02	 98	 1.402738e+03	 450.00	 516.67	 9.00	 13	 0.65	 
BFE_132	 2	 17	 1104.jpg	 1.408713e+03	 12	 999000	 120	 999000	 999	 1.409730e+03	 450.00	 516.67	 12.00	 4	 0.61	 
