subjectID	 order	 runNum	 itemName	 onsetTime	 shuff_trialType	 RT	 respInTime	 AudioTime	 response	 fixationTime	 ladder1	 ladder2	 bidIndex	 itemNameIndex	 bidValue	 
BFE_317	 1	 17	 2113.jpg	 2.013957e+03	 22	 1.029324e+03	 2200	 8.500655e+02	 98	 2.014975e+03	 850.00	 800.00	 47.00	 13	 0.77	 
BFE_317	 1	 17	 1205.jpg	 2.015943e+03	 11	 8.117845e+02	 11	 8.500537e+02	 98	 2.016960e+03	 866.67	 800.00	 13.00	 26	 0.62	 
BFE_317	 1	 17	 1112.jpg	 2.019947e+03	 12	 999000	 120	 999000	 999	 2.020965e+03	 866.67	 800.00	 37.00	 12	 0.21	 
BFE_317	 1	 17	 2103.jpg	 2.022950e+03	 24	 999000	 240	 999000	 999	 2.023968e+03	 866.67	 800.00	 44.00	 3	 0.90	 
BFE_317	 1	 17	 1114.jpg	 2.024953e+03	 12	 999000	 120	 999000	 999	 2.025970e+03	 866.67	 800.00	 16.00	 14	 0.59	 
BFE_317	 1	 17	 1106.jpg	 2.027939e+03	 12	 999000	 120	 999000	 999	 2.028957e+03	 866.67	 800.00	 9.00	 6	 0.71	 
BFE_317	 1	 17	 2105.jpg	 2.031944e+03	 24	 999000	 240	 999000	 999	 2.032962e+03	 866.67	 800.00	 48.00	 5	 0.77	 
BFE_317	 1	 17	 2204.jpg	 2.035948e+03	 24	 999000	 240	 999000	 999	 2.036966e+03	 866.67	 800.00	 57.00	 25	 0.59	 
BFE_317	 1	 17	 2119.jpg	 2.037951e+03	 24	 999000	 240	 999000	 999	 2.038968e+03	 866.67	 800.00	 77.00	 19	 0.18	 
BFE_317	 1	 17	 2112.jpg	 2.042939e+03	 24	 999000	 240	 999000	 999	 2.043957e+03	 866.67	 800.00	 78.00	 12	 0.17	 
BFE_317	 1	 17	 1218.jpg	 2.044942e+03	 11	 9.485436e+02	 110	 8.666943e+02	 98	 2.045959e+03	 883.33	 800.00	 12.00	 39	 0.63	 
BFE_317	 1	 17	 2213.jpg	 2.046944e+03	 24	 999000	 240	 999000	 999	 2.047962e+03	 883.33	 800.00	 43.00	 34	 0.90	 
BFE_317	 1	 17	 1201.jpg	 2.052951e+03	 11	 6.596423e+02	 11	 8.833666e+02	 98	 2.053969e+03	 900.00	 800.00	 7.00	 22	 0.74	 
BFE_317	 1	 17	 2107.jpg	 2.054953e+03	 24	 999000	 240	 999000	 999	 2.055971e+03	 900.00	 800.00	 60.00	 7	 0.53	 
BFE_317	 1	 17	 2115.jpg	 2.056955e+03	 24	 999000	 240	 999000	 999	 2.057973e+03	 900.00	 800.00	 51.00	 15	 0.68	 
BFE_317	 1	 17	 1209.jpg	 2.058941e+03	 12	 999000	 120	 999000	 999	 2.059959e+03	 900.00	 800.00	 21.00	 30	 0.49	 
BFE_317	 1	 17	 1207.jpg	 2.062945e+03	 11	 8.489773e+02	 11	 9.000302e+02	 98	 2.063963e+03	 916.67	 800.00	 10.00	 28	 0.67	 
BFE_317	 1	 17	 2106.jpg	 2.066950e+03	 22	 1.004578e+03	 2200	 8.000315e+02	 98	 2.067970e+03	 916.67	 750.00	 50.00	 6	 0.72	 
BFE_317	 1	 17	 2208.jpg	 2.069953e+03	 22	 7.690966e+02	 220	 7.500695e+02	 98	 2.070971e+03	 916.67	 766.67	 58.00	 29	 0.59	 
BFE_317	 1	 17	 2207.jpg	 2.073941e+03	 22	 7.172501e+02	 22	 7.666979e+02	 98	 2.074959e+03	 916.67	 783.33	 53.00	 28	 0.65	 
BFE_317	 1	 17	 1208.jpg	 2.076944e+03	 11	 8.339403e+02	 11	 9.167006e+02	 98	 2.077962e+03	 916.67	 783.33	 18.00	 29	 0.56	 
BFE_317	 1	 17	 1219.jpg	 2.078947e+03	 12	 999000	 120	 999000	 999	 2.079964e+03	 916.67	 783.33	 19.00	 40	 0.52	 
BFE_317	 1	 17	 2101.jpg	 2.082951e+03	 24	 999000	 240	 999000	 999	 2.083969e+03	 916.67	 783.33	 62.00	 1	 0.50	 
BFE_317	 1	 17	 1104.jpg	 2.084953e+03	 12	 999000	 120	 999000	 999	 2.085971e+03	 916.67	 783.33	 14.00	 4	 0.61	 
BFE_317	 1	 17	 1110.jpg	 2.086956e+03	 12	 999000	 120	 999000	 999	 2.087973e+03	 916.67	 783.33	 20.00	 10	 0.52	 
BFE_317	 1	 17	 2104.jpg	 2.090943e+03	 24	 999000	 240	 999000	 999	 2.091961e+03	 916.67	 783.33	 61.00	 4	 0.52	 
BFE_317	 1	 17	 2118.jpg	 2.092946e+03	 24	 999000	 240	 999000	 999	 2.093963e+03	 916.67	 783.33	 56.00	 18	 0.59	 
BFE_317	 1	 17	 2201.jpg	 2.096950e+03	 22	 7.801353e+02	 22	 7.833673e+02	 98	 2.097968e+03	 916.67	 800.00	 55.00	 22	 0.60	 
BFE_317	 1	 17	 2121.jpg	 2.100955e+03	 24	 999000	 240	 999000	 999	 2.101972e+03	 916.67	 800.00	 49.00	 21	 0.75	 
BFE_317	 1	 17	 1121.jpg	 2.103941e+03	 12	 999000	 120	 999000	 999	 2.104959e+03	 916.67	 800.00	 8.00	 21	 0.73	 
BFE_317	 1	 17	 2218.jpg	 2.109948e+03	 24	 1.110237e+03	 24	 999000	 98	 2.110966e+03	 916.67	 800.00	 59.00	 39	 0.55	 
BFE_317	 1	 17	 2217.jpg	 2.111950e+03	 24	 999000	 240	 999000	 999	 2.112968e+03	 916.67	 800.00	 54.00	 38	 0.65	 
BFE_317	 1	 17	 1115.jpg	 2.115955e+03	 12	 999000	 120	 999000	 999	 2.116973e+03	 916.67	 800.00	 11.00	 15	 0.66	 
BFE_317	 1	 17	 1213.jpg	 2.117940e+03	 12	 999000	 120	 999000	 999	 2.118958e+03	 916.67	 800.00	 17.00	 34	 0.58	 
BFE_317	 1	 17	 1216.jpg	 2.119943e+03	 12	 999000	 120	 999000	 999	 2.120960e+03	 916.67	 800.00	 22.00	 37	 0.47	 
BFE_317	 1	 17	 1101.jpg	 2.121945e+03	 12	 999000	 120	 999000	 999	 2.122963e+03	 916.67	 800.00	 38.00	 1	 0.21	 
BFE_317	 1	 17	 1109.jpg	 2.126950e+03	 12	 999000	 120	 999000	 999	 2.127968e+03	 916.67	 800.00	 4.00	 9	 0.80	 
BFE_317	 1	 17	 2211.jpg	 2.128953e+03	 22	 9.935607e+02	 220	 8.000239e+02	 98	 2.129971e+03	 916.67	 816.67	 52.00	 32	 0.66	 
BFE_317	 1	 17	 1211.jpg	 2.130955e+03	 11	 8.313114e+02	 11	 9.166999e+02	 98	 2.131973e+03	 916.67	 816.67	 15.00	 32	 0.61	 
BFE_317	 1	 17	 1113.jpg	 2.133942e+03	 12	 8.445003e+02	 12	 999000	 98	 2.134959e+03	 916.67	 816.67	 3.00	 13	 0.80	 
