subjectID	 order	 runNum	 itemName	 onsetTime	 shuff_trialType	 RT	 respInTime	 AudioTime	 response	 fixationTime	 ladder1	 ladder2	 bidIndex	 itemNameIndex	 bidValue	 
BFE_302	 2	 11	 1218.jpg	 1.354888e+03	 11	 8.740963e+02	 110	 6.167166e+02	 98	 1.355906e+03	 633.33	 683.33	 16.00	 39	 0.56	 
BFE_302	 2	 11	 2115.jpg	 1.357875e+03	 24	 999000	 240	 999000	 999	 1.358892e+03	 633.33	 683.33	 53.00	 15	 0.65	 
BFE_302	 2	 11	 1206.jpg	 1.359877e+03	 11	 9.411871e+02	 110	 6.333590e+02	 98	 1.360895e+03	 650.00	 683.33	 11.00	 27	 0.67	 
BFE_302	 2	 11	 2202.jpg	 1.361879e+03	 24	 999000	 240	 999000	 999	 1.362897e+03	 650.00	 683.33	 60.00	 23	 0.57	 
BFE_302	 2	 11	 2218.jpg	 1.363881e+03	 24	 999000	 240	 999000	 999	 1.364899e+03	 650.00	 683.33	 59.00	 39	 0.60	 
BFE_302	 2	 11	 2106.jpg	 1.366885e+03	 22	 9.573365e+02	 220	 6.833735e+02	 98	 1.367903e+03	 650.00	 700.00	 57.00	 6	 0.62	 
BFE_302	 2	 11	 1109.jpg	 1.368870e+03	 12	 999000	 120	 999000	 999	 1.369888e+03	 650.00	 700.00	 15.00	 9	 0.62	 
BFE_302	 2	 11	 1205.jpg	 1.372875e+03	 11	 3.192908e+02	 11	 6.500372e+02	 98	 1.373893e+03	 666.67	 700.00	 9.00	 26	 0.72	 
BFE_302	 2	 11	 1217.jpg	 1.374877e+03	 12	 999000	 120	 999000	 999	 1.375895e+03	 666.67	 700.00	 18.00	 38	 0.52	 
BFE_302	 2	 11	 2217.jpg	 1.379883e+03	 24	 999000	 240	 999000	 999	 1.380900e+03	 666.67	 700.00	 55.00	 38	 0.64	 
BFE_302	 2	 11	 1214.jpg	 1.381885e+03	 12	 999000	 120	 999000	 999	 1.382903e+03	 666.67	 700.00	 3.00	 35	 0.84	 
BFE_302	 2	 11	 2117.jpg	 1.385873e+03	 24	 999000	 240	 999000	 999	 1.386890e+03	 666.67	 700.00	 78.00	 17	 0.16	 
BFE_302	 2	 11	 1203.jpg	 1.387875e+03	 12	 999000	 120	 999000	 999	 1.388893e+03	 666.67	 700.00	 38.00	 24	 0.16	 
BFE_302	 2	 11	 2208.jpg	 1.390878e+03	 24	 999000	 240	 999000	 999	 1.391896e+03	 666.67	 700.00	 52.00	 29	 0.66	 
BFE_302	 2	 11	 1120.jpg	 1.395884e+03	 12	 999000	 120	 999000	 999	 1.396902e+03	 666.67	 700.00	 21.00	 20	 0.50	 
BFE_302	 2	 11	 1115.jpg	 1.397869e+03	 12	 999000	 120	 999000	 999	 1.398887e+03	 666.67	 700.00	 10.00	 15	 0.69	 
BFE_302	 2	 11	 2112.jpg	 1.399872e+03	 24	 999000	 240	 999000	 999	 1.400890e+03	 666.67	 700.00	 77.00	 12	 0.16	 
BFE_302	 2	 11	 2206.jpg	 1.403876e+03	 24	 999000	 240	 999000	 999	 1.404894e+03	 666.67	 700.00	 47.00	 27	 0.70	 
BFE_302	 2	 11	 1121.jpg	 1.407881e+03	 12	 999000	 120	 999000	 999	 1.408898e+03	 666.67	 700.00	 22.00	 21	 0.47	 
BFE_302	 2	 11	 2215.jpg	 1.411885e+03	 24	 999000	 240	 999000	 999	 1.412903e+03	 666.67	 700.00	 58.00	 36	 0.60	 
BFE_302	 2	 11	 1202.jpg	 1.413871e+03	 11	 9.874149e+02	 110	 6.666908e+02	 98	 1.414889e+03	 683.33	 700.00	 17.00	 23	 0.54	 
BFE_302	 2	 11	 1101.jpg	 1.415873e+03	 11	 9.371452e+02	 110	 6.833701e+02	 98	 1.416891e+03	 700.00	 700.00	 8.00	 1	 0.72	 
BFE_302	 2	 11	 1208.jpg	 1.417875e+03	 11	 9.029199e+02	 110	 7.000408e+02	 98	 1.418893e+03	 716.67	 700.00	 14.00	 29	 0.62	 
BFE_302	 2	 11	 2205.jpg	 1.419878e+03	 24	 999000	 240	 999000	 999	 1.420895e+03	 716.67	 700.00	 44.00	 26	 0.77	 
BFE_302	 2	 11	 2121.jpg	 1.425884e+03	 24	 999000	 240	 999000	 999	 1.426902e+03	 716.67	 700.00	 61.00	 21	 0.52	 
BFE_302	 2	 11	 1219.jpg	 1.428871e+03	 12	 999000	 120	 999000	 999	 1.429889e+03	 716.67	 700.00	 4.00	 40	 0.84	 
BFE_302	 2	 11	 2214.jpg	 1.430873e+03	 22	 1.001011e+03	 2200	 7.000370e+02	 98	 1.431894e+03	 716.67	 650.00	 56.00	 35	 0.64	 
BFE_302	 2	 11	 1117.jpg	 1.432875e+03	 12	 999000	 120	 999000	 999	 1.433893e+03	 716.67	 650.00	 37.00	 17	 0.20	 
BFE_302	 2	 11	 1204.jpg	 1.435879e+03	 12	 999000	 120	 999000	 999	 1.436897e+03	 716.67	 650.00	 7.00	 25	 0.72	 
BFE_302	 2	 11	 2101.jpg	 1.437881e+03	 22	 8.971648e+02	 220	 6.500275e+02	 98	 1.438899e+03	 716.67	 666.67	 51.00	 1	 0.66	 
BFE_302	 2	 11	 2201.jpg	 1.439883e+03	 22	 8.948747e+02	 220	 6.666948e+02	 98	 1.440918e+03	 716.67	 683.33	 48.00	 22	 0.69	 
BFE_302	 2	 11	 1102.jpg	 1.441869e+03	 12	 999000	 120	 999000	 999	 1.442887e+03	 716.67	 683.33	 19.00	 2	 0.52	 
BFE_302	 2	 11	 2219.jpg	 1.444872e+03	 24	 999000	 240	 999000	 999	 1.445890e+03	 716.67	 683.33	 43.00	 40	 0.82	 
BFE_302	 2	 11	 1216.jpg	 1.446874e+03	 12	 999000	 120	 999000	 999	 1.447892e+03	 716.67	 683.33	 12.00	 37	 0.64	 
BFE_302	 2	 11	 2211.jpg	 1.448877e+03	 22	 9.814874e+02	 220	 6.833724e+02	 98	 1.449894e+03	 716.67	 700.00	 54.00	 32	 0.64	 
BFE_302	 2	 11	 2207.jpg	 1.450879e+03	 24	 999000	 240	 999000	 999	 1.451897e+03	 716.67	 700.00	 62.00	 28	 0.51	 
BFE_302	 2	 11	 1211.jpg	 1.452881e+03	 12	 999000	 120	 999000	 999	 1.453899e+03	 716.67	 700.00	 13.00	 32	 0.64	 
BFE_302	 2	 11	 1106.jpg	 1.458871e+03	 12	 999000	 120	 999000	 999	 1.459889e+03	 716.67	 700.00	 20.00	 6	 0.50	 
BFE_302	 2	 11	 2109.jpg	 1.461875e+03	 24	 999000	 240	 999000	 999	 1.462892e+03	 716.67	 700.00	 50.00	 9	 0.67	 
BFE_302	 2	 11	 2204.jpg	 1.465879e+03	 22	 9.950696e+02	 220	 7.000359e+02	 98	 1.466898e+03	 716.67	 716.67	 49.00	 25	 0.69	 
