subjectID	 order	 runNum	 itemName	 onsetTime	 shuff_trialType	 RT	 respInTime	 AudioTime	 response	 fixationTime	 ladder1	 ladder2	 bidIndex	 itemNameIndex	 bidValue	 
BFE_335	 1	 17	 2110.jpg	 1.304645e+03	 24	 999000	 240	 999000	 999	 1.305662e+03	 816.67	 750.00	 43.00	 10	 0.82	 
BFE_335	 1	 17	 2204.jpg	 1.307631e+03	 24	 999000	 240	 999000	 999	 1.308649e+03	 816.67	 750.00	 59.00	 25	 0.45	 
BFE_335	 1	 17	 2209.jpg	 1.309634e+03	 22	 9.127226e+02	 220	 7.500573e+02	 98	 1.310651e+03	 816.67	 766.67	 52.00	 30	 0.66	 
BFE_335	 1	 17	 2105.jpg	 1.311636e+03	 24	 999000	 240	 999000	 999	 1.312654e+03	 816.67	 766.67	 49.00	 5	 0.76	 
BFE_335	 1	 17	 1104.jpg	 1.313638e+03	 12	 999000	 120	 999000	 999	 1.314656e+03	 816.67	 766.67	 37.00	 4	 0.18	 
BFE_335	 1	 17	 1204.jpg	 1.316641e+03	 11	 1.072932e+03	 1100	 8.167182e+02	 98	 1.317659e+03	 766.67	 766.67	 18.00	 25	 0.50	 
BFE_335	 1	 17	 2102.jpg	 1.318644e+03	 24	 999000	 240	 999000	 999	 1.319661e+03	 766.67	 766.67	 54.00	 2	 0.59	 
BFE_335	 1	 17	 1111.jpg	 1.322631e+03	 11	 6.508551e+02	 11	 7.667230e+02	 98	 1.323649e+03	 783.33	 766.67	 15.00	 11	 0.57	 
BFE_335	 1	 17	 1201.jpg	 1.324634e+03	 12	 999000	 120	 999000	 999	 1.325651e+03	 783.33	 766.67	 20.00	 22	 0.48	 
BFE_335	 1	 17	 1209.jpg	 1.329639e+03	 12	 8.510385e+02	 12	 999000	 98	 1.330657e+03	 783.33	 766.67	 11.00	 30	 0.68	 
BFE_335	 1	 17	 2103.jpg	 1.331641e+03	 22	 9.367630e+02	 220	 7.667100e+02	 98	 1.332659e+03	 783.33	 783.33	 47.00	 3	 0.78	 
BFE_335	 1	 17	 1203.jpg	 1.335646e+03	 12	 999000	 120	 999000	 999	 1.336664e+03	 783.33	 783.33	 22.00	 24	 0.44	 
BFE_335	 1	 17	 2107.jpg	 1.337632e+03	 22	 8.507194e+02	 220	 7.833794e+02	 98	 1.338649e+03	 783.33	 800.00	 55.00	 7	 0.55	 
BFE_335	 1	 17	 1119.jpg	 1.340635e+03	 12	 999000	 120	 999000	 999	 1.341653e+03	 783.33	 800.00	 17.00	 19	 0.53	 
BFE_335	 1	 17	 1102.jpg	 1.345641e+03	 11	 9.937111e+02	 110	 7.833753e+02	 98	 1.346658e+03	 800.00	 800.00	 10.00	 2	 0.69	 
BFE_335	 1	 17	 1103.jpg	 1.347643e+03	 12	 999000	 120	 999000	 999	 1.348661e+03	 800.00	 800.00	 4.00	 3	 0.82	 
BFE_335	 1	 17	 1211.jpg	 1.349645e+03	 11	 1.213309e+03	 1100	 8.000445e+02	 98	 1.350663e+03	 750.00	 800.00	 13.00	 32	 0.66	 
BFE_335	 1	 17	 1115.jpg	 1.353633e+03	 12	 999000	 120	 999000	 999	 1.354651e+03	 750.00	 800.00	 8.00	 15	 0.76	 
BFE_335	 1	 17	 2206.jpg	 1.357637e+03	 24	 999000	 240	 999000	 999	 1.358655e+03	 750.00	 800.00	 51.00	 27	 0.67	 
BFE_335	 1	 17	 2205.jpg	 1.361642e+03	 24	 999000	 240	 999000	 999	 1.362660e+03	 750.00	 800.00	 60.00	 26	 0.45	 
BFE_335	 1	 17	 1114.jpg	 1.363644e+03	 12	 999000	 120	 999000	 999	 1.364662e+03	 750.00	 800.00	 3.00	 14	 0.83	 
BFE_335	 1	 17	 2201.jpg	 1.365646e+03	 24	 999000	 240	 999000	 999	 1.366664e+03	 750.00	 800.00	 61.00	 22	 0.44	 
BFE_335	 1	 17	 1118.jpg	 1.367632e+03	 12	 999000	 120	 999000	 999	 1.368650e+03	 750.00	 800.00	 38.00	 18	 0.16	 
BFE_335	 1	 17	 1215.jpg	 1.369634e+03	 12	 999000	 120	 999000	 999	 1.370652e+03	 750.00	 800.00	 21.00	 36	 0.47	 
BFE_335	 1	 17	 1206.jpg	 1.375641e+03	 12	 999000	 120	 999000	 999	 1.376659e+03	 750.00	 800.00	 14.00	 27	 0.62	 
BFE_335	 1	 17	 1217.jpg	 1.378644e+03	 12	 999000	 120	 999000	 999	 1.379662e+03	 750.00	 800.00	 16.00	 38	 0.57	 
BFE_335	 1	 17	 1216.jpg	 1.380646e+03	 12	 999000	 120	 999000	 999	 1.381664e+03	 750.00	 800.00	 19.00	 37	 0.49	 
BFE_335	 1	 17	 2111.jpg	 1.382632e+03	 22	 9.381795e+02	 220	 8.000360e+02	 98	 1.383650e+03	 750.00	 816.67	 50.00	 11	 0.74	 
BFE_335	 1	 17	 2217.jpg	 1.385635e+03	 22	 9.748866e+02	 220	 8.167108e+02	 98	 1.386653e+03	 750.00	 833.33	 53.00	 38	 0.63	 
BFE_335	 1	 17	 2202.jpg	 1.387638e+03	 24	 999000	 240	 999000	 999	 1.388655e+03	 750.00	 833.33	 62.00	 23	 0.44	 
BFE_335	 1	 17	 2207.jpg	 1.389640e+03	 24	 999000	 240	 999000	 999	 1.390658e+03	 750.00	 833.33	 77.00	 28	 0.22	 
BFE_335	 1	 17	 2114.jpg	 1.391642e+03	 24	 999000	 240	 999000	 999	 1.392660e+03	 750.00	 833.33	 48.00	 14	 0.78	 
BFE_335	 1	 17	 1107.jpg	 1.394645e+03	 11	 9.007958e+02	 110	 7.500368e+02	 98	 1.395663e+03	 766.67	 833.33	 12.00	 7	 0.67	 
BFE_335	 1	 17	 1219.jpg	 1.396631e+03	 11	 7.875556e+02	 110	 7.667205e+02	 98	 1.397649e+03	 783.33	 833.33	 7.00	 40	 0.77	 
BFE_335	 1	 17	 1106.jpg	 1.398633e+03	 12	 999000	 120	 999000	 999	 1.399651e+03	 783.33	 833.33	 9.00	 6	 0.71	 
BFE_335	 1	 17	 2215.jpg	 1.400635e+03	 24	 999000	 240	 999000	 999	 1.401653e+03	 783.33	 833.33	 56.00	 36	 0.51	 
BFE_335	 1	 17	 2219.jpg	 1.402638e+03	 24	 999000	 240	 999000	 999	 1.403655e+03	 783.33	 833.33	 57.00	 40	 0.50	 
BFE_335	 1	 17	 2210.jpg	 1.408644e+03	 22	 9.818093e+02	 220	 8.333835e+02	 98	 1.409662e+03	 783.33	 850.00	 58.00	 31	 0.46	 
BFE_335	 1	 17	 2216.jpg	 1.411631e+03	 24	 999000	 240	 999000	 999	 1.412649e+03	 783.33	 850.00	 44.00	 37	 0.81	 
BFE_335	 1	 17	 2101.jpg	 1.415636e+03	 24	 999000	 240	 999000	 999	 1.416653e+03	 783.33	 850.00	 78.00	 1	 0.21	 
