subjectID	 order	 runNum	 itemName	 onsetTime	 shuff_trialType	 RT	 respInTime	 AudioTime	 response	 fixationTime	 ladder1	 ladder2	 bidIndex	 itemNameIndex	 bidValue	 
BFE_335	 1	 18	 2114.jpg	 1.419473e+03	 24	 999000	 240	 999000	 999	 1.420491e+03	 783.33	 850.00	 48.00	 14	 0.78	 
BFE_335	 1	 18	 1211.jpg	 1.424462e+03	 11	 8.920840e+02	 110	 7.833827e+02	 98	 1.425480e+03	 800.00	 850.00	 13.00	 32	 0.66	 
BFE_335	 1	 18	 1206.jpg	 1.426464e+03	 12	 999000	 120	 999000	 999	 1.427482e+03	 800.00	 850.00	 14.00	 27	 0.62	 
BFE_335	 1	 18	 2210.jpg	 1.428467e+03	 22	 8.796338e+02	 220	 8.500518e+02	 98	 1.429484e+03	 800.00	 866.67	 58.00	 31	 0.46	 
BFE_335	 1	 18	 1118.jpg	 1.434457e+03	 12	 999000	 120	 999000	 999	 1.435474e+03	 800.00	 866.67	 38.00	 18	 0.16	 
BFE_335	 1	 18	 1115.jpg	 1.436459e+03	 12	 999000	 120	 999000	 999	 1.437477e+03	 800.00	 866.67	 8.00	 15	 0.76	 
BFE_335	 1	 18	 2215.jpg	 1.439462e+03	 24	 999000	 240	 999000	 999	 1.440480e+03	 800.00	 866.67	 56.00	 36	 0.51	 
BFE_335	 1	 18	 2107.jpg	 1.441465e+03	 22	 1.001740e+03	 2200	 8.667036e+02	 98	 1.442482e+03	 800.00	 816.67	 55.00	 7	 0.55	 
BFE_335	 1	 18	 1209.jpg	 1.445469e+03	 12	 999000	 120	 999000	 999	 1.446487e+03	 800.00	 816.67	 11.00	 30	 0.68	 
BFE_335	 1	 18	 2204.jpg	 1.447454e+03	 24	 999000	 240	 999000	 999	 1.448472e+03	 800.00	 816.67	 59.00	 25	 0.45	 
BFE_335	 1	 18	 2205.jpg	 1.452460e+03	 24	 999000	 240	 999000	 999	 1.453478e+03	 800.00	 816.67	 60.00	 26	 0.45	 
BFE_335	 1	 18	 1215.jpg	 1.459468e+03	 12	 999000	 120	 999000	 999	 1.460486e+03	 800.00	 816.67	 21.00	 36	 0.47	 
BFE_335	 1	 18	 2201.jpg	 1.461470e+03	 24	 999000	 240	 999000	 999	 1.462488e+03	 800.00	 816.67	 61.00	 22	 0.44	 
BFE_335	 1	 18	 2207.jpg	 1.464457e+03	 24	 999000	 240	 999000	 999	 1.465475e+03	 800.00	 816.67	 77.00	 28	 0.22	 
BFE_335	 1	 18	 2103.jpg	 1.467460e+03	 22	 9.818642e+02	 220	 8.167052e+02	 98	 1.468478e+03	 800.00	 833.33	 47.00	 3	 0.78	 
BFE_335	 1	 18	 2202.jpg	 1.471465e+03	 24	 999000	 240	 999000	 999	 1.472483e+03	 800.00	 833.33	 62.00	 23	 0.44	 
BFE_335	 1	 18	 2102.jpg	 1.475469e+03	 24	 999000	 240	 999000	 999	 1.476487e+03	 800.00	 833.33	 54.00	 2	 0.59	 
BFE_335	 1	 18	 1103.jpg	 1.479457e+03	 12	 999000	 120	 999000	 999	 1.480475e+03	 800.00	 833.33	 4.00	 3	 0.82	 
BFE_335	 1	 18	 1107.jpg	 1.482461e+03	 11	 8.777277e+02	 110	 8.000445e+02	 98	 1.483478e+03	 816.67	 833.33	 12.00	 7	 0.67	 
BFE_335	 1	 18	 2216.jpg	 1.488467e+03	 24	 999000	 240	 999000	 999	 1.489485e+03	 816.67	 833.33	 44.00	 37	 0.81	 
BFE_335	 1	 18	 1114.jpg	 1.490470e+03	 12	 999000	 120	 999000	 999	 1.491487e+03	 816.67	 833.33	 3.00	 14	 0.83	 
BFE_335	 1	 18	 1216.jpg	 1.493456e+03	 12	 999000	 120	 999000	 999	 1.494474e+03	 816.67	 833.33	 19.00	 37	 0.49	 
BFE_335	 1	 18	 2209.jpg	 1.495458e+03	 22	 1.191900e+03	 2200	 8.333818e+02	 98	 1.496476e+03	 816.67	 783.33	 52.00	 30	 0.66	 
BFE_335	 1	 18	 1204.jpg	 1.497461e+03	 11	 1.165680e+03	 1100	 8.167132e+02	 98	 1.498478e+03	 766.67	 783.33	 18.00	 25	 0.50	 
BFE_335	 1	 18	 2219.jpg	 1.499463e+03	 24	 999000	 240	 999000	 999	 1.500481e+03	 766.67	 783.33	 57.00	 40	 0.50	 
BFE_335	 1	 18	 1219.jpg	 1.502466e+03	 11	 9.280468e+02	 110	 7.667111e+02	 98	 1.503484e+03	 783.33	 783.33	 7.00	 40	 0.77	 
BFE_335	 1	 18	 2206.jpg	 1.506454e+03	 24	 999000	 240	 999000	 999	 1.507472e+03	 783.33	 783.33	 51.00	 27	 0.67	 
BFE_335	 1	 18	 1217.jpg	 1.508456e+03	 12	 999000	 120	 999000	 999	 1.509474e+03	 783.33	 783.33	 16.00	 38	 0.57	 
BFE_335	 1	 18	 1104.jpg	 1.510459e+03	 12	 999000	 120	 999000	 999	 1.511476e+03	 783.33	 783.33	 37.00	 4	 0.18	 
BFE_335	 1	 18	 2105.jpg	 1.512461e+03	 24	 999000	 240	 999000	 999	 1.513479e+03	 783.33	 783.33	 49.00	 5	 0.76	 
BFE_335	 1	 18	 2217.jpg	 1.514463e+03	 22	 1.019174e+03	 2200	 7.833667e+02	 98	 1.515481e+03	 783.33	 733.33	 53.00	 38	 0.63	 
BFE_335	 1	 18	 2101.jpg	 1.516465e+03	 24	 999000	 240	 999000	 999	 1.517483e+03	 783.33	 733.33	 78.00	 1	 0.21	 
BFE_335	 1	 18	 1106.jpg	 1.520470e+03	 12	 999000	 120	 999000	 999	 1.521488e+03	 783.33	 733.33	 9.00	 6	 0.71	 
BFE_335	 1	 18	 2110.jpg	 1.524458e+03	 24	 999000	 240	 999000	 999	 1.525475e+03	 783.33	 733.33	 43.00	 10	 0.82	 
BFE_335	 1	 18	 1111.jpg	 1.526460e+03	 11	 9.424787e+02	 110	 7.833754e+02	 98	 1.527478e+03	 800.00	 733.33	 15.00	 11	 0.57	 
BFE_335	 1	 18	 2111.jpg	 1.528462e+03	 22	 9.402030e+02	 220	 7.333786e+02	 98	 1.529480e+03	 800.00	 750.00	 50.00	 11	 0.74	 
BFE_335	 1	 18	 1102.jpg	 1.530464e+03	 11	 9.059770e+02	 110	 8.000619e+02	 98	 1.531482e+03	 816.67	 750.00	 10.00	 2	 0.69	 
BFE_335	 1	 18	 1203.jpg	 1.532467e+03	 12	 999000	 120	 999000	 999	 1.533484e+03	 816.67	 750.00	 22.00	 24	 0.44	 
BFE_335	 1	 18	 1119.jpg	 1.538457e+03	 12	 999000	 120	 999000	 999	 1.539474e+03	 816.67	 750.00	 17.00	 19	 0.53	 
BFE_335	 1	 18	 1201.jpg	 1.540459e+03	 12	 999000	 120	 999000	 999	 1.541477e+03	 816.67	 750.00	 20.00	 22	 0.48	 
