subjectID	 order	 runNum	 itemName	 onsetTime	 shuff_trialType	 RT	 respInTime	 AudioTime	 response	 fixationTime	 ladder1	 ladder2	 bidIndex	 itemNameIndex	 bidValue	 
BFE_132	 2	 19	 2107.jpg	 1.564420e+03	 22	 7.908032e+02	 220	 4.833909e+02	 98	 1.565438e+03	 483.33	 500.00	 57.00	 7	 0.62	 
BFE_132	 2	 19	 1105.jpg	 1.567406e+03	 11	 7.080857e+02	 110	 4.833792e+02	 98	 1.568424e+03	 500.00	 500.00	 14.00	 5	 0.60	 
BFE_132	 2	 19	 2211.jpg	 1.569409e+03	 24	 999000	 240	 999000	 999	 1.570426e+03	 500.00	 500.00	 60.00	 32	 0.59	 
BFE_132	 2	 19	 1213.jpg	 1.571411e+03	 11	 6.875498e+02	 110	 5.000328e+02	 98	 1.572429e+03	 516.67	 500.00	 11.00	 34	 0.61	 
BFE_132	 2	 19	 1206.jpg	 1.573413e+03	 12	 999000	 120	 999000	 999	 1.574431e+03	 516.67	 500.00	 7.00	 27	 0.67	 
BFE_132	 2	 19	 1110.jpg	 1.576417e+03	 11	 8.740196e+02	 110	 5.167029e+02	 98	 1.577434e+03	 533.33	 500.00	 8.00	 10	 0.66	 
BFE_132	 2	 19	 2216.jpg	 1.578419e+03	 24	 999000	 240	 999000	 999	 1.579437e+03	 533.33	 500.00	 50.00	 37	 0.75	 
BFE_132	 2	 19	 1218.jpg	 1.582407e+03	 12	 999000	 120	 999000	 999	 1.583424e+03	 533.33	 500.00	 19.00	 39	 0.56	 
BFE_132	 2	 19	 1216.jpg	 1.584409e+03	 12	 999000	 120	 999000	 999	 1.585427e+03	 533.33	 500.00	 4.00	 37	 0.76	 
BFE_132	 2	 19	 2219.jpg	 1.589414e+03	 24	 999000	 240	 999000	 999	 1.590432e+03	 533.33	 500.00	 53.00	 40	 0.66	 
BFE_132	 2	 19	 2102.jpg	 1.591417e+03	 24	 999000	 240	 999000	 999	 1.592434e+03	 533.33	 500.00	 59.00	 2	 0.61	 
BFE_132	 2	 19	 2108.jpg	 1.595404e+03	 24	 999000	 240	 999000	 999	 1.596422e+03	 533.33	 500.00	 78.00	 8	 0.25	 
BFE_132	 2	 19	 1113.jpg	 1.597407e+03	 11	 8.358162e+02	 110	 5.333671e+02	 98	 1.598425e+03	 550.00	 500.00	 9.00	 13	 0.65	 
BFE_132	 2	 19	 1215.jpg	 1.600410e+03	 11	 8.564341e+02	 110	 5.500563e+02	 98	 1.601428e+03	 566.67	 500.00	 17.00	 36	 0.56	 
BFE_132	 2	 19	 1104.jpg	 1.605416e+03	 12	 999000	 120	 999000	 999	 1.606434e+03	 566.67	 500.00	 12.00	 4	 0.61	 
BFE_132	 2	 19	 1120.jpg	 1.607418e+03	 12	 999000	 120	 999000	 999	 1.608436e+03	 566.67	 500.00	 37.00	 20	 0.23	 
BFE_132	 2	 19	 1204.jpg	 1.609420e+03	 12	 999000	 120	 999000	 999	 1.610438e+03	 566.67	 500.00	 22.00	 25	 0.54	 
BFE_132	 2	 19	 1115.jpg	 1.613408e+03	 12	 999000	 120	 999000	 999	 1.614426e+03	 566.67	 500.00	 3.00	 15	 0.77	 
BFE_132	 2	 19	 1219.jpg	 1.617413e+03	 12	 999000	 120	 999000	 999	 1.618430e+03	 566.67	 500.00	 20.00	 40	 0.55	 
BFE_132	 2	 19	 2116.jpg	 1.621417e+03	 24	 999000	 240	 999000	 999	 1.622435e+03	 566.67	 500.00	 61.00	 16	 0.55	 
BFE_132	 2	 19	 2109.jpg	 1.623419e+03	 22	 7.112938e+02	 220	 5.000403e+02	 98	 1.624437e+03	 566.67	 516.67	 56.00	 9	 0.63	 
BFE_132	 2	 19	 1102.jpg	 1.625405e+03	 12	 999000	 120	 999000	 999	 1.626423e+03	 566.67	 516.67	 13.00	 2	 0.60	 
BFE_132	 2	 19	 2110.jpg	 1.627407e+03	 22	 1.235354e+03	 2200	 5.167038e+02	 98	 1.628425e+03	 566.67	 466.67	 54.00	 10	 0.65	 
BFE_132	 2	 19	 1118.jpg	 1.629410e+03	 12	 999000	 120	 999000	 999	 1.630427e+03	 566.67	 466.67	 38.00	 18	 0.16	 
BFE_132	 2	 19	 2106.jpg	 1.635416e+03	 24	 999000	 240	 999000	 999	 1.636434e+03	 566.67	 466.67	 58.00	 6	 0.61	 
BFE_132	 2	 19	 2114.jpg	 1.638420e+03	 24	 999000	 240	 999000	 999	 1.639437e+03	 566.67	 466.67	 44.00	 14	 0.80	 
BFE_132	 2	 19	 1116.jpg	 1.640405e+03	 12	 999000	 120	 999000	 999	 1.641423e+03	 566.67	 466.67	 18.00	 16	 0.56	 
BFE_132	 2	 19	 2104.jpg	 1.642407e+03	 24	 999000	 240	 999000	 999	 1.643425e+03	 566.67	 466.67	 77.00	 4	 0.29	 
BFE_132	 2	 19	 2103.jpg	 1.645411e+03	 22	 1.207951e+03	 2200	 4.666951e+02	 98	 1.646428e+03	 566.67	 416.67	 48.00	 3	 0.76	 
BFE_132	 2	 19	 2214.jpg	 1.647413e+03	 22	 7.016608e+02	 220	 4.167000e+02	 98	 1.648431e+03	 566.67	 433.33	 51.00	 35	 0.75	 
BFE_132	 2	 19	 2217.jpg	 1.649415e+03	 22	 6.754165e+02	 220	 4.333654e+02	 98	 1.650433e+03	 566.67	 450.00	 49.00	 38	 0.76	 
BFE_132	 2	 19	 2202.jpg	 1.651417e+03	 24	 999000	 240	 999000	 999	 1.652435e+03	 566.67	 450.00	 52.00	 23	 0.67	 
BFE_132	 2	 19	 2112.jpg	 1.654404e+03	 24	 999000	 240	 999000	 999	 1.655422e+03	 566.67	 450.00	 55.00	 12	 0.64	 
BFE_132	 2	 19	 1209.jpg	 1.656406e+03	 12	 999000	 120	 999000	 999	 1.657424e+03	 566.67	 450.00	 21.00	 30	 0.55	 
BFE_132	 2	 19	 2201.jpg	 1.658408e+03	 24	 999000	 240	 999000	 999	 1.659429e+03	 566.67	 450.00	 47.00	 22	 0.77	 
BFE_132	 2	 19	 1211.jpg	 1.660411e+03	 12	 999000	 120	 999000	 999	 1.661429e+03	 566.67	 450.00	 10.00	 32	 0.64	 
BFE_132	 2	 19	 1208.jpg	 1.662413e+03	 12	 999000	 120	 999000	 999	 1.663431e+03	 566.67	 450.00	 15.00	 29	 0.59	 
BFE_132	 2	 19	 1109.jpg	 1.668420e+03	 11	 1.326809e+03	 1	 5.666966e+02	 103	 1.669438e+03	 516.67	 450.00	 16.00	 9	 0.59	 
BFE_132	 2	 19	 2115.jpg	 1.671407e+03	 24	 999000	 240	 999000	 999	 1.672424e+03	 516.67	 450.00	 43.00	 15	 0.84	 
BFE_132	 2	 19	 2215.jpg	 1.675411e+03	 24	 999000	 240	 999000	 999	 1.676429e+03	 516.67	 450.00	 62.00	 36	 0.55	 
