subjectID	 order	 runNum	 itemName	 onsetTime	 shuff_trialType	 RT	 respInTime	 AudioTime	 response	 fixationTime	 ladder1	 ladder2	 bidIndex	 itemNameIndex	 bidValue	 
BFE_317	 1	 15	 2113.jpg	 1.752213e+03	 22	 1.085201e+03	 2200	 9.167115e+02	 98	 1.753231e+03	 916.67	 866.67	 47.00	 13	 0.77	 
BFE_317	 1	 15	 2106.jpg	 1.754198e+03	 22	 8.759649e+02	 220	 8.666942e+02	 98	 1.755217e+03	 916.67	 883.33	 50.00	 6	 0.72	 
BFE_317	 1	 15	 1112.jpg	 1.758203e+03	 12	 999000	 120	 999000	 999	 1.759221e+03	 916.67	 883.33	 37.00	 12	 0.21	 
BFE_317	 1	 15	 1219.jpg	 1.761207e+03	 12	 999000	 120	 999000	 999	 1.762224e+03	 916.67	 883.33	 19.00	 40	 0.52	 
BFE_317	 1	 15	 1208.jpg	 1.763209e+03	 11	 8.254634e+02	 11	 9.167105e+02	 98	 1.764227e+03	 916.67	 883.33	 18.00	 29	 0.56	 
BFE_317	 1	 15	 1101.jpg	 1.766212e+03	 12	 999000	 120	 999000	 999	 1.767230e+03	 916.67	 883.33	 38.00	 1	 0.21	 
BFE_317	 1	 15	 1121.jpg	 1.770200e+03	 12	 999000	 120	 999000	 999	 1.771218e+03	 916.67	 883.33	 8.00	 21	 0.73	 
BFE_317	 1	 15	 2112.jpg	 1.774204e+03	 24	 999000	 240	 999000	 999	 1.775222e+03	 916.67	 883.33	 78.00	 12	 0.17	 
BFE_317	 1	 15	 1205.jpg	 1.776207e+03	 11	 7.876086e+02	 11	 9.167044e+02	 98	 1.777225e+03	 916.67	 883.33	 13.00	 26	 0.62	 
BFE_317	 1	 15	 1201.jpg	 1.781212e+03	 11	 8.938846e+02	 11	 9.167031e+02	 98	 1.782230e+03	 916.67	 883.33	 7.00	 22	 0.74	 
BFE_317	 1	 15	 1216.jpg	 1.783198e+03	 12	 999000	 120	 999000	 999	 1.784216e+03	 916.67	 883.33	 22.00	 37	 0.47	 
BFE_317	 1	 15	 2204.jpg	 1.785200e+03	 24	 999000	 240	 999000	 999	 1.786218e+03	 916.67	 883.33	 57.00	 25	 0.59	 
BFE_317	 1	 15	 1106.jpg	 1.791207e+03	 12	 1.027325e+03	 12	 999000	 98	 1.792225e+03	 916.67	 883.33	 9.00	 6	 0.71	 
BFE_317	 1	 15	 2115.jpg	 1.793209e+03	 24	 999000	 240	 999000	 999	 1.794227e+03	 916.67	 883.33	 51.00	 15	 0.68	 
BFE_317	 1	 15	 1110.jpg	 1.795211e+03	 12	 999000	 120	 999000	 999	 1.796229e+03	 916.67	 883.33	 20.00	 10	 0.52	 
BFE_317	 1	 15	 2211.jpg	 1.797214e+03	 22	 8.686365e+02	 22	 8.833686e+02	 98	 1.798231e+03	 916.67	 900.00	 52.00	 32	 0.66	 
BFE_317	 1	 15	 2107.jpg	 1.801201e+03	 24	 999000	 240	 999000	 999	 1.802219e+03	 916.67	 900.00	 60.00	 7	 0.53	 
BFE_317	 1	 15	 2103.jpg	 1.805206e+03	 24	 999000	 240	 999000	 999	 1.806224e+03	 916.67	 900.00	 44.00	 3	 0.90	 
BFE_317	 1	 15	 1218.jpg	 1.808209e+03	 11	 8.009871e+02	 11	 9.167012e+02	 98	 1.809227e+03	 916.67	 900.00	 12.00	 39	 0.63	 
BFE_317	 1	 15	 1113.jpg	 1.812214e+03	 12	 999000	 120	 999000	 999	 1.813232e+03	 916.67	 900.00	 3.00	 13	 0.80	 
BFE_317	 1	 15	 2105.jpg	 1.815201e+03	 24	 999000	 240	 999000	 999	 1.816218e+03	 916.67	 900.00	 48.00	 5	 0.77	 
BFE_317	 1	 15	 2119.jpg	 1.817203e+03	 24	 999000	 240	 999000	 999	 1.818221e+03	 916.67	 900.00	 77.00	 19	 0.18	 
BFE_317	 1	 15	 1211.jpg	 1.821207e+03	 11	 1.123015e+03	 1100	 9.166981e+02	 98	 1.822225e+03	 866.67	 900.00	 15.00	 32	 0.61	 
BFE_317	 1	 15	 2118.jpg	 1.823210e+03	 24	 999000	 240	 999000	 999	 1.824227e+03	 866.67	 900.00	 56.00	 18	 0.59	 
BFE_317	 1	 15	 1209.jpg	 1.825212e+03	 12	 999000	 120	 999000	 999	 1.826230e+03	 866.67	 900.00	 21.00	 30	 0.49	 
BFE_317	 1	 15	 1115.jpg	 1.829200e+03	 12	 999000	 120	 999000	 999	 1.830217e+03	 866.67	 900.00	 11.00	 15	 0.66	 
BFE_317	 1	 15	 2104.jpg	 1.831202e+03	 24	 999000	 240	 999000	 999	 1.832220e+03	 866.67	 900.00	 61.00	 4	 0.52	 
BFE_317	 1	 15	 2201.jpg	 1.835206e+03	 22	 5.480051e+02	 22	 9.000348e+02	 98	 1.836224e+03	 866.67	 916.67	 55.00	 22	 0.60	 
BFE_317	 1	 15	 1109.jpg	 1.839211e+03	 12	 999000	 120	 999000	 999	 1.840229e+03	 866.67	 916.67	 4.00	 9	 0.80	 
BFE_317	 1	 15	 2101.jpg	 1.842214e+03	 24	 999000	 240	 999000	 999	 1.843232e+03	 866.67	 916.67	 62.00	 1	 0.50	 
BFE_317	 1	 15	 2213.jpg	 1.848204e+03	 24	 999000	 240	 999000	 999	 1.849222e+03	 866.67	 916.67	 43.00	 34	 0.90	 
BFE_317	 1	 15	 1104.jpg	 1.850206e+03	 12	 999000	 120	 999000	 999	 1.851224e+03	 866.67	 916.67	 14.00	 4	 0.61	 
BFE_317	 1	 15	 2218.jpg	 1.854211e+03	 24	 999000	 240	 999000	 999	 1.855229e+03	 866.67	 916.67	 59.00	 39	 0.55	 
BFE_317	 1	 15	 2217.jpg	 1.856213e+03	 24	 999000	 240	 999000	 999	 1.857231e+03	 866.67	 916.67	 54.00	 38	 0.65	 
BFE_317	 1	 15	 1114.jpg	 1.858199e+03	 12	 999000	 120	 999000	 999	 1.859216e+03	 866.67	 916.67	 16.00	 14	 0.59	 
BFE_317	 1	 15	 2121.jpg	 1.860201e+03	 24	 999000	 240	 999000	 999	 1.861219e+03	 866.67	 916.67	 49.00	 21	 0.75	 
BFE_317	 1	 15	 2207.jpg	 1.865207e+03	 22	 1.003627e+03	 2200	 9.166973e+02	 98	 1.866225e+03	 866.67	 866.67	 53.00	 28	 0.65	 
BFE_317	 1	 15	 2208.jpg	 1.867209e+03	 22	 8.494693e+02	 22	 8.666975e+02	 98	 1.868227e+03	 866.67	 883.33	 58.00	 29	 0.59	 
BFE_317	 1	 15	 1207.jpg	 1.869211e+03	 11	 8.231585e+02	 11	 8.667042e+02	 98	 1.870229e+03	 883.33	 883.33	 10.00	 28	 0.67	 
BFE_317	 1	 15	 1213.jpg	 1.872215e+03	 12	 999000	 120	 999000	 999	 1.873232e+03	 883.33	 883.33	 17.00	 34	 0.58	 
