subjectID	 order	 runNum	 itemName	 onsetTime	 shuff_trialType	 RT	 respInTime	 AudioTime	 response	 fixationTime	 ladder1	 ladder2	 bidIndex	 itemNameIndex	 bidValue	 
BFE_305	 1	 8	 1215.jpg	 8.884609e+02	 11	 9.890973e+02	 110	 4.500536e+02	 98	 8.894785e+02	 466.67	 516.67	 12.00	 36	 0.61	 
BFE_305	 1	 8	 1219.jpg	 8.914475e+02	 12	 999000	 120	 999000	 999	 8.924652e+02	 466.67	 516.67	 19.00	 40	 0.51	 
BFE_305	 1	 8	 2211.jpg	 8.954520e+02	 24	 999000	 240	 999000	 999	 8.964697e+02	 466.67	 516.67	 49.00	 32	 0.73	 
BFE_305	 1	 8	 2106.jpg	 8.974542e+02	 24	 999000	 240	 999000	 999	 8.984721e+02	 466.67	 516.67	 62.00	 6	 0.46	 
BFE_305	 1	 8	 2214.jpg	 8.994566e+02	 24	 999000	 240	 999000	 999	 9.004743e+02	 466.67	 516.67	 48.00	 35	 0.73	 
BFE_305	 1	 8	 1204.jpg	 9.034609e+02	 11	 9.969911e+02	 110	 4.666969e+02	 98	 9.044788e+02	 483.33	 516.67	 13.00	 25	 0.61	 
BFE_305	 1	 8	 1210.jpg	 9.054466e+02	 12	 999000	 120	 999000	 999	 9.064643e+02	 483.33	 516.67	 8.00	 31	 0.69	 
BFE_305	 1	 8	 2215.jpg	 9.104522e+02	 22	 8.217763e+02	 220	 5.167104e+02	 98	 9.114699e+02	 483.33	 533.33	 58.00	 36	 0.57	 
BFE_305	 1	 8	 2101.jpg	 9.124544e+02	 24	 999000	 240	 999000	 999	 9.134723e+02	 483.33	 533.33	 60.00	 1	 0.51	 
BFE_305	 1	 8	 1106.jpg	 9.154577e+02	 12	 999000	 120	 999000	 999	 9.164756e+02	 483.33	 533.33	 21.00	 6	 0.50	 
BFE_305	 1	 8	 2102.jpg	 9.184442e+02	 22	 1.013716e+03	 2200	 5.333699e+02	 98	 9.194645e+02	 483.33	 483.33	 55.00	 2	 0.62	 
BFE_305	 1	 8	 2212.jpg	 9.224490e+02	 22	 8.809546e+02	 220	 4.833606e+02	 98	 9.234667e+02	 483.33	 500.00	 52.00	 33	 0.66	 
BFE_305	 1	 8	 1121.jpg	 9.254523e+02	 12	 999000	 120	 999000	 999	 9.264701e+02	 483.33	 500.00	 16.00	 21	 0.58	 
BFE_305	 1	 8	 1110.jpg	 9.274546e+02	 11	 9.873893e+02	 110	 4.833607e+02	 98	 9.284723e+02	 500.00	 500.00	 18.00	 10	 0.55	 
BFE_305	 1	 8	 2120.jpg	 9.304579e+02	 22	 1.208041e+03	 2200	 5.000311e+02	 98	 9.314758e+02	 500.00	 450.00	 53.00	 20	 0.63	 
BFE_305	 1	 8	 1214.jpg	 9.344455e+02	 11	 9.724315e+02	 110	 5.000345e+02	 98	 9.354635e+02	 516.67	 450.00	 7.00	 35	 0.77	 
BFE_305	 1	 8	 2205.jpg	 9.374492e+02	 24	 999000	 240	 999000	 999	 9.384669e+02	 516.67	 450.00	 59.00	 26	 0.53	 
BFE_305	 1	 8	 2204.jpg	 9.394514e+02	 24	 999000	 240	 999000	 999	 9.404690e+02	 516.67	 450.00	 56.00	 25	 0.59	 
BFE_305	 1	 8	 2201.jpg	 9.414536e+02	 24	 9.882984e+02	 240	 999000	 108	 9.424714e+02	 516.67	 450.00	 51.00	 22	 0.70	 
BFE_305	 1	 8	 2203.jpg	 9.464592e+02	 24	 999000	 240	 999000	 999	 9.474770e+02	 516.67	 450.00	 43.00	 24	 0.81	 
BFE_305	 1	 8	 2209.jpg	 9.504470e+02	 24	 999000	 240	 999000	 999	 9.514648e+02	 516.67	 450.00	 57.00	 30	 0.59	 
BFE_305	 1	 8	 1203.jpg	 9.544515e+02	 12	 999000	 120	 999000	 999	 9.554693e+02	 516.67	 450.00	 3.00	 24	 0.85	 
BFE_305	 1	 8	 2113.jpg	 9.604582e+02	 24	 999000	 240	 999000	 999	 9.614760e+02	 516.67	 450.00	 78.00	 13	 0.25	 
BFE_305	 1	 8	 2107.jpg	 9.624605e+02	 24	 999000	 240	 999000	 999	 9.634783e+02	 516.67	 450.00	 77.00	 7	 0.26	 
BFE_305	 1	 8	 1102.jpg	 9.644457e+02	 12	 999000	 120	 999000	 999	 9.654640e+02	 516.67	 450.00	 22.00	 2	 0.49	 
BFE_305	 1	 8	 1103.jpg	 9.664483e+02	 11	 9.935986e+02	 110	 5.166987e+02	 98	 9.674661e+02	 533.33	 450.00	 10.00	 3	 0.65	 
BFE_305	 1	 8	 1212.jpg	 9.684505e+02	 12	 999000	 120	 999000	 999	 9.694684e+02	 533.33	 450.00	 9.00	 33	 0.67	 
BFE_305	 1	 8	 1217.jpg	 9.724551e+02	 12	 999000	 120	 999000	 999	 9.734730e+02	 533.33	 450.00	 17.00	 38	 0.56	 
BFE_305	 1	 8	 1209.jpg	 9.744573e+02	 12	 999000	 120	 999000	 999	 9.754751e+02	 533.33	 450.00	 20.00	 30	 0.50	 
BFE_305	 1	 8	 1201.jpg	 9.784448e+02	 12	 999000	 120	 999000	 999	 9.794629e+02	 533.33	 450.00	 4.00	 22	 0.84	 
BFE_305	 1	 8	 1206.jpg	 9.804475e+02	 12	 999000	 120	 999000	 999	 9.814651e+02	 533.33	 450.00	 14.00	 27	 0.60	 
BFE_305	 1	 8	 1205.jpg	 9.824497e+02	 11	 1.360233e+03	 1100	 5.333705e+02	 98	 9.834674e+02	 483.33	 450.00	 15.00	 26	 0.59	 
BFE_305	 1	 8	 1118.jpg	 9.844518e+02	 12	 999000	 120	 999000	 999	 9.854696e+02	 483.33	 450.00	 37.00	 18	 0.17	 
BFE_305	 1	 8	 1101.jpg	 9.894575e+02	 12	 999000	 120	 999000	 999	 9.904753e+02	 483.33	 450.00	 11.00	 1	 0.62	 
BFE_305	 1	 8	 2218.jpg	 9.914598e+02	 22	 8.541626e+02	 220	 4.500343e+02	 98	 9.924775e+02	 483.33	 466.67	 47.00	 39	 0.73	 
BFE_305	 1	 8	 1107.jpg	 9.934450e+02	 12	 999000	 120	 999000	 999	 9.944798e+02	 483.33	 466.67	 38.00	 7	 0.16	 
BFE_305	 1	 8	 2110.jpg	 9.964487e+02	 24	 999000	 240	 999000	 999	 9.974665e+02	 483.33	 466.67	 61.00	 10	 0.48	 
BFE_305	 1	 8	 2121.jpg	 1.003457e+03	 24	 999000	 240	 999000	 999	 1.004474e+03	 483.33	 466.67	 54.00	 21	 0.63	 
BFE_305	 1	 8	 2216.jpg	 1.007464e+03	 22	 5.061618e+02	 220	 4.667023e+02	 98	 1.008479e+03	 483.33	 483.33	 50.00	 37	 0.71	 
BFE_305	 1	 8	 2207.jpg	 1.014452e+03	 24	 999000	 240	 999000	 999	 1.015470e+03	 483.33	 483.33	 44.00	 28	 0.77	 
