subjectID	 order	 runNum	 itemName	 onsetTime	 shuff_trialType	 RT	 respInTime	 AudioTime	 response	 fixationTime	 ladder1	 ladder2	 bidIndex	 itemNameIndex	 bidValue	 
BFE_317	 1	 1	 2119.jpg	 1.331253e+00	 24	 999000	 240	 999000	 999	 2.349016e+00	 750.00	 750.00	 77.00	 19	 0.18	 
BFE_317	 1	 1	 1219.jpg	 3.333469e+00	 12	 999000	 120	 999000	 999	 4.351240e+00	 750.00	 750.00	 19.00	 40	 0.52	 
BFE_317	 1	 1	 2211.jpg	 7.321335e+00	 22	 1.024958e+03	 2200	 7.500544e+02	 98	 8.339024e+00	 750.00	 700.00	 52.00	 32	 0.66	 
BFE_317	 1	 1	 1218.jpg	 1.032464e+01	 11	 1.077702e+03	 1100	 7.500412e+02	 98	 1.134241e+01	 700.00	 700.00	 12.00	 39	 0.63	 
BFE_317	 1	 1	 1216.jpg	 1.232691e+01	 12	 999000	 120	 999000	 999	 1.334465e+01	 700.00	 700.00	 22.00	 37	 0.47	 
BFE_317	 1	 1	 2121.jpg	 1.533033e+01	 24	 999000	 240	 999000	 999	 1.634804e+01	 700.00	 700.00	 49.00	 21	 0.75	 
BFE_317	 1	 1	 1121.jpg	 1.933489e+01	 12	 999000	 120	 999000	 999	 2.035257e+01	 700.00	 700.00	 8.00	 21	 0.73	 
BFE_317	 1	 1	 2204.jpg	 2.332257e+01	 24	 999000	 240	 999000	 999	 2.434030e+01	 700.00	 700.00	 57.00	 25	 0.59	 
BFE_317	 1	 1	 2113.jpg	 2.532481e+01	 22	 9.414953e+02	 220	 7.000417e+02	 98	 2.634257e+01	 700.00	 716.67	 47.00	 13	 0.77	 
BFE_317	 1	 1	 1201.jpg	 3.033043e+01	 11	 1.047880e+03	 1100	 7.000682e+02	 98	 3.134818e+01	 650.00	 716.67	 7.00	 22	 0.74	 
BFE_317	 1	 1	 2207.jpg	 3.233271e+01	 22	 9.735898e+02	 220	 7.166983e+02	 98	 3.335053e+01	 650.00	 733.33	 53.00	 28	 0.65	 
BFE_317	 1	 1	 1106.jpg	 3.433504e+01	 12	 999000	 120	 999000	 999	 3.535272e+01	 650.00	 733.33	 9.00	 6	 0.71	 
BFE_317	 1	 1	 1213.jpg	 4.032504e+01	 12	 2.932597e+02	 12	 999000	 98	 4.134273e+01	 650.00	 733.33	 17.00	 34	 0.58	 
BFE_317	 1	 1	 1209.jpg	 4.232725e+01	 12	 999000	 120	 999000	 999	 4.334506e+01	 650.00	 733.33	 21.00	 30	 0.49	 
BFE_317	 1	 1	 2208.jpg	 4.432952e+01	 22	 1.032774e+03	 2200	 7.333694e+02	 98	 4.534723e+01	 650.00	 683.33	 58.00	 29	 0.59	 
BFE_317	 1	 1	 1207.jpg	 4.633177e+01	 11	 9.265810e+02	 110	 6.500365e+02	 98	 4.734960e+01	 666.67	 683.33	 10.00	 28	 0.67	 
BFE_317	 1	 1	 1114.jpg	 5.031933e+01	 12	 999000	 120	 999000	 999	 5.133739e+01	 666.67	 683.33	 16.00	 14	 0.59	 
BFE_317	 1	 1	 2101.jpg	 5.432401e+01	 24	 999000	 240	 999000	 999	 5.534184e+01	 666.67	 683.33	 62.00	 1	 0.50	 
BFE_317	 1	 1	 1101.jpg	 5.732749e+01	 12	 999000	 120	 999000	 999	 5.834522e+01	 666.67	 683.33	 38.00	 1	 0.21	 
BFE_317	 1	 1	 2104.jpg	 6.133187e+01	 24	 999000	 240	 999000	 999	 6.234964e+01	 666.67	 683.33	 61.00	 4	 0.52	 
BFE_317	 1	 1	 2213.jpg	 6.433523e+01	 24	 999000	 240	 999000	 999	 6.535299e+01	 666.67	 683.33	 43.00	 34	 0.90	 
BFE_317	 1	 1	 2106.jpg	 6.632056e+01	 22	 9.617496e+02	 220	 6.833667e+02	 98	 6.733864e+01	 666.67	 700.00	 50.00	 6	 0.72	 
BFE_317	 1	 1	 2103.jpg	 7.032528e+01	 24	 999000	 240	 999000	 999	 7.134312e+01	 666.67	 700.00	 44.00	 3	 0.90	 
BFE_317	 1	 1	 2115.jpg	 7.232759e+01	 24	 999000	 240	 999000	 999	 7.334541e+01	 666.67	 700.00	 51.00	 15	 0.68	 
BFE_317	 1	 1	 1205.jpg	 7.432990e+01	 11	 1.024415e+03	 1100	 6.667034e+02	 98	 7.534766e+01	 616.67	 700.00	 13.00	 26	 0.62	 
BFE_317	 1	 1	 1115.jpg	 7.833427e+01	 12	 999000	 120	 999000	 999	 7.935217e+01	 616.67	 700.00	 11.00	 15	 0.66	 
BFE_317	 1	 1	 1112.jpg	 8.031958e+01	 12	 999000	 120	 999000	 999	 8.133763e+01	 616.67	 700.00	 37.00	 12	 0.21	 
BFE_317	 1	 1	 1109.jpg	 8.432441e+01	 12	 999000	 120	 999000	 999	 8.534218e+01	 616.67	 700.00	 4.00	 9	 0.80	 
BFE_317	 1	 1	 1110.jpg	 8.832889e+01	 12	 999000	 120	 999000	 999	 8.934673e+01	 616.67	 700.00	 20.00	 10	 0.52	 
BFE_317	 1	 1	 2218.jpg	 9.133220e+01	 24	 999000	 240	 999000	 999	 9.235007e+01	 616.67	 700.00	 59.00	 39	 0.55	 
BFE_317	 1	 1	 1113.jpg	 9.732237e+01	 12	 999000	 120	 999000	 999	 9.834003e+01	 616.67	 700.00	 3.00	 13	 0.80	 
BFE_317	 1	 1	 1208.jpg	 9.932463e+01	 11	 9.256790e+02	 110	 6.166950e+02	 98	 1.003423e+02	 633.33	 700.00	 18.00	 29	 0.56	 
BFE_317	 1	 1	 1104.jpg	 1.033290e+02	 12	 999000	 120	 999000	 999	 1.043468e+02	 633.33	 700.00	 14.00	 4	 0.61	 
BFE_317	 1	 1	 2217.jpg	 1.053313e+02	 24	 999000	 240	 999000	 999	 1.063491e+02	 633.33	 700.00	 54.00	 38	 0.65	 
BFE_317	 1	 1	 2118.jpg	 1.073336e+02	 24	 999000	 240	 999000	 999	 1.083513e+02	 633.33	 700.00	 56.00	 18	 0.59	 
BFE_317	 1	 1	 2105.jpg	 1.093357e+02	 24	 999000	 240	 999000	 999	 1.103536e+02	 633.33	 700.00	 48.00	 5	 0.77	 
BFE_317	 1	 1	 2201.jpg	 1.143248e+02	 22	 9.975501e+02	 220	 7.000381e+02	 98	 1.153425e+02	 633.33	 716.67	 55.00	 22	 0.60	 
BFE_317	 1	 1	 1211.jpg	 1.163270e+02	 11	 8.753320e+02	 110	 6.333608e+02	 98	 1.173449e+02	 650.00	 716.67	 15.00	 32	 0.61	 
BFE_317	 1	 1	 2112.jpg	 1.183293e+02	 24	 999000	 240	 999000	 999	 1.193470e+02	 650.00	 716.67	 78.00	 12	 0.17	 
BFE_317	 1	 1	 2107.jpg	 1.213326e+02	 24	 999000	 240	 999000	 999	 1.223504e+02	 650.00	 716.67	 60.00	 7	 0.53	 
