subjectID	 order	 runNum	 itemName	 onsetTime	 shuff_trialType	 RT	 respInTime	 AudioTime	 response	 fixationTime	 ladder1	 ladder2	 bidIndex	 itemNameIndex	 bidValue	 
BFE_302	 2	 4	 2207.jpg	 4.064753e+02	 24	 999000	 240	 999000	 999	 4.074931e+02	 716.67	 716.67	 62.00	 28	 0.51	 
BFE_302	 2	 4	 2115.jpg	 4.094620e+02	 24	 999000	 240	 999000	 999	 4.104797e+02	 716.67	 716.67	 53.00	 15	 0.65	 
BFE_302	 2	 4	 1109.jpg	 4.134665e+02	 12	 999000	 120	 999000	 999	 4.144842e+02	 716.67	 716.67	 15.00	 9	 0.62	 
BFE_302	 2	 4	 2112.jpg	 4.154688e+02	 24	 999000	 240	 999000	 999	 4.164865e+02	 716.67	 716.67	 77.00	 12	 0.16	 
BFE_302	 2	 4	 2208.jpg	 4.174709e+02	 24	 999000	 240	 999000	 999	 4.184888e+02	 716.67	 716.67	 52.00	 29	 0.66	 
BFE_302	 2	 4	 1219.jpg	 4.214587e+02	 12	 999000	 120	 999000	 999	 4.224765e+02	 716.67	 716.67	 4.00	 40	 0.84	 
BFE_302	 2	 4	 1206.jpg	 4.234610e+02	 11	 1.181143e+03	 1100	 7.167049e+02	 98	 4.244787e+02	 666.67	 716.67	 11.00	 27	 0.67	 
BFE_302	 2	 4	 1106.jpg	 4.284666e+02	 12	 999000	 120	 999000	 999	 4.294845e+02	 666.67	 716.67	 20.00	 6	 0.50	 
BFE_302	 2	 4	 2211.jpg	 4.304688e+02	 22	 9.893064e+02	 220	 7.167074e+02	 98	 4.314866e+02	 666.67	 733.33	 54.00	 32	 0.64	 
BFE_302	 2	 4	 2214.jpg	 4.334722e+02	 22	 1.041882e+03	 2200	 7.333664e+02	 98	 4.344899e+02	 666.67	 683.33	 56.00	 35	 0.64	 
BFE_302	 2	 4	 2215.jpg	 4.364589e+02	 24	 999000	 240	 999000	 999	 4.374767e+02	 666.67	 683.33	 58.00	 36	 0.60	 
BFE_302	 2	 4	 2206.jpg	 4.404634e+02	 24	 999000	 240	 999000	 999	 4.414812e+02	 666.67	 683.33	 47.00	 27	 0.70	 
BFE_302	 2	 4	 1203.jpg	 4.434667e+02	 12	 999000	 120	 999000	 999	 4.444845e+02	 666.67	 683.33	 38.00	 24	 0.16	 
BFE_302	 2	 4	 1217.jpg	 4.454689e+02	 12	 999000	 120	 999000	 999	 4.464867e+02	 666.67	 683.33	 18.00	 38	 0.52	 
BFE_302	 2	 4	 2106.jpg	 4.484723e+02	 22	 9.938147e+02	 220	 6.833693e+02	 98	 4.494901e+02	 666.67	 700.00	 57.00	 6	 0.62	 
BFE_302	 2	 4	 2121.jpg	 4.524601e+02	 24	 999000	 240	 999000	 999	 4.534779e+02	 666.67	 700.00	 61.00	 21	 0.52	 
BFE_302	 2	 4	 1102.jpg	 4.554636e+02	 12	 999000	 120	 999000	 999	 4.564813e+02	 666.67	 700.00	 19.00	 2	 0.52	 
BFE_302	 2	 4	 2219.jpg	 4.574657e+02	 24	 999000	 240	 999000	 999	 4.584835e+02	 666.67	 700.00	 43.00	 40	 0.82	 
BFE_302	 2	 4	 1117.jpg	 4.594680e+02	 12	 999000	 120	 999000	 999	 4.604858e+02	 666.67	 700.00	 37.00	 17	 0.20	 
BFE_302	 2	 4	 2101.jpg	 4.644568e+02	 22	 1.105376e+03	 2200	 7.000400e+02	 98	 4.654747e+02	 666.67	 650.00	 51.00	 1	 0.66	 
BFE_302	 2	 4	 2218.jpg	 4.684614e+02	 24	 999000	 240	 999000	 999	 4.694791e+02	 666.67	 650.00	 59.00	 39	 0.60	 
BFE_302	 2	 4	 2117.jpg	 4.724659e+02	 24	 999000	 240	 999000	 999	 4.734836e+02	 666.67	 650.00	 78.00	 17	 0.16	 
BFE_302	 2	 4	 2109.jpg	 4.784727e+02	 24	 999000	 240	 999000	 999	 4.794904e+02	 666.67	 650.00	 50.00	 9	 0.67	 
BFE_302	 2	 4	 1120.jpg	 4.804583e+02	 12	 999000	 120	 999000	 999	 4.814759e+02	 666.67	 650.00	 21.00	 20	 0.50	 
BFE_302	 2	 4	 1205.jpg	 4.824604e+02	 11	 9.177330e+02	 110	 6.667010e+02	 98	 4.834782e+02	 683.33	 650.00	 9.00	 26	 0.72	 
BFE_302	 2	 4	 1211.jpg	 4.844627e+02	 12	 999000	 120	 999000	 999	 4.854805e+02	 683.33	 650.00	 13.00	 32	 0.64	 
BFE_302	 2	 4	 2204.jpg	 4.864650e+02	 22	 999000	 2	 6.500397e+02	 999	 4.874827e+02	 683.33	 600.00	 49.00	 25	 0.69	 
BFE_302	 2	 4	 1208.jpg	 4.904694e+02	 11	 9.166855e+02	 110	 6.833638e+02	 98	 4.914872e+02	 700.00	 600.00	 14.00	 29	 0.62	 
BFE_302	 2	 4	 1115.jpg	 4.924716e+02	 12	 999000	 120	 999000	 999	 4.934894e+02	 700.00	 600.00	 10.00	 15	 0.69	 
BFE_302	 2	 4	 1204.jpg	 4.964595e+02	 12	 999000	 120	 999000	 999	 4.974772e+02	 700.00	 600.00	 7.00	 25	 0.72	 
BFE_302	 2	 4	 2202.jpg	 4.984617e+02	 24	 999000	 240	 999000	 999	 4.994795e+02	 700.00	 600.00	 60.00	 23	 0.57	 
BFE_302	 2	 4	 1218.jpg	 5.004640e+02	 11	 9.141730e+02	 110	 7.000271e+02	 98	 5.014817e+02	 716.67	 600.00	 16.00	 39	 0.56	 
BFE_302	 2	 4	 1121.jpg	 5.024662e+02	 12	 999000	 120	 999000	 999	 5.034839e+02	 716.67	 600.00	 22.00	 21	 0.47	 
BFE_302	 2	 4	 1202.jpg	 5.074718e+02	 11	 9.783394e+02	 110	 7.166962e+02	 98	 5.084895e+02	 733.33	 600.00	 17.00	 23	 0.54	 
BFE_302	 2	 4	 1214.jpg	 5.094571e+02	 12	 999000	 120	 999000	 999	 5.104751e+02	 733.33	 600.00	 3.00	 35	 0.84	 
BFE_302	 2	 4	 1216.jpg	 5.114596e+02	 12	 999000	 120	 999000	 999	 5.124774e+02	 733.33	 600.00	 12.00	 37	 0.64	 
BFE_302	 2	 4	 2201.jpg	 5.144629e+02	 22	 8.591970e+02	 220	 6.000371e+02	 98	 5.154808e+02	 733.33	 616.67	 48.00	 22	 0.69	 
BFE_302	 2	 4	 1101.jpg	 5.214708e+02	 11	 9.713608e+02	 110	 7.333697e+02	 98	 5.224886e+02	 750.00	 616.67	 8.00	 1	 0.72	 
BFE_302	 2	 4	 2205.jpg	 5.254586e+02	 24	 999000	 240	 999000	 999	 5.264763e+02	 750.00	 616.67	 44.00	 26	 0.77	 
BFE_302	 2	 4	 2217.jpg	 5.324665e+02	 24	 999000	 240	 999000	 999	 5.334842e+02	 750.00	 616.67	 55.00	 38	 0.64	 
