subjectID	 order	 runNum	 itemName	 onsetTime	 shuff_trialType	 RT	 respInTime	 AudioTime	 response	 fixationTime	 ladder1	 ladder2	 bidIndex	 itemNameIndex	 bidValue	 
BFE_305	 1	 20	 1107.jpg	 2.492695e+03	 12	 999000	 120	 999000	 999	 2.493713e+03	 383.33	 316.67	 38.00	 7	 0.16	 
BFE_305	 1	 20	 1206.jpg	 2.495681e+03	 12	 999000	 120	 999000	 999	 2.496699e+03	 383.33	 316.67	 14.00	 27	 0.60	 
BFE_305	 1	 20	 2209.jpg	 2.497684e+03	 24	 999000	 240	 999000	 999	 2.498702e+03	 383.33	 316.67	 57.00	 30	 0.59	 
BFE_305	 1	 20	 2203.jpg	 2.499686e+03	 24	 999000	 240	 999000	 999	 2.500704e+03	 383.33	 316.67	 43.00	 24	 0.81	 
BFE_305	 1	 20	 1103.jpg	 2.501688e+03	 11	 8.017268e+02	 110	 3.834089e+02	 98	 2.502706e+03	 400.00	 316.67	 10.00	 3	 0.65	 
BFE_305	 1	 20	 2218.jpg	 2.504692e+03	 22	 6.383786e+02	 220	 3.167137e+02	 98	 2.505709e+03	 400.00	 333.33	 47.00	 39	 0.73	 
BFE_305	 1	 20	 1106.jpg	 2.506694e+03	 12	 999000	 120	 999000	 999	 2.507712e+03	 400.00	 333.33	 21.00	 6	 0.50	 
BFE_305	 1	 20	 2201.jpg	 2.510682e+03	 24	 999000	 240	 999000	 999	 2.511699e+03	 400.00	 333.33	 51.00	 22	 0.70	 
BFE_305	 1	 20	 1219.jpg	 2.512684e+03	 12	 999000	 120	 999000	 999	 2.513702e+03	 400.00	 333.33	 19.00	 40	 0.51	 
BFE_305	 1	 20	 2101.jpg	 2.517690e+03	 24	 999000	 240	 999000	 999	 2.518707e+03	 400.00	 333.33	 60.00	 1	 0.51	 
BFE_305	 1	 20	 1209.jpg	 2.519692e+03	 12	 999000	 120	 999000	 999	 2.520710e+03	 400.00	 333.33	 20.00	 30	 0.50	 
BFE_305	 1	 20	 2106.jpg	 2.523679e+03	 24	 999000	 240	 999000	 999	 2.524697e+03	 400.00	 333.33	 62.00	 6	 0.46	 
BFE_305	 1	 20	 2215.jpg	 2.525682e+03	 22	 7.441535e+02	 220	 3.333663e+02	 98	 2.526700e+03	 400.00	 350.00	 58.00	 36	 0.57	 
BFE_305	 1	 20	 1214.jpg	 2.528685e+03	 11	 6.767844e+02	 110	 4.000391e+02	 98	 2.529703e+03	 416.67	 350.00	 7.00	 35	 0.77	 
BFE_305	 1	 20	 1101.jpg	 2.533691e+03	 12	 999000	 120	 999000	 999	 2.534709e+03	 416.67	 350.00	 11.00	 1	 0.62	 
BFE_305	 1	 20	 1201.jpg	 2.535693e+03	 12	 999000	 120	 999000	 999	 2.536711e+03	 416.67	 350.00	 4.00	 22	 0.84	 
BFE_305	 1	 20	 1204.jpg	 2.537695e+03	 11	 7.945995e+02	 110	 4.166965e+02	 98	 2.538713e+03	 433.33	 350.00	 13.00	 25	 0.61	 
BFE_305	 1	 20	 1215.jpg	 2.541683e+03	 11	 7.348597e+02	 110	 4.333663e+02	 98	 2.542701e+03	 450.00	 350.00	 12.00	 36	 0.61	 
BFE_305	 1	 20	 2113.jpg	 2.545688e+03	 24	 999000	 240	 999000	 999	 2.546705e+03	 450.00	 350.00	 78.00	 13	 0.25	 
BFE_305	 1	 20	 2204.jpg	 2.549692e+03	 24	 999000	 240	 999000	 999	 2.550710e+03	 450.00	 350.00	 56.00	 25	 0.59	 
BFE_305	 1	 20	 1118.jpg	 2.551694e+03	 12	 999000	 120	 999000	 999	 2.552712e+03	 450.00	 350.00	 37.00	 18	 0.17	 
BFE_305	 1	 20	 2212.jpg	 2.553680e+03	 22	 9.783011e+02	 220	 3.500292e+02	 98	 2.554698e+03	 450.00	 366.67	 52.00	 33	 0.66	 
BFE_305	 1	 20	 2121.jpg	 2.555682e+03	 24	 999000	 240	 999000	 999	 2.556700e+03	 450.00	 366.67	 54.00	 21	 0.63	 
BFE_305	 1	 20	 1212.jpg	 2.557684e+03	 12	 999000	 120	 999000	 999	 2.558702e+03	 450.00	 366.67	 9.00	 33	 0.67	 
BFE_305	 1	 20	 1217.jpg	 2.563691e+03	 12	 999000	 120	 999000	 999	 2.564709e+03	 450.00	 366.67	 17.00	 38	 0.56	 
BFE_305	 1	 20	 2110.jpg	 2.566695e+03	 24	 999000	 240	 999000	 999	 2.567712e+03	 450.00	 366.67	 61.00	 10	 0.48	 
BFE_305	 1	 20	 2216.jpg	 2.568680e+03	 22	 7.698675e+02	 220	 3.666949e+02	 98	 2.569698e+03	 450.00	 383.33	 50.00	 37	 0.71	 
BFE_305	 1	 20	 2120.jpg	 2.570682e+03	 22	 8.316059e+02	 220	 3.833607e+02	 98	 2.571700e+03	 450.00	 400.00	 53.00	 20	 0.63	 
BFE_305	 1	 20	 2214.jpg	 2.573686e+03	 24	 999000	 240	 999000	 999	 2.574704e+03	 450.00	 400.00	 48.00	 35	 0.73	 
BFE_305	 1	 20	 1203.jpg	 2.575688e+03	 12	 999000	 120	 999000	 999	 2.576706e+03	 450.00	 400.00	 3.00	 24	 0.85	 
BFE_305	 1	 20	 2207.jpg	 2.577690e+03	 24	 999000	 240	 999000	 999	 2.578708e+03	 450.00	 400.00	 44.00	 28	 0.77	 
BFE_305	 1	 20	 2102.jpg	 2.579692e+03	 22	 1.013519e+03	 2200	 4.000294e+02	 98	 2.580713e+03	 450.00	 350.00	 55.00	 2	 0.62	 
BFE_305	 1	 20	 1205.jpg	 2.582696e+03	 11	 1.050124e+03	 1100	 4.500303e+02	 98	 2.583714e+03	 400.00	 350.00	 15.00	 26	 0.59	 
BFE_305	 1	 20	 2211.jpg	 2.584681e+03	 24	 999000	 240	 999000	 999	 2.585699e+03	 400.00	 350.00	 49.00	 32	 0.73	 
BFE_305	 1	 20	 2205.jpg	 2.586684e+03	 24	 999000	 240	 999000	 999	 2.587701e+03	 400.00	 350.00	 59.00	 26	 0.53	 
BFE_305	 1	 20	 2107.jpg	 2.588686e+03	 24	 999000	 240	 999000	 999	 2.589704e+03	 400.00	 350.00	 77.00	 7	 0.26	 
BFE_305	 1	 20	 1110.jpg	 2.590688e+03	 11	 8.418319e+02	 110	 4.000529e+02	 98	 2.591706e+03	 416.67	 350.00	 18.00	 10	 0.55	 
BFE_305	 1	 20	 1121.jpg	 2.596695e+03	 12	 999000	 120	 999000	 999	 2.597713e+03	 416.67	 350.00	 16.00	 21	 0.58	 
BFE_305	 1	 20	 1210.jpg	 2.599682e+03	 12	 999000	 120	 999000	 999	 2.600699e+03	 416.67	 350.00	 8.00	 31	 0.69	 
BFE_305	 1	 20	 1102.jpg	 2.603686e+03	 12	 999000	 120	 999000	 999	 2.604704e+03	 416.67	 350.00	 22.00	 2	 0.49	 
