subjectID	 order	 runNum	 itemName	 onsetTime	 shuff_trialType	 RT	 respInTime	 AudioTime	 response	 fixationTime	 ladder1	 ladder2	 bidIndex	 itemNameIndex	 bidValue	 
BFE_302	 2	 9	 2217.jpg	 1.110164e+03	 24	 999000	 240	 999000	 999	 1.111181e+03	 683.33	 616.67	 55.00	 38	 0.64	 
BFE_302	 2	 9	 2207.jpg	 1.113151e+03	 24	 999000	 240	 999000	 999	 1.114168e+03	 683.33	 616.67	 62.00	 28	 0.51	 
BFE_302	 2	 9	 1206.jpg	 1.115153e+03	 11	 9.854198e+02	 110	 6.833891e+02	 98	 1.116170e+03	 700.00	 616.67	 11.00	 27	 0.67	 
BFE_302	 2	 9	 2101.jpg	 1.117155e+03	 22	 9.031435e+02	 220	 6.167246e+02	 98	 1.118173e+03	 700.00	 633.33	 51.00	 1	 0.66	 
BFE_302	 2	 9	 2211.jpg	 1.119157e+03	 22	 9.009763e+02	 220	 6.333676e+02	 98	 1.120175e+03	 700.00	 650.00	 54.00	 32	 0.64	 
BFE_302	 2	 9	 2121.jpg	 1.122161e+03	 24	 999000	 240	 999000	 999	 1.123178e+03	 700.00	 650.00	 61.00	 21	 0.52	 
BFE_302	 2	 9	 1109.jpg	 1.124163e+03	 12	 999000	 120	 999000	 999	 1.125181e+03	 700.00	 650.00	 15.00	 9	 0.62	 
BFE_302	 2	 9	 1106.jpg	 1.128151e+03	 12	 999000	 120	 999000	 999	 1.129168e+03	 700.00	 650.00	 20.00	 6	 0.50	 
BFE_302	 2	 9	 1203.jpg	 1.130153e+03	 12	 999000	 120	 999000	 999	 1.131170e+03	 700.00	 650.00	 38.00	 24	 0.16	 
BFE_302	 2	 9	 2206.jpg	 1.135158e+03	 24	 999000	 240	 999000	 999	 1.136176e+03	 700.00	 650.00	 47.00	 27	 0.70	 
BFE_302	 2	 9	 1219.jpg	 1.137161e+03	 12	 999000	 120	 999000	 999	 1.138178e+03	 700.00	 650.00	 4.00	 40	 0.84	 
BFE_302	 2	 9	 2219.jpg	 1.141149e+03	 24	 999000	 240	 999000	 999	 1.142166e+03	 700.00	 650.00	 43.00	 40	 0.82	 
BFE_302	 2	 9	 2214.jpg	 1.143151e+03	 22	 9.713705e+02	 220	 6.500301e+02	 98	 1.144168e+03	 700.00	 666.67	 56.00	 35	 0.64	 
BFE_302	 2	 9	 2106.jpg	 1.146154e+03	 22	 9.201247e+02	 220	 6.666973e+02	 98	 1.147172e+03	 700.00	 683.33	 57.00	 6	 0.62	 
BFE_302	 2	 9	 1205.jpg	 1.151160e+03	 11	 9.384641e+02	 110	 7.000284e+02	 98	 1.152178e+03	 716.67	 683.33	 9.00	 26	 0.72	 
BFE_302	 2	 9	 1204.jpg	 1.153162e+03	 12	 999000	 120	 999000	 999	 1.154180e+03	 716.67	 683.33	 7.00	 25	 0.72	 
BFE_302	 2	 9	 2117.jpg	 1.155148e+03	 24	 999000	 240	 999000	 999	 1.156165e+03	 716.67	 683.33	 78.00	 17	 0.16	 
BFE_302	 2	 9	 1214.jpg	 1.159152e+03	 12	 999000	 120	 999000	 999	 1.160170e+03	 716.67	 683.33	 3.00	 35	 0.84	 
BFE_302	 2	 9	 2109.jpg	 1.163157e+03	 24	 999000	 240	 999000	 999	 1.164174e+03	 716.67	 683.33	 50.00	 9	 0.67	 
BFE_302	 2	 9	 1120.jpg	 1.167161e+03	 12	 999000	 120	 999000	 999	 1.168179e+03	 716.67	 683.33	 21.00	 20	 0.50	 
BFE_302	 2	 9	 1102.jpg	 1.169146e+03	 12	 999000	 120	 999000	 999	 1.170164e+03	 716.67	 683.33	 19.00	 2	 0.52	 
BFE_302	 2	 9	 2204.jpg	 1.171149e+03	 22	 9.574103e+02	 220	 6.833631e+02	 98	 1.172167e+03	 716.67	 700.00	 49.00	 25	 0.69	 
BFE_302	 2	 9	 1115.jpg	 1.173151e+03	 12	 999000	 120	 999000	 999	 1.174169e+03	 716.67	 700.00	 10.00	 15	 0.69	 
BFE_302	 2	 9	 1211.jpg	 1.175153e+03	 12	 1.608061e+02	 12	 999000	 98	 1.176171e+03	 716.67	 700.00	 13.00	 32	 0.64	 
BFE_302	 2	 9	 1218.jpg	 1.181160e+03	 11	 1.026166e+03	 1100	 7.166984e+02	 98	 1.182178e+03	 666.67	 700.00	 16.00	 39	 0.56	 
BFE_302	 2	 9	 2215.jpg	 1.184146e+03	 24	 999000	 240	 999000	 999	 1.185164e+03	 666.67	 700.00	 58.00	 36	 0.60	 
BFE_302	 2	 9	 2218.jpg	 1.186149e+03	 24	 999000	 240	 999000	 999	 1.187167e+03	 666.67	 700.00	 59.00	 39	 0.60	 
BFE_302	 2	 9	 2115.jpg	 1.188151e+03	 24	 999000	 240	 999000	 999	 1.189169e+03	 666.67	 700.00	 53.00	 15	 0.65	 
BFE_302	 2	 9	 1216.jpg	 1.191155e+03	 12	 999000	 120	 999000	 999	 1.192172e+03	 666.67	 700.00	 12.00	 37	 0.64	 
BFE_302	 2	 9	 2208.jpg	 1.193157e+03	 24	 999000	 240	 999000	 999	 1.194174e+03	 666.67	 700.00	 52.00	 29	 0.66	 
BFE_302	 2	 9	 1117.jpg	 1.195159e+03	 12	 999000	 120	 999000	 999	 1.196177e+03	 666.67	 700.00	 37.00	 17	 0.20	 
BFE_302	 2	 9	 1101.jpg	 1.197161e+03	 11	 9.528632e+02	 110	 6.666976e+02	 98	 1.198179e+03	 683.33	 700.00	 8.00	 1	 0.72	 
BFE_302	 2	 9	 2202.jpg	 1.200148e+03	 24	 999000	 240	 999000	 999	 1.201166e+03	 683.33	 700.00	 60.00	 23	 0.57	 
BFE_302	 2	 9	 1217.jpg	 1.202150e+03	 12	 999000	 120	 999000	 999	 1.203168e+03	 683.33	 700.00	 18.00	 38	 0.52	 
BFE_302	 2	 9	 1208.jpg	 1.204152e+03	 11	 1.073691e+03	 1100	 6.833613e+02	 98	 1.205170e+03	 633.33	 700.00	 14.00	 29	 0.62	 
BFE_302	 2	 9	 2205.jpg	 1.206155e+03	 24	 999000	 240	 999000	 999	 1.207172e+03	 633.33	 700.00	 44.00	 26	 0.77	 
BFE_302	 2	 9	 1121.jpg	 1.208157e+03	 12	 999000	 120	 999000	 999	 1.209175e+03	 633.33	 700.00	 22.00	 21	 0.47	 
BFE_302	 2	 9	 2112.jpg	 1.214147e+03	 24	 999000	 240	 999000	 999	 1.215165e+03	 633.33	 700.00	 77.00	 12	 0.16	 
BFE_302	 2	 9	 2201.jpg	 1.217150e+03	 22	 1.059848e+03	 2200	 7.000392e+02	 98	 1.218168e+03	 633.33	 650.00	 48.00	 22	 0.69	 
BFE_302	 2	 9	 1202.jpg	 1.221155e+03	 11	 9.433041e+02	 110	 6.333613e+02	 98	 1.222173e+03	 650.00	 650.00	 17.00	 23	 0.54	 
