subjectID	 order	 runNum	 itemName	 onsetTime	 shuff_trialType	 RT	 respInTime	 AudioTime	 response	 fixationTime	 ladder1	 ladder2	 bidIndex	 itemNameIndex	 bidValue	 
BFE_305	 1	 12	 1203.jpg	 1.395096e+03	 12	 999000	 120	 999000	 999	 1.396114e+03	 116.67	 316.67	 3.00	 24	 0.85	 
BFE_305	 1	 12	 2110.jpg	 1.398083e+03	 24	 999000	 240	 999000	 999	 1.399101e+03	 116.67	 316.67	 61.00	 10	 0.48	 
BFE_305	 1	 12	 1205.jpg	 1.402087e+03	 11	 6.345905e+02	 110	 1.167073e+02	 98	 1.403105e+03	 133.33	 316.67	 15.00	 26	 0.59	 
BFE_305	 1	 12	 1212.jpg	 1.404090e+03	 12	 999000	 120	 999000	 999	 1.405107e+03	 133.33	 316.67	 9.00	 33	 0.67	 
BFE_305	 1	 12	 2212.jpg	 1.406092e+03	 22	 7.741151e+02	 220	 3.167070e+02	 98	 1.407110e+03	 133.33	 333.33	 52.00	 33	 0.66	 
BFE_305	 1	 12	 1217.jpg	 1.410096e+03	 12	 999000	 120	 999000	 999	 1.411114e+03	 133.33	 333.33	 17.00	 38	 0.56	 
BFE_305	 1	 12	 1118.jpg	 1.412082e+03	 12	 999000	 120	 999000	 999	 1.413100e+03	 133.33	 333.33	 37.00	 18	 0.17	 
BFE_305	 1	 12	 2211.jpg	 1.417087e+03	 24	 999000	 240	 999000	 999	 1.418105e+03	 133.33	 333.33	 49.00	 32	 0.73	 
BFE_305	 1	 12	 1206.jpg	 1.419090e+03	 12	 999000	 120	 999000	 999	 1.420107e+03	 133.33	 333.33	 14.00	 27	 0.60	 
BFE_305	 1	 12	 1110.jpg	 1.422093e+03	 11	 5.808285e+02	 110	 1.333641e+02	 98	 1.423111e+03	 150.00	 333.33	 18.00	 10	 0.55	 
BFE_305	 1	 12	 2209.jpg	 1.425096e+03	 24	 999000	 240	 999000	 999	 1.426114e+03	 150.00	 333.33	 57.00	 30	 0.59	 
BFE_305	 1	 12	 1204.jpg	 1.429084e+03	 11	 4.616923e+02	 110	 1.500456e+02	 98	 1.430102e+03	 166.67	 333.33	 13.00	 25	 0.61	 
BFE_305	 1	 12	 1214.jpg	 1.432088e+03	 11	 4.903130e+02	 110	 1.667156e+02	 98	 1.433105e+03	 183.33	 333.33	 7.00	 35	 0.77	 
BFE_305	 1	 12	 1103.jpg	 1.434092e+03	 11	 5.815067e+02	 110	 1.833748e+02	 98	 1.435108e+03	 200.00	 333.33	 10.00	 3	 0.65	 
BFE_305	 1	 12	 2201.jpg	 1.437093e+03	 24	 999000	 240	 999000	 999	 1.438111e+03	 200.00	 333.33	 51.00	 22	 0.70	 
BFE_305	 1	 12	 2102.jpg	 1.441081e+03	 22	 8.092250e+02	 220	 3.333610e+02	 98	 1.442099e+03	 200.00	 350.00	 55.00	 2	 0.62	 
BFE_305	 1	 12	 2107.jpg	 1.444084e+03	 24	 999000	 240	 999000	 999	 1.445102e+03	 200.00	 350.00	 77.00	 7	 0.26	 
BFE_305	 1	 12	 2106.jpg	 1.446087e+03	 24	 999000	 240	 999000	 999	 1.447105e+03	 200.00	 350.00	 62.00	 6	 0.46	 
BFE_305	 1	 12	 1215.jpg	 1.448089e+03	 11	 6.489692e+02	 110	 2.000271e+02	 98	 1.449107e+03	 216.67	 350.00	 12.00	 36	 0.61	 
BFE_305	 1	 12	 1102.jpg	 1.453095e+03	 12	 999000	 120	 999000	 999	 1.454112e+03	 216.67	 350.00	 22.00	 2	 0.49	 
BFE_305	 1	 12	 1106.jpg	 1.457082e+03	 12	 999000	 120	 999000	 999	 1.458100e+03	 216.67	 350.00	 21.00	 6	 0.50	 
BFE_305	 1	 12	 2216.jpg	 1.461087e+03	 22	 7.711590e+02	 220	 3.500259e+02	 98	 1.462105e+03	 216.67	 366.67	 50.00	 37	 0.71	 
BFE_305	 1	 12	 1107.jpg	 1.467094e+03	 12	 999000	 120	 999000	 999	 1.468111e+03	 216.67	 366.67	 38.00	 7	 0.16	 
BFE_305	 1	 12	 1209.jpg	 1.469096e+03	 12	 999000	 120	 999000	 999	 1.470114e+03	 216.67	 366.67	 20.00	 30	 0.50	 
BFE_305	 1	 12	 2214.jpg	 1.471081e+03	 24	 999000	 240	 999000	 999	 1.472099e+03	 216.67	 366.67	 48.00	 35	 0.73	 
BFE_305	 1	 12	 2121.jpg	 1.473084e+03	 24	 999000	 240	 999000	 999	 1.474101e+03	 216.67	 366.67	 54.00	 21	 0.63	 
BFE_305	 1	 12	 2218.jpg	 1.475086e+03	 22	 7.960637e+02	 220	 3.666947e+02	 98	 1.476104e+03	 216.67	 383.33	 47.00	 39	 0.73	 
BFE_305	 1	 12	 2215.jpg	 1.479090e+03	 22	 7.835039e+02	 220	 3.833685e+02	 98	 1.480108e+03	 216.67	 400.00	 58.00	 36	 0.57	 
BFE_305	 1	 12	 2205.jpg	 1.481093e+03	 24	 999000	 240	 999000	 999	 1.482110e+03	 216.67	 400.00	 59.00	 26	 0.53	 
BFE_305	 1	 12	 2204.jpg	 1.485080e+03	 24	 999000	 240	 999000	 999	 1.486098e+03	 216.67	 400.00	 56.00	 25	 0.59	 
BFE_305	 1	 12	 2101.jpg	 1.487083e+03	 24	 999000	 240	 999000	 999	 1.488100e+03	 216.67	 400.00	 60.00	 1	 0.51	 
BFE_305	 1	 12	 2207.jpg	 1.489085e+03	 24	 999000	 240	 999000	 999	 1.490103e+03	 216.67	 400.00	 44.00	 28	 0.77	 
BFE_305	 1	 12	 1219.jpg	 1.491087e+03	 12	 999000	 120	 999000	 999	 1.492105e+03	 216.67	 400.00	 19.00	 40	 0.51	 
BFE_305	 1	 12	 1201.jpg	 1.496093e+03	 12	 999000	 120	 999000	 999	 1.497111e+03	 216.67	 400.00	 4.00	 22	 0.84	 
BFE_305	 1	 12	 1101.jpg	 1.498095e+03	 12	 999000	 120	 999000	 999	 1.499113e+03	 216.67	 400.00	 11.00	 1	 0.62	 
BFE_305	 1	 12	 1210.jpg	 1.500081e+03	 12	 999000	 120	 999000	 999	 1.501098e+03	 216.67	 400.00	 8.00	 31	 0.69	 
BFE_305	 1	 12	 2120.jpg	 1.503084e+03	 22	 8.858843e+02	 220	 4.000315e+02	 98	 1.504102e+03	 216.67	 416.67	 53.00	 20	 0.63	 
BFE_305	 1	 12	 2203.jpg	 1.510092e+03	 24	 8.061048e+02	 24	 999000	 98	 1.511110e+03	 216.67	 416.67	 43.00	 24	 0.81	 
BFE_305	 1	 12	 1121.jpg	 1.514096e+03	 12	 999000	 120	 999000	 999	 1.515114e+03	 216.67	 416.67	 16.00	 21	 0.58	 
BFE_305	 1	 12	 2113.jpg	 1.521088e+03	 24	 999000	 240	 999000	 999	 1.522105e+03	 216.67	 416.67	 78.00	 13	 0.25	 
