subjectID	 order	 runNum	 itemName	 onsetTime	 shuff_trialType	 RT	 respInTime	 AudioTime	 response	 fixationTime	 ladder1	 ladder2	 bidIndex	 itemNameIndex	 bidValue	 
BFE_305	 1	 19	 2204.jpg	 2.368858e+03	 24	 999000	 240	 999000	 999	 2.369874e+03	 483.33	 416.67	 56.00	 25	 0.59	 
BFE_305	 1	 19	 1102.jpg	 2.370858e+03	 12	 999000	 120	 999000	 999	 2.371876e+03	 483.33	 416.67	 22.00	 2	 0.49	 
BFE_305	 1	 19	 2120.jpg	 2.374846e+03	 22	 1.148074e+03	 2200	 4.167092e+02	 98	 2.375864e+03	 483.33	 366.67	 53.00	 20	 0.63	 
BFE_305	 1	 19	 1203.jpg	 2.377849e+03	 12	 999000	 120	 999000	 999	 2.378867e+03	 483.33	 366.67	 3.00	 24	 0.85	 
BFE_305	 1	 19	 2101.jpg	 2.379851e+03	 24	 999000	 240	 999000	 999	 2.380869e+03	 483.33	 366.67	 60.00	 1	 0.51	 
BFE_305	 1	 19	 2215.jpg	 2.382855e+03	 22	 1.075117e+03	 2200	 3.666940e+02	 98	 2.383873e+03	 483.33	 316.67	 58.00	 36	 0.57	 
BFE_305	 1	 19	 2214.jpg	 2.386842e+03	 24	 999000	 240	 999000	 999	 2.387860e+03	 483.33	 316.67	 48.00	 35	 0.73	 
BFE_305	 1	 19	 1110.jpg	 2.390847e+03	 11	 1.010833e+03	 1100	 4.833793e+02	 98	 2.391867e+03	 433.33	 316.67	 18.00	 10	 0.55	 
BFE_305	 1	 19	 1215.jpg	 2.392849e+03	 11	 1.136505e+03	 1100	 4.333772e+02	 98	 2.393867e+03	 383.33	 316.67	 12.00	 36	 0.61	 
BFE_305	 1	 19	 1219.jpg	 2.397855e+03	 12	 999000	 120	 999000	 999	 2.398873e+03	 383.33	 316.67	 19.00	 40	 0.51	 
BFE_305	 1	 19	 2110.jpg	 2.399857e+03	 24	 999000	 240	 999000	 999	 2.400875e+03	 383.33	 316.67	 61.00	 10	 0.48	 
BFE_305	 1	 19	 1201.jpg	 2.401860e+03	 12	 999000	 120	 999000	 999	 2.402877e+03	 383.33	 316.67	 4.00	 22	 0.84	 
BFE_305	 1	 19	 2209.jpg	 2.407850e+03	 24	 999000	 240	 999000	 999	 2.408867e+03	 383.33	 316.67	 57.00	 30	 0.59	 
BFE_305	 1	 19	 1212.jpg	 2.409852e+03	 12	 999000	 120	 999000	 999	 2.410870e+03	 383.33	 316.67	 9.00	 33	 0.67	 
BFE_305	 1	 19	 2205.jpg	 2.411854e+03	 24	 999000	 240	 999000	 999	 2.412872e+03	 383.33	 316.67	 59.00	 26	 0.53	 
BFE_305	 1	 19	 1210.jpg	 2.413856e+03	 12	 999000	 120	 999000	 999	 2.414874e+03	 383.33	 316.67	 8.00	 31	 0.69	 
BFE_305	 1	 19	 2113.jpg	 2.417844e+03	 24	 999000	 240	 999000	 999	 2.418862e+03	 383.33	 316.67	 78.00	 13	 0.25	 
BFE_305	 1	 19	 2216.jpg	 2.421849e+03	 22	 6.893441e+02	 220	 3.166945e+02	 98	 2.422866e+03	 383.33	 333.33	 50.00	 37	 0.71	 
BFE_305	 1	 19	 2102.jpg	 2.424852e+03	 22	 7.019116e+02	 220	 3.333628e+02	 98	 2.425870e+03	 383.33	 350.00	 55.00	 2	 0.62	 
BFE_305	 1	 19	 1107.jpg	 2.428856e+03	 12	 999000	 120	 999000	 999	 2.429874e+03	 383.33	 350.00	 38.00	 7	 0.16	 
BFE_305	 1	 19	 2106.jpg	 2.431843e+03	 24	 999000	 240	 999000	 999	 2.432861e+03	 383.33	 350.00	 62.00	 6	 0.46	 
BFE_305	 1	 19	 1214.jpg	 2.433845e+03	 11	 8.364849e+02	 110	 3.833724e+02	 98	 2.434863e+03	 400.00	 350.00	 7.00	 35	 0.77	 
BFE_305	 1	 19	 1118.jpg	 2.437850e+03	 12	 999000	 120	 999000	 999	 2.438868e+03	 400.00	 350.00	 37.00	 18	 0.17	 
BFE_305	 1	 19	 2107.jpg	 2.439852e+03	 24	 999000	 240	 999000	 999	 2.440870e+03	 400.00	 350.00	 77.00	 7	 0.26	 
BFE_305	 1	 19	 1205.jpg	 2.441854e+03	 11	 999000	 1	 4.000278e+02	 999	 2.442872e+03	 350.00	 350.00	 15.00	 26	 0.59	 
BFE_305	 1	 19	 1204.jpg	 2.445859e+03	 11	 8.310505e+02	 110	 3.500287e+02	 98	 2.446877e+03	 366.67	 350.00	 13.00	 25	 0.61	 
BFE_305	 1	 19	 1101.jpg	 2.447845e+03	 12	 999000	 120	 999000	 999	 2.448862e+03	 366.67	 350.00	 11.00	 1	 0.62	 
BFE_305	 1	 19	 2121.jpg	 2.451849e+03	 24	 999000	 240	 999000	 999	 2.452867e+03	 366.67	 350.00	 54.00	 21	 0.63	 
BFE_305	 1	 19	 2207.jpg	 2.455853e+03	 24	 999000	 240	 999000	 999	 2.456871e+03	 366.67	 350.00	 44.00	 28	 0.77	 
BFE_305	 1	 19	 2211.jpg	 2.458857e+03	 24	 999000	 240	 999000	 999	 2.459875e+03	 366.67	 350.00	 49.00	 32	 0.73	 
BFE_305	 1	 19	 1217.jpg	 2.464847e+03	 12	 999000	 120	 999000	 999	 2.465865e+03	 366.67	 350.00	 17.00	 38	 0.56	 
BFE_305	 1	 19	 1121.jpg	 2.466849e+03	 12	 999000	 120	 999000	 999	 2.467867e+03	 366.67	 350.00	 16.00	 21	 0.58	 
BFE_305	 1	 19	 1106.jpg	 2.470854e+03	 12	 999000	 120	 999000	 999	 2.471872e+03	 366.67	 350.00	 21.00	 6	 0.50	 
BFE_305	 1	 19	 1206.jpg	 2.472856e+03	 12	 999000	 120	 999000	 999	 2.473874e+03	 366.67	 350.00	 14.00	 27	 0.60	 
BFE_305	 1	 19	 1103.jpg	 2.474858e+03	 11	 7.598450e+02	 110	 3.666992e+02	 98	 2.475876e+03	 383.33	 350.00	 10.00	 3	 0.65	 
BFE_305	 1	 19	 2201.jpg	 2.476844e+03	 24	 999000	 240	 999000	 999	 2.477861e+03	 383.33	 350.00	 51.00	 22	 0.70	 
BFE_305	 1	 19	 2218.jpg	 2.481849e+03	 22	 7.926799e+02	 220	 3.500342e+02	 98	 2.482867e+03	 383.33	 366.67	 47.00	 39	 0.73	 
BFE_305	 1	 19	 2212.jpg	 2.483851e+03	 22	 1.070467e+03	 2200	 3.666915e+02	 98	 2.484869e+03	 383.33	 316.67	 52.00	 33	 0.66	 
BFE_305	 1	 19	 2203.jpg	 2.485854e+03	 24	 999000	 240	 999000	 999	 2.486872e+03	 383.33	 316.67	 43.00	 24	 0.81	 
BFE_305	 1	 19	 1209.jpg	 2.488857e+03	 12	 999000	 120	 999000	 999	 2.489875e+03	 383.33	 316.67	 20.00	 30	 0.50	 
