subjectID	 order	 runNum	 itemName	 onsetTime	 shuff_trialType	 RT	 respInTime	 AudioTime	 response	 fixationTime	 ladder1	 ladder2	 bidIndex	 itemNameIndex	 bidValue	 
BFE_302	 2	 18	 1217.jpg	 2.301766e+03	 12	 999000	 120	 999000	 999	 2.302784e+03	 183.33	 250.00	 18.00	 38	 0.52	 
BFE_302	 2	 18	 2215.jpg	 2.303768e+03	 24	 999000	 240	 999000	 999	 2.304786e+03	 183.33	 250.00	 58.00	 36	 0.60	 
BFE_302	 2	 18	 2202.jpg	 2.307772e+03	 24	 999000	 240	 999000	 999	 2.308790e+03	 183.33	 250.00	 60.00	 23	 0.57	 
BFE_302	 2	 18	 2106.jpg	 2.310776e+03	 22	 999000	 2	 2.500399e+02	 999	 2.311794e+03	 183.33	 200.00	 57.00	 6	 0.62	 
BFE_302	 2	 18	 1205.jpg	 2.312761e+03	 11	 1.496634e+03	 1100	 1.833717e+02	 98	 2.313779e+03	 133.33	 200.00	 9.00	 26	 0.72	 
BFE_302	 2	 18	 2206.jpg	 2.315765e+03	 24	 999000	 240	 999000	 999	 2.316784e+03	 133.33	 200.00	 47.00	 27	 0.70	 
BFE_302	 2	 18	 1219.jpg	 2.319769e+03	 12	 999000	 120	 999000	 999	 2.320787e+03	 133.33	 200.00	 4.00	 40	 0.84	 
BFE_302	 2	 18	 1214.jpg	 2.323774e+03	 12	 999000	 120	 999000	 999	 2.324792e+03	 133.33	 200.00	 3.00	 35	 0.84	 
BFE_302	 2	 18	 1115.jpg	 2.325759e+03	 12	 999000	 120	 999000	 999	 2.326777e+03	 133.33	 200.00	 10.00	 15	 0.69	 
BFE_302	 2	 18	 1106.jpg	 2.330765e+03	 12	 999000	 120	 999000	 999	 2.331783e+03	 133.33	 200.00	 20.00	 6	 0.50	 
BFE_302	 2	 18	 1121.jpg	 2.332767e+03	 12	 999000	 120	 999000	 999	 2.333785e+03	 133.33	 200.00	 22.00	 21	 0.47	 
BFE_302	 2	 18	 1101.jpg	 2.334769e+03	 11	 999000	 1	 1.333598e+02	 999	 2.335787e+03	 83.33	 200.00	 8.00	 1	 0.72	 
BFE_302	 2	 18	 1202.jpg	 2.340776e+03	 11	 1.337999e+03	 1100	 8.339122e+01	 98	 2.341794e+03	 33.33	 200.00	 17.00	 23	 0.54	 
BFE_302	 2	 18	 2109.jpg	 2.342762e+03	 24	 999000	 240	 999000	 999	 2.343780e+03	 33.33	 200.00	 50.00	 9	 0.67	 
BFE_302	 2	 18	 2101.jpg	 2.344764e+03	 22	 1.486288e+03	 2200	 2.000590e+02	 98	 2.345782e+03	 33.33	 150.00	 51.00	 1	 0.66	 
BFE_302	 2	 18	 2207.jpg	 2.346766e+03	 24	 999000	 240	 999000	 999	 2.347784e+03	 33.33	 150.00	 62.00	 28	 0.51	 
BFE_302	 2	 18	 1204.jpg	 2.350771e+03	 12	 999000	 120	 999000	 999	 2.351788e+03	 33.33	 150.00	 7.00	 25	 0.72	 
BFE_302	 2	 18	 2201.jpg	 2.354775e+03	 22	 1.395006e+03	 2200	 1.500358e+02	 98	 2.355793e+03	 33.33	 100.00	 48.00	 22	 0.69	 
BFE_302	 2	 18	 2217.jpg	 2.357762e+03	 24	 999000	 240	 999000	 999	 2.358780e+03	 33.33	 100.00	 55.00	 38	 0.64	 
BFE_302	 2	 18	 1203.jpg	 2.361766e+03	 12	 999000	 120	 999000	 999	 2.362784e+03	 33.33	 100.00	 38.00	 24	 0.16	 
BFE_302	 2	 18	 1109.jpg	 2.364770e+03	 12	 999000	 120	 999000	 999	 2.365787e+03	 33.33	 100.00	 15.00	 9	 0.62	 
BFE_302	 2	 18	 2121.jpg	 2.366772e+03	 24	 999000	 240	 999000	 999	 2.367790e+03	 33.33	 100.00	 61.00	 21	 0.52	 
BFE_302	 2	 18	 1102.jpg	 2.370759e+03	 12	 999000	 120	 999000	 999	 2.371777e+03	 33.33	 100.00	 19.00	 2	 0.52	 
BFE_302	 2	 18	 1120.jpg	 2.372762e+03	 12	 999000	 120	 999000	 999	 2.373780e+03	 33.33	 100.00	 21.00	 20	 0.50	 
BFE_302	 2	 18	 2204.jpg	 2.374764e+03	 22	 1.421984e+03	 2200	 1.000345e+02	 98	 2.375782e+03	 33.33	 50.00	 49.00	 25	 0.69	 
BFE_302	 2	 18	 2214.jpg	 2.378769e+03	 22	 1.353517e+03	 2200	 5.003655e+01	 98	 2.379786e+03	 33.33	 -0.00	 56.00	 35	 0.64	 
BFE_302	 2	 18	 2112.jpg	 2.380771e+03	 24	 999000	 240	 999000	 999	 2.381789e+03	 33.33	 -0.00	 77.00	 12	 0.16	 
BFE_302	 2	 18	 2219.jpg	 2.384775e+03	 24	 999000	 240	 999000	 999	 2.385793e+03	 33.33	 -0.00	 43.00	 40	 0.82	 
BFE_302	 2	 18	 2117.jpg	 2.388763e+03	 24	 999000	 240	 999000	 999	 2.389781e+03	 33.33	 -0.00	 78.00	 17	 0.16	 
BFE_302	 2	 18	 1208.jpg	 2.391767e+03	 11	 1.371549e+03	 1100	 3.336339e+01	 98	 2.392784e+03	 -16.67	 -0.00	 14.00	 29	 0.62	 
BFE_302	 2	 18	 1216.jpg	 2.397773e+03	 12	 999000	 120	 999000	 999	 2.398791e+03	 -16.67	 -0.00	 12.00	 37	 0.64	 
BFE_302	 2	 18	 1211.jpg	 2.399776e+03	 12	 999000	 120	 999000	 999	 2.400793e+03	 -16.67	 -0.00	 13.00	 32	 0.64	 
BFE_302	 2	 18	 2208.jpg	 2.403763e+03	 24	 999000	 240	 999000	 999	 2.404781e+03	 -16.67	 -0.00	 52.00	 29	 0.66	 
BFE_302	 2	 18	 1117.jpg	 2.405766e+03	 12	 999000	 120	 999000	 999	 2.406783e+03	 -16.67	 -0.00	 37.00	 17	 0.20	 
BFE_302	 2	 18	 2218.jpg	 2.407768e+03	 24	 999000	 240	 999000	 999	 2.408786e+03	 -16.67	 -0.00	 59.00	 39	 0.60	 
BFE_302	 2	 18	 1218.jpg	 2.409770e+03	 11	 1.384042e+03	 1100	 1.963191e-01	 98	 2.410788e+03	 -16.67	 -0.00	 16.00	 39	 0.56	 
BFE_302	 2	 18	 2205.jpg	 2.414776e+03	 24	 999000	 240	 999000	 999	 2.415793e+03	 -16.67	 -0.00	 44.00	 26	 0.77	 
BFE_302	 2	 18	 2115.jpg	 2.416761e+03	 24	 999000	 240	 999000	 999	 2.417779e+03	 -16.67	 -0.00	 53.00	 15	 0.65	 
BFE_302	 2	 18	 1206.jpg	 2.418763e+03	 11	 1.334680e+03	 1100	 1.818670e-01	 98	 2.419781e+03	 -16.67	 -0.00	 11.00	 27	 0.67	 
BFE_302	 2	 18	 2211.jpg	 2.421767e+03	 22	 1.331282e+03	 2200	 1.792260e-01	 98	 2.422785e+03	 -16.67	 -0.00	 54.00	 32	 0.64	 
