subjectID	 order	 runNum	 itemName	 onsetTime	 shuff_trialType	 RT	 respInTime	 AudioTime	 response	 fixationTime	 ladder1	 ladder2	 bidIndex	 itemNameIndex	 bidValue	 
BFE_302	 2	 3	 1109.jpg	 2.766465e+02	 12	 999000	 120	 999000	 999	 2.776643e+02	 683.33	 616.67	 15.00	 9	 0.62	 
BFE_302	 2	 3	 2219.jpg	 2.796331e+02	 24	 999000	 240	 999000	 999	 2.806510e+02	 683.33	 616.67	 43.00	 40	 0.82	 
BFE_302	 2	 3	 2215.jpg	 2.836376e+02	 24	 999000	 240	 999000	 999	 2.846554e+02	 683.33	 616.67	 58.00	 36	 0.60	 
BFE_302	 2	 3	 1120.jpg	 2.856399e+02	 12	 999000	 120	 999000	 999	 2.866577e+02	 683.33	 616.67	 21.00	 20	 0.50	 
BFE_302	 2	 3	 2202.jpg	 2.876422e+02	 24	 999000	 240	 999000	 999	 2.886599e+02	 683.33	 616.67	 60.00	 23	 0.57	 
BFE_302	 2	 3	 1115.jpg	 2.916299e+02	 12	 999000	 120	 999000	 999	 2.926478e+02	 683.33	 616.67	 10.00	 15	 0.69	 
BFE_302	 2	 3	 1206.jpg	 2.936323e+02	 11	 9.698330e+02	 110	 6.833784e+02	 98	 2.946500e+02	 700.00	 616.67	 11.00	 27	 0.67	 
BFE_302	 2	 3	 1101.jpg	 2.986382e+02	 11	 9.718996e+02	 110	 7.000240e+02	 98	 2.996556e+02	 716.67	 616.67	 8.00	 1	 0.72	 
BFE_302	 2	 3	 1121.jpg	 3.006400e+02	 12	 999000	 120	 999000	 999	 3.016580e+02	 716.67	 616.67	 22.00	 21	 0.47	 
BFE_302	 2	 3	 1218.jpg	 3.036265e+02	 11	 9.756670e+02	 110	 7.167054e+02	 98	 3.046445e+02	 733.33	 616.67	 16.00	 39	 0.56	 
BFE_302	 2	 3	 1205.jpg	 3.066301e+02	 11	 9.800697e+02	 110	 7.333690e+02	 98	 3.076479e+02	 750.00	 616.67	 9.00	 26	 0.72	 
BFE_302	 2	 3	 1208.jpg	 3.106367e+02	 11	 9.494286e+02	 110	 7.500296e+02	 98	 3.116524e+02	 766.67	 616.67	 14.00	 29	 0.62	 
BFE_302	 2	 3	 2206.jpg	 3.136379e+02	 24	 999000	 240	 999000	 999	 3.146557e+02	 766.67	 616.67	 47.00	 27	 0.70	 
BFE_302	 2	 3	 1211.jpg	 3.156401e+02	 12	 999000	 120	 999000	 999	 3.166581e+02	 766.67	 616.67	 13.00	 32	 0.64	 
BFE_302	 2	 3	 1117.jpg	 3.186266e+02	 12	 999000	 120	 999000	 999	 3.196447e+02	 766.67	 616.67	 37.00	 17	 0.20	 
BFE_302	 2	 3	 2101.jpg	 3.226313e+02	 22	 3.787971e+02	 22	 6.167115e+02	 98	 3.236492e+02	 766.67	 633.33	 51.00	 1	 0.66	 
BFE_302	 2	 3	 2112.jpg	 3.256348e+02	 24	 999000	 240	 999000	 999	 3.266526e+02	 766.67	 633.33	 77.00	 12	 0.16	 
BFE_302	 2	 3	 1216.jpg	 3.276369e+02	 12	 999000	 120	 999000	 999	 3.286547e+02	 766.67	 633.33	 12.00	 37	 0.64	 
BFE_302	 2	 3	 2204.jpg	 3.296392e+02	 22	 9.069431e+02	 220	 6.333667e+02	 98	 3.306570e+02	 766.67	 650.00	 49.00	 25	 0.69	 
BFE_302	 2	 3	 1106.jpg	 3.346282e+02	 12	 999000	 120	 999000	 999	 3.356459e+02	 766.67	 650.00	 20.00	 6	 0.50	 
BFE_302	 2	 3	 2109.jpg	 3.386327e+02	 24	 999000	 240	 999000	 999	 3.396503e+02	 766.67	 650.00	 50.00	 9	 0.67	 
BFE_302	 2	 3	 2115.jpg	 3.426371e+02	 24	 999000	 240	 999000	 999	 3.436549e+02	 766.67	 650.00	 53.00	 15	 0.65	 
BFE_302	 2	 3	 2121.jpg	 3.486273e+02	 24	 999000	 240	 999000	 999	 3.496449e+02	 766.67	 650.00	 61.00	 21	 0.52	 
BFE_302	 2	 3	 1203.jpg	 3.506295e+02	 12	 999000	 120	 999000	 999	 3.516472e+02	 766.67	 650.00	 38.00	 24	 0.16	 
BFE_302	 2	 3	 1219.jpg	 3.526316e+02	 12	 999000	 120	 999000	 999	 3.536494e+02	 766.67	 650.00	 4.00	 40	 0.84	 
BFE_302	 2	 3	 1204.jpg	 3.546340e+02	 12	 999000	 120	 999000	 999	 3.556517e+02	 766.67	 650.00	 7.00	 25	 0.72	 
BFE_302	 2	 3	 2205.jpg	 3.566361e+02	 24	 999000	 240	 999000	 999	 3.576539e+02	 766.67	 650.00	 44.00	 26	 0.77	 
BFE_302	 2	 3	 2201.jpg	 3.606406e+02	 22	 9.775141e+02	 220	 6.500322e+02	 98	 3.616584e+02	 766.67	 666.67	 48.00	 22	 0.69	 
BFE_302	 2	 3	 2214.jpg	 3.626429e+02	 22	 9.592625e+02	 220	 6.667396e+02	 98	 3.636606e+02	 766.67	 683.33	 56.00	 35	 0.64	 
BFE_302	 2	 3	 2106.jpg	 3.666306e+02	 22	 9.314854e+02	 220	 6.833632e+02	 98	 3.676484e+02	 766.67	 700.00	 57.00	 6	 0.62	 
BFE_302	 2	 3	 2117.jpg	 3.686329e+02	 24	 999000	 240	 999000	 999	 3.696508e+02	 766.67	 700.00	 78.00	 17	 0.16	 
BFE_302	 2	 3	 1217.jpg	 3.706352e+02	 12	 999000	 120	 999000	 999	 3.716530e+02	 766.67	 700.00	 18.00	 38	 0.52	 
BFE_302	 2	 3	 2217.jpg	 3.726373e+02	 24	 999000	 240	 999000	 999	 3.736551e+02	 766.67	 700.00	 55.00	 38	 0.64	 
BFE_302	 2	 3	 1214.jpg	 3.776260e+02	 12	 999000	 120	 999000	 999	 3.786441e+02	 766.67	 700.00	 3.00	 35	 0.84	 
BFE_302	 2	 3	 1102.jpg	 3.796285e+02	 12	 999000	 120	 999000	 999	 3.806463e+02	 766.67	 700.00	 19.00	 2	 0.52	 
BFE_302	 2	 3	 2208.jpg	 3.816308e+02	 24	 999000	 240	 999000	 999	 3.826486e+02	 766.67	 700.00	 52.00	 29	 0.66	 
BFE_302	 2	 3	 2207.jpg	 3.846341e+02	 24	 999000	 240	 999000	 999	 3.856519e+02	 766.67	 700.00	 62.00	 28	 0.51	 
BFE_302	 2	 3	 1202.jpg	 3.916420e+02	 11	 1.056127e+03	 1100	 7.667029e+02	 98	 3.926597e+02	 716.67	 700.00	 17.00	 23	 0.54	 
BFE_302	 2	 3	 2218.jpg	 3.956298e+02	 24	 999000	 240	 999000	 999	 3.966476e+02	 716.67	 700.00	 59.00	 39	 0.60	 
BFE_302	 2	 3	 2211.jpg	 4.026376e+02	 22	 9.405096e+02	 220	 7.000268e+02	 98	 4.036555e+02	 716.67	 716.67	 54.00	 32	 0.64	 
