subjectID	 order	 runNum	 itemName	 onsetTime	 shuff_trialType	 RT	 respInTime	 AudioTime	 response	 fixationTime	 ladder1	 ladder2	 bidIndex	 itemNameIndex	 bidValue	 
BFE_334	 2	 13	 1102.jpg	 7.783596e+02	 12	 999000	 120	 999000	 999	 7.793774e+02	 616.67	 616.67	 38.00	 2	 0.22	 
BFE_334	 2	 13	 1214.jpg	 7.833485e+02	 11	 9.340680e+02	 110	 6.167324e+02	 98	 7.843662e+02	 633.33	 616.67	 17.00	 35	 0.48	 
BFE_334	 2	 13	 2206.jpg	 7.853507e+02	 24	 999000	 240	 999000	 999	 7.863685e+02	 633.33	 616.67	 62.00	 27	 0.44	 
BFE_334	 2	 13	 1107.jpg	 7.873530e+02	 12	 999000	 120	 999000	 999	 7.883708e+02	 633.33	 616.67	 20.00	 7	 0.47	 
BFE_334	 2	 13	 2116.jpg	 7.933597e+02	 22	 9.708463e+02	 220	 6.167307e+02	 98	 7.943775e+02	 633.33	 633.33	 57.00	 16	 0.50	 
BFE_334	 2	 13	 2209.jpg	 7.953619e+02	 22	 1.048635e+03	 2200	 6.333794e+02	 98	 7.963797e+02	 633.33	 583.33	 51.00	 30	 0.67	 
BFE_334	 2	 13	 2216.jpg	 7.983487e+02	 24	 999000	 240	 999000	 999	 7.993664e+02	 633.33	 583.33	 43.00	 37	 0.84	 
BFE_334	 2	 13	 2105.jpg	 8.003508e+02	 24	 999000	 240	 999000	 999	 8.013686e+02	 633.33	 583.33	 58.00	 5	 0.48	 
BFE_334	 2	 13	 2210.jpg	 8.043553e+02	 24	 999000	 240	 999000	 999	 8.053731e+02	 633.33	 583.33	 59.00	 31	 0.47	 
BFE_334	 2	 13	 2109.jpg	 8.063576e+02	 24	 999000	 240	 999000	 999	 8.073753e+02	 633.33	 583.33	 60.00	 9	 0.47	 
BFE_334	 2	 13	 2205.jpg	 8.113463e+02	 24	 999000	 240	 999000	 999	 8.123643e+02	 633.33	 583.33	 47.00	 26	 0.77	 
BFE_334	 2	 13	 2110.jpg	 8.183543e+02	 24	 999000	 240	 999000	 999	 8.193722e+02	 633.33	 583.33	 50.00	 10	 0.67	 
BFE_334	 2	 13	 2202.jpg	 8.203567e+02	 24	 999000	 240	 999000	 999	 8.213744e+02	 633.33	 583.33	 78.00	 23	 0.27	 
BFE_334	 2	 13	 1119.jpg	 8.233600e+02	 12	 999000	 120	 999000	 999	 8.243777e+02	 633.33	 583.33	 19.00	 19	 0.47	 
BFE_334	 2	 13	 1219.jpg	 8.263463e+02	 12	 999000	 120	 999000	 999	 8.273645e+02	 633.33	 583.33	 15.00	 40	 0.56	 
BFE_334	 2	 13	 2106.jpg	 8.303512e+02	 24	 999000	 240	 999000	 999	 8.313689e+02	 633.33	 583.33	 53.00	 6	 0.55	 
BFE_334	 2	 13	 2112.jpg	 8.343556e+02	 24	 999000	 240	 999000	 999	 8.353734e+02	 633.33	 583.33	 61.00	 12	 0.45	 
BFE_334	 2	 13	 2204.jpg	 8.383601e+02	 22	 9.463968e+02	 220	 5.833662e+02	 98	 8.393779e+02	 633.33	 600.00	 49.00	 25	 0.71	 
BFE_334	 2	 13	 2217.jpg	 8.413466e+02	 24	 999000	 240	 999000	 999	 8.423646e+02	 633.33	 600.00	 77.00	 38	 0.30	 
BFE_334	 2	 13	 2214.jpg	 8.473535e+02	 22	 9.290385e+02	 220	 6.000367e+02	 98	 8.483713e+02	 633.33	 616.67	 56.00	 35	 0.51	 
BFE_334	 2	 13	 1109.jpg	 8.493557e+02	 11	 1.038827e+03	 1100	 6.333836e+02	 98	 8.503735e+02	 583.33	 616.67	 16.00	 9	 0.51	 
BFE_334	 2	 13	 1216.jpg	 8.523591e+02	 11	 8.994507e+02	 110	 5.833916e+02	 98	 8.533769e+02	 600.00	 616.67	 8.00	 37	 0.67	 
BFE_334	 2	 13	 1117.jpg	 8.543614e+02	 11	 9.291712e+02	 110	 6.000629e+02	 98	 8.553792e+02	 616.67	 616.67	 11.00	 17	 0.62	 
BFE_334	 2	 13	 2218.jpg	 8.563470e+02	 22	 8.875636e+02	 220	 6.167128e+02	 98	 8.573647e+02	 616.67	 633.33	 54.00	 39	 0.52	 
BFE_334	 2	 13	 1110.jpg	 8.583493e+02	 12	 999000	 120	 999000	 999	 8.593669e+02	 616.67	 633.33	 13.00	 10	 0.60	 
BFE_334	 2	 13	 2219.jpg	 8.613526e+02	 24	 999000	 240	 999000	 999	 8.623703e+02	 616.67	 633.33	 44.00	 40	 0.80	 
BFE_334	 2	 13	 1208.jpg	 8.653571e+02	 12	 999000	 120	 999000	 999	 8.663749e+02	 616.67	 633.33	 3.00	 29	 0.81	 
BFE_334	 2	 13	 2113.jpg	 8.673592e+02	 24	 999000	 240	 999000	 999	 8.683770e+02	 616.67	 633.33	 52.00	 13	 0.62	 
BFE_334	 2	 13	 1111.jpg	 8.693615e+02	 12	 999000	 120	 999000	 999	 8.703792e+02	 616.67	 633.33	 18.00	 11	 0.48	 
BFE_334	 2	 13	 1213.jpg	 8.713472e+02	 12	 999000	 120	 999000	 999	 8.723649e+02	 616.67	 633.33	 12.00	 34	 0.61	 
BFE_334	 2	 13	 1211.jpg	 8.733493e+02	 12	 999000	 120	 999000	 999	 8.743671e+02	 616.67	 633.33	 4.00	 32	 0.80	 
BFE_334	 2	 13	 2211.jpg	 8.753516e+02	 22	 9.629038e+02	 220	 6.333855e+02	 98	 8.763693e+02	 616.67	 650.00	 48.00	 32	 0.73	 
BFE_334	 2	 13	 2107.jpg	 8.793561e+02	 24	 999000	 240	 999000	 999	 8.803739e+02	 616.67	 650.00	 55.00	 7	 0.51	 
BFE_334	 2	 13	 1209.jpg	 8.833606e+02	 12	 999000	 120	 999000	 999	 8.843783e+02	 616.67	 650.00	 37.00	 30	 0.28	 
BFE_334	 2	 13	 1218.jpg	 8.853463e+02	 12	 999000	 120	 999000	 999	 8.863639e+02	 616.67	 650.00	 10.00	 39	 0.63	 
BFE_334	 2	 13	 1205.jpg	 8.873484e+02	 12	 999000	 120	 999000	 999	 8.883661e+02	 616.67	 650.00	 21.00	 26	 0.47	 
BFE_334	 2	 13	 1206.jpg	 8.893506e+02	 12	 999000	 120	 999000	 999	 8.903683e+02	 616.67	 650.00	 22.00	 27	 0.46	 
BFE_334	 2	 13	 1113.jpg	 8.913528e+02	 11	 8.977326e+02	 110	 6.167084e+02	 98	 8.923706e+02	 633.33	 650.00	 9.00	 13	 0.66	 
BFE_334	 2	 13	 1215.jpg	 8.973597e+02	 12	 999000	 120	 999000	 999	 8.983774e+02	 633.33	 650.00	 7.00	 36	 0.69	 
BFE_334	 2	 13	 1121.jpg	 8.993450e+02	 11	 1.049580e+03	 1100	 6.333719e+02	 98	 9.003629e+02	 583.33	 650.00	 14.00	 21	 0.58	 
