subjectID	 order	 runNum	 itemName	 onsetTime	 shuff_trialType	 RT	 respInTime	 AudioTime	 response	 fixationTime	 ladder1	 ladder2	 bidIndex	 itemNameIndex	 bidValue	 
BFE_334	 2	 16	 2106.jpg	 1.159754e+03	 24	 999000	 240	 999000	 999	 1.160771e+03	 516.67	 583.33	 53.00	 6	 0.55	 
BFE_334	 2	 16	 1109.jpg	 1.162740e+03	 11	 8.142436e+02	 110	 5.167161e+02	 98	 1.163758e+03	 533.33	 583.33	 16.00	 9	 0.51	 
BFE_334	 2	 16	 2217.jpg	 1.164743e+03	 24	 999000	 240	 999000	 999	 1.165760e+03	 533.33	 583.33	 77.00	 38	 0.30	 
BFE_334	 2	 16	 1215.jpg	 1.166745e+03	 12	 999000	 120	 999000	 999	 1.167763e+03	 533.33	 583.33	 7.00	 36	 0.69	 
BFE_334	 2	 16	 2218.jpg	 1.168747e+03	 22	 9.595232e+02	 220	 5.833837e+02	 98	 1.169765e+03	 533.33	 600.00	 54.00	 39	 0.52	 
BFE_334	 2	 16	 2219.jpg	 1.171751e+03	 24	 999000	 240	 999000	 999	 1.172768e+03	 533.33	 600.00	 44.00	 40	 0.80	 
BFE_334	 2	 16	 2214.jpg	 1.173753e+03	 22	 9.378798e+02	 220	 6.000454e+02	 98	 1.174770e+03	 533.33	 616.67	 56.00	 35	 0.51	 
BFE_334	 2	 16	 1205.jpg	 1.177740e+03	 12	 999000	 120	 999000	 999	 1.178758e+03	 533.33	 616.67	 21.00	 26	 0.47	 
BFE_334	 2	 16	 2216.jpg	 1.179744e+03	 24	 999000	 240	 999000	 999	 1.180760e+03	 533.33	 616.67	 43.00	 37	 0.84	 
BFE_334	 2	 16	 2210.jpg	 1.184748e+03	 24	 999000	 240	 999000	 999	 1.185766e+03	 533.33	 616.67	 59.00	 31	 0.47	 
BFE_334	 2	 16	 1107.jpg	 1.186751e+03	 12	 999000	 120	 999000	 999	 1.187768e+03	 533.33	 616.67	 20.00	 7	 0.47	 
BFE_334	 2	 16	 1206.jpg	 1.190738e+03	 12	 999000	 120	 999000	 999	 1.191756e+03	 533.33	 616.67	 22.00	 27	 0.46	 
BFE_334	 2	 16	 1110.jpg	 1.192741e+03	 12	 999000	 120	 999000	 999	 1.193758e+03	 533.33	 616.67	 13.00	 10	 0.60	 
BFE_334	 2	 16	 2211.jpg	 1.195744e+03	 22	 9.305920e+02	 220	 6.167077e+02	 98	 1.196762e+03	 533.33	 633.33	 48.00	 32	 0.73	 
BFE_334	 2	 16	 1219.jpg	 1.200750e+03	 12	 999000	 120	 999000	 999	 1.201767e+03	 533.33	 633.33	 15.00	 40	 0.56	 
BFE_334	 2	 16	 1214.jpg	 1.202752e+03	 11	 9.227104e+02	 110	 5.333794e+02	 98	 1.203770e+03	 550.00	 633.33	 17.00	 35	 0.48	 
BFE_334	 2	 16	 2113.jpg	 1.204754e+03	 24	 999000	 240	 999000	 999	 1.205772e+03	 550.00	 633.33	 52.00	 13	 0.62	 
BFE_334	 2	 16	 2107.jpg	 1.208742e+03	 24	 999000	 240	 999000	 999	 1.209760e+03	 550.00	 633.33	 55.00	 7	 0.51	 
BFE_334	 2	 16	 1119.jpg	 1.212746e+03	 12	 999000	 120	 999000	 999	 1.213764e+03	 550.00	 633.33	 19.00	 19	 0.47	 
BFE_334	 2	 16	 1213.jpg	 1.216751e+03	 12	 999000	 120	 999000	 999	 1.217769e+03	 550.00	 633.33	 12.00	 34	 0.61	 
BFE_334	 2	 16	 1111.jpg	 1.218753e+03	 12	 999000	 120	 999000	 999	 1.219771e+03	 550.00	 633.33	 18.00	 11	 0.48	 
BFE_334	 2	 16	 1208.jpg	 1.220738e+03	 12	 999000	 120	 999000	 999	 1.221756e+03	 550.00	 633.33	 3.00	 29	 0.81	 
BFE_334	 2	 16	 1113.jpg	 1.222741e+03	 11	 8.777478e+02	 110	 5.500413e+02	 98	 1.223759e+03	 566.67	 633.33	 9.00	 13	 0.66	 
BFE_334	 2	 16	 1216.jpg	 1.224743e+03	 11	 1.139453e+03	 1100	 5.667111e+02	 98	 1.225761e+03	 516.67	 633.33	 8.00	 37	 0.67	 
BFE_334	 2	 16	 2204.jpg	 1.230750e+03	 22	 1.004780e+03	 2200	 6.333785e+02	 98	 1.231770e+03	 516.67	 583.33	 49.00	 25	 0.71	 
BFE_334	 2	 16	 2205.jpg	 1.233753e+03	 24	 999000	 240	 999000	 999	 1.234771e+03	 516.67	 583.33	 47.00	 26	 0.77	 
BFE_334	 2	 16	 2206.jpg	 1.235738e+03	 24	 999000	 240	 999000	 999	 1.236757e+03	 516.67	 583.33	 62.00	 27	 0.44	 
BFE_334	 2	 16	 1211.jpg	 1.237741e+03	 12	 999000	 120	 999000	 999	 1.238759e+03	 516.67	 583.33	 4.00	 32	 0.80	 
BFE_334	 2	 16	 2105.jpg	 1.240744e+03	 24	 999000	 240	 999000	 999	 1.241762e+03	 516.67	 583.33	 58.00	 5	 0.48	 
BFE_334	 2	 16	 2112.jpg	 1.242747e+03	 24	 999000	 240	 999000	 999	 1.243764e+03	 516.67	 583.33	 61.00	 12	 0.45	 
BFE_334	 2	 16	 1121.jpg	 1.244749e+03	 11	 7.497437e+02	 110	 5.167137e+02	 98	 1.245767e+03	 533.33	 583.33	 14.00	 21	 0.58	 
BFE_334	 2	 16	 1117.jpg	 1.246751e+03	 11	 7.554555e+02	 110	 5.333734e+02	 98	 1.247769e+03	 550.00	 583.33	 11.00	 17	 0.62	 
BFE_334	 2	 16	 2209.jpg	 1.249737e+03	 22	 8.010822e+02	 220	 5.833865e+02	 98	 1.250756e+03	 550.00	 600.00	 51.00	 30	 0.67	 
BFE_334	 2	 16	 1218.jpg	 1.251740e+03	 12	 999000	 120	 999000	 999	 1.252758e+03	 550.00	 600.00	 10.00	 39	 0.63	 
BFE_334	 2	 16	 2110.jpg	 1.253742e+03	 24	 999000	 240	 999000	 999	 1.254760e+03	 550.00	 600.00	 50.00	 10	 0.67	 
BFE_334	 2	 16	 1209.jpg	 1.255744e+03	 12	 999000	 120	 999000	 999	 1.256762e+03	 550.00	 600.00	 37.00	 30	 0.28	 
BFE_334	 2	 16	 1102.jpg	 1.257747e+03	 12	 999000	 120	 999000	 999	 1.258765e+03	 550.00	 600.00	 38.00	 2	 0.22	 
BFE_334	 2	 16	 2109.jpg	 1.263753e+03	 24	 999000	 240	 999000	 999	 1.264771e+03	 550.00	 600.00	 60.00	 9	 0.47	 
BFE_334	 2	 16	 2116.jpg	 1.266740e+03	 22	 9.663980e+02	 220	 6.000345e+02	 98	 1.267758e+03	 550.00	 616.67	 57.00	 16	 0.50	 
BFE_334	 2	 16	 2202.jpg	 1.270745e+03	 24	 999000	 240	 999000	 999	 1.271762e+03	 550.00	 616.67	 78.00	 23	 0.27	 
