subjectID	 order	 runNum	 itemName	 onsetTime	 shuff_trialType	 RT	 respInTime	 AudioTime	 response	 fixationTime	 ladder1	 ladder2	 bidIndex	 itemNameIndex	 bidValue	 
BFE_337	 1	 19	 1118.jpg	 1.582591e+03	 12	 999000	 120	 999000	 999	 1.583609e+03	 683.33	 550.00	 38.00	 18	 0.19	 
BFE_337	 1	 19	 1212.jpg	 1.587597e+03	 12	 999000	 120	 999000	 999	 1.588615e+03	 683.33	 550.00	 21.00	 33	 0.50	 
BFE_337	 1	 19	 2207.jpg	 1.589583e+03	 24	 999000	 240	 999000	 999	 1.590600e+03	 683.33	 550.00	 62.00	 28	 0.46	 
BFE_337	 1	 19	 2219.jpg	 1.591585e+03	 24	 999000	 240	 999000	 999	 1.592603e+03	 683.33	 550.00	 44.00	 40	 0.82	 
BFE_337	 1	 19	 2101.jpg	 1.597592e+03	 24	 999000	 240	 999000	 999	 1.598609e+03	 683.33	 550.00	 54.00	 1	 0.59	 
BFE_337	 1	 19	 2216.jpg	 1.599594e+03	 22	 7.681657e+02	 220	 5.500477e+02	 98	 1.600612e+03	 683.33	 566.67	 47.00	 37	 0.74	 
BFE_337	 1	 19	 2108.jpg	 1.602597e+03	 24	 999000	 240	 999000	 999	 1.603615e+03	 683.33	 566.67	 77.00	 8	 0.21	 
BFE_337	 1	 19	 1206.jpg	 1.604583e+03	 11	 1.027166e+03	 1100	 6.833834e+02	 98	 1.605601e+03	 633.33	 566.67	 10.00	 27	 0.65	 
BFE_337	 1	 19	 1216.jpg	 1.608587e+03	 12	 999000	 120	 999000	 999	 1.609605e+03	 633.33	 566.67	 14.00	 37	 0.61	 
BFE_337	 1	 19	 2209.jpg	 1.610590e+03	 24	 999000	 240	 999000	 999	 1.611607e+03	 633.33	 566.67	 43.00	 30	 0.83	 
BFE_337	 1	 19	 1217.jpg	 1.615595e+03	 12	 999000	 120	 999000	 999	 1.616613e+03	 633.33	 566.67	 8.00	 38	 0.70	 
BFE_337	 1	 19	 2217.jpg	 1.622586e+03	 24	 999000	 240	 999000	 999	 1.623604e+03	 633.33	 566.67	 56.00	 38	 0.52	 
BFE_337	 1	 19	 2103.jpg	 1.624588e+03	 24	 999000	 240	 999000	 999	 1.625606e+03	 633.33	 566.67	 48.00	 3	 0.73	 
BFE_337	 1	 19	 2213.jpg	 1.627592e+03	 24	 999000	 240	 999000	 999	 1.628610e+03	 633.33	 566.67	 49.00	 34	 0.70	 
BFE_337	 1	 19	 1112.jpg	 1.630595e+03	 12	 999000	 120	 999000	 999	 1.631613e+03	 633.33	 566.67	 17.00	 12	 0.56	 
BFE_337	 1	 19	 2117.jpg	 1.634583e+03	 22	 8.430034e+02	 220	 5.667089e+02	 98	 1.635601e+03	 633.33	 583.33	 55.00	 17	 0.55	 
BFE_337	 1	 19	 1115.jpg	 1.638588e+03	 11	 9.104757e+02	 110	 6.333646e+02	 98	 1.639605e+03	 650.00	 583.33	 13.00	 15	 0.63	 
BFE_337	 1	 19	 2212.jpg	 1.642592e+03	 22	 8.099650e+02	 220	 5.833781e+02	 98	 1.643610e+03	 650.00	 600.00	 53.00	 33	 0.59	 
BFE_337	 1	 19	 1106.jpg	 1.645595e+03	 12	 999000	 120	 999000	 999	 1.646613e+03	 650.00	 600.00	 4.00	 6	 0.79	 
BFE_337	 1	 19	 2102.jpg	 1.651585e+03	 22	 8.245642e+02	 220	 6.000525e+02	 98	 1.652603e+03	 650.00	 616.67	 58.00	 2	 0.51	 
BFE_337	 1	 19	 2104.jpg	 1.653588e+03	 24	 999000	 240	 999000	 999	 1.654605e+03	 650.00	 616.67	 61.00	 4	 0.46	 
BFE_337	 1	 19	 1105.jpg	 1.656591e+03	 11	 8.750329e+02	 110	 6.500467e+02	 98	 1.657609e+03	 666.67	 616.67	 18.00	 5	 0.55	 
BFE_337	 1	 19	 2206.jpg	 1.658593e+03	 24	 999000	 240	 999000	 999	 1.659611e+03	 666.67	 616.67	 51.00	 27	 0.63	 
BFE_337	 1	 19	 1117.jpg	 1.660596e+03	 12	 999000	 120	 999000	 999	 1.661613e+03	 666.67	 616.67	 11.00	 17	 0.64	 
BFE_337	 1	 19	 2109.jpg	 1.662581e+03	 22	 8.929538e+02	 220	 6.167090e+02	 98	 1.663599e+03	 666.67	 633.33	 52.00	 9	 0.63	 
BFE_337	 1	 19	 1213.jpg	 1.665585e+03	 12	 999000	 120	 999000	 999	 1.666602e+03	 666.67	 633.33	 16.00	 34	 0.56	 
BFE_337	 1	 19	 2204.jpg	 1.669589e+03	 24	 999000	 240	 999000	 999	 1.670607e+03	 666.67	 633.33	 57.00	 25	 0.52	 
BFE_337	 1	 19	 1114.jpg	 1.671591e+03	 12	 999000	 120	 999000	 999	 1.672609e+03	 666.67	 633.33	 19.00	 14	 0.52	 
BFE_337	 1	 19	 1109.jpg	 1.673593e+03	 11	 1.048614e+03	 1100	 6.667093e+02	 98	 1.674611e+03	 616.67	 633.33	 7.00	 9	 0.73	 
BFE_337	 1	 19	 1215.jpg	 1.675596e+03	 12	 999000	 120	 999000	 999	 1.676613e+03	 616.67	 633.33	 22.00	 36	 0.48	 
BFE_337	 1	 19	 1205.jpg	 1.677581e+03	 12	 999000	 120	 999000	 999	 1.678599e+03	 616.67	 633.33	 9.00	 26	 0.68	 
BFE_337	 1	 19	 2107.jpg	 1.679584e+03	 24	 999000	 240	 999000	 999	 1.680601e+03	 616.67	 633.33	 78.00	 7	 0.20	 
BFE_337	 1	 19	 2114.jpg	 1.683588e+03	 24	 999000	 240	 999000	 999	 1.684606e+03	 616.67	 633.33	 60.00	 14	 0.48	 
BFE_337	 1	 19	 1102.jpg	 1.687592e+03	 11	 8.575615e+02	 110	 6.167043e+02	 98	 1.688610e+03	 633.33	 633.33	 15.00	 2	 0.59	 
BFE_337	 1	 19	 1107.jpg	 1.689595e+03	 12	 999000	 120	 999000	 999	 1.690612e+03	 633.33	 633.33	 20.00	 7	 0.50	 
BFE_337	 1	 19	 1120.jpg	 1.691597e+03	 12	 999000	 120	 999000	 999	 1.692615e+03	 633.33	 633.33	 37.00	 20	 0.22	 
BFE_337	 1	 19	 1209.jpg	 1.693582e+03	 12	 999000	 120	 999000	 999	 1.694600e+03	 633.33	 633.33	 3.00	 30	 0.79	 
BFE_337	 1	 19	 1121.jpg	 1.695585e+03	 11	 9.213284e+02	 110	 6.333714e+02	 98	 1.696602e+03	 650.00	 633.33	 12.00	 21	 0.64	 
BFE_337	 1	 19	 2106.jpg	 1.701591e+03	 24	 999000	 240	 999000	 999	 1.702609e+03	 650.00	 633.33	 59.00	 6	 0.50	 
BFE_337	 1	 19	 2211.jpg	 1.703594e+03	 22	 1.056182e+03	 2200	 6.334118e+02	 98	 1.704612e+03	 650.00	 583.33	 50.00	 32	 0.63	 
