subjectID	 order	 runNum	 itemName	 onsetTime	 shuff_trialType	 RT	 respInTime	 AudioTime	 response	 fixationTime	 ladder1	 ladder2	 bidIndex	 itemNameIndex	 bidValue	 
BFE_335	 1	 7	 1219.jpg	 1.317638e+00	 11	 1.060593e+03	 1100	 7.508992e+02	 98	 2.335057e+00	 700.00	 750.00	 7.00	 40	 0.77	 
BFE_335	 1	 7	 2110.jpg	 4.304022e+00	 24	 999000	 240	 999000	 999	 5.321778e+00	 700.00	 750.00	 43.00	 10	 0.82	 
BFE_335	 1	 7	 1102.jpg	 6.306185e+00	 11	 1.008055e+03	 1100	 7.000394e+02	 98	 7.326308e+00	 650.00	 750.00	 10.00	 2	 0.69	 
BFE_335	 1	 7	 1204.jpg	 8.308592e+00	 11	 9.496626e+02	 110	 6.500363e+02	 98	 9.326312e+00	 666.67	 750.00	 18.00	 25	 0.50	 
BFE_335	 1	 7	 2102.jpg	 1.031072e+01	 24	 999000	 240	 999000	 999	 1.132852e+01	 666.67	 750.00	 54.00	 2	 0.59	 
BFE_335	 1	 7	 1211.jpg	 1.331413e+01	 11	 9.201079e+02	 110	 6.667119e+02	 98	 1.433194e+01	 683.33	 750.00	 13.00	 32	 0.66	 
BFE_335	 1	 7	 1209.jpg	 1.531629e+01	 12	 999000	 120	 999000	 999	 1.633416e+01	 683.33	 750.00	 11.00	 30	 0.68	 
BFE_335	 1	 7	 1118.jpg	 1.930410e+01	 12	 999000	 120	 999000	 999	 2.032186e+01	 683.33	 750.00	 38.00	 18	 0.16	 
BFE_335	 1	 7	 2206.jpg	 2.130641e+01	 24	 999000	 240	 999000	 999	 2.232420e+01	 683.33	 750.00	 51.00	 27	 0.67	 
BFE_335	 1	 7	 1206.jpg	 2.631202e+01	 12	 999000	 120	 999000	 999	 2.732981e+01	 683.33	 750.00	 14.00	 27	 0.62	 
BFE_335	 1	 7	 1217.jpg	 2.831432e+01	 12	 999000	 120	 999000	 999	 2.933197e+01	 683.33	 750.00	 16.00	 38	 0.57	 
BFE_335	 1	 7	 2205.jpg	 3.230206e+01	 24	 999000	 240	 999000	 999	 3.331981e+01	 683.33	 750.00	 60.00	 26	 0.45	 
BFE_335	 1	 7	 2209.jpg	 3.430425e+01	 22	 9.779889e+02	 220	 7.508172e+02	 98	 3.532205e+01	 683.33	 766.67	 52.00	 30	 0.66	 
BFE_335	 1	 7	 1103.jpg	 3.730767e+01	 12	 999000	 120	 999000	 999	 3.832541e+01	 683.33	 766.67	 4.00	 3	 0.82	 
BFE_335	 1	 7	 2201.jpg	 4.231327e+01	 24	 999000	 240	 999000	 999	 4.333109e+01	 683.33	 766.67	 61.00	 22	 0.44	 
BFE_335	 1	 7	 2105.jpg	 4.431547e+01	 24	 999000	 240	 999000	 999	 4.533324e+01	 683.33	 766.67	 49.00	 5	 0.76	 
BFE_335	 1	 7	 2216.jpg	 4.630114e+01	 24	 999000	 240	 999000	 999	 4.731887e+01	 683.33	 766.67	 44.00	 37	 0.81	 
BFE_335	 1	 7	 2111.jpg	 5.030552e+01	 22	 1.000733e+03	 2200	 7.667163e+02	 98	 5.132333e+01	 683.33	 716.67	 50.00	 11	 0.74	 
BFE_335	 1	 7	 2103.jpg	 5.431001e+01	 22	 9.722254e+02	 220	 7.167127e+02	 98	 5.532779e+01	 683.33	 733.33	 47.00	 3	 0.78	 
BFE_335	 1	 7	 1106.jpg	 5.831651e+01	 12	 999000	 120	 999000	 999	 5.933239e+01	 683.33	 733.33	 9.00	 6	 0.71	 
BFE_335	 1	 7	 1216.jpg	 6.031674e+01	 12	 999000	 120	 999000	 999	 6.133450e+01	 683.33	 733.33	 19.00	 37	 0.49	 
BFE_335	 1	 7	 2114.jpg	 6.230247e+01	 24	 999000	 240	 999000	 999	 6.332013e+01	 683.33	 733.33	 48.00	 14	 0.78	 
BFE_335	 1	 7	 1115.jpg	 6.430463e+01	 12	 999000	 120	 999000	 999	 6.532237e+01	 683.33	 733.33	 8.00	 15	 0.76	 
BFE_335	 1	 7	 1111.jpg	 6.630687e+01	 11	 8.953853e+02	 110	 6.833713e+02	 98	 6.732456e+01	 700.00	 733.33	 15.00	 11	 0.57	 
BFE_335	 1	 7	 1215.jpg	 7.231351e+01	 12	 999000	 120	 999000	 999	 7.333137e+01	 700.00	 733.33	 21.00	 36	 0.47	 
BFE_335	 1	 7	 2217.jpg	 7.530005e+01	 22	 1.006235e+03	 2200	 7.333766e+02	 98	 7.631806e+01	 700.00	 683.33	 53.00	 38	 0.63	 
BFE_335	 1	 7	 1104.jpg	 7.730250e+01	 12	 999000	 120	 999000	 999	 7.832033e+01	 700.00	 683.33	 37.00	 4	 0.18	 
BFE_335	 1	 7	 1203.jpg	 7.930473e+01	 12	 999000	 120	 999000	 999	 8.032248e+01	 700.00	 683.33	 22.00	 24	 0.44	 
BFE_335	 1	 7	 2107.jpg	 8.230813e+01	 22	 9.341052e+02	 220	 6.833768e+02	 98	 8.332583e+01	 700.00	 700.00	 55.00	 7	 0.55	 
BFE_335	 1	 7	 2101.jpg	 8.431030e+01	 24	 999000	 240	 999000	 999	 8.532809e+01	 700.00	 700.00	 78.00	 1	 0.21	 
BFE_335	 1	 7	 1201.jpg	 8.631263e+01	 12	 999000	 120	 999000	 999	 8.733043e+01	 700.00	 700.00	 20.00	 22	 0.48	 
BFE_335	 1	 7	 1107.jpg	 8.831482e+01	 11	 9.034169e+02	 110	 7.000397e+02	 98	 8.933269e+01	 716.67	 700.00	 12.00	 7	 0.67	 
BFE_335	 1	 7	 2215.jpg	 9.130127e+01	 24	 999000	 240	 999000	 999	 9.231925e+01	 716.67	 700.00	 56.00	 36	 0.51	 
BFE_335	 1	 7	 1114.jpg	 9.330383e+01	 12	 999000	 120	 999000	 999	 9.432152e+01	 716.67	 700.00	 3.00	 14	 0.83	 
BFE_335	 1	 7	 2207.jpg	 9.530600e+01	 24	 999000	 240	 999000	 999	 9.632374e+01	 716.67	 700.00	 77.00	 28	 0.22	 
BFE_335	 1	 7	 2204.jpg	 9.730825e+01	 24	 999000	 240	 999000	 999	 9.832606e+01	 716.67	 700.00	 59.00	 25	 0.45	 
BFE_335	 1	 7	 1119.jpg	 9.931052e+01	 12	 999000	 120	 999000	 999	 1.003282e+02	 716.67	 700.00	 17.00	 19	 0.53	 
BFE_335	 1	 7	 2210.jpg	 1.053003e+02	 22	 9.019154e+02	 220	 7.000515e+02	 98	 1.063184e+02	 716.67	 716.67	 58.00	 31	 0.46	 
BFE_335	 1	 7	 2202.jpg	 1.083039e+02	 24	 999000	 240	 999000	 999	 1.093217e+02	 716.67	 716.67	 62.00	 23	 0.44	 
BFE_335	 1	 7	 2219.jpg	 1.123084e+02	 24	 999000	 240	 999000	 999	 1.133262e+02	 716.67	 716.67	 57.00	 40	 0.50	 
