subjectID	 order	 runNum	 itemName	 onsetTime	 shuff_trialType	 RT	 respInTime	 AudioTime	 response	 fixationTime	 ladder1	 ladder2	 bidIndex	 itemNameIndex	 bidValue	 
BFE_308	 2	 16	 2103.jpg	 1.912031e+03	 22	 6.510297e+02	 22	 9.167287e+02	 98	 1.913049e+03	 916.67	 916.67	 51.00	 3	 0.67	 
BFE_308	 2	 16	 1113.jpg	 1.915018e+03	 12	 999000	 120	 999000	 999	 1.916035e+03	 916.67	 916.67	 20.00	 13	 0.53	 
BFE_308	 2	 16	 2213.jpg	 1.919022e+03	 24	 999000	 240	 999000	 999	 1.920040e+03	 916.67	 916.67	 47.00	 34	 0.76	 
BFE_308	 2	 16	 1201.jpg	 1.921024e+03	 12	 999000	 120	 999000	 999	 1.922042e+03	 916.67	 916.67	 4.00	 22	 0.80	 
BFE_308	 2	 16	 1114.jpg	 1.923027e+03	 11	 5.433412e+02	 11	 9.167336e+02	 98	 1.924045e+03	 916.67	 916.67	 9.00	 14	 0.71	 
BFE_308	 2	 16	 2111.jpg	 1.927015e+03	 24	 999000	 240	 999000	 999	 1.928032e+03	 916.67	 916.67	 78.00	 11	 0.14	 
BFE_308	 2	 16	 1209.jpg	 1.929017e+03	 12	 999000	 120	 999000	 999	 1.930035e+03	 916.67	 916.67	 22.00	 30	 0.46	 
BFE_308	 2	 16	 2102.jpg	 1.934022e+03	 22	 6.276393e+02	 22	 9.167018e+02	 98	 1.935040e+03	 916.67	 916.67	 54.00	 2	 0.60	 
BFE_308	 2	 16	 1215.jpg	 1.936025e+03	 12	 999000	 120	 999000	 999	 1.937042e+03	 916.67	 916.67	 15.00	 36	 0.59	 
BFE_308	 2	 16	 1210.jpg	 1.939028e+03	 12	 999000	 120	 999000	 999	 1.940046e+03	 916.67	 916.67	 38.00	 31	 0.15	 
BFE_308	 2	 16	 2215.jpg	 1.942014e+03	 24	 999000	 240	 999000	 999	 1.943032e+03	 916.67	 916.67	 44.00	 36	 0.79	 
BFE_308	 2	 16	 1109.jpg	 1.946019e+03	 12	 6.387319e+02	 12	 999000	 98	 1.947037e+03	 916.67	 916.67	 18.00	 9	 0.54	 
BFE_308	 2	 16	 2115.jpg	 1.949023e+03	 24	 999000	 240	 999000	 999	 1.950040e+03	 916.67	 916.67	 55.00	 15	 0.58	 
BFE_308	 2	 16	 1216.jpg	 1.951025e+03	 12	 999000	 120	 999000	 999	 1.952043e+03	 916.67	 916.67	 10.00	 37	 0.71	 
BFE_308	 2	 16	 2218.jpg	 1.954028e+03	 22	 5.899080e+02	 22	 9.167126e+02	 98	 1.955046e+03	 916.67	 916.67	 57.00	 39	 0.58	 
BFE_308	 2	 16	 2116.jpg	 1.958016e+03	 24	 999000	 240	 999000	 999	 1.959034e+03	 916.67	 916.67	 62.00	 16	 0.51	 
BFE_308	 2	 16	 1202.jpg	 1.961019e+03	 12	 999000	 120	 999000	 999	 1.962037e+03	 916.67	 916.67	 21.00	 23	 0.47	 
BFE_308	 2	 16	 1214.jpg	 1.963022e+03	 11	 6.525017e+02	 11	 9.167113e+02	 98	 1.964039e+03	 916.67	 916.67	 11.00	 35	 0.71	 
BFE_308	 2	 16	 1211.jpg	 1.965024e+03	 12	 999000	 120	 999000	 999	 1.966042e+03	 916.67	 916.67	 13.00	 32	 0.67	 
BFE_308	 2	 16	 2206.jpg	 1.970030e+03	 24	 999000	 240	 999000	 999	 1.971047e+03	 916.67	 916.67	 60.00	 27	 0.52	 
BFE_308	 2	 16	 2210.jpg	 1.974019e+03	 24	 999000	 240	 999000	 999	 1.975035e+03	 916.67	 916.67	 77.00	 31	 0.17	 
BFE_308	 2	 16	 2208.jpg	 1.978022e+03	 24	 999000	 240	 999000	 999	 1.979040e+03	 916.67	 916.67	 58.00	 29	 0.56	 
BFE_308	 2	 16	 1218.jpg	 1.984028e+03	 12	 5.095524e+02	 12	 999000	 98	 1.985046e+03	 916.67	 916.67	 3.00	 39	 0.85	 
BFE_308	 2	 16	 2209.jpg	 1.986014e+03	 22	 9.642768e+02	 220	 9.167017e+02	 98	 1.987032e+03	 916.67	 916.67	 49.00	 30	 0.71	 
BFE_308	 2	 16	 2105.jpg	 1.988016e+03	 24	 999000	 240	 999000	 999	 1.989034e+03	 916.67	 916.67	 50.00	 5	 0.68	 
BFE_308	 2	 16	 1219.jpg	 1.990019e+03	 12	 999000	 120	 999000	 999	 1.991036e+03	 916.67	 916.67	 19.00	 40	 0.53	 
BFE_308	 2	 16	 2216.jpg	 1.992021e+03	 24	 999000	 240	 999000	 999	 1.993039e+03	 916.67	 916.67	 53.00	 37	 0.64	 
BFE_308	 2	 16	 1105.jpg	 1.996025e+03	 11	 6.087683e+02	 11	 9.167016e+02	 98	 1.997043e+03	 916.67	 916.67	 17.00	 5	 0.57	 
BFE_308	 2	 16	 1207.jpg	 1.998028e+03	 12	 999000	 120	 999000	 999	 1.999045e+03	 916.67	 916.67	 12.00	 28	 0.67	 
BFE_308	 2	 16	 2203.jpg	 2.002015e+03	 24	 999000	 240	 999000	 999	 2.003033e+03	 916.67	 916.67	 59.00	 24	 0.53	 
BFE_308	 2	 16	 2121.jpg	 2.004018e+03	 22	 5.764097e+02	 22	 9.166963e+02	 98	 2.005035e+03	 916.67	 916.67	 48.00	 21	 0.72	 
BFE_308	 2	 16	 2219.jpg	 2.006020e+03	 24	 999000	 240	 999000	 999	 2.007038e+03	 916.67	 916.67	 43.00	 40	 0.83	 
BFE_308	 2	 16	 2204.jpg	 2.008022e+03	 24	 999000	 240	 999000	 999	 2.009040e+03	 916.67	 916.67	 61.00	 25	 0.51	 
BFE_308	 2	 16	 1103.jpg	 2.013028e+03	 11	 8.543493e+02	 11	 9.166958e+02	 98	 2.014045e+03	 916.67	 916.67	 8.00	 3	 0.74	 
BFE_308	 2	 16	 1110.jpg	 2.015013e+03	 11	 8.050353e+02	 11	 9.166988e+02	 98	 2.016031e+03	 916.67	 916.67	 14.00	 10	 0.60	 
BFE_308	 2	 16	 1203.jpg	 2.017016e+03	 11	 6.024878e+02	 11	 9.167052e+02	 98	 2.018033e+03	 916.67	 916.67	 16.00	 24	 0.58	 
BFE_308	 2	 16	 2109.jpg	 2.020019e+03	 22	 8.070602e+02	 22	 9.166933e+02	 98	 2.021037e+03	 916.67	 916.67	 56.00	 9	 0.58	 
BFE_308	 2	 16	 1208.jpg	 2.027027e+03	 12	 999000	 120	 999000	 999	 2.028045e+03	 916.67	 916.67	 7.00	 29	 0.76	 
BFE_308	 2	 16	 2110.jpg	 2.031015e+03	 24	 999000	 240	 999000	 999	 2.032032e+03	 916.67	 916.67	 52.00	 10	 0.66	 
BFE_308	 2	 16	 1117.jpg	 2.038022e+03	 12	 999000	 120	 999000	 999	 2.039040e+03	 916.67	 916.67	 37.00	 17	 0.17	 
