subjectID	 order	 runNum	 itemName	 onsetTime	 shuff_trialType	 RT	 respInTime	 AudioTime	 response	 fixationTime	 ladder1	 ladder2	 bidIndex	 itemNameIndex	 bidValue	 
BFE_132	 2	 14	 1219.jpg	 8.752802e+02	 12	 999000	 120	 999000	 999	 8.762981e+02	 583.33	 450.00	 20.00	 40	 0.55	 
BFE_132	 2	 14	 1113.jpg	 8.782671e+02	 11	 8.954808e+02	 110	 5.833744e+02	 98	 8.792848e+02	 600.00	 450.00	 9.00	 13	 0.65	 
BFE_132	 2	 14	 1109.jpg	 8.822717e+02	 11	 8.988956e+02	 110	 6.000298e+02	 98	 8.832893e+02	 616.67	 450.00	 16.00	 9	 0.59	 
BFE_132	 2	 14	 1110.jpg	 8.842737e+02	 11	 8.888297e+02	 110	 6.167062e+02	 98	 8.852916e+02	 633.33	 450.00	 8.00	 10	 0.66	 
BFE_132	 2	 14	 2116.jpg	 8.862761e+02	 24	 999000	 240	 999000	 999	 8.872938e+02	 633.33	 450.00	 61.00	 16	 0.55	 
BFE_132	 2	 14	 2216.jpg	 8.902635e+02	 24	 999000	 240	 999000	 999	 8.912816e+02	 633.33	 450.00	 50.00	 37	 0.75	 
BFE_132	 2	 14	 1213.jpg	 8.922661e+02	 11	 1.288450e+03	 1100	 6.333658e+02	 98	 8.932839e+02	 583.33	 450.00	 11.00	 34	 0.61	 
BFE_132	 2	 14	 2202.jpg	 8.972717e+02	 24	 999000	 240	 999000	 999	 8.982895e+02	 583.33	 450.00	 52.00	 23	 0.67	 
BFE_132	 2	 14	 2109.jpg	 8.992761e+02	 22	 9.104177e+02	 220	 4.500375e+02	 98	 9.002918e+02	 583.33	 466.67	 56.00	 9	 0.63	 
BFE_132	 2	 14	 2107.jpg	 9.022609e+02	 22	 7.576782e+02	 220	 4.667198e+02	 98	 9.032783e+02	 583.33	 483.33	 57.00	 7	 0.62	 
BFE_132	 2	 14	 2217.jpg	 9.052640e+02	 22	 7.865818e+02	 220	 4.833610e+02	 98	 9.062817e+02	 583.33	 500.00	 49.00	 38	 0.76	 
BFE_132	 2	 14	 2112.jpg	 9.092684e+02	 24	 999000	 240	 999000	 999	 9.102862e+02	 583.33	 500.00	 55.00	 12	 0.64	 
BFE_132	 2	 14	 2219.jpg	 9.122719e+02	 24	 999000	 240	 999000	 999	 9.132896e+02	 583.33	 500.00	 53.00	 40	 0.66	 
BFE_132	 2	 14	 2104.jpg	 9.142741e+02	 24	 999000	 240	 999000	 999	 9.152918e+02	 583.33	 500.00	 77.00	 4	 0.29	 
BFE_132	 2	 14	 2106.jpg	 9.172605e+02	 24	 999000	 240	 999000	 999	 9.182785e+02	 583.33	 500.00	 58.00	 6	 0.61	 
BFE_132	 2	 14	 1215.jpg	 9.212654e+02	 11	 8.972107e+02	 110	 5.833616e+02	 98	 9.222830e+02	 600.00	 500.00	 17.00	 36	 0.56	 
BFE_132	 2	 14	 2211.jpg	 9.242687e+02	 24	 999000	 240	 999000	 999	 9.252864e+02	 600.00	 500.00	 60.00	 32	 0.59	 
BFE_132	 2	 14	 1118.jpg	 9.262708e+02	 12	 999000	 120	 999000	 999	 9.272887e+02	 600.00	 500.00	 38.00	 18	 0.16	 
BFE_132	 2	 14	 1209.jpg	 9.282732e+02	 12	 999000	 120	 999000	 999	 9.292910e+02	 600.00	 500.00	 21.00	 30	 0.55	 
BFE_132	 2	 14	 2102.jpg	 9.332618e+02	 24	 999000	 240	 999000	 999	 9.342798e+02	 600.00	 500.00	 59.00	 2	 0.61	 
BFE_132	 2	 14	 2115.jpg	 9.372665e+02	 24	 999000	 240	 999000	 999	 9.382844e+02	 600.00	 500.00	 43.00	 15	 0.84	 
BFE_132	 2	 14	 2110.jpg	 9.412711e+02	 22	 7.874936e+02	 220	 5.000371e+02	 98	 9.422888e+02	 600.00	 516.67	 54.00	 10	 0.65	 
BFE_132	 2	 14	 1218.jpg	 9.472608e+02	 12	 999000	 120	 999000	 999	 9.482788e+02	 600.00	 516.67	 19.00	 39	 0.56	 
BFE_132	 2	 14	 2201.jpg	 9.492634e+02	 24	 999000	 240	 999000	 999	 9.502811e+02	 600.00	 516.67	 47.00	 22	 0.77	 
BFE_132	 2	 14	 1104.jpg	 9.512656e+02	 12	 999000	 120	 999000	 999	 9.522833e+02	 600.00	 516.67	 12.00	 4	 0.61	 
BFE_132	 2	 14	 1116.jpg	 9.532678e+02	 12	 999000	 120	 999000	 999	 9.542856e+02	 600.00	 516.67	 18.00	 16	 0.56	 
BFE_132	 2	 14	 2215.jpg	 9.552701e+02	 24	 999000	 240	 999000	 999	 9.562879e+02	 600.00	 516.67	 62.00	 36	 0.55	 
BFE_132	 2	 14	 1105.jpg	 9.592746e+02	 11	 9.999959e+02	 110	 6.000370e+02	 98	 9.602923e+02	 616.67	 516.67	 14.00	 5	 0.60	 
BFE_132	 2	 14	 2214.jpg	 9.612768e+02	 22	 8.457860e+02	 220	 5.166946e+02	 98	 9.622947e+02	 616.67	 533.33	 51.00	 35	 0.75	 
BFE_132	 2	 14	 2108.jpg	 9.652646e+02	 24	 999000	 240	 999000	 999	 9.662824e+02	 616.67	 533.33	 78.00	 8	 0.25	 
BFE_132	 2	 14	 1120.jpg	 9.672669e+02	 12	 999000	 120	 999000	 999	 9.682847e+02	 616.67	 533.33	 37.00	 20	 0.23	 
BFE_132	 2	 14	 1204.jpg	 9.692691e+02	 12	 999000	 120	 999000	 999	 9.702869e+02	 616.67	 533.33	 22.00	 25	 0.54	 
BFE_132	 2	 14	 1115.jpg	 9.712714e+02	 12	 999000	 120	 999000	 999	 9.722891e+02	 616.67	 533.33	 3.00	 15	 0.77	 
BFE_132	 2	 14	 2114.jpg	 9.762770e+02	 24	 999000	 240	 999000	 999	 9.772947e+02	 616.67	 533.33	 44.00	 14	 0.80	 
BFE_132	 2	 14	 1206.jpg	 9.782625e+02	 12	 999000	 120	 999000	 999	 9.792803e+02	 616.67	 533.33	 7.00	 27	 0.67	 
BFE_132	 2	 14	 1102.jpg	 9.802648e+02	 12	 999000	 120	 999000	 999	 9.812826e+02	 616.67	 533.33	 13.00	 2	 0.60	 
BFE_132	 2	 14	 1216.jpg	 9.832681e+02	 12	 999000	 120	 999000	 999	 9.842858e+02	 616.67	 533.33	 4.00	 37	 0.76	 
BFE_132	 2	 14	 1208.jpg	 9.902761e+02	 12	 999000	 120	 999000	 999	 9.912939e+02	 616.67	 533.33	 15.00	 29	 0.59	 
BFE_132	 2	 14	 2103.jpg	 9.942638e+02	 22	 8.668233e+02	 220	 5.333648e+02	 98	 9.952816e+02	 616.67	 550.00	 48.00	 3	 0.76	 
BFE_132	 2	 14	 1211.jpg	 1.001272e+03	 12	 999000	 120	 999000	 999	 1.002289e+03	 616.67	 550.00	 10.00	 32	 0.64	 
