subjectID	 order	 runNum	 itemName	 onsetTime	 shuff_trialType	 RT	 respInTime	 AudioTime	 response	 fixationTime	 ladder1	 ladder2	 bidIndex	 itemNameIndex	 bidValue	 
BFE_132	 2	 10	 2104.jpg	 3.933567e+02	 24	 999000	 240	 999000	 999	 3.943744e+02	 516.67	 583.33	 77.00	 4	 0.29	 
BFE_132	 2	 10	 2115.jpg	 3.963434e+02	 24	 999000	 240	 999000	 999	 3.973610e+02	 516.67	 583.33	 43.00	 15	 0.84	 
BFE_132	 2	 10	 2107.jpg	 3.983456e+02	 22	 9.609803e+02	 220	 5.833745e+02	 98	 3.993633e+02	 516.67	 600.00	 57.00	 7	 0.62	 
BFE_132	 2	 10	 1105.jpg	 4.003478e+02	 11	 8.387866e+02	 110	 5.167073e+02	 98	 4.013656e+02	 533.33	 600.00	 14.00	 5	 0.60	 
BFE_132	 2	 10	 2112.jpg	 4.023501e+02	 24	 999000	 240	 999000	 999	 4.033679e+02	 533.33	 600.00	 55.00	 12	 0.64	 
BFE_132	 2	 10	 2108.jpg	 4.053535e+02	 24	 999000	 240	 999000	 999	 4.063712e+02	 533.33	 600.00	 78.00	 8	 0.25	 
BFE_132	 2	 10	 1211.jpg	 4.073557e+02	 12	 999000	 120	 999000	 999	 4.083734e+02	 533.33	 600.00	 10.00	 32	 0.64	 
BFE_132	 2	 10	 2215.jpg	 4.113436e+02	 24	 5.895217e+01	 24	 999000	 98	 4.123612e+02	 533.33	 600.00	 62.00	 36	 0.55	 
BFE_132	 2	 10	 1120.jpg	 4.133457e+02	 12	 999000	 120	 999000	 999	 4.143635e+02	 533.33	 600.00	 37.00	 20	 0.23	 
BFE_132	 2	 10	 2214.jpg	 4.183514e+02	 22	 1.027210e+03	 2200	 6.000358e+02	 98	 4.193691e+02	 533.33	 550.00	 51.00	 35	 0.75	 
BFE_132	 2	 10	 1206.jpg	 4.203536e+02	 12	 999000	 120	 999000	 999	 4.213714e+02	 533.33	 550.00	 7.00	 27	 0.67	 
BFE_132	 2	 10	 2216.jpg	 4.243411e+02	 24	 999000	 240	 999000	 999	 4.253591e+02	 533.33	 550.00	 50.00	 37	 0.75	 
BFE_132	 2	 10	 2110.jpg	 4.263438e+02	 22	 1.010832e+03	 2200	 5.500259e+02	 98	 4.273645e+02	 533.33	 500.00	 54.00	 10	 0.65	 
BFE_132	 2	 10	 2106.jpg	 4.293470e+02	 24	 999000	 240	 999000	 999	 4.303650e+02	 533.33	 500.00	 58.00	 6	 0.61	 
BFE_132	 2	 10	 1219.jpg	 4.343526e+02	 12	 999000	 120	 999000	 999	 4.353704e+02	 533.33	 500.00	 20.00	 40	 0.55	 
BFE_132	 2	 10	 1218.jpg	 4.363549e+02	 12	 999000	 120	 999000	 999	 4.373726e+02	 533.33	 500.00	 19.00	 39	 0.56	 
BFE_132	 2	 10	 2211.jpg	 4.383571e+02	 24	 999000	 240	 999000	 999	 4.393749e+02	 533.33	 500.00	 60.00	 32	 0.59	 
BFE_132	 2	 10	 2116.jpg	 4.423449e+02	 24	 999000	 240	 999000	 999	 4.433627e+02	 533.33	 500.00	 61.00	 16	 0.55	 
BFE_132	 2	 10	 2219.jpg	 4.463494e+02	 24	 999000	 240	 999000	 999	 4.473672e+02	 533.33	 500.00	 53.00	 40	 0.66	 
BFE_132	 2	 10	 1208.jpg	 4.503539e+02	 12	 6.486849e+02	 12	 999000	 98	 4.513716e+02	 533.33	 500.00	 15.00	 29	 0.59	 
BFE_132	 2	 10	 1102.jpg	 4.523562e+02	 12	 999000	 120	 999000	 999	 4.533739e+02	 533.33	 500.00	 13.00	 2	 0.60	 
BFE_132	 2	 10	 2102.jpg	 4.543417e+02	 24	 999000	 240	 999000	 999	 4.553595e+02	 533.33	 500.00	 59.00	 2	 0.61	 
BFE_132	 2	 10	 2201.jpg	 4.563440e+02	 24	 999000	 240	 999000	 999	 4.573617e+02	 533.33	 500.00	 47.00	 22	 0.77	 
BFE_132	 2	 10	 1213.jpg	 4.583462e+02	 11	 9.524430e+02	 110	 5.333841e+02	 98	 4.593639e+02	 550.00	 500.00	 11.00	 34	 0.61	 
BFE_132	 2	 10	 2114.jpg	 4.643530e+02	 24	 999000	 240	 999000	 999	 4.653707e+02	 550.00	 500.00	 44.00	 14	 0.80	 
BFE_132	 2	 10	 1110.jpg	 4.673563e+02	 11	 8.382753e+02	 110	 5.500394e+02	 98	 4.683740e+02	 566.67	 500.00	 8.00	 10	 0.66	 
BFE_132	 2	 10	 1118.jpg	 4.693416e+02	 12	 999000	 120	 999000	 999	 4.703596e+02	 566.67	 500.00	 38.00	 18	 0.16	 
BFE_132	 2	 10	 1109.jpg	 4.713441e+02	 11	 9.305190e+02	 110	 5.667013e+02	 98	 4.723619e+02	 583.33	 500.00	 16.00	 9	 0.59	 
BFE_132	 2	 10	 1204.jpg	 4.743475e+02	 12	 999000	 120	 999000	 999	 4.753652e+02	 583.33	 500.00	 22.00	 25	 0.54	 
BFE_132	 2	 10	 1215.jpg	 4.763497e+02	 11	 8.288578e+02	 110	 5.833723e+02	 98	 4.773675e+02	 600.00	 500.00	 17.00	 36	 0.56	 
BFE_132	 2	 10	 2217.jpg	 4.783520e+02	 22	 4.106038e+02	 22	 5.000416e+02	 98	 4.793697e+02	 600.00	 516.67	 49.00	 38	 0.76	 
BFE_132	 2	 10	 2202.jpg	 4.803542e+02	 24	 999000	 240	 999000	 999	 4.813720e+02	 600.00	 516.67	 52.00	 23	 0.67	 
BFE_132	 2	 10	 2109.jpg	 4.833406e+02	 22	 7.980120e+02	 220	 5.166948e+02	 98	 4.843587e+02	 600.00	 533.33	 56.00	 9	 0.63	 
BFE_132	 2	 10	 1113.jpg	 4.853431e+02	 11	 9.154783e+02	 110	 6.000297e+02	 98	 4.863609e+02	 616.67	 533.33	 9.00	 13	 0.65	 
BFE_132	 2	 10	 2103.jpg	 4.873453e+02	 22	 7.932203e+02	 220	 5.333660e+02	 98	 4.883631e+02	 616.67	 550.00	 48.00	 3	 0.76	 
BFE_132	 2	 10	 1209.jpg	 4.893476e+02	 12	 999000	 120	 999000	 999	 4.903653e+02	 616.67	 550.00	 21.00	 30	 0.55	 
BFE_132	 2	 10	 1115.jpg	 4.913498e+02	 12	 999000	 120	 999000	 999	 4.923676e+02	 616.67	 550.00	 3.00	 15	 0.77	 
BFE_132	 2	 10	 1116.jpg	 4.973565e+02	 12	 999000	 120	 999000	 999	 4.983744e+02	 616.67	 550.00	 18.00	 16	 0.56	 
BFE_132	 2	 10	 1216.jpg	 5.003433e+02	 12	 999000	 120	 999000	 999	 5.013611e+02	 616.67	 550.00	 4.00	 37	 0.76	 
BFE_132	 2	 10	 1104.jpg	 5.043477e+02	 12	 999000	 120	 999000	 999	 5.053655e+02	 616.67	 550.00	 12.00	 4	 0.61	 
