subjectID	 order	 runNum	 itemName	 onsetTime	 shuff_trialType	 RT	 respInTime	 AudioTime	 response	 fixationTime	 ladder1	 ladder2	 bidIndex	 itemNameIndex	 bidValue	 
BFE_340	 2	 14	 1109.jpg	 9.207213e+02	 12	 999000	 120	 999000	 999	 9.217376e+02	 916.67	 866.67	 18.00	 9	 0.54	 
BFE_340	 2	 14	 2105.jpg	 9.227053e+02	 24	 999000	 240	 999000	 999	 9.237230e+02	 916.67	 866.67	 50.00	 5	 0.73	 
BFE_340	 2	 14	 2111.jpg	 9.267098e+02	 24	 999000	 240	 999000	 999	 9.277276e+02	 916.67	 866.67	 59.00	 11	 0.55	 
BFE_340	 2	 14	 1201.jpg	 9.297132e+02	 11	 6.009099e+02	 11	 9.167322e+02	 98	 9.307309e+02	 916.67	 866.67	 8.00	 22	 0.75	 
BFE_340	 2	 14	 2203.jpg	 9.317153e+02	 24	 999000	 240	 999000	 999	 9.327332e+02	 916.67	 866.67	 61.00	 24	 0.53	 
BFE_340	 2	 14	 1115.jpg	 9.347187e+02	 11	 5.393429e+02	 11	 9.167093e+02	 98	 9.357365e+02	 916.67	 866.67	 11.00	 15	 0.69	 
BFE_340	 2	 14	 1208.jpg	 9.387066e+02	 12	 999000	 120	 999000	 999	 9.397243e+02	 916.67	 866.67	 38.00	 29	 0.16	 
BFE_340	 2	 14	 2217.jpg	 9.427110e+02	 24	 999000	 240	 999000	 999	 9.437288e+02	 916.67	 866.67	 55.00	 38	 0.61	 
BFE_340	 2	 14	 1106.jpg	 9.447133e+02	 11	 1.056816e+03	 1100	 9.167193e+02	 98	 9.457310e+02	 866.67	 866.67	 14.00	 6	 0.63	 
BFE_340	 2	 14	 1206.jpg	 9.497189e+02	 12	 999000	 120	 999000	 999	 9.507367e+02	 866.67	 866.67	 7.00	 27	 0.76	 
BFE_340	 2	 14	 2102.jpg	 9.517041e+02	 24	 999000	 240	 999000	 999	 9.527222e+02	 866.67	 866.67	 47.00	 2	 0.81	 
BFE_340	 2	 14	 2114.jpg	 9.537067e+02	 24	 999000	 240	 999000	 999	 9.547245e+02	 866.67	 866.67	 52.00	 14	 0.66	 
BFE_340	 2	 14	 2109.jpg	 9.597134e+02	 22	 1.048709e+03	 2200	 8.667693e+02	 98	 9.607312e+02	 866.67	 816.67	 51.00	 9	 0.71	 
BFE_340	 2	 14	 2117.jpg	 9.617158e+02	 22	 8.063250e+02	 22	 8.167180e+02	 98	 9.627334e+02	 866.67	 833.33	 56.00	 17	 0.59	 
BFE_340	 2	 14	 1105.jpg	 9.637180e+02	 12	 999000	 120	 999000	 999	 9.647356e+02	 866.67	 833.33	 21.00	 5	 0.49	 
BFE_340	 2	 14	 2219.jpg	 9.657202e+02	 22	 6.099177e+02	 22	 8.333769e+02	 98	 9.667380e+02	 866.67	 850.00	 57.00	 40	 0.57	 
BFE_340	 2	 14	 1118.jpg	 9.697079e+02	 12	 999000	 120	 999000	 999	 9.707257e+02	 866.67	 850.00	 19.00	 18	 0.54	 
BFE_340	 2	 14	 2209.jpg	 9.737125e+02	 22	 4.656357e+02	 22	 8.500451e+02	 98	 9.747303e+02	 866.67	 866.67	 54.00	 30	 0.63	 
BFE_340	 2	 14	 2211.jpg	 9.767158e+02	 22	 5.022157e+02	 22	 8.667047e+02	 98	 9.777335e+02	 866.67	 883.33	 48.00	 32	 0.76	 
BFE_340	 2	 14	 2103.jpg	 9.807203e+02	 24	 999000	 240	 999000	 999	 9.817381e+02	 866.67	 883.33	 44.00	 3	 0.85	 
BFE_340	 2	 14	 2213.jpg	 9.837069e+02	 24	 1.071140e+03	 24	 999000	 98	 9.847248e+02	 866.67	 883.33	 62.00	 34	 0.51	 
BFE_340	 2	 14	 1120.jpg	 9.857092e+02	 12	 999000	 120	 999000	 999	 9.867271e+02	 866.67	 883.33	 12.00	 20	 0.67	 
BFE_340	 2	 14	 1119.jpg	 9.897137e+02	 12	 999000	 120	 999000	 999	 9.907315e+02	 866.67	 883.33	 37.00	 19	 0.19	 
BFE_340	 2	 14	 2208.jpg	 9.917160e+02	 24	 999000	 240	 999000	 999	 9.927337e+02	 866.67	 883.33	 77.00	 29	 0.18	 
BFE_340	 2	 14	 2116.jpg	 9.937182e+02	 24	 999000	 240	 999000	 999	 9.947360e+02	 866.67	 883.33	 53.00	 16	 0.65	 
BFE_340	 2	 14	 1114.jpg	 9.977060e+02	 11	 6.640661e+02	 11	 8.667067e+02	 98	 9.987238e+02	 883.33	 883.33	 9.00	 14	 0.74	 
BFE_340	 2	 14	 2101.jpg	 9.997083e+02	 24	 999000	 240	 999000	 999	 1.000726e+03	 883.33	 883.33	 78.00	 1	 0.17	 
BFE_340	 2	 14	 1217.jpg	 1.003713e+03	 12	 999000	 120	 999000	 999	 1.004730e+03	 883.33	 883.33	 15.00	 38	 0.56	 
BFE_340	 2	 14	 1219.jpg	 1.007717e+03	 11	 6.046840e+02	 11	 8.833911e+02	 98	 1.008735e+03	 900.00	 883.33	 17.00	 40	 0.55	 
BFE_340	 2	 14	 2202.jpg	 1.010721e+03	 24	 999000	 240	 999000	 999	 1.011738e+03	 900.00	 883.33	 60.00	 23	 0.54	 
BFE_340	 2	 14	 1107.jpg	 1.016711e+03	 12	 999000	 120	 999000	 999	 1.017728e+03	 900.00	 883.33	 13.00	 7	 0.64	 
BFE_340	 2	 14	 1103.jpg	 1.018713e+03	 12	 999000	 120	 999000	 999	 1.019731e+03	 900.00	 883.33	 4.00	 3	 0.81	 
BFE_340	 2	 14	 1121.jpg	 1.022717e+03	 12	 999000	 120	 999000	 999	 1.023735e+03	 900.00	 883.33	 10.00	 21	 0.72	 
BFE_340	 2	 14	 1204.jpg	 1.024720e+03	 12	 7.944823e+02	 12	 999000	 98	 1.025738e+03	 900.00	 883.33	 22.00	 25	 0.47	 
BFE_340	 2	 14	 2113.jpg	 1.026705e+03	 24	 999000	 240	 999000	 999	 1.027723e+03	 900.00	 883.33	 43.00	 13	 0.88	 
BFE_340	 2	 14	 1218.jpg	 1.028707e+03	 12	 999000	 120	 999000	 999	 1.029725e+03	 900.00	 883.33	 20.00	 39	 0.53	 
BFE_340	 2	 14	 1117.jpg	 1.033713e+03	 12	 4.969820e+02	 12	 999000	 98	 1.034731e+03	 900.00	 883.33	 3.00	 17	 0.85	 
BFE_340	 2	 14	 2218.jpg	 1.035715e+03	 24	 999000	 240	 999000	 999	 1.036733e+03	 900.00	 883.33	 58.00	 39	 0.57	 
BFE_340	 2	 14	 1213.jpg	 1.037717e+03	 11	 7.486019e+02	 11	 9.000567e+02	 98	 1.038735e+03	 916.67	 883.33	 16.00	 34	 0.56	 
BFE_340	 2	 14	 2115.jpg	 1.040704e+03	 22	 999000	 2	 8.834226e+02	 999	 1.041722e+03	 916.67	 833.33	 49.00	 15	 0.73	 
