subjectID	 order	 runNum	 itemName	 onsetTime	 shuff_trialType	 RT	 respInTime	 AudioTime	 response	 fixationTime	 ladder1	 ladder2	 bidIndex	 itemNameIndex	 bidValue	 
BFE_336	 2	 15	 2113.jpg	 1.068223e+03	 24	 999000	 240	 999000	 999	 1.069240e+03	 683.33	 683.33	 61.00	 13	 0.48	 
BFE_336	 2	 15	 2213.jpg	 1.070208e+03	 24	 999000	 240	 999000	 999	 1.071226e+03	 683.33	 683.33	 58.00	 34	 0.52	 
BFE_336	 2	 15	 1103.jpg	 1.074213e+03	 12	 999000	 120	 999000	 999	 1.075230e+03	 683.33	 683.33	 12.00	 3	 0.57	 
BFE_336	 2	 15	 1102.jpg	 1.077216e+03	 11	 9.144540e+02	 110	 6.834003e+02	 98	 1.078234e+03	 700.00	 683.33	 9.00	 2	 0.65	 
BFE_336	 2	 15	 2101.jpg	 1.079218e+03	 24	 999000	 240	 999000	 999	 1.080236e+03	 700.00	 683.33	 53.00	 1	 0.63	 
BFE_336	 2	 15	 2208.jpg	 1.082205e+03	 24	 999000	 240	 999000	 999	 1.083223e+03	 700.00	 683.33	 50.00	 29	 0.67	 
BFE_336	 2	 15	 2218.jpg	 1.086211e+03	 22	 9.272765e+02	 220	 6.833978e+02	 98	 1.087227e+03	 700.00	 700.00	 51.00	 39	 0.66	 
BFE_336	 2	 15	 2206.jpg	 1.090214e+03	 22	 9.085113e+02	 220	 7.000410e+02	 98	 1.091232e+03	 700.00	 716.67	 48.00	 27	 0.75	 
BFE_336	 2	 15	 2107.jpg	 1.092216e+03	 24	 999000	 240	 999000	 999	 1.093234e+03	 700.00	 716.67	 60.00	 7	 0.49	 
BFE_336	 2	 15	 2212.jpg	 1.097205e+03	 24	 999000	 240	 999000	 999	 1.098223e+03	 700.00	 716.67	 59.00	 33	 0.50	 
BFE_336	 2	 15	 2106.jpg	 1.099207e+03	 24	 999000	 240	 999000	 999	 1.100225e+03	 700.00	 716.67	 55.00	 6	 0.60	 
BFE_336	 2	 15	 2108.jpg	 1.101210e+03	 24	 999000	 240	 999000	 999	 1.102227e+03	 700.00	 716.67	 62.00	 8	 0.47	 
BFE_336	 2	 15	 1201.jpg	 1.107216e+03	 12	 999000	 120	 999000	 999	 1.108234e+03	 700.00	 716.67	 10.00	 22	 0.63	 
BFE_336	 2	 15	 2215.jpg	 1.109219e+03	 24	 999000	 240	 999000	 999	 1.110236e+03	 700.00	 716.67	 78.00	 36	 0.32	 
BFE_336	 2	 15	 1214.jpg	 1.111204e+03	 11	 9.262375e+02	 110	 7.000494e+02	 98	 1.112222e+03	 716.67	 716.67	 11.00	 35	 0.60	 
BFE_336	 2	 15	 1110.jpg	 1.113206e+03	 12	 999000	 120	 999000	 999	 1.114224e+03	 716.67	 716.67	 18.00	 10	 0.50	 
BFE_336	 2	 15	 1112.jpg	 1.117213e+03	 12	 999000	 120	 999000	 999	 1.118228e+03	 716.67	 716.67	 13.00	 12	 0.54	 
BFE_336	 2	 15	 1205.jpg	 1.121215e+03	 12	 999000	 120	 999000	 999	 1.122233e+03	 716.67	 716.67	 20.00	 26	 0.48	 
BFE_336	 2	 15	 1210.jpg	 1.124219e+03	 12	 999000	 120	 999000	 999	 1.125236e+03	 716.67	 716.67	 37.00	 31	 0.34	 
BFE_336	 2	 15	 1101.jpg	 1.128206e+03	 11	 9.158578e+02	 110	 7.167116e+02	 98	 1.129224e+03	 733.33	 716.67	 14.00	 1	 0.54	 
BFE_336	 2	 15	 1113.jpg	 1.131210e+03	 11	 1.048468e+03	 1100	 7.333732e+02	 98	 1.132228e+03	 683.33	 716.67	 8.00	 13	 0.68	 
BFE_336	 2	 15	 1109.jpg	 1.133212e+03	 11	 9.183729e+02	 110	 6.833906e+02	 98	 1.134230e+03	 700.00	 716.67	 17.00	 9	 0.51	 
BFE_336	 2	 15	 2116.jpg	 1.137217e+03	 24	 999000	 240	 999000	 999	 1.138234e+03	 700.00	 716.67	 52.00	 16	 0.66	 
BFE_336	 2	 15	 1204.jpg	 1.139219e+03	 12	 999000	 120	 999000	 999	 1.140237e+03	 700.00	 716.67	 38.00	 25	 0.33	 
BFE_336	 2	 15	 2201.jpg	 1.141204e+03	 22	 9.982659e+02	 220	 7.167025e+02	 98	 1.142225e+03	 700.00	 733.33	 49.00	 22	 0.75	 
BFE_336	 2	 15	 1116.jpg	 1.145209e+03	 12	 999000	 120	 999000	 999	 1.146227e+03	 700.00	 733.33	 22.00	 16	 0.44	 
BFE_336	 2	 15	 2118.jpg	 1.147211e+03	 24	 999000	 240	 999000	 999	 1.148229e+03	 700.00	 733.33	 47.00	 18	 0.76	 
BFE_336	 2	 15	 1208.jpg	 1.151216e+03	 12	 999000	 120	 999000	 999	 1.152233e+03	 700.00	 733.33	 15.00	 29	 0.54	 
BFE_336	 2	 15	 1203.jpg	 1.155203e+03	 11	 9.353068e+02	 110	 7.000602e+02	 98	 1.156221e+03	 716.67	 733.33	 16.00	 24	 0.51	 
BFE_336	 2	 15	 2111.jpg	 1.158207e+03	 24	 999000	 240	 999000	 999	 1.159225e+03	 716.67	 733.33	 44.00	 11	 0.78	 
BFE_336	 2	 15	 2202.jpg	 1.164213e+03	 24	 999000	 240	 999000	 999	 1.165231e+03	 716.67	 733.33	 77.00	 23	 0.32	 
BFE_336	 2	 15	 1219.jpg	 1.166216e+03	 12	 999000	 120	 999000	 999	 1.167233e+03	 716.67	 733.33	 19.00	 40	 0.50	 
BFE_336	 2	 15	 1213.jpg	 1.170204e+03	 12	 999000	 120	 999000	 999	 1.171224e+03	 716.67	 733.33	 21.00	 34	 0.47	 
BFE_336	 2	 15	 2207.jpg	 1.172206e+03	 22	 1.004567e+03	 2200	 7.333816e+02	 98	 1.173227e+03	 716.67	 683.33	 57.00	 28	 0.53	 
BFE_336	 2	 15	 2103.jpg	 1.174208e+03	 24	 999000	 240	 999000	 999	 1.175226e+03	 716.67	 683.33	 43.00	 3	 0.79	 
BFE_336	 2	 15	 2203.jpg	 1.176210e+03	 22	 6.960361e+02	 220	 6.833850e+02	 98	 1.177228e+03	 716.67	 700.00	 56.00	 24	 0.56	 
BFE_336	 2	 15	 1215.jpg	 1.181216e+03	 12	 999000	 120	 999000	 999	 1.182234e+03	 716.67	 700.00	 7.00	 36	 0.68	 
BFE_336	 2	 15	 2219.jpg	 1.183218e+03	 22	 1.000292e+03	 2200	 7.000343e+02	 98	 1.184236e+03	 716.67	 650.00	 54.00	 40	 0.61	 
BFE_336	 2	 15	 1218.jpg	 1.185204e+03	 12	 999000	 120	 999000	 999	 1.186221e+03	 716.67	 650.00	 4.00	 39	 0.73	 
BFE_336	 2	 15	 1216.jpg	 1.188207e+03	 12	 999000	 120	 999000	 999	 1.189225e+03	 716.67	 650.00	 3.00	 37	 0.75	 
