subjectID	 order	 runNum	 itemName	 onsetTime	 shuff_trialType	 RT	 respInTime	 AudioTime	 response	 fixationTime	 ladder1	 ladder2	 bidIndex	 itemNameIndex	 bidValue	 
BFE_337	 1	 17	 1206.jpg	 1.334997e+03	 11	 9.565970e+02	 110	 5.500588e+02	 98	 1.336015e+03	 566.67	 616.67	 10.00	 27	 0.65	 
BFE_337	 1	 17	 1212.jpg	 1.337984e+03	 12	 999000	 120	 999000	 999	 1.339002e+03	 566.67	 616.67	 21.00	 33	 0.50	 
BFE_337	 1	 17	 2207.jpg	 1.341989e+03	 24	 999000	 240	 999000	 999	 1.343006e+03	 566.67	 616.67	 62.00	 28	 0.46	 
BFE_337	 1	 17	 1106.jpg	 1.343991e+03	 12	 999000	 120	 999000	 999	 1.345009e+03	 566.67	 616.67	 4.00	 6	 0.79	 
BFE_337	 1	 17	 2103.jpg	 1.345993e+03	 24	 999000	 240	 999000	 999	 1.347011e+03	 566.67	 616.67	 48.00	 3	 0.73	 
BFE_337	 1	 17	 2109.jpg	 1.349998e+03	 22	 9.404348e+02	 220	 6.167249e+02	 98	 1.351015e+03	 566.67	 633.33	 52.00	 9	 0.63	 
BFE_337	 1	 17	 2216.jpg	 1.351983e+03	 22	 8.747275e+02	 220	 6.333727e+02	 98	 1.353001e+03	 566.67	 650.00	 47.00	 37	 0.74	 
BFE_337	 1	 17	 1118.jpg	 1.356989e+03	 12	 999000	 120	 999000	 999	 1.358007e+03	 566.67	 650.00	 38.00	 18	 0.19	 
BFE_337	 1	 17	 2209.jpg	 1.358991e+03	 24	 999000	 240	 999000	 999	 1.360009e+03	 566.67	 650.00	 43.00	 30	 0.83	 
BFE_337	 1	 17	 2219.jpg	 1.361994e+03	 24	 999000	 240	 999000	 999	 1.363012e+03	 566.67	 650.00	 44.00	 40	 0.82	 
BFE_337	 1	 17	 1121.jpg	 1.364998e+03	 11	 8.763217e+02	 110	 5.667041e+02	 98	 1.366015e+03	 583.33	 650.00	 12.00	 21	 0.64	 
BFE_337	 1	 17	 2106.jpg	 1.368986e+03	 24	 999000	 240	 999000	 999	 1.370003e+03	 583.33	 650.00	 59.00	 6	 0.50	 
BFE_337	 1	 17	 1209.jpg	 1.371989e+03	 12	 999000	 120	 999000	 999	 1.373007e+03	 583.33	 650.00	 3.00	 30	 0.79	 
BFE_337	 1	 17	 2107.jpg	 1.373991e+03	 24	 999000	 240	 999000	 999	 1.375009e+03	 583.33	 650.00	 78.00	 7	 0.20	 
BFE_337	 1	 17	 2104.jpg	 1.376994e+03	 24	 999000	 240	 999000	 999	 1.378012e+03	 583.33	 650.00	 61.00	 4	 0.46	 
BFE_337	 1	 17	 1115.jpg	 1.380982e+03	 11	 9.161619e+02	 110	 5.833811e+02	 98	 1.382000e+03	 600.00	 650.00	 13.00	 15	 0.63	 
BFE_337	 1	 17	 2212.jpg	 1.383986e+03	 22	 1.056368e+03	 2200	 6.500421e+02	 98	 1.385003e+03	 600.00	 600.00	 53.00	 33	 0.59	 
BFE_337	 1	 17	 2101.jpg	 1.385988e+03	 24	 999000	 240	 999000	 999	 1.387006e+03	 600.00	 600.00	 54.00	 1	 0.59	 
BFE_337	 1	 17	 2211.jpg	 1.387990e+03	 22	 8.838634e+02	 220	 6.000303e+02	 98	 1.389008e+03	 600.00	 616.67	 50.00	 32	 0.63	 
BFE_337	 1	 17	 2102.jpg	 1.392996e+03	 22	 8.863196e+02	 220	 6.166994e+02	 98	 1.394014e+03	 600.00	 633.33	 58.00	 2	 0.51	 
BFE_337	 1	 17	 1216.jpg	 1.396984e+03	 12	 999000	 120	 999000	 999	 1.398001e+03	 600.00	 633.33	 14.00	 37	 0.61	 
BFE_337	 1	 17	 1109.jpg	 1.400988e+03	 11	 9.020283e+02	 110	 6.000417e+02	 98	 1.402006e+03	 616.67	 633.33	 7.00	 9	 0.73	 
BFE_337	 1	 17	 1107.jpg	 1.406995e+03	 12	 999000	 120	 999000	 999	 1.408013e+03	 616.67	 633.33	 20.00	 7	 0.50	 
BFE_337	 1	 17	 1112.jpg	 1.408997e+03	 12	 999000	 120	 999000	 999	 1.410015e+03	 616.67	 633.33	 17.00	 12	 0.56	 
BFE_337	 1	 17	 1217.jpg	 1.410982e+03	 12	 999000	 120	 999000	 999	 1.412000e+03	 616.67	 633.33	 8.00	 38	 0.70	 
BFE_337	 1	 17	 2206.jpg	 1.412985e+03	 24	 999000	 240	 999000	 999	 1.414003e+03	 616.67	 633.33	 51.00	 27	 0.63	 
BFE_337	 1	 17	 1102.jpg	 1.414987e+03	 11	 9.109346e+02	 110	 6.167011e+02	 98	 1.416005e+03	 633.33	 633.33	 15.00	 2	 0.59	 
BFE_337	 1	 17	 2108.jpg	 1.418991e+03	 24	 999000	 240	 999000	 999	 1.420009e+03	 633.33	 633.33	 77.00	 8	 0.21	 
BFE_337	 1	 17	 1117.jpg	 1.420994e+03	 12	 999000	 120	 999000	 999	 1.422012e+03	 633.33	 633.33	 11.00	 17	 0.64	 
BFE_337	 1	 17	 1205.jpg	 1.424998e+03	 12	 999000	 120	 999000	 999	 1.426016e+03	 633.33	 633.33	 9.00	 26	 0.68	 
BFE_337	 1	 17	 2213.jpg	 1.426984e+03	 24	 999000	 240	 999000	 999	 1.428002e+03	 633.33	 633.33	 49.00	 34	 0.70	 
BFE_337	 1	 17	 1120.jpg	 1.428986e+03	 12	 999000	 120	 999000	 999	 1.430004e+03	 633.33	 633.33	 37.00	 20	 0.22	 
BFE_337	 1	 17	 2117.jpg	 1.430988e+03	 22	 1.053698e+03	 2200	 6.333788e+02	 98	 1.432006e+03	 633.33	 583.33	 55.00	 17	 0.55	 
BFE_337	 1	 17	 1213.jpg	 1.435994e+03	 12	 999000	 120	 999000	 999	 1.437012e+03	 633.33	 583.33	 16.00	 34	 0.56	 
BFE_337	 1	 17	 2217.jpg	 1.437996e+03	 24	 999000	 240	 999000	 999	 1.439014e+03	 633.33	 583.33	 56.00	 38	 0.52	 
BFE_337	 1	 17	 1105.jpg	 1.439998e+03	 11	 9.476904e+02	 110	 6.333662e+02	 98	 1.441016e+03	 650.00	 583.33	 18.00	 5	 0.55	 
BFE_337	 1	 17	 2204.jpg	 1.442985e+03	 24	 999000	 240	 999000	 999	 1.444003e+03	 650.00	 583.33	 57.00	 25	 0.52	 
BFE_337	 1	 17	 1215.jpg	 1.449993e+03	 12	 999000	 120	 999000	 999	 1.451011e+03	 650.00	 583.33	 22.00	 36	 0.48	 
BFE_337	 1	 17	 1114.jpg	 1.453997e+03	 12	 999000	 120	 999000	 999	 1.455015e+03	 650.00	 583.33	 19.00	 14	 0.52	 
BFE_337	 1	 17	 2114.jpg	 1.460989e+03	 24	 999000	 240	 999000	 999	 1.462006e+03	 650.00	 583.33	 60.00	 14	 0.48	 
