subjectID	 order	 runNum	 itemName	 onsetTime	 shuff_trialType	 RT	 respInTime	 AudioTime	 response	 fixationTime	 ladder1	 ladder2	 bidIndex	 itemNameIndex	 bidValue	 
BFE_340	 2	 9	 1107.jpg	 2.961550e+02	 12	 999000	 120	 999000	 999	 2.971707e+02	 683.33	 750.00	 13.00	 7	 0.64	 
BFE_340	 2	 9	 2109.jpg	 2.981214e+02	 22	 1.072647e+03	 2200	 7.500594e+02	 98	 2.991396e+02	 683.33	 700.00	 51.00	 9	 0.71	 
BFE_340	 2	 9	 1201.jpg	 3.021262e+02	 11	 9.239050e+02	 110	 6.833909e+02	 98	 3.031440e+02	 700.00	 700.00	 8.00	 22	 0.75	 
BFE_340	 2	 9	 1117.jpg	 3.051297e+02	 12	 999000	 120	 999000	 999	 3.061474e+02	 700.00	 700.00	 3.00	 17	 0.85	 
BFE_340	 2	 9	 1109.jpg	 3.071319e+02	 12	 999000	 120	 999000	 999	 3.081496e+02	 700.00	 700.00	 18.00	 9	 0.54	 
BFE_340	 2	 9	 1219.jpg	 3.101352e+02	 11	 9.389319e+02	 110	 7.000447e+02	 98	 3.111529e+02	 716.67	 700.00	 17.00	 40	 0.55	 
BFE_340	 2	 9	 1208.jpg	 3.141230e+02	 12	 999000	 120	 999000	 999	 3.151408e+02	 716.67	 700.00	 38.00	 29	 0.16	 
BFE_340	 2	 9	 2111.jpg	 3.181275e+02	 24	 999000	 240	 999000	 999	 3.191453e+02	 716.67	 700.00	 59.00	 11	 0.55	 
BFE_340	 2	 9	 2208.jpg	 3.201299e+02	 24	 999000	 240	 999000	 999	 3.211476e+02	 716.67	 700.00	 77.00	 29	 0.18	 
BFE_340	 2	 9	 1115.jpg	 3.251354e+02	 11	 9.706660e+02	 110	 7.167155e+02	 98	 3.261532e+02	 733.33	 700.00	 11.00	 15	 0.69	 
BFE_340	 2	 9	 2116.jpg	 3.271376e+02	 24	 999000	 240	 999000	 999	 3.281554e+02	 733.33	 700.00	 53.00	 16	 0.65	 
BFE_340	 2	 9	 1114.jpg	 3.291233e+02	 11	 9.987781e+02	 110	 7.333733e+02	 98	 3.301429e+02	 750.00	 700.00	 9.00	 14	 0.74	 
BFE_340	 2	 9	 1121.jpg	 3.351298e+02	 12	 999000	 120	 999000	 999	 3.361477e+02	 750.00	 700.00	 10.00	 21	 0.72	 
BFE_340	 2	 9	 2213.jpg	 3.371323e+02	 24	 999000	 240	 999000	 999	 3.381499e+02	 750.00	 700.00	 62.00	 34	 0.51	 
BFE_340	 2	 9	 1213.jpg	 3.391344e+02	 11	 9.716440e+02	 110	 7.500431e+02	 98	 3.401521e+02	 766.67	 700.00	 16.00	 34	 0.56	 
BFE_340	 2	 9	 2102.jpg	 3.411367e+02	 24	 999000	 240	 999000	 999	 3.421545e+02	 766.67	 700.00	 47.00	 2	 0.81	 
BFE_340	 2	 9	 1106.jpg	 3.451244e+02	 11	 9.816881e+02	 110	 7.667401e+02	 98	 3.461422e+02	 783.33	 700.00	 14.00	 6	 0.63	 
BFE_340	 2	 9	 1206.jpg	 3.491289e+02	 12	 999000	 120	 999000	 999	 3.501467e+02	 783.33	 700.00	 7.00	 27	 0.76	 
BFE_340	 2	 9	 2203.jpg	 3.521323e+02	 24	 999000	 240	 999000	 999	 3.531500e+02	 783.33	 700.00	 61.00	 24	 0.53	 
BFE_340	 2	 9	 2117.jpg	 3.561368e+02	 22	 9.053080e+02	 220	 7.000359e+02	 98	 3.571546e+02	 783.33	 716.67	 56.00	 17	 0.59	 
BFE_340	 2	 9	 2101.jpg	 3.591236e+02	 24	 999000	 240	 999000	 999	 3.601412e+02	 783.33	 716.67	 78.00	 1	 0.17	 
BFE_340	 2	 9	 2113.jpg	 3.611258e+02	 24	 999000	 240	 999000	 999	 3.621435e+02	 783.33	 716.67	 43.00	 13	 0.88	 
BFE_340	 2	 9	 2218.jpg	 3.651303e+02	 24	 999000	 240	 999000	 999	 3.661481e+02	 783.33	 716.67	 58.00	 39	 0.57	 
BFE_340	 2	 9	 2103.jpg	 3.671324e+02	 24	 999000	 240	 999000	 999	 3.681505e+02	 783.33	 716.67	 44.00	 3	 0.85	 
BFE_340	 2	 9	 1119.jpg	 3.691348e+02	 12	 999000	 120	 999000	 999	 3.701525e+02	 783.33	 716.67	 37.00	 19	 0.19	 
BFE_340	 2	 9	 2211.jpg	 3.731226e+02	 22	 9.274879e+02	 220	 7.167296e+02	 98	 3.741403e+02	 783.33	 733.33	 48.00	 32	 0.76	 
BFE_340	 2	 9	 1218.jpg	 3.751247e+02	 12	 999000	 120	 999000	 999	 3.761425e+02	 783.33	 733.33	 20.00	 39	 0.53	 
BFE_340	 2	 9	 1217.jpg	 3.791293e+02	 12	 999000	 120	 999000	 999	 3.801471e+02	 783.33	 733.33	 15.00	 38	 0.56	 
BFE_340	 2	 9	 1120.jpg	 3.831337e+02	 12	 999000	 120	 999000	 999	 3.841515e+02	 783.33	 733.33	 12.00	 20	 0.67	 
BFE_340	 2	 9	 2202.jpg	 3.861370e+02	 24	 999000	 240	 999000	 999	 3.871549e+02	 783.33	 733.33	 60.00	 23	 0.54	 
BFE_340	 2	 9	 1204.jpg	 3.921272e+02	 12	 999000	 120	 999000	 999	 3.931449e+02	 783.33	 733.33	 22.00	 25	 0.47	 
BFE_340	 2	 9	 2209.jpg	 3.941294e+02	 22	 1.008698e+03	 2200	 7.333719e+02	 98	 3.951488e+02	 783.33	 683.33	 54.00	 30	 0.63	 
BFE_340	 2	 9	 2105.jpg	 3.981339e+02	 24	 999000	 240	 999000	 999	 3.991516e+02	 783.33	 683.33	 50.00	 5	 0.73	 
BFE_340	 2	 9	 2114.jpg	 4.001361e+02	 24	 999000	 240	 999000	 999	 4.011539e+02	 783.33	 683.33	 52.00	 14	 0.66	 
BFE_340	 2	 9	 1103.jpg	 4.021214e+02	 12	 999000	 120	 999000	 999	 4.031394e+02	 783.33	 683.33	 4.00	 3	 0.81	 
BFE_340	 2	 9	 2115.jpg	 4.041240e+02	 22	 9.020658e+02	 220	 6.834231e+02	 98	 4.051417e+02	 783.33	 700.00	 49.00	 15	 0.73	 
BFE_340	 2	 9	 1118.jpg	 4.091296e+02	 12	 999000	 120	 999000	 999	 4.101473e+02	 783.33	 700.00	 19.00	 18	 0.54	 
BFE_340	 2	 9	 2217.jpg	 4.111317e+02	 24	 999000	 240	 999000	 999	 4.121495e+02	 783.33	 700.00	 55.00	 38	 0.61	 
BFE_340	 2	 9	 2219.jpg	 4.131340e+02	 22	 9.560233e+02	 220	 7.000565e+02	 98	 4.141518e+02	 783.33	 716.67	 57.00	 40	 0.57	 
BFE_340	 2	 9	 1105.jpg	 4.161374e+02	 12	 999000	 120	 999000	 999	 4.171552e+02	 783.33	 716.67	 21.00	 5	 0.49	 
