subjectID	 order	 runNum	 itemName	 onsetTime	 shuff_trialType	 RT	 respInTime	 AudioTime	 response	 fixationTime	 ladder1	 ladder2	 bidIndex	 itemNameIndex	 bidValue	 
BFE_305	 1	 2	 2102.jpg	 1.251707e+02	 22	 9.272557e+02	 220	 6.500443e+02	 98	 1.261885e+02	 583.33	 666.67	 55.00	 2	 0.62	 
BFE_305	 1	 2	 2218.jpg	 1.301598e+02	 22	 9.381709e+02	 220	 6.666961e+02	 98	 1.311774e+02	 583.33	 683.33	 47.00	 39	 0.73	 
BFE_305	 1	 2	 2215.jpg	 1.321620e+02	 22	 9.519426e+02	 220	 6.833631e+02	 98	 1.331797e+02	 583.33	 700.00	 58.00	 36	 0.57	 
BFE_305	 1	 2	 1215.jpg	 1.341642e+02	 11	 8.297330e+02	 110	 5.833997e+02	 98	 1.351819e+02	 600.00	 700.00	 12.00	 36	 0.61	 
BFE_305	 1	 2	 2113.jpg	 1.401709e+02	 24	 999000	 240	 999000	 999	 1.411888e+02	 600.00	 700.00	 78.00	 13	 0.25	 
BFE_305	 1	 2	 2120.jpg	 1.421731e+02	 22	 1.004802e+03	 2200	 7.000443e+02	 98	 1.431911e+02	 600.00	 650.00	 53.00	 20	 0.63	 
BFE_305	 1	 2	 2121.jpg	 1.451596e+02	 24	 999000	 240	 999000	 999	 1.461776e+02	 600.00	 650.00	 54.00	 21	 0.63	 
BFE_305	 1	 2	 2209.jpg	 1.471622e+02	 24	 999000	 240	 999000	 999	 1.481799e+02	 600.00	 650.00	 57.00	 30	 0.59	 
BFE_305	 1	 2	 1206.jpg	 1.511667e+02	 12	 999000	 120	 999000	 999	 1.521844e+02	 600.00	 650.00	 14.00	 27	 0.60	 
BFE_305	 1	 2	 1103.jpg	 1.531690e+02	 11	 1.048932e+03	 1100	 6.000719e+02	 98	 1.541866e+02	 550.00	 650.00	 10.00	 3	 0.65	 
BFE_305	 1	 2	 1214.jpg	 1.581745e+02	 11	 1.003426e+03	 1100	 5.500344e+02	 98	 1.591940e+02	 500.00	 650.00	 7.00	 35	 0.77	 
BFE_305	 1	 2	 1121.jpg	 1.651656e+02	 12	 999000	 120	 999000	 999	 1.661834e+02	 500.00	 650.00	 16.00	 21	 0.58	 
BFE_305	 1	 2	 2212.jpg	 1.671679e+02	 22	 9.140858e+02	 220	 6.500297e+02	 98	 1.681857e+02	 500.00	 666.67	 52.00	 33	 0.66	 
BFE_305	 1	 2	 1204.jpg	 1.701713e+02	 11	 8.466697e+02	 110	 5.000374e+02	 98	 1.711891e+02	 516.67	 666.67	 13.00	 25	 0.61	 
BFE_305	 1	 2	 1201.jpg	 1.731746e+02	 12	 999000	 120	 999000	 999	 1.741924e+02	 516.67	 666.67	 4.00	 22	 0.84	 
BFE_305	 1	 2	 1101.jpg	 1.771624e+02	 12	 999000	 120	 999000	 999	 1.781804e+02	 516.67	 666.67	 11.00	 1	 0.62	 
BFE_305	 1	 2	 1217.jpg	 1.811669e+02	 12	 999000	 120	 999000	 999	 1.821847e+02	 516.67	 666.67	 17.00	 38	 0.56	 
BFE_305	 1	 2	 2110.jpg	 1.851714e+02	 24	 999000	 240	 999000	 999	 1.861892e+02	 516.67	 666.67	 61.00	 10	 0.48	 
BFE_305	 1	 2	 2211.jpg	 1.881749e+02	 24	 999000	 240	 999000	 999	 1.891926e+02	 516.67	 666.67	 49.00	 32	 0.73	 
BFE_305	 1	 2	 1107.jpg	 1.941649e+02	 12	 999000	 120	 999000	 999	 1.951827e+02	 516.67	 666.67	 38.00	 7	 0.16	 
BFE_305	 1	 2	 1102.jpg	 1.961672e+02	 12	 999000	 120	 999000	 999	 1.971849e+02	 516.67	 666.67	 22.00	 2	 0.49	 
BFE_305	 1	 2	 2203.jpg	 1.991705e+02	 24	 999000	 240	 999000	 999	 2.001883e+02	 516.67	 666.67	 43.00	 24	 0.81	 
BFE_305	 1	 2	 1203.jpg	 2.011727e+02	 12	 999000	 120	 999000	 999	 2.021905e+02	 516.67	 666.67	 3.00	 24	 0.85	 
BFE_305	 1	 2	 1118.jpg	 2.031580e+02	 12	 999000	 120	 999000	 999	 2.041760e+02	 516.67	 666.67	 37.00	 18	 0.17	 
BFE_305	 1	 2	 2214.jpg	 2.051605e+02	 24	 999000	 240	 999000	 999	 2.061783e+02	 516.67	 666.67	 48.00	 35	 0.73	 
BFE_305	 1	 2	 2205.jpg	 2.081640e+02	 24	 999000	 240	 999000	 999	 2.091817e+02	 516.67	 666.67	 59.00	 26	 0.53	 
BFE_305	 1	 2	 1219.jpg	 2.121685e+02	 12	 999000	 120	 999000	 999	 2.131861e+02	 516.67	 666.67	 19.00	 40	 0.51	 
BFE_305	 1	 2	 2101.jpg	 2.141708e+02	 24	 999000	 240	 999000	 999	 2.151884e+02	 516.67	 666.67	 60.00	 1	 0.51	 
BFE_305	 1	 2	 2204.jpg	 2.161728e+02	 24	 999000	 240	 999000	 999	 2.171906e+02	 516.67	 666.67	 56.00	 25	 0.59	 
BFE_305	 1	 2	 1210.jpg	 2.181582e+02	 12	 999000	 120	 999000	 999	 2.191762e+02	 516.67	 666.67	 8.00	 31	 0.69	 
BFE_305	 1	 2	 1205.jpg	 2.201609e+02	 11	 8.650404e+02	 110	 5.167043e+02	 98	 2.211785e+02	 533.33	 666.67	 15.00	 26	 0.59	 
BFE_305	 1	 2	 2216.jpg	 2.221630e+02	 22	 9.669448e+02	 220	 6.667051e+02	 98	 2.231807e+02	 533.33	 683.33	 50.00	 37	 0.71	 
BFE_305	 1	 2	 2201.jpg	 2.261674e+02	 24	 8.905310e+02	 24	 999000	 98	 2.271852e+02	 533.33	 683.33	 51.00	 22	 0.70	 
BFE_305	 1	 2	 1106.jpg	 2.301719e+02	 12	 999000	 120	 999000	 999	 2.311897e+02	 533.33	 683.33	 21.00	 6	 0.50	 
BFE_305	 1	 2	 1110.jpg	 2.321743e+02	 11	 8.997406e+02	 110	 5.333642e+02	 98	 2.331919e+02	 550.00	 683.33	 18.00	 10	 0.55	 
BFE_305	 1	 2	 2207.jpg	 2.341598e+02	 24	 999000	 240	 999000	 999	 2.351776e+02	 550.00	 683.33	 44.00	 28	 0.77	 
BFE_305	 1	 2	 1209.jpg	 2.361621e+02	 12	 999000	 120	 999000	 999	 2.371798e+02	 550.00	 683.33	 20.00	 30	 0.50	 
BFE_305	 1	 2	 2107.jpg	 2.381643e+02	 24	 999000	 240	 999000	 999	 2.391820e+02	 550.00	 683.33	 77.00	 7	 0.26	 
BFE_305	 1	 2	 2106.jpg	 2.441710e+02	 24	 999000	 240	 999000	 999	 2.451888e+02	 550.00	 683.33	 62.00	 6	 0.46	 
BFE_305	 1	 2	 1212.jpg	 2.461732e+02	 12	 999000	 120	 999000	 999	 2.471910e+02	 550.00	 683.33	 9.00	 33	 0.67	 
