subjectID	 order	 runNum	 itemName	 onsetTime	 shuff_trialType	 RT	 respInTime	 AudioTime	 response	 fixationTime	 ladder1	 ladder2	 bidIndex	 itemNameIndex	 bidValue	 
BFE_302	 2	 17	 1206.jpg	 2.176959e+03	 11	 999000	 1	 4.834201e+02	 999	 2.177977e+03	 433.33	 550.00	 11.00	 27	 0.67	 
BFE_302	 2	 17	 2106.jpg	 2.181948e+03	 22	 999000	 2	 5.500405e+02	 999	 2.182966e+03	 433.33	 500.00	 57.00	 6	 0.62	 
BFE_302	 2	 17	 1120.jpg	 2.183950e+03	 12	 6.773401e+01	 12	 999000	 98	 2.184968e+03	 433.33	 500.00	 21.00	 20	 0.50	 
BFE_302	 2	 17	 1109.jpg	 2.185953e+03	 12	 999000	 120	 999000	 999	 2.186970e+03	 433.33	 500.00	 15.00	 9	 0.62	 
BFE_302	 2	 17	 2204.jpg	 2.191943e+03	 22	 999000	 2	 5.000313e+02	 999	 2.192960e+03	 433.33	 450.00	 49.00	 25	 0.69	 
BFE_302	 2	 17	 1214.jpg	 2.193945e+03	 12	 999000	 120	 999000	 999	 2.194963e+03	 433.33	 450.00	 3.00	 35	 0.84	 
BFE_302	 2	 17	 2109.jpg	 2.196948e+03	 24	 999000	 240	 999000	 999	 2.197966e+03	 433.33	 450.00	 50.00	 9	 0.67	 
BFE_302	 2	 17	 1121.jpg	 2.198951e+03	 12	 999000	 120	 999000	 999	 2.199968e+03	 433.33	 450.00	 22.00	 21	 0.47	 
BFE_302	 2	 17	 2112.jpg	 2.202955e+03	 24	 999000	 240	 999000	 999	 2.203973e+03	 433.33	 450.00	 77.00	 12	 0.16	 
BFE_302	 2	 17	 2215.jpg	 2.204940e+03	 24	 999000	 240	 999000	 999	 2.205958e+03	 433.33	 450.00	 58.00	 36	 0.60	 
BFE_302	 2	 17	 1101.jpg	 2.209946e+03	 11	 999000	 1	 4.333662e+02	 999	 2.210964e+03	 383.33	 450.00	 8.00	 1	 0.72	 
BFE_302	 2	 17	 1202.jpg	 2.216954e+03	 11	 999000	 1	 3.833679e+02	 999	 2.217972e+03	 333.33	 450.00	 17.00	 23	 0.54	 
BFE_302	 2	 17	 2117.jpg	 2.218940e+03	 24	 999000	 240	 999000	 999	 2.219957e+03	 333.33	 450.00	 78.00	 17	 0.16	 
BFE_302	 2	 17	 1205.jpg	 2.221943e+03	 11	 999000	 1	 3.333800e+02	 999	 2.222961e+03	 283.33	 450.00	 9.00	 26	 0.72	 
BFE_302	 2	 17	 1217.jpg	 2.224946e+03	 12	 999000	 120	 999000	 999	 2.225964e+03	 283.33	 450.00	 18.00	 38	 0.52	 
BFE_302	 2	 17	 1211.jpg	 2.228951e+03	 12	 999000	 120	 999000	 999	 2.229969e+03	 283.33	 450.00	 13.00	 32	 0.64	 
BFE_302	 2	 17	 1216.jpg	 2.232955e+03	 12	 999000	 120	 999000	 999	 2.233973e+03	 283.33	 450.00	 12.00	 37	 0.64	 
BFE_302	 2	 17	 2201.jpg	 2.236943e+03	 22	 999000	 2	 4.500351e+02	 999	 2.237961e+03	 283.33	 400.00	 48.00	 22	 0.69	 
BFE_302	 2	 17	 2121.jpg	 2.239946e+03	 24	 999000	 240	 999000	 999	 2.240964e+03	 283.33	 400.00	 61.00	 21	 0.52	 
BFE_302	 2	 17	 1106.jpg	 2.245953e+03	 12	 999000	 120	 999000	 999	 2.246971e+03	 283.33	 400.00	 20.00	 6	 0.50	 
BFE_302	 2	 17	 1218.jpg	 2.247955e+03	 11	 999000	 1	 2.833622e+02	 999	 2.248973e+03	 233.33	 400.00	 16.00	 39	 0.56	 
BFE_302	 2	 17	 1203.jpg	 2.250942e+03	 12	 999000	 120	 999000	 999	 2.251960e+03	 233.33	 400.00	 38.00	 24	 0.16	 
BFE_302	 2	 17	 2208.jpg	 2.252944e+03	 24	 999000	 240	 999000	 999	 2.253962e+03	 233.33	 400.00	 52.00	 29	 0.66	 
BFE_302	 2	 17	 2217.jpg	 2.254947e+03	 24	 999000	 240	 999000	 999	 2.255964e+03	 233.33	 400.00	 55.00	 38	 0.64	 
BFE_302	 2	 17	 1204.jpg	 2.256949e+03	 12	 999000	 120	 999000	 999	 2.257967e+03	 233.33	 400.00	 7.00	 25	 0.72	 
BFE_302	 2	 17	 1102.jpg	 2.259952e+03	 12	 999000	 120	 999000	 999	 2.260970e+03	 233.33	 400.00	 19.00	 2	 0.52	 
BFE_302	 2	 17	 1208.jpg	 2.263940e+03	 11	 999000	 1	 2.333632e+02	 999	 2.264958e+03	 183.33	 400.00	 14.00	 29	 0.62	 
BFE_302	 2	 17	 1115.jpg	 2.265942e+03	 12	 999000	 120	 999000	 999	 2.266960e+03	 183.33	 400.00	 10.00	 15	 0.69	 
BFE_302	 2	 17	 2101.jpg	 2.267944e+03	 22	 999000	 2	 4.000288e+02	 999	 2.268962e+03	 183.33	 350.00	 51.00	 1	 0.66	 
BFE_302	 2	 17	 2214.jpg	 2.269947e+03	 22	 999000	 2	 3.500338e+02	 999	 2.270964e+03	 183.33	 300.00	 56.00	 35	 0.64	 
BFE_302	 2	 17	 1117.jpg	 2.271949e+03	 12	 999000	 120	 999000	 999	 2.272967e+03	 183.33	 300.00	 37.00	 17	 0.20	 
BFE_302	 2	 17	 2211.jpg	 2.273951e+03	 22	 999000	 2	 3.000300e+02	 999	 2.274969e+03	 183.33	 250.00	 54.00	 32	 0.64	 
BFE_302	 2	 17	 2206.jpg	 2.277956e+03	 24	 999000	 240	 999000	 999	 2.278973e+03	 183.33	 250.00	 47.00	 27	 0.70	 
BFE_302	 2	 17	 2115.jpg	 2.281943e+03	 24	 999000	 240	 999000	 999	 2.282961e+03	 183.33	 250.00	 53.00	 15	 0.65	 
BFE_302	 2	 17	 2218.jpg	 2.283946e+03	 24	 999000	 240	 999000	 999	 2.284964e+03	 183.33	 250.00	 59.00	 39	 0.60	 
BFE_302	 2	 17	 1219.jpg	 2.285948e+03	 12	 999000	 120	 999000	 999	 2.286966e+03	 183.33	 250.00	 4.00	 40	 0.84	 
BFE_302	 2	 17	 2207.jpg	 2.287950e+03	 24	 999000	 240	 999000	 999	 2.288968e+03	 183.33	 250.00	 62.00	 28	 0.51	 
BFE_302	 2	 17	 2205.jpg	 2.289952e+03	 24	 999000	 240	 999000	 999	 2.290970e+03	 183.33	 250.00	 44.00	 26	 0.77	 
BFE_302	 2	 17	 2219.jpg	 2.295942e+03	 24	 999000	 240	 999000	 999	 2.296960e+03	 183.33	 250.00	 43.00	 40	 0.82	 
BFE_302	 2	 17	 2202.jpg	 2.297945e+03	 24	 999000	 240	 999000	 999	 2.298963e+03	 183.33	 250.00	 60.00	 23	 0.57	 
