subjectID	 order	 runNum	 itemName	 onsetTime	 shuff_trialType	 RT	 respInTime	 AudioTime	 response	 fixationTime	 ladder1	 ladder2	 bidIndex	 itemNameIndex	 bidValue	 
BFE_335	 1	 16	 2204.jpg	 1.161701e+03	 24	 999000	 240	 999000	 999	 1.162719e+03	 850.00	 783.33	 59.00	 25	 0.45	 
BFE_335	 1	 16	 1115.jpg	 1.164688e+03	 12	 999000	 120	 999000	 999	 1.165706e+03	 850.00	 783.33	 8.00	 15	 0.76	 
BFE_335	 1	 16	 2207.jpg	 1.168692e+03	 24	 999000	 240	 999000	 999	 1.169710e+03	 850.00	 783.33	 77.00	 28	 0.22	 
BFE_335	 1	 16	 1102.jpg	 1.170694e+03	 11	 1.003802e+03	 1100	 8.500603e+02	 98	 1.171712e+03	 800.00	 783.33	 10.00	 2	 0.69	 
BFE_335	 1	 16	 2101.jpg	 1.172697e+03	 24	 999000	 240	 999000	 999	 1.173715e+03	 800.00	 783.33	 78.00	 1	 0.21	 
BFE_335	 1	 16	 2107.jpg	 1.176685e+03	 22	 8.937089e+02	 220	 7.833909e+02	 98	 1.177702e+03	 800.00	 800.00	 55.00	 7	 0.55	 
BFE_335	 1	 16	 2216.jpg	 1.178687e+03	 24	 999000	 240	 999000	 999	 1.179705e+03	 800.00	 800.00	 44.00	 37	 0.81	 
BFE_335	 1	 16	 1107.jpg	 1.183692e+03	 11	 8.857844e+02	 110	 8.000406e+02	 98	 1.184710e+03	 816.67	 800.00	 12.00	 7	 0.67	 
BFE_335	 1	 16	 1106.jpg	 1.185695e+03	 12	 999000	 120	 999000	 999	 1.186712e+03	 816.67	 800.00	 9.00	 6	 0.71	 
BFE_335	 1	 16	 2219.jpg	 1.188681e+03	 24	 999000	 240	 999000	 999	 1.189699e+03	 816.67	 800.00	 57.00	 40	 0.50	 
BFE_335	 1	 16	 1219.jpg	 1.191685e+03	 11	 9.255744e+02	 110	 8.167130e+02	 98	 1.192702e+03	 833.33	 800.00	 7.00	 40	 0.77	 
BFE_335	 1	 16	 1119.jpg	 1.195689e+03	 12	 999000	 120	 999000	 999	 1.196707e+03	 833.33	 800.00	 17.00	 19	 0.53	 
BFE_335	 1	 16	 1114.jpg	 1.198693e+03	 12	 999000	 120	 999000	 999	 1.199710e+03	 833.33	 800.00	 3.00	 14	 0.83	 
BFE_335	 1	 16	 2210.jpg	 1.200695e+03	 22	 9.635029e+02	 220	 8.000362e+02	 98	 1.201712e+03	 833.33	 816.67	 58.00	 31	 0.46	 
BFE_335	 1	 16	 2215.jpg	 1.203681e+03	 24	 999000	 240	 999000	 999	 1.204699e+03	 833.33	 816.67	 56.00	 36	 0.51	 
BFE_335	 1	 16	 1203.jpg	 1.207686e+03	 12	 999000	 120	 999000	 999	 1.208704e+03	 833.33	 816.67	 22.00	 24	 0.44	 
BFE_335	 1	 16	 1111.jpg	 1.210689e+03	 11	 6.409706e+02	 11	 8.334107e+02	 98	 1.211707e+03	 850.00	 816.67	 15.00	 11	 0.57	 
BFE_335	 1	 16	 2110.jpg	 1.212692e+03	 24	 999000	 240	 999000	 999	 1.213709e+03	 850.00	 816.67	 43.00	 10	 0.82	 
BFE_335	 1	 16	 2111.jpg	 1.214694e+03	 22	 9.404183e+02	 220	 8.167118e+02	 98	 1.215712e+03	 850.00	 833.33	 50.00	 11	 0.74	 
BFE_335	 1	 16	 2217.jpg	 1.219683e+03	 22	 1.023509e+03	 2200	 8.333828e+02	 98	 1.220701e+03	 850.00	 783.33	 53.00	 38	 0.63	 
BFE_335	 1	 16	 1216.jpg	 1.223687e+03	 12	 999000	 120	 999000	 999	 1.224705e+03	 850.00	 783.33	 19.00	 37	 0.49	 
BFE_335	 1	 16	 2202.jpg	 1.227692e+03	 24	 999000	 240	 999000	 999	 1.228709e+03	 850.00	 783.33	 62.00	 23	 0.44	 
BFE_335	 1	 16	 2209.jpg	 1.233681e+03	 22	 1.072774e+03	 2200	 7.833788e+02	 98	 1.234700e+03	 850.00	 733.33	 52.00	 30	 0.66	 
BFE_335	 1	 16	 2102.jpg	 1.235684e+03	 24	 999000	 240	 999000	 999	 1.236702e+03	 850.00	 733.33	 54.00	 2	 0.59	 
BFE_335	 1	 16	 2105.jpg	 1.237686e+03	 24	 999000	 240	 999000	 999	 1.238704e+03	 850.00	 733.33	 49.00	 5	 0.76	 
BFE_335	 1	 16	 1204.jpg	 1.239688e+03	 11	 1.049762e+03	 1100	 8.500398e+02	 98	 1.240706e+03	 800.00	 733.33	 18.00	 25	 0.50	 
BFE_335	 1	 16	 1209.jpg	 1.241691e+03	 12	 999000	 120	 999000	 999	 1.242708e+03	 800.00	 733.33	 11.00	 30	 0.68	 
BFE_335	 1	 16	 1215.jpg	 1.245695e+03	 12	 999000	 120	 999000	 999	 1.246713e+03	 800.00	 733.33	 21.00	 36	 0.47	 
BFE_335	 1	 16	 1217.jpg	 1.247697e+03	 12	 999000	 120	 999000	 999	 1.248715e+03	 800.00	 733.33	 16.00	 38	 0.57	 
BFE_335	 1	 16	 1206.jpg	 1.251685e+03	 12	 999000	 120	 999000	 999	 1.252703e+03	 800.00	 733.33	 14.00	 27	 0.62	 
BFE_335	 1	 16	 1118.jpg	 1.253688e+03	 12	 999000	 120	 999000	 999	 1.254705e+03	 800.00	 733.33	 38.00	 18	 0.16	 
BFE_335	 1	 16	 1104.jpg	 1.255690e+03	 12	 999000	 120	 999000	 999	 1.256707e+03	 800.00	 733.33	 37.00	 4	 0.18	 
BFE_335	 1	 16	 2201.jpg	 1.257692e+03	 24	 999000	 240	 999000	 999	 1.258710e+03	 800.00	 733.33	 61.00	 22	 0.44	 
BFE_335	 1	 16	 1201.jpg	 1.262698e+03	 12	 999000	 120	 999000	 999	 1.263715e+03	 800.00	 733.33	 20.00	 22	 0.48	 
BFE_335	 1	 16	 2103.jpg	 1.264683e+03	 22	 8.711268e+02	 220	 7.333790e+02	 98	 1.265701e+03	 800.00	 750.00	 47.00	 3	 0.78	 
BFE_335	 1	 16	 2205.jpg	 1.266685e+03	 24	 999000	 240	 999000	 999	 1.267703e+03	 800.00	 750.00	 60.00	 26	 0.45	 
BFE_335	 1	 16	 2206.jpg	 1.269689e+03	 24	 999000	 240	 999000	 999	 1.270706e+03	 800.00	 750.00	 51.00	 27	 0.67	 
BFE_335	 1	 16	 1211.jpg	 1.276697e+03	 11	 9.376865e+02	 110	 8.000424e+02	 98	 1.277714e+03	 816.67	 750.00	 13.00	 32	 0.66	 
BFE_335	 1	 16	 1103.jpg	 1.280684e+03	 12	 999000	 120	 999000	 999	 1.281702e+03	 816.67	 750.00	 4.00	 3	 0.82	 
BFE_335	 1	 16	 2114.jpg	 1.287692e+03	 24	 999000	 240	 999000	 999	 1.288710e+03	 816.67	 750.00	 48.00	 14	 0.78	 
