subjectID	 order	 runNum	 itemName	 onsetTime	 shuff_trialType	 RT	 respInTime	 AudioTime	 response	 fixationTime	 ladder1	 ladder2	 bidIndex	 itemNameIndex	 bidValue	 
BFE_335	 1	 13	 1107.jpg	 7.632044e+02	 11	 999000	 1	 7.500562e+02	 999	 7.642222e+02	 700.00	 816.67	 12.00	 7	 0.67	 
BFE_335	 1	 13	 1217.jpg	 7.661912e+02	 12	 999000	 120	 999000	 999	 7.672090e+02	 700.00	 816.67	 16.00	 38	 0.57	 
BFE_335	 1	 13	 1211.jpg	 7.701956e+02	 11	 4.066154e+02	 11	 7.000560e+02	 98	 7.712135e+02	 716.67	 816.67	 13.00	 32	 0.66	 
BFE_335	 1	 13	 1111.jpg	 7.721979e+02	 11	 9.163191e+02	 110	 7.167174e+02	 98	 7.732157e+02	 733.33	 816.67	 15.00	 11	 0.57	 
BFE_335	 1	 13	 2207.jpg	 7.742001e+02	 24	 999000	 240	 999000	 999	 7.752179e+02	 733.33	 816.67	 77.00	 28	 0.22	 
BFE_335	 1	 13	 1219.jpg	 7.781879e+02	 11	 1.046332e+03	 1100	 7.333799e+02	 98	 7.792058e+02	 683.33	 816.67	 7.00	 40	 0.77	 
BFE_335	 1	 13	 1119.jpg	 7.801901e+02	 12	 999000	 120	 999000	 999	 7.812080e+02	 683.33	 816.67	 17.00	 19	 0.53	 
BFE_335	 1	 13	 2204.jpg	 7.851958e+02	 24	 999000	 240	 999000	 999	 7.862136e+02	 683.33	 816.67	 59.00	 25	 0.45	 
BFE_335	 1	 13	 1215.jpg	 7.871980e+02	 12	 999000	 120	 999000	 999	 7.882159e+02	 683.33	 816.67	 21.00	 36	 0.47	 
BFE_335	 1	 13	 1209.jpg	 7.902014e+02	 12	 999000	 120	 999000	 999	 7.912192e+02	 683.33	 816.67	 11.00	 30	 0.68	 
BFE_335	 1	 13	 1106.jpg	 7.931881e+02	 12	 999000	 120	 999000	 999	 7.942059e+02	 683.33	 816.67	 9.00	 6	 0.71	 
BFE_335	 1	 13	 2210.jpg	 7.971925e+02	 22	 1.033686e+03	 2200	 8.167165e+02	 98	 7.982103e+02	 683.33	 766.67	 58.00	 31	 0.46	 
BFE_335	 1	 13	 2107.jpg	 8.001959e+02	 22	 9.983149e+02	 220	 7.667080e+02	 98	 8.012137e+02	 683.33	 783.33	 55.00	 7	 0.55	 
BFE_335	 1	 13	 2102.jpg	 8.021983e+02	 24	 999000	 240	 999000	 999	 8.032162e+02	 683.33	 783.33	 54.00	 2	 0.59	 
BFE_335	 1	 13	 1201.jpg	 8.052016e+02	 12	 999000	 120	 999000	 999	 8.062193e+02	 683.33	 783.33	 20.00	 22	 0.48	 
BFE_335	 1	 13	 1102.jpg	 8.091894e+02	 11	 999000	 1	 6.833829e+02	 999	 8.102072e+02	 633.33	 783.33	 10.00	 2	 0.69	 
BFE_335	 1	 13	 1206.jpg	 8.121927e+02	 12	 999000	 120	 999000	 999	 8.132105e+02	 633.33	 783.33	 14.00	 27	 0.62	 
BFE_335	 1	 13	 2215.jpg	 8.141949e+02	 24	 999000	 240	 999000	 999	 8.152127e+02	 633.33	 783.33	 56.00	 36	 0.51	 
BFE_335	 1	 13	 2216.jpg	 8.161972e+02	 24	 999000	 240	 999000	 999	 8.172149e+02	 633.33	 783.33	 44.00	 37	 0.81	 
BFE_335	 1	 13	 2105.jpg	 8.211858e+02	 24	 999000	 240	 999000	 999	 8.222040e+02	 633.33	 783.33	 49.00	 5	 0.76	 
BFE_335	 1	 13	 2101.jpg	 8.251906e+02	 24	 999000	 240	 999000	 999	 8.262084e+02	 633.33	 783.33	 78.00	 1	 0.21	 
BFE_335	 1	 13	 2217.jpg	 8.291952e+02	 22	 1.111069e+03	 2200	 7.833728e+02	 98	 8.302128e+02	 633.33	 733.33	 53.00	 38	 0.63	 
BFE_335	 1	 13	 2202.jpg	 8.352018e+02	 24	 999000	 240	 999000	 999	 8.362196e+02	 633.33	 733.33	 62.00	 23	 0.44	 
BFE_335	 1	 13	 1114.jpg	 8.371874e+02	 12	 999000	 120	 999000	 999	 8.382051e+02	 633.33	 733.33	 3.00	 14	 0.83	 
BFE_335	 1	 13	 1204.jpg	 8.391896e+02	 11	 8.446311e+02	 110	 6.333628e+02	 98	 8.402074e+02	 650.00	 733.33	 18.00	 25	 0.50	 
BFE_335	 1	 13	 2114.jpg	 8.411919e+02	 24	 999000	 240	 999000	 999	 8.422097e+02	 650.00	 733.33	 48.00	 14	 0.78	 
BFE_335	 1	 13	 2111.jpg	 8.431941e+02	 22	 9.120987e+02	 220	 7.333765e+02	 98	 8.442119e+02	 650.00	 750.00	 50.00	 11	 0.74	 
BFE_335	 1	 13	 1118.jpg	 8.471987e+02	 12	 999000	 120	 999000	 999	 8.482164e+02	 650.00	 750.00	 38.00	 18	 0.16	 
BFE_335	 1	 13	 2201.jpg	 8.492009e+02	 24	 999000	 240	 999000	 999	 8.502187e+02	 650.00	 750.00	 61.00	 22	 0.44	 
BFE_335	 1	 13	 1216.jpg	 8.531887e+02	 12	 999000	 120	 999000	 999	 8.542079e+02	 650.00	 750.00	 19.00	 37	 0.49	 
BFE_335	 1	 13	 2205.jpg	 8.551910e+02	 24	 999000	 240	 999000	 999	 8.562087e+02	 650.00	 750.00	 60.00	 26	 0.45	 
BFE_335	 1	 13	 2209.jpg	 8.571931e+02	 22	 9.691288e+02	 220	 7.500559e+02	 98	 8.582109e+02	 650.00	 766.67	 52.00	 30	 0.66	 
BFE_335	 1	 13	 2219.jpg	 8.591954e+02	 24	 999000	 240	 999000	 999	 8.602131e+02	 650.00	 766.67	 57.00	 40	 0.50	 
BFE_335	 1	 13	 2206.jpg	 8.642010e+02	 24	 999000	 240	 999000	 999	 8.652188e+02	 650.00	 766.67	 51.00	 27	 0.67	 
BFE_335	 1	 13	 1203.jpg	 8.661867e+02	 12	 999000	 120	 999000	 999	 8.672044e+02	 650.00	 766.67	 22.00	 24	 0.44	 
BFE_335	 1	 13	 1115.jpg	 8.681888e+02	 12	 999000	 120	 999000	 999	 8.692066e+02	 650.00	 766.67	 8.00	 15	 0.76	 
BFE_335	 1	 13	 1103.jpg	 8.711921e+02	 12	 999000	 120	 999000	 999	 8.722100e+02	 650.00	 766.67	 4.00	 3	 0.82	 
BFE_335	 1	 13	 2110.jpg	 8.782001e+02	 24	 999000	 240	 999000	 999	 8.792178e+02	 650.00	 766.67	 43.00	 10	 0.82	 
BFE_335	 1	 13	 1104.jpg	 8.821878e+02	 12	 999000	 120	 999000	 999	 8.832056e+02	 650.00	 766.67	 37.00	 4	 0.18	 
BFE_335	 1	 13	 2103.jpg	 8.891957e+02	 22	 9.425895e+02	 220	 7.667160e+02	 98	 8.902135e+02	 650.00	 783.33	 47.00	 3	 0.78	 
