subjectID	 order	 runNum	 itemName	 onsetTime	 shuff_trialType	 RT	 respInTime	 AudioTime	 response	 fixationTime	 ladder1	 ladder2	 bidIndex	 itemNameIndex	 bidValue	 
BFE_317	 1	 14	 1106.jpg	 1.619414e+03	 12	 999000	 120	 999000	 999	 1.620432e+03	 916.67	 900.00	 9.00	 6	 0.71	 
BFE_317	 1	 14	 1218.jpg	 1.622400e+03	 11	 9.778150e+02	 110	 9.167164e+02	 98	 1.623419e+03	 916.67	 900.00	 12.00	 39	 0.63	 
BFE_317	 1	 14	 2218.jpg	 1.626405e+03	 24	 999000	 240	 999000	 999	 1.627423e+03	 916.67	 900.00	 59.00	 39	 0.55	 
BFE_317	 1	 14	 2208.jpg	 1.628408e+03	 22	 9.308050e+02	 220	 9.000398e+02	 98	 1.629425e+03	 916.67	 916.67	 58.00	 29	 0.59	 
BFE_317	 1	 14	 2213.jpg	 1.630410e+03	 24	 999000	 240	 999000	 999	 1.631428e+03	 916.67	 916.67	 43.00	 34	 0.90	 
BFE_317	 1	 14	 1115.jpg	 1.634414e+03	 12	 999000	 120	 999000	 999	 1.635432e+03	 916.67	 916.67	 11.00	 15	 0.66	 
BFE_317	 1	 14	 2104.jpg	 1.636417e+03	 24	 999000	 240	 999000	 999	 1.637434e+03	 916.67	 916.67	 61.00	 4	 0.52	 
BFE_317	 1	 14	 2121.jpg	 1.641405e+03	 24	 999000	 240	 999000	 999	 1.642423e+03	 916.67	 916.67	 49.00	 21	 0.75	 
BFE_317	 1	 14	 2113.jpg	 1.643408e+03	 22	 1.098672e+03	 2200	 9.166993e+02	 98	 1.644425e+03	 916.67	 866.67	 47.00	 13	 0.77	 
BFE_317	 1	 14	 2207.jpg	 1.646411e+03	 22	 7.193246e+02	 22	 8.667051e+02	 98	 1.647429e+03	 916.67	 883.33	 53.00	 28	 0.65	 
BFE_317	 1	 14	 2119.jpg	 1.649414e+03	 24	 999000	 240	 999000	 999	 1.650432e+03	 916.67	 883.33	 77.00	 19	 0.18	 
BFE_317	 1	 14	 1209.jpg	 1.653402e+03	 12	 999000	 120	 999000	 999	 1.654420e+03	 916.67	 883.33	 21.00	 30	 0.49	 
BFE_317	 1	 14	 1205.jpg	 1.656406e+03	 11	 8.367101e+02	 11	 9.167028e+02	 98	 1.657423e+03	 916.67	 883.33	 13.00	 26	 0.62	 
BFE_317	 1	 14	 1113.jpg	 1.658408e+03	 12	 999000	 120	 999000	 999	 1.659426e+03	 916.67	 883.33	 3.00	 13	 0.80	 
BFE_317	 1	 14	 1114.jpg	 1.661411e+03	 12	 999000	 120	 999000	 999	 1.662429e+03	 916.67	 883.33	 16.00	 14	 0.59	 
BFE_317	 1	 14	 2112.jpg	 1.665416e+03	 24	 999000	 240	 999000	 999	 1.666433e+03	 916.67	 883.33	 78.00	 12	 0.17	 
BFE_317	 1	 14	 2118.jpg	 1.668403e+03	 24	 999000	 240	 999000	 999	 1.669420e+03	 916.67	 883.33	 56.00	 18	 0.59	 
BFE_317	 1	 14	 1101.jpg	 1.670405e+03	 12	 999000	 120	 999000	 999	 1.671422e+03	 916.67	 883.33	 38.00	 1	 0.21	 
BFE_317	 1	 14	 2103.jpg	 1.672407e+03	 24	 999000	 240	 999000	 999	 1.673425e+03	 916.67	 883.33	 44.00	 3	 0.90	 
BFE_317	 1	 14	 2107.jpg	 1.677413e+03	 24	 999000	 240	 999000	 999	 1.678430e+03	 916.67	 883.33	 60.00	 7	 0.53	 
BFE_317	 1	 14	 2201.jpg	 1.681417e+03	 22	 7.372356e+02	 22	 8.833649e+02	 98	 1.682435e+03	 916.67	 900.00	 55.00	 22	 0.60	 
BFE_317	 1	 14	 1211.jpg	 1.685405e+03	 11	 9.654020e+02	 110	 9.166982e+02	 98	 1.686423e+03	 916.67	 900.00	 15.00	 32	 0.61	 
BFE_317	 1	 14	 2217.jpg	 1.691411e+03	 24	 999000	 240	 999000	 999	 1.692429e+03	 916.67	 900.00	 54.00	 38	 0.65	 
BFE_317	 1	 14	 2101.jpg	 1.693414e+03	 24	 999000	 240	 999000	 999	 1.694432e+03	 916.67	 900.00	 62.00	 1	 0.50	 
BFE_317	 1	 14	 2105.jpg	 1.695416e+03	 24	 999000	 240	 999000	 999	 1.696434e+03	 916.67	 900.00	 48.00	 5	 0.77	 
BFE_317	 1	 14	 1207.jpg	 1.697402e+03	 11	 5.766064e+02	 11	 9.166989e+02	 98	 1.698419e+03	 916.67	 900.00	 10.00	 28	 0.67	 
BFE_317	 1	 14	 1121.jpg	 1.699404e+03	 12	 999000	 120	 999000	 999	 1.700422e+03	 916.67	 900.00	 8.00	 21	 0.73	 
BFE_317	 1	 14	 1109.jpg	 1.703408e+03	 12	 999000	 120	 999000	 999	 1.704426e+03	 916.67	 900.00	 4.00	 9	 0.80	 
BFE_317	 1	 14	 1213.jpg	 1.705411e+03	 12	 999000	 120	 999000	 999	 1.706428e+03	 916.67	 900.00	 17.00	 34	 0.58	 
BFE_317	 1	 14	 2211.jpg	 1.709415e+03	 22	 7.552215e+02	 22	 9.000359e+02	 98	 1.710433e+03	 916.67	 916.67	 52.00	 32	 0.66	 
BFE_317	 1	 14	 1219.jpg	 1.711400e+03	 12	 999000	 120	 999000	 999	 1.712418e+03	 916.67	 916.67	 19.00	 40	 0.52	 
BFE_317	 1	 14	 1208.jpg	 1.713403e+03	 11	 9.673435e+02	 110	 9.167010e+02	 98	 1.714421e+03	 916.67	 916.67	 18.00	 29	 0.56	 
BFE_317	 1	 14	 2106.jpg	 1.715405e+03	 22	 7.970954e+02	 22	 9.166965e+02	 98	 1.716423e+03	 916.67	 916.67	 50.00	 6	 0.72	 
BFE_317	 1	 14	 1110.jpg	 1.720411e+03	 12	 999000	 120	 999000	 999	 1.721428e+03	 916.67	 916.67	 20.00	 10	 0.52	 
BFE_317	 1	 14	 2204.jpg	 1.722413e+03	 24	 999000	 240	 999000	 999	 1.723431e+03	 916.67	 916.67	 57.00	 25	 0.59	 
BFE_317	 1	 14	 1201.jpg	 1.724415e+03	 11	 8.029730e+02	 11	 9.166965e+02	 98	 1.725433e+03	 916.67	 916.67	 7.00	 22	 0.74	 
BFE_317	 1	 14	 1112.jpg	 1.727402e+03	 12	 999000	 120	 999000	 999	 1.728420e+03	 916.67	 916.67	 37.00	 12	 0.21	 
BFE_317	 1	 14	 1216.jpg	 1.734410e+03	 12	 999000	 120	 999000	 999	 1.735428e+03	 916.67	 916.67	 22.00	 37	 0.47	 
BFE_317	 1	 14	 1104.jpg	 1.738414e+03	 12	 999000	 120	 999000	 999	 1.739432e+03	 916.67	 916.67	 14.00	 4	 0.61	 
BFE_317	 1	 14	 2115.jpg	 1.745406e+03	 24	 999000	 240	 999000	 999	 1.746423e+03	 916.67	 916.67	 51.00	 15	 0.68	 
