subjectID	 order	 runNum	 itemName	 onsetTime	 shuff_trialType	 RT	 respInTime	 AudioTime	 response	 fixationTime	 ladder1	 ladder2	 bidIndex	 itemNameIndex	 bidValue	 
BFE_334	 2	 8	 1215.jpg	 1.311509e+02	 12	 3.796138e+02	 12	 999000	 98	 1.321688e+02	 650.00	 650.00	 7.00	 36	 0.69	 
BFE_334	 2	 8	 2219.jpg	 1.331366e+02	 24	 999000	 240	 999000	 999	 1.341544e+02	 650.00	 650.00	 44.00	 40	 0.80	 
BFE_334	 2	 8	 1206.jpg	 1.371410e+02	 12	 999000	 120	 999000	 999	 1.381588e+02	 650.00	 650.00	 22.00	 27	 0.46	 
BFE_334	 2	 8	 1205.jpg	 1.401444e+02	 12	 999000	 120	 999000	 999	 1.411621e+02	 650.00	 650.00	 21.00	 26	 0.47	 
BFE_334	 2	 8	 2218.jpg	 1.421466e+02	 22	 9.679311e+02	 220	 6.500593e+02	 98	 1.431644e+02	 650.00	 666.67	 54.00	 39	 0.52	 
BFE_334	 2	 8	 2210.jpg	 1.451331e+02	 24	 999000	 240	 999000	 999	 1.461511e+02	 650.00	 666.67	 59.00	 31	 0.47	 
BFE_334	 2	 8	 2202.jpg	 1.491378e+02	 24	 999000	 240	 999000	 999	 1.501555e+02	 650.00	 666.67	 78.00	 23	 0.27	 
BFE_334	 2	 8	 1113.jpg	 1.531423e+02	 11	 9.241958e+02	 110	 6.500627e+02	 98	 1.541601e+02	 666.67	 666.67	 9.00	 13	 0.66	 
BFE_334	 2	 8	 1119.jpg	 1.551445e+02	 12	 999000	 120	 999000	 999	 1.561623e+02	 666.67	 666.67	 19.00	 19	 0.47	 
BFE_334	 2	 8	 2110.jpg	 1.601331e+02	 24	 999000	 240	 999000	 999	 1.611512e+02	 666.67	 666.67	 50.00	 10	 0.67	 
BFE_334	 2	 8	 1111.jpg	 1.621357e+02	 12	 999000	 120	 999000	 999	 1.631535e+02	 666.67	 666.67	 18.00	 11	 0.48	 
BFE_334	 2	 8	 1107.jpg	 1.641380e+02	 12	 999000	 120	 999000	 999	 1.651557e+02	 666.67	 666.67	 20.00	 7	 0.47	 
BFE_334	 2	 8	 2106.jpg	 1.701447e+02	 24	 999000	 240	 999000	 999	 1.711624e+02	 666.67	 666.67	 53.00	 6	 0.55	 
BFE_334	 2	 8	 2204.jpg	 1.721469e+02	 22	 1.007579e+03	 2200	 6.667103e+02	 98	 1.731666e+02	 666.67	 616.67	 49.00	 25	 0.71	 
BFE_334	 2	 8	 1218.jpg	 1.741491e+02	 12	 999000	 120	 999000	 999	 1.751669e+02	 666.67	 616.67	 10.00	 39	 0.63	 
BFE_334	 2	 8	 1208.jpg	 1.761347e+02	 12	 999000	 120	 999000	 999	 1.771525e+02	 666.67	 616.67	 3.00	 29	 0.81	 
BFE_334	 2	 8	 2107.jpg	 1.801391e+02	 24	 999000	 240	 999000	 999	 1.811570e+02	 666.67	 616.67	 55.00	 7	 0.51	 
BFE_334	 2	 8	 1117.jpg	 1.841437e+02	 11	 1.010818e+03	 1100	 6.667373e+02	 98	 1.851615e+02	 616.67	 616.67	 11.00	 17	 0.62	 
BFE_334	 2	 8	 1211.jpg	 1.871471e+02	 12	 999000	 120	 999000	 999	 1.881648e+02	 616.67	 616.67	 4.00	 32	 0.80	 
BFE_334	 2	 8	 2206.jpg	 1.911349e+02	 24	 999000	 240	 999000	 999	 1.921526e+02	 616.67	 616.67	 62.00	 27	 0.44	 
BFE_334	 2	 8	 2209.jpg	 1.941382e+02	 22	 9.763195e+02	 220	 6.167183e+02	 98	 1.951560e+02	 616.67	 633.33	 51.00	 30	 0.67	 
BFE_334	 2	 8	 2214.jpg	 1.961406e+02	 22	 1.014014e+03	 2200	 6.333806e+02	 98	 1.971588e+02	 616.67	 583.33	 56.00	 35	 0.51	 
BFE_334	 2	 8	 2116.jpg	 2.001451e+02	 22	 1.097491e+03	 2200	 5.833762e+02	 98	 2.011627e+02	 616.67	 533.33	 57.00	 16	 0.50	 
BFE_334	 2	 8	 1214.jpg	 2.021471e+02	 11	 9.354058e+02	 110	 6.167408e+02	 98	 2.031650e+02	 633.33	 533.33	 17.00	 35	 0.48	 
BFE_334	 2	 8	 1209.jpg	 2.041495e+02	 12	 999000	 120	 999000	 999	 2.051672e+02	 633.33	 533.33	 37.00	 30	 0.28	 
BFE_334	 2	 8	 1219.jpg	 2.081374e+02	 12	 999000	 120	 999000	 999	 2.091551e+02	 633.33	 533.33	 15.00	 40	 0.56	 
BFE_334	 2	 8	 1213.jpg	 2.101395e+02	 12	 999000	 120	 999000	 999	 2.111572e+02	 633.33	 533.33	 12.00	 34	 0.61	 
BFE_334	 2	 8	 1109.jpg	 2.141440e+02	 11	 9.785393e+02	 110	 6.333791e+02	 98	 2.151618e+02	 650.00	 533.33	 16.00	 9	 0.51	 
BFE_334	 2	 8	 2105.jpg	 2.181485e+02	 24	 999000	 240	 999000	 999	 2.191663e+02	 650.00	 533.33	 58.00	 5	 0.48	 
BFE_334	 2	 8	 2109.jpg	 2.211353e+02	 24	 999000	 240	 999000	 999	 2.221529e+02	 650.00	 533.33	 60.00	 9	 0.47	 
BFE_334	 2	 8	 2216.jpg	 2.271419e+02	 24	 999000	 240	 999000	 999	 2.281598e+02	 650.00	 533.33	 43.00	 37	 0.84	 
BFE_334	 2	 8	 2112.jpg	 2.291441e+02	 24	 999000	 240	 999000	 999	 2.301620e+02	 650.00	 533.33	 61.00	 12	 0.45	 
BFE_334	 2	 8	 2211.jpg	 2.331487e+02	 22	 9.098828e+02	 220	 5.333782e+02	 98	 2.341664e+02	 650.00	 550.00	 48.00	 32	 0.73	 
BFE_334	 2	 8	 2113.jpg	 2.351341e+02	 24	 999000	 240	 999000	 999	 2.361520e+02	 650.00	 550.00	 52.00	 13	 0.62	 
BFE_334	 2	 8	 2217.jpg	 2.371364e+02	 24	 999000	 240	 999000	 999	 2.381542e+02	 650.00	 550.00	 77.00	 38	 0.30	 
BFE_334	 2	 8	 1216.jpg	 2.391387e+02	 11	 9.439122e+02	 110	 6.500477e+02	 98	 2.401565e+02	 666.67	 550.00	 8.00	 37	 0.67	 
BFE_334	 2	 8	 1110.jpg	 2.441444e+02	 12	 999000	 120	 999000	 999	 2.451620e+02	 666.67	 550.00	 13.00	 10	 0.60	 
BFE_334	 2	 8	 1102.jpg	 2.461467e+02	 12	 999000	 120	 999000	 999	 2.471643e+02	 666.67	 550.00	 38.00	 2	 0.22	 
BFE_334	 2	 8	 2205.jpg	 2.481488e+02	 24	 999000	 240	 999000	 999	 2.491665e+02	 666.67	 550.00	 47.00	 26	 0.77	 
BFE_334	 2	 8	 1121.jpg	 2.511355e+02	 11	 1.003092e+03	 1100	 6.667152e+02	 98	 2.521531e+02	 616.67	 550.00	 14.00	 21	 0.58	 
