subjectID	 order	 runNum	 itemName	 onsetTime	 shuff_trialType	 RT	 respInTime	 AudioTime	 response	 fixationTime	 ladder1	 ladder2	 bidIndex	 itemNameIndex	 bidValue	 
BFE_302	 2	 2	 1219.jpg	 1.251435e+02	 12	 999000	 120	 999000	 999	 1.261612e+02	 716.67	 716.67	 4.00	 40	 0.84	 
BFE_302	 2	 2	 1208.jpg	 1.271290e+02	 11	 9.610857e+02	 110	 7.167413e+02	 98	 1.281468e+02	 733.33	 716.67	 14.00	 29	 0.62	 
BFE_302	 2	 2	 2201.jpg	 1.311335e+02	 22	 1.012596e+03	 2200	 7.167173e+02	 98	 1.321529e+02	 733.33	 666.67	 48.00	 22	 0.69	 
BFE_302	 2	 2	 2217.jpg	 1.341369e+02	 24	 999000	 240	 999000	 999	 1.351546e+02	 733.33	 666.67	 55.00	 38	 0.64	 
BFE_302	 2	 2	 2112.jpg	 1.361391e+02	 24	 999000	 240	 999000	 999	 1.371568e+02	 733.33	 666.67	 77.00	 12	 0.16	 
BFE_302	 2	 2	 2219.jpg	 1.391424e+02	 24	 999000	 240	 999000	 999	 1.401603e+02	 733.33	 666.67	 43.00	 40	 0.82	 
BFE_302	 2	 2	 2117.jpg	 1.431303e+02	 24	 999000	 240	 999000	 999	 1.441480e+02	 733.33	 666.67	 78.00	 17	 0.16	 
BFE_302	 2	 2	 1204.jpg	 1.471347e+02	 12	 2.993947e+02	 12	 999000	 98	 1.481525e+02	 733.33	 666.67	 7.00	 25	 0.72	 
BFE_302	 2	 2	 2101.jpg	 1.491371e+02	 22	 9.369786e+02	 220	 6.667061e+02	 98	 1.501547e+02	 733.33	 683.33	 51.00	 1	 0.66	 
BFE_302	 2	 2	 2214.jpg	 1.541426e+02	 22	 1.163551e+03	 2200	 6.833618e+02	 98	 1.551603e+02	 733.33	 633.33	 56.00	 35	 0.64	 
BFE_302	 2	 2	 1216.jpg	 1.561278e+02	 12	 999000	 120	 999000	 999	 1.571460e+02	 733.33	 633.33	 12.00	 37	 0.64	 
BFE_302	 2	 2	 1217.jpg	 1.581304e+02	 12	 999000	 120	 999000	 999	 1.591481e+02	 733.33	 633.33	 18.00	 38	 0.52	 
BFE_302	 2	 2	 1202.jpg	 1.641372e+02	 11	 9.929761e+02	 110	 7.333645e+02	 98	 1.651549e+02	 750.00	 633.33	 17.00	 23	 0.54	 
BFE_302	 2	 2	 2206.jpg	 1.661414e+02	 24	 999000	 240	 999000	 999	 1.671571e+02	 750.00	 633.33	 47.00	 27	 0.70	 
BFE_302	 2	 2	 1101.jpg	 1.681416e+02	 11	 9.325048e+02	 110	 7.500563e+02	 98	 1.691594e+02	 766.67	 633.33	 8.00	 1	 0.72	 
BFE_302	 2	 2	 1106.jpg	 1.701270e+02	 12	 999000	 120	 999000	 999	 1.711449e+02	 766.67	 633.33	 20.00	 6	 0.50	 
BFE_302	 2	 2	 2115.jpg	 1.741316e+02	 24	 999000	 240	 999000	 999	 1.751495e+02	 766.67	 633.33	 53.00	 15	 0.65	 
BFE_302	 2	 2	 2204.jpg	 1.781362e+02	 22	 1.065927e+03	 2200	 6.333682e+02	 98	 1.791539e+02	 766.67	 583.33	 49.00	 25	 0.69	 
BFE_302	 2	 2	 1211.jpg	 1.811395e+02	 12	 999000	 120	 999000	 999	 1.821573e+02	 766.67	 583.33	 13.00	 32	 0.64	 
BFE_302	 2	 2	 1117.jpg	 1.851440e+02	 12	 999000	 120	 999000	 999	 1.861618e+02	 766.67	 583.33	 37.00	 17	 0.20	 
BFE_302	 2	 2	 2207.jpg	 1.881307e+02	 24	 999000	 240	 999000	 999	 1.891484e+02	 766.67	 583.33	 62.00	 28	 0.51	 
BFE_302	 2	 2	 1206.jpg	 1.901329e+02	 11	 1.029269e+03	 1100	 7.666924e+02	 98	 1.911506e+02	 716.67	 583.33	 11.00	 27	 0.67	 
BFE_302	 2	 2	 2208.jpg	 1.941374e+02	 24	 999000	 240	 999000	 999	 1.951551e+02	 716.67	 583.33	 52.00	 29	 0.66	 
BFE_302	 2	 2	 1115.jpg	 1.961396e+02	 12	 999000	 120	 999000	 999	 1.971574e+02	 716.67	 583.33	 10.00	 15	 0.69	 
BFE_302	 2	 2	 1214.jpg	 1.981419e+02	 12	 999000	 120	 999000	 999	 1.991597e+02	 716.67	 583.33	 3.00	 35	 0.84	 
BFE_302	 2	 2	 2205.jpg	 2.021297e+02	 24	 999000	 240	 999000	 999	 2.031474e+02	 716.67	 583.33	 44.00	 26	 0.77	 
BFE_302	 2	 2	 2215.jpg	 2.041319e+02	 24	 999000	 240	 999000	 999	 2.051497e+02	 716.67	 583.33	 58.00	 36	 0.60	 
BFE_302	 2	 2	 2218.jpg	 2.081364e+02	 24	 999000	 240	 999000	 999	 2.091542e+02	 716.67	 583.33	 59.00	 39	 0.60	 
BFE_302	 2	 2	 2202.jpg	 2.121409e+02	 24	 999000	 240	 999000	 999	 2.131586e+02	 716.67	 583.33	 60.00	 23	 0.57	 
BFE_302	 2	 2	 2106.jpg	 2.151272e+02	 22	 9.068822e+02	 220	 5.833721e+02	 98	 2.161454e+02	 716.67	 600.00	 57.00	 6	 0.62	 
BFE_302	 2	 2	 1102.jpg	 2.211344e+02	 12	 999000	 120	 999000	 999	 2.221521e+02	 716.67	 600.00	 19.00	 2	 0.52	 
BFE_302	 2	 2	 1121.jpg	 2.231366e+02	 12	 999000	 120	 999000	 999	 2.241543e+02	 716.67	 600.00	 22.00	 21	 0.47	 
BFE_302	 2	 2	 1218.jpg	 2.271412e+02	 11	 9.889913e+02	 110	 7.167067e+02	 98	 2.281588e+02	 733.33	 600.00	 16.00	 39	 0.56	 
BFE_302	 2	 2	 2121.jpg	 2.291437e+02	 24	 999000	 240	 999000	 999	 2.301610e+02	 733.33	 600.00	 61.00	 21	 0.52	 
BFE_302	 2	 2	 1205.jpg	 2.311286e+02	 11	 1.009559e+03	 1100	 7.333749e+02	 98	 2.321471e+02	 683.33	 600.00	 9.00	 26	 0.72	 
BFE_302	 2	 2	 2211.jpg	 2.331312e+02	 22	 9.189507e+02	 220	 6.000307e+02	 98	 2.341489e+02	 683.33	 616.67	 54.00	 32	 0.64	 
BFE_302	 2	 2	 1120.jpg	 2.381367e+02	 12	 999000	 120	 999000	 999	 2.391544e+02	 683.33	 616.67	 21.00	 20	 0.50	 
BFE_302	 2	 2	 2109.jpg	 2.401390e+02	 24	 999000	 240	 999000	 999	 2.411567e+02	 683.33	 616.67	 50.00	 9	 0.67	 
BFE_302	 2	 2	 1109.jpg	 2.421412e+02	 12	 999000	 120	 999000	 999	 2.431589e+02	 683.33	 616.67	 15.00	 9	 0.62	 
BFE_302	 2	 2	 1203.jpg	 2.451276e+02	 12	 999000	 120	 999000	 999	 2.461456e+02	 683.33	 616.67	 38.00	 24	 0.16	 
