subjectID	 order	 runNum	 itemName	 onsetTime	 shuff_trialType	 RT	 respInTime	 AudioTime	 response	 fixationTime	 ladder1	 ladder2	 bidIndex	 itemNameIndex	 bidValue	 
BFE_340	 2	 19	 1218.jpg	 1.577439e+03	 12	 999000	 120	 999000	 999	 1.578457e+03	 916.67	 916.67	 20.00	 39	 0.53	 
BFE_340	 2	 19	 2105.jpg	 1.579425e+03	 24	 999000	 240	 999000	 999	 1.580443e+03	 916.67	 916.67	 50.00	 5	 0.73	 
BFE_340	 2	 19	 2213.jpg	 1.583429e+03	 24	 4.848238e+02	 24	 999000	 98	 1.584447e+03	 916.67	 916.67	 62.00	 34	 0.51	 
BFE_340	 2	 19	 2202.jpg	 1.586433e+03	 24	 999000	 240	 999000	 999	 1.587450e+03	 916.67	 916.67	 60.00	 23	 0.54	 
BFE_340	 2	 19	 1219.jpg	 1.588435e+03	 11	 4.791880e+02	 11	 9.167349e+02	 98	 1.589453e+03	 916.67	 916.67	 17.00	 40	 0.55	 
BFE_340	 2	 19	 1106.jpg	 1.591438e+03	 11	 5.478263e+02	 11	 9.167126e+02	 98	 1.592456e+03	 916.67	 916.67	 14.00	 6	 0.63	 
BFE_340	 2	 19	 2218.jpg	 1.595426e+03	 24	 999000	 240	 999000	 999	 1.596444e+03	 916.67	 916.67	 58.00	 39	 0.57	 
BFE_340	 2	 19	 1121.jpg	 1.599431e+03	 12	 999000	 120	 999000	 999	 1.600448e+03	 916.67	 916.67	 10.00	 21	 0.72	 
BFE_340	 2	 19	 1103.jpg	 1.601433e+03	 12	 999000	 120	 999000	 999	 1.602451e+03	 916.67	 916.67	 4.00	 3	 0.81	 
BFE_340	 2	 19	 1119.jpg	 1.606438e+03	 12	 999000	 120	 999000	 999	 1.607456e+03	 916.67	 916.67	 37.00	 19	 0.19	 
BFE_340	 2	 19	 2116.jpg	 1.608424e+03	 24	 999000	 240	 999000	 999	 1.609442e+03	 916.67	 916.67	 53.00	 16	 0.65	 
BFE_340	 2	 19	 2209.jpg	 1.610426e+03	 22	 5.518504e+02	 22	 9.167383e+02	 98	 1.611444e+03	 916.67	 916.67	 54.00	 30	 0.63	 
BFE_340	 2	 19	 1109.jpg	 1.616433e+03	 12	 6.251421e+02	 12	 999000	 98	 1.617451e+03	 916.67	 916.67	 18.00	 9	 0.54	 
BFE_340	 2	 19	 2211.jpg	 1.618435e+03	 22	 5.588237e+02	 22	 9.167172e+02	 98	 1.619453e+03	 916.67	 916.67	 48.00	 32	 0.76	 
BFE_340	 2	 19	 1105.jpg	 1.620437e+03	 12	 999000	 120	 999000	 999	 1.621455e+03	 916.67	 916.67	 21.00	 5	 0.49	 
BFE_340	 2	 19	 1107.jpg	 1.622440e+03	 12	 999000	 120	 999000	 999	 1.623458e+03	 916.67	 916.67	 13.00	 7	 0.64	 
BFE_340	 2	 19	 1201.jpg	 1.626428e+03	 11	 4.705532e+02	 11	 9.167202e+02	 98	 1.627445e+03	 916.67	 916.67	 8.00	 22	 0.75	 
BFE_340	 2	 19	 2102.jpg	 1.630432e+03	 24	 999000	 240	 999000	 999	 1.631450e+03	 916.67	 916.67	 47.00	 2	 0.81	 
BFE_340	 2	 19	 1213.jpg	 1.633435e+03	 11	 5.507063e+02	 11	 9.167193e+02	 98	 1.634453e+03	 916.67	 916.67	 16.00	 34	 0.56	 
BFE_340	 2	 19	 2101.jpg	 1.637440e+03	 24	 999000	 240	 999000	 999	 1.638458e+03	 916.67	 916.67	 78.00	 1	 0.17	 
BFE_340	 2	 19	 2117.jpg	 1.640427e+03	 22	 7.115481e+02	 22	 9.167226e+02	 98	 1.641444e+03	 916.67	 916.67	 56.00	 17	 0.59	 
BFE_340	 2	 19	 2111.jpg	 1.642429e+03	 24	 999000	 240	 999000	 999	 1.643447e+03	 916.67	 916.67	 59.00	 11	 0.55	 
BFE_340	 2	 19	 1114.jpg	 1.646433e+03	 11	 6.326449e+02	 11	 9.167127e+02	 98	 1.647451e+03	 916.67	 916.67	 9.00	 14	 0.74	 
BFE_340	 2	 19	 2219.jpg	 1.648436e+03	 22	 5.985690e+02	 22	 9.167162e+02	 98	 1.649453e+03	 916.67	 916.67	 57.00	 40	 0.57	 
BFE_340	 2	 19	 2208.jpg	 1.650438e+03	 24	 999000	 240	 999000	 999	 1.651455e+03	 916.67	 916.67	 77.00	 29	 0.18	 
BFE_340	 2	 19	 1217.jpg	 1.654426e+03	 12	 999000	 120	 999000	 999	 1.655443e+03	 916.67	 916.67	 15.00	 38	 0.56	 
BFE_340	 2	 19	 1204.jpg	 1.656428e+03	 12	 999000	 120	 999000	 999	 1.657446e+03	 916.67	 916.67	 22.00	 25	 0.47	 
BFE_340	 2	 19	 2217.jpg	 1.660432e+03	 24	 999000	 240	 999000	 999	 1.661450e+03	 916.67	 916.67	 55.00	 38	 0.61	 
BFE_340	 2	 19	 1206.jpg	 1.664437e+03	 12	 999000	 120	 999000	 999	 1.665455e+03	 916.67	 916.67	 7.00	 27	 0.76	 
BFE_340	 2	 19	 2114.jpg	 1.667423e+03	 24	 999000	 240	 999000	 999	 1.668441e+03	 916.67	 916.67	 52.00	 14	 0.66	 
BFE_340	 2	 19	 2115.jpg	 1.673430e+03	 22	 6.360517e+02	 22	 9.167112e+02	 98	 1.674448e+03	 916.67	 916.67	 49.00	 15	 0.73	 
BFE_340	 2	 19	 1118.jpg	 1.675432e+03	 12	 999000	 120	 999000	 999	 1.676450e+03	 916.67	 916.67	 19.00	 18	 0.54	 
BFE_340	 2	 19	 2109.jpg	 1.679437e+03	 22	 6.530799e+02	 22	 9.167070e+02	 98	 1.680455e+03	 916.67	 916.67	 51.00	 9	 0.71	 
BFE_340	 2	 19	 2203.jpg	 1.681439e+03	 24	 999000	 240	 999000	 999	 1.682457e+03	 916.67	 916.67	 61.00	 24	 0.53	 
BFE_340	 2	 19	 1120.jpg	 1.683424e+03	 12	 999000	 120	 999000	 999	 1.684443e+03	 916.67	 916.67	 12.00	 20	 0.67	 
BFE_340	 2	 19	 1115.jpg	 1.685427e+03	 11	 5.110846e+02	 11	 9.167181e+02	 98	 1.686445e+03	 916.67	 916.67	 11.00	 15	 0.69	 
BFE_340	 2	 19	 1117.jpg	 1.690433e+03	 12	 999000	 120	 999000	 999	 1.691450e+03	 916.67	 916.67	 3.00	 17	 0.85	 
BFE_340	 2	 19	 1208.jpg	 1.692435e+03	 12	 999000	 120	 999000	 999	 1.693453e+03	 916.67	 916.67	 38.00	 29	 0.16	 
BFE_340	 2	 19	 2113.jpg	 1.694437e+03	 24	 999000	 240	 999000	 999	 1.695455e+03	 916.67	 916.67	 43.00	 13	 0.88	 
BFE_340	 2	 19	 2103.jpg	 1.697440e+03	 24	 999000	 240	 999000	 999	 1.698458e+03	 916.67	 916.67	 44.00	 3	 0.85	 
