subjectID	 order	 runNum	 itemName	 onsetTime	 shuff_trialType	 RT	 respInTime	 AudioTime	 response	 fixationTime	 ladder1	 ladder2	 bidIndex	 itemNameIndex	 bidValue	 
BFE_132	 2	 16	 2115.jpg	 1.149221e+03	 24	 999000	 240	 999000	 999	 1.150239e+03	 516.67	 450.00	 43.00	 15	 0.84	 
BFE_132	 2	 16	 2107.jpg	 1.152208e+03	 22	 8.749016e+02	 220	 4.500460e+02	 98	 1.153225e+03	 516.67	 466.67	 57.00	 7	 0.62	 
BFE_132	 2	 16	 1102.jpg	 1.154210e+03	 12	 999000	 120	 999000	 999	 1.155228e+03	 516.67	 466.67	 13.00	 2	 0.60	 
BFE_132	 2	 16	 2106.jpg	 1.156212e+03	 24	 999000	 240	 999000	 999	 1.157230e+03	 516.67	 466.67	 58.00	 6	 0.61	 
BFE_132	 2	 16	 2102.jpg	 1.158214e+03	 24	 999000	 240	 999000	 999	 1.159232e+03	 516.67	 466.67	 59.00	 2	 0.61	 
BFE_132	 2	 16	 1209.jpg	 1.161218e+03	 12	 999000	 120	 999000	 999	 1.162236e+03	 516.67	 466.67	 21.00	 30	 0.55	 
BFE_132	 2	 16	 1115.jpg	 1.163203e+03	 12	 6.072681e+02	 12	 999000	 98	 1.164221e+03	 516.67	 466.67	 3.00	 15	 0.77	 
BFE_132	 2	 16	 1110.jpg	 1.167208e+03	 11	 1.266803e+03	 1100	 5.167204e+02	 98	 1.168226e+03	 466.67	 466.67	 8.00	 10	 0.66	 
BFE_132	 2	 16	 1213.jpg	 1.169210e+03	 11	 7.205806e+02	 110	 4.667058e+02	 98	 1.170228e+03	 483.33	 466.67	 11.00	 34	 0.61	 
BFE_132	 2	 16	 1219.jpg	 1.174216e+03	 12	 1.002990e+03	 12	 999000	 98	 1.175233e+03	 483.33	 466.67	 20.00	 40	 0.55	 
BFE_132	 2	 16	 1109.jpg	 1.176218e+03	 11	 8.007380e+02	 110	 4.833901e+02	 98	 1.177236e+03	 500.00	 466.67	 16.00	 9	 0.59	 
BFE_132	 2	 16	 2201.jpg	 1.180206e+03	 24	 999000	 240	 999000	 999	 1.181223e+03	 500.00	 466.67	 47.00	 22	 0.77	 
BFE_132	 2	 16	 1116.jpg	 1.182208e+03	 12	 999000	 120	 999000	 999	 1.183226e+03	 500.00	 466.67	 18.00	 16	 0.56	 
BFE_132	 2	 16	 2112.jpg	 1.185211e+03	 24	 999000	 240	 999000	 999	 1.186229e+03	 500.00	 466.67	 55.00	 12	 0.64	 
BFE_132	 2	 16	 2202.jpg	 1.190217e+03	 24	 999000	 240	 999000	 999	 1.191235e+03	 500.00	 466.67	 52.00	 23	 0.67	 
BFE_132	 2	 16	 1204.jpg	 1.192202e+03	 12	 999000	 120	 999000	 999	 1.193220e+03	 500.00	 466.67	 22.00	 25	 0.54	 
BFE_132	 2	 16	 1120.jpg	 1.194205e+03	 12	 999000	 120	 999000	 999	 1.195222e+03	 500.00	 466.67	 37.00	 20	 0.23	 
BFE_132	 2	 16	 1118.jpg	 1.198209e+03	 12	 999000	 120	 999000	 999	 1.199227e+03	 500.00	 466.67	 38.00	 18	 0.16	 
BFE_132	 2	 16	 2211.jpg	 1.202214e+03	 24	 999000	 240	 999000	 999	 1.203231e+03	 500.00	 466.67	 60.00	 32	 0.59	 
BFE_132	 2	 16	 2103.jpg	 1.206218e+03	 22	 1.376482e+03	 2200	 4.667073e+02	 98	 1.207236e+03	 500.00	 416.67	 48.00	 3	 0.76	 
BFE_132	 2	 16	 2217.jpg	 1.208204e+03	 22	 7.589325e+02	 220	 4.167006e+02	 98	 1.209221e+03	 500.00	 433.33	 49.00	 38	 0.76	 
BFE_132	 2	 16	 1211.jpg	 1.210206e+03	 12	 999000	 120	 999000	 999	 1.211224e+03	 500.00	 433.33	 10.00	 32	 0.64	 
BFE_132	 2	 16	 2116.jpg	 1.212208e+03	 24	 999000	 240	 999000	 999	 1.213226e+03	 500.00	 433.33	 61.00	 16	 0.55	 
BFE_132	 2	 16	 1215.jpg	 1.214210e+03	 11	 8.480836e+02	 110	 5.000278e+02	 98	 1.215228e+03	 516.67	 433.33	 17.00	 36	 0.56	 
BFE_132	 2	 16	 2216.jpg	 1.220217e+03	 24	 999000	 240	 999000	 999	 1.221235e+03	 516.67	 433.33	 50.00	 37	 0.75	 
BFE_132	 2	 16	 2114.jpg	 1.223204e+03	 24	 999000	 240	 999000	 999	 1.224222e+03	 516.67	 433.33	 44.00	 14	 0.80	 
BFE_132	 2	 16	 1208.jpg	 1.225206e+03	 12	 7.485290e+02	 12	 999000	 98	 1.226224e+03	 516.67	 433.33	 15.00	 29	 0.59	 
BFE_132	 2	 16	 2108.jpg	 1.227208e+03	 24	 999000	 240	 999000	 999	 1.228226e+03	 516.67	 433.33	 78.00	 8	 0.25	 
BFE_132	 2	 16	 2219.jpg	 1.230212e+03	 24	 999000	 240	 999000	 999	 1.231229e+03	 516.67	 433.33	 53.00	 40	 0.66	 
BFE_132	 2	 16	 2110.jpg	 1.232214e+03	 22	 1.164644e+03	 2200	 4.333584e+02	 98	 1.233232e+03	 516.67	 383.33	 54.00	 10	 0.65	 
BFE_132	 2	 16	 1104.jpg	 1.234216e+03	 12	 999000	 120	 999000	 999	 1.235234e+03	 516.67	 383.33	 12.00	 4	 0.61	 
BFE_132	 2	 16	 2214.jpg	 1.236218e+03	 22	 7.761618e+02	 220	 3.833674e+02	 98	 1.237236e+03	 516.67	 400.00	 51.00	 35	 0.75	 
BFE_132	 2	 16	 1206.jpg	 1.239205e+03	 12	 999000	 120	 999000	 999	 1.240223e+03	 516.67	 400.00	 7.00	 27	 0.67	 
BFE_132	 2	 16	 1218.jpg	 1.241207e+03	 12	 999000	 120	 999000	 999	 1.242225e+03	 516.67	 400.00	 19.00	 39	 0.56	 
BFE_132	 2	 16	 1105.jpg	 1.243210e+03	 11	 9.529882e+02	 110	 5.167072e+02	 98	 1.244227e+03	 533.33	 400.00	 14.00	 5	 0.60	 
BFE_132	 2	 16	 1113.jpg	 1.245212e+03	 11	 7.986649e+02	 110	 5.333603e+02	 98	 1.246230e+03	 550.00	 400.00	 9.00	 13	 0.65	 
BFE_132	 2	 16	 2215.jpg	 1.247214e+03	 24	 999000	 240	 999000	 999	 1.248232e+03	 550.00	 400.00	 62.00	 36	 0.55	 
BFE_132	 2	 16	 1216.jpg	 1.253204e+03	 12	 999000	 120	 999000	 999	 1.254222e+03	 550.00	 400.00	 4.00	 37	 0.76	 
BFE_132	 2	 16	 2104.jpg	 1.256208e+03	 24	 999000	 240	 999000	 999	 1.257225e+03	 550.00	 400.00	 77.00	 4	 0.29	 
BFE_132	 2	 16	 2109.jpg	 1.260212e+03	 22	 6.865816e+02	 220	 4.000288e+02	 98	 1.261230e+03	 550.00	 416.67	 56.00	 9	 0.63	 
