subjectID	 order	 runNum	 itemName	 onsetTime	 shuff_trialType	 RT	 respInTime	 AudioTime	 response	 fixationTime	 ladder1	 ladder2	 bidIndex	 itemNameIndex	 bidValue	 
BFE_337	 1	 11	 2108.jpg	 5.572260e+02	 24	 4.080362e+02	 24	 999000	 98	 5.582438e+02	 683.33	 616.67	 77.00	 8	 0.21	 
BFE_337	 1	 11	 2103.jpg	 5.622317e+02	 24	 999000	 240	 999000	 999	 5.632495e+02	 683.33	 616.67	 48.00	 3	 0.73	 
BFE_337	 1	 11	 1120.jpg	 5.642172e+02	 12	 999000	 120	 999000	 999	 5.652350e+02	 683.33	 616.67	 37.00	 20	 0.22	 
BFE_337	 1	 11	 2104.jpg	 5.662194e+02	 24	 999000	 240	 999000	 999	 5.672374e+02	 683.33	 616.67	 61.00	 4	 0.46	 
BFE_337	 1	 11	 1114.jpg	 5.722262e+02	 12	 999000	 120	 999000	 999	 5.732440e+02	 683.33	 616.67	 19.00	 14	 0.52	 
BFE_337	 1	 11	 1117.jpg	 5.742284e+02	 12	 999000	 120	 999000	 999	 5.752462e+02	 683.33	 616.67	 11.00	 17	 0.64	 
BFE_337	 1	 11	 2107.jpg	 5.772319e+02	 24	 999000	 240	 999000	 999	 5.782496e+02	 683.33	 616.67	 78.00	 7	 0.20	 
BFE_337	 1	 11	 2209.jpg	 5.792174e+02	 24	 999000	 240	 999000	 999	 5.802351e+02	 683.33	 616.67	 43.00	 30	 0.83	 
BFE_337	 1	 11	 1206.jpg	 5.832218e+02	 11	 1.060212e+03	 1100	 6.833851e+02	 98	 5.842396e+02	 633.33	 616.67	 10.00	 27	 0.65	 
BFE_337	 1	 11	 1213.jpg	 5.852242e+02	 12	 999000	 120	 999000	 999	 5.862419e+02	 633.33	 616.67	 16.00	 34	 0.56	 
BFE_337	 1	 11	 1205.jpg	 5.902297e+02	 12	 999000	 120	 999000	 999	 5.912474e+02	 633.33	 616.67	 9.00	 26	 0.68	 
BFE_337	 1	 11	 2106.jpg	 5.972209e+02	 24	 999000	 240	 999000	 999	 5.982387e+02	 633.33	 616.67	 59.00	 6	 0.50	 
BFE_337	 1	 11	 2101.jpg	 5.992231e+02	 24	 999000	 240	 999000	 999	 6.002408e+02	 633.33	 616.67	 54.00	 1	 0.59	 
BFE_337	 1	 11	 2216.jpg	 6.022264e+02	 22	 8.956053e+02	 220	 6.167209e+02	 98	 6.032442e+02	 633.33	 633.33	 47.00	 37	 0.74	 
BFE_337	 1	 11	 2212.jpg	 6.052298e+02	 22	 9.322523e+02	 220	 6.333762e+02	 98	 6.062476e+02	 633.33	 650.00	 53.00	 33	 0.59	 
BFE_337	 1	 11	 2213.jpg	 6.092177e+02	 24	 999000	 240	 999000	 999	 6.102355e+02	 633.33	 650.00	 49.00	 34	 0.70	 
BFE_337	 1	 11	 2102.jpg	 6.132222e+02	 22	 9.798632e+02	 220	 6.500436e+02	 98	 6.142399e+02	 633.33	 666.67	 58.00	 2	 0.51	 
BFE_337	 1	 11	 2117.jpg	 6.172267e+02	 22	 8.792889e+02	 220	 6.667118e+02	 98	 6.182445e+02	 633.33	 683.33	 55.00	 17	 0.55	 
BFE_337	 1	 11	 1109.jpg	 6.202300e+02	 11	 8.360282e+02	 110	 6.333708e+02	 98	 6.212477e+02	 650.00	 683.33	 7.00	 9	 0.73	 
BFE_337	 1	 11	 1115.jpg	 6.262200e+02	 11	 9.500446e+02	 110	 6.500378e+02	 98	 6.272377e+02	 666.67	 683.33	 13.00	 15	 0.63	 
BFE_337	 1	 11	 1216.jpg	 6.282222e+02	 12	 999000	 120	 999000	 999	 6.292401e+02	 666.67	 683.33	 14.00	 37	 0.61	 
BFE_337	 1	 11	 1106.jpg	 6.312256e+02	 12	 999000	 120	 999000	 999	 6.322434e+02	 666.67	 683.33	 4.00	 6	 0.79	 
BFE_337	 1	 11	 1212.jpg	 6.332279e+02	 12	 999000	 120	 999000	 999	 6.342457e+02	 666.67	 683.33	 21.00	 33	 0.50	 
BFE_337	 1	 11	 2114.jpg	 6.352301e+02	 24	 999000	 240	 999000	 999	 6.362479e+02	 666.67	 683.33	 60.00	 14	 0.48	 
BFE_337	 1	 11	 2219.jpg	 6.372325e+02	 24	 999000	 240	 999000	 999	 6.382502e+02	 666.67	 683.33	 44.00	 40	 0.82	 
BFE_337	 1	 11	 1107.jpg	 6.402190e+02	 12	 999000	 120	 999000	 999	 6.412368e+02	 666.67	 683.33	 20.00	 7	 0.50	 
BFE_337	 1	 11	 1217.jpg	 6.442235e+02	 12	 999000	 120	 999000	 999	 6.452413e+02	 666.67	 683.33	 8.00	 38	 0.70	 
BFE_337	 1	 11	 2204.jpg	 6.462257e+02	 24	 999000	 240	 999000	 999	 6.472435e+02	 666.67	 683.33	 57.00	 25	 0.52	 
BFE_337	 1	 11	 1112.jpg	 6.482281e+02	 12	 999000	 120	 999000	 999	 6.492458e+02	 666.67	 683.33	 17.00	 12	 0.56	 
BFE_337	 1	 11	 2207.jpg	 6.502303e+02	 24	 999000	 240	 999000	 999	 6.512481e+02	 666.67	 683.33	 62.00	 28	 0.46	 
BFE_337	 1	 11	 1102.jpg	 6.522157e+02	 11	 9.704237e+02	 110	 6.667217e+02	 98	 6.532335e+02	 683.33	 683.33	 15.00	 2	 0.59	 
BFE_337	 1	 11	 1105.jpg	 6.542181e+02	 11	 8.879457e+02	 110	 6.834233e+02	 98	 6.552359e+02	 700.00	 683.33	 18.00	 5	 0.55	 
BFE_337	 1	 11	 1209.jpg	 6.582225e+02	 12	 999000	 120	 999000	 999	 6.592403e+02	 700.00	 683.33	 3.00	 30	 0.79	 
BFE_337	 1	 11	 2211.jpg	 6.622271e+02	 22	 9.189864e+02	 220	 6.833795e+02	 98	 6.632448e+02	 700.00	 700.00	 50.00	 32	 0.63	 
BFE_337	 1	 11	 2109.jpg	 6.642293e+02	 22	 9.487173e+02	 220	 7.000510e+02	 98	 6.652470e+02	 700.00	 716.67	 52.00	 9	 0.63	 
BFE_337	 1	 11	 1121.jpg	 6.662315e+02	 11	 1.050554e+03	 1100	 7.000507e+02	 98	 6.672493e+02	 650.00	 716.67	 12.00	 21	 0.64	 
BFE_337	 1	 11	 2217.jpg	 6.682168e+02	 24	 999000	 240	 999000	 999	 6.692348e+02	 650.00	 716.67	 56.00	 38	 0.52	 
BFE_337	 1	 11	 2206.jpg	 6.702193e+02	 24	 999000	 240	 999000	 999	 6.712372e+02	 650.00	 716.67	 51.00	 27	 0.63	 
BFE_337	 1	 11	 1215.jpg	 6.762261e+02	 12	 999000	 120	 999000	 999	 6.772440e+02	 650.00	 716.67	 22.00	 36	 0.48	 
BFE_337	 1	 11	 1118.jpg	 6.782282e+02	 12	 999000	 120	 999000	 999	 6.792460e+02	 650.00	 716.67	 38.00	 18	 0.19	 
