subjectID	 order	 runNum	 itemName	 onsetTime	 shuff_trialType	 RT	 respInTime	 AudioTime	 response	 fixationTime	 ladder1	 ladder2	 bidIndex	 itemNameIndex	 bidValue	 
BFE_336	 2	 12	 2213.jpg	 6.631517e+02	 24	 999000	 240	 999000	 999	 6.641694e+02	 716.67	 716.67	 58.00	 34	 0.52	 
BFE_336	 2	 12	 1204.jpg	 6.661384e+02	 12	 999000	 120	 999000	 999	 6.671561e+02	 716.67	 716.67	 38.00	 25	 0.33	 
BFE_336	 2	 12	 1103.jpg	 6.701429e+02	 12	 999000	 120	 999000	 999	 6.711606e+02	 716.67	 716.67	 12.00	 3	 0.57	 
BFE_336	 2	 12	 1205.jpg	 6.721451e+02	 12	 999000	 120	 999000	 999	 6.731628e+02	 716.67	 716.67	 20.00	 26	 0.48	 
BFE_336	 2	 12	 1218.jpg	 6.741473e+02	 12	 999000	 120	 999000	 999	 6.751652e+02	 716.67	 716.67	 4.00	 39	 0.73	 
BFE_336	 2	 12	 1201.jpg	 6.781352e+02	 12	 999000	 120	 999000	 999	 6.791529e+02	 716.67	 716.67	 10.00	 22	 0.63	 
BFE_336	 2	 12	 2113.jpg	 6.801375e+02	 24	 999000	 240	 999000	 999	 6.811551e+02	 716.67	 716.67	 61.00	 13	 0.48	 
BFE_336	 2	 12	 1219.jpg	 6.851431e+02	 12	 999000	 120	 999000	 999	 6.861608e+02	 716.67	 716.67	 19.00	 40	 0.50	 
BFE_336	 2	 12	 2218.jpg	 6.871454e+02	 22	 9.129610e+02	 220	 7.167252e+02	 98	 6.881631e+02	 716.67	 733.33	 51.00	 39	 0.66	 
BFE_336	 2	 12	 2116.jpg	 6.901486e+02	 24	 999000	 240	 999000	 999	 6.911664e+02	 716.67	 733.33	 52.00	 16	 0.66	 
BFE_336	 2	 12	 2108.jpg	 6.931354e+02	 24	 999000	 240	 999000	 999	 6.941531e+02	 716.67	 733.33	 62.00	 8	 0.47	 
BFE_336	 2	 12	 1109.jpg	 6.971398e+02	 11	 9.665217e+02	 110	 7.167210e+02	 98	 6.981575e+02	 733.33	 733.33	 17.00	 9	 0.51	 
BFE_336	 2	 12	 1214.jpg	 7.001431e+02	 11	 9.792258e+02	 110	 7.333888e+02	 98	 7.011609e+02	 750.00	 733.33	 11.00	 35	 0.60	 
BFE_336	 2	 12	 1113.jpg	 7.021454e+02	 11	 9.769551e+02	 110	 7.500509e+02	 98	 7.031632e+02	 766.67	 733.33	 8.00	 13	 0.68	 
BFE_336	 2	 12	 2201.jpg	 7.051488e+02	 22	 9.575800e+02	 220	 7.333718e+02	 98	 7.061665e+02	 766.67	 750.00	 49.00	 22	 0.75	 
BFE_336	 2	 12	 2208.jpg	 7.091366e+02	 24	 999000	 240	 999000	 999	 7.101543e+02	 766.67	 750.00	 50.00	 29	 0.67	 
BFE_336	 2	 12	 2206.jpg	 7.121399e+02	 22	 9.823784e+02	 220	 7.500438e+02	 98	 7.131578e+02	 766.67	 766.67	 48.00	 27	 0.75	 
BFE_336	 2	 12	 1110.jpg	 7.141422e+02	 12	 999000	 120	 999000	 999	 7.151600e+02	 766.67	 766.67	 18.00	 10	 0.50	 
BFE_336	 2	 12	 2202.jpg	 7.161444e+02	 24	 999000	 240	 999000	 999	 7.171622e+02	 766.67	 766.67	 77.00	 23	 0.32	 
BFE_336	 2	 12	 2207.jpg	 7.211501e+02	 22	 1.020278e+03	 2200	 7.667034e+02	 98	 7.221678e+02	 766.67	 716.67	 57.00	 28	 0.53	 
BFE_336	 2	 12	 2101.jpg	 7.251378e+02	 24	 999000	 240	 999000	 999	 7.261556e+02	 766.67	 716.67	 53.00	 1	 0.63	 
BFE_336	 2	 12	 1213.jpg	 7.291423e+02	 12	 999000	 120	 999000	 999	 7.301602e+02	 766.67	 716.67	 21.00	 34	 0.47	 
BFE_336	 2	 12	 1216.jpg	 7.351491e+02	 12	 999000	 120	 999000	 999	 7.361668e+02	 766.67	 716.67	 3.00	 37	 0.75	 
BFE_336	 2	 12	 1101.jpg	 7.371347e+02	 11	 1.027613e+03	 1100	 7.667102e+02	 98	 7.381524e+02	 716.67	 716.67	 14.00	 1	 0.54	 
BFE_336	 2	 12	 2107.jpg	 7.391369e+02	 24	 999000	 240	 999000	 999	 7.401546e+02	 716.67	 716.67	 60.00	 7	 0.49	 
BFE_336	 2	 12	 1203.jpg	 7.411392e+02	 11	 9.671909e+02	 110	 7.167122e+02	 98	 7.421568e+02	 733.33	 716.67	 16.00	 24	 0.51	 
BFE_336	 2	 12	 2118.jpg	 7.431413e+02	 24	 999000	 240	 999000	 999	 7.441592e+02	 733.33	 716.67	 47.00	 18	 0.76	 
BFE_336	 2	 12	 1116.jpg	 7.471459e+02	 12	 999000	 120	 999000	 999	 7.481657e+02	 733.33	 716.67	 22.00	 16	 0.44	 
BFE_336	 2	 12	 2203.jpg	 7.491481e+02	 22	 9.582415e+02	 220	 7.167224e+02	 98	 7.501658e+02	 733.33	 733.33	 56.00	 24	 0.56	 
BFE_336	 2	 12	 2111.jpg	 7.531389e+02	 24	 999000	 240	 999000	 999	 7.541537e+02	 733.33	 733.33	 44.00	 11	 0.78	 
BFE_336	 2	 12	 1102.jpg	 7.551381e+02	 11	 9.762357e+02	 110	 7.334232e+02	 98	 7.561560e+02	 750.00	 733.33	 9.00	 2	 0.65	 
BFE_336	 2	 12	 2215.jpg	 7.571403e+02	 24	 999000	 240	 999000	 999	 7.581582e+02	 750.00	 733.33	 78.00	 36	 0.32	 
BFE_336	 2	 12	 2219.jpg	 7.591427e+02	 22	 9.636682e+02	 220	 7.333793e+02	 98	 7.601605e+02	 750.00	 750.00	 54.00	 40	 0.61	 
BFE_336	 2	 12	 1112.jpg	 7.641505e+02	 12	 999000	 120	 999000	 999	 7.651660e+02	 750.00	 750.00	 13.00	 12	 0.54	 
BFE_336	 2	 12	 1215.jpg	 7.661335e+02	 12	 999000	 120	 999000	 999	 7.671516e+02	 750.00	 750.00	 7.00	 36	 0.68	 
BFE_336	 2	 12	 2106.jpg	 7.681361e+02	 24	 999000	 240	 999000	 999	 7.691538e+02	 750.00	 750.00	 55.00	 6	 0.60	 
BFE_336	 2	 12	 2212.jpg	 7.711394e+02	 24	 999000	 240	 999000	 999	 7.721572e+02	 750.00	 750.00	 59.00	 33	 0.50	 
BFE_336	 2	 12	 1208.jpg	 7.781472e+02	 12	 999000	 120	 999000	 999	 7.791650e+02	 750.00	 750.00	 15.00	 29	 0.54	 
BFE_336	 2	 12	 2103.jpg	 7.821348e+02	 24	 999000	 240	 999000	 999	 7.831530e+02	 750.00	 750.00	 43.00	 3	 0.79	 
BFE_336	 2	 12	 1210.jpg	 7.891429e+02	 12	 999000	 120	 999000	 999	 7.901608e+02	 750.00	 750.00	 37.00	 31	 0.34	 
