subjectID	 order	 runNum	 itemName	 onsetTime	 shuff_trialType	 RT	 respInTime	 AudioTime	 response	 fixationTime	 ladder1	 ladder2	 bidIndex	 itemNameIndex	 bidValue	 
BFE_335	 1	 20	 2205.jpg	 1.739915e+03	 24	 999000	 240	 999000	 999	 1.740934e+03	 850.00	 783.33	 60.00	 26	 0.45	 
BFE_335	 1	 20	 1119.jpg	 1.741918e+03	 12	 999000	 120	 999000	 999	 1.742936e+03	 850.00	 783.33	 17.00	 19	 0.53	 
BFE_335	 1	 20	 2217.jpg	 1.745906e+03	 22	 9.764139e+02	 220	 7.833839e+02	 98	 1.746924e+03	 850.00	 800.00	 53.00	 38	 0.63	 
BFE_335	 1	 20	 1219.jpg	 1.748909e+03	 11	 8.051720e+02	 11	 8.500560e+02	 98	 1.749927e+03	 866.67	 800.00	 7.00	 40	 0.77	 
BFE_335	 1	 20	 1203.jpg	 1.750911e+03	 12	 999000	 120	 999000	 999	 1.751929e+03	 866.67	 800.00	 22.00	 24	 0.44	 
BFE_335	 1	 20	 1118.jpg	 1.753915e+03	 12	 999000	 120	 999000	 999	 1.754933e+03	 866.67	 800.00	 38.00	 18	 0.16	 
BFE_335	 1	 20	 2202.jpg	 1.757919e+03	 24	 999000	 240	 999000	 999	 1.758937e+03	 866.67	 800.00	 62.00	 23	 0.44	 
BFE_335	 1	 20	 1106.jpg	 1.761907e+03	 12	 999000	 120	 999000	 999	 1.762925e+03	 866.67	 800.00	 9.00	 6	 0.71	 
BFE_335	 1	 20	 1107.jpg	 1.763909e+03	 11	 8.849773e+02	 110	 8.667067e+02	 98	 1.764927e+03	 883.33	 800.00	 12.00	 7	 0.67	 
BFE_335	 1	 20	 2103.jpg	 1.768915e+03	 22	 9.433789e+02	 220	 8.000411e+02	 98	 1.769933e+03	 883.33	 816.67	 47.00	 3	 0.78	 
BFE_335	 1	 20	 2204.jpg	 1.770917e+03	 24	 999000	 240	 999000	 999	 1.771935e+03	 883.33	 816.67	 59.00	 25	 0.45	 
BFE_335	 1	 20	 1216.jpg	 1.772919e+03	 12	 999000	 120	 999000	 999	 1.773937e+03	 883.33	 816.67	 19.00	 37	 0.49	 
BFE_335	 1	 20	 2201.jpg	 1.778909e+03	 24	 999000	 240	 999000	 999	 1.779927e+03	 883.33	 816.67	 61.00	 22	 0.44	 
BFE_335	 1	 20	 2206.jpg	 1.780912e+03	 24	 999000	 240	 999000	 999	 1.781929e+03	 883.33	 816.67	 51.00	 27	 0.67	 
BFE_335	 1	 20	 2114.jpg	 1.782914e+03	 24	 999000	 240	 999000	 999	 1.783932e+03	 883.33	 816.67	 48.00	 14	 0.78	 
BFE_335	 1	 20	 2216.jpg	 1.784916e+03	 24	 999000	 240	 999000	 999	 1.785934e+03	 883.33	 816.67	 44.00	 37	 0.81	 
BFE_335	 1	 20	 1201.jpg	 1.788921e+03	 12	 999000	 120	 999000	 999	 1.789938e+03	 883.33	 816.67	 20.00	 22	 0.48	 
BFE_335	 1	 20	 1102.jpg	 1.792908e+03	 11	 9.338198e+02	 110	 8.833706e+02	 98	 1.793926e+03	 900.00	 816.67	 10.00	 2	 0.69	 
BFE_335	 1	 20	 1209.jpg	 1.795912e+03	 12	 999000	 120	 999000	 999	 1.796930e+03	 900.00	 816.67	 11.00	 30	 0.68	 
BFE_335	 1	 20	 2102.jpg	 1.799916e+03	 24	 999000	 240	 999000	 999	 1.800934e+03	 900.00	 816.67	 54.00	 2	 0.59	 
BFE_335	 1	 20	 2207.jpg	 1.802920e+03	 24	 999000	 240	 999000	 999	 1.803937e+03	 900.00	 816.67	 77.00	 28	 0.22	 
BFE_335	 1	 20	 2210.jpg	 1.804905e+03	 22	 8.653381e+02	 220	 8.167067e+02	 98	 1.805923e+03	 900.00	 833.33	 58.00	 31	 0.46	 
BFE_335	 1	 20	 2110.jpg	 1.808910e+03	 24	 999000	 240	 999000	 999	 1.809927e+03	 900.00	 833.33	 43.00	 10	 0.82	 
BFE_335	 1	 20	 2209.jpg	 1.810912e+03	 22	 1.042370e+03	 2200	 8.333737e+02	 98	 1.811930e+03	 900.00	 783.33	 52.00	 30	 0.66	 
BFE_335	 1	 20	 1104.jpg	 1.812914e+03	 12	 999000	 120	 999000	 999	 1.813932e+03	 900.00	 783.33	 37.00	 4	 0.18	 
BFE_335	 1	 20	 2215.jpg	 1.816919e+03	 24	 999000	 240	 999000	 999	 1.817936e+03	 900.00	 783.33	 56.00	 36	 0.51	 
BFE_335	 1	 20	 1215.jpg	 1.818921e+03	 12	 999000	 120	 999000	 999	 1.819939e+03	 900.00	 783.33	 21.00	 36	 0.47	 
BFE_335	 1	 20	 1211.jpg	 1.822909e+03	 11	 9.735749e+02	 110	 9.000401e+02	 98	 1.823926e+03	 916.67	 783.33	 13.00	 32	 0.66	 
BFE_335	 1	 20	 2105.jpg	 1.826913e+03	 24	 999000	 240	 999000	 999	 1.827931e+03	 916.67	 783.33	 49.00	 5	 0.76	 
BFE_335	 1	 20	 1204.jpg	 1.829917e+03	 11	 9.496732e+02	 110	 9.167024e+02	 98	 1.830934e+03	 916.67	 783.33	 18.00	 25	 0.50	 
BFE_335	 1	 20	 1206.jpg	 1.835907e+03	 12	 999000	 120	 999000	 999	 1.836924e+03	 916.67	 783.33	 14.00	 27	 0.62	 
BFE_335	 1	 20	 2107.jpg	 1.837909e+03	 22	 7.813725e+02	 22	 7.833863e+02	 98	 1.838927e+03	 916.67	 800.00	 55.00	 7	 0.55	 
BFE_335	 1	 20	 1103.jpg	 1.841913e+03	 12	 999000	 120	 999000	 999	 1.842931e+03	 916.67	 800.00	 4.00	 3	 0.82	 
BFE_335	 1	 20	 2101.jpg	 1.843916e+03	 24	 999000	 240	 999000	 999	 1.844933e+03	 916.67	 800.00	 78.00	 1	 0.21	 
BFE_335	 1	 20	 1217.jpg	 1.845918e+03	 12	 999000	 120	 999000	 999	 1.846936e+03	 916.67	 800.00	 16.00	 38	 0.57	 
BFE_335	 1	 20	 1111.jpg	 1.847920e+03	 11	 6.021772e+02	 11	 9.167179e+02	 98	 1.848938e+03	 916.67	 800.00	 15.00	 11	 0.57	 
BFE_335	 1	 20	 2111.jpg	 1.852909e+03	 22	 9.572974e+02	 220	 8.000501e+02	 98	 1.853927e+03	 916.67	 816.67	 50.00	 11	 0.74	 
BFE_335	 1	 20	 1114.jpg	 1.854911e+03	 12	 999000	 120	 999000	 999	 1.855929e+03	 916.67	 816.67	 3.00	 14	 0.83	 
BFE_335	 1	 20	 1115.jpg	 1.856914e+03	 12	 999000	 120	 999000	 999	 1.857931e+03	 916.67	 816.67	 8.00	 15	 0.76	 
BFE_335	 1	 20	 2219.jpg	 1.859917e+03	 24	 999000	 240	 999000	 999	 1.860935e+03	 916.67	 816.67	 57.00	 40	 0.50	 
