subjectID	 order	 runNum	 itemName	 onsetTime	 shuff_trialType	 RT	 respInTime	 AudioTime	 response	 fixationTime	 ladder1	 ladder2	 bidIndex	 itemNameIndex	 bidValue	 
BFE_308	 2	 8	 1114.jpg	 9.035991e+02	 11	 4.669994e+02	 11	 7.833853e+02	 98	 9.046169e+02	 800.00	 783.33	 9.00	 14	 0.71	 
BFE_308	 2	 8	 1113.jpg	 9.065858e+02	 12	 999000	 120	 999000	 999	 9.076049e+02	 800.00	 783.33	 20.00	 13	 0.53	 
BFE_308	 2	 8	 2213.jpg	 9.085880e+02	 24	 999000	 240	 999000	 999	 9.096058e+02	 800.00	 783.33	 47.00	 34	 0.76	 
BFE_308	 2	 8	 1201.jpg	 9.105903e+02	 12	 999000	 120	 999000	 999	 9.116079e+02	 800.00	 783.33	 4.00	 22	 0.80	 
BFE_308	 2	 8	 1219.jpg	 9.125926e+02	 12	 999000	 120	 999000	 999	 9.136103e+02	 800.00	 783.33	 19.00	 40	 0.53	 
BFE_308	 2	 8	 2203.jpg	 9.155959e+02	 24	 999000	 240	 999000	 999	 9.166137e+02	 800.00	 783.33	 59.00	 24	 0.53	 
BFE_308	 2	 8	 2219.jpg	 9.175811e+02	 24	 999000	 240	 999000	 999	 9.185992e+02	 800.00	 783.33	 43.00	 40	 0.83	 
BFE_308	 2	 8	 1109.jpg	 9.215860e+02	 12	 999000	 120	 999000	 999	 9.226038e+02	 800.00	 783.33	 18.00	 9	 0.54	 
BFE_308	 2	 8	 2218.jpg	 9.235882e+02	 22	 9.338563e+02	 220	 7.833924e+02	 98	 9.246059e+02	 800.00	 800.00	 57.00	 39	 0.58	 
BFE_308	 2	 8	 1214.jpg	 9.285939e+02	 11	 6.561872e+02	 11	 8.000361e+02	 98	 9.296116e+02	 816.67	 800.00	 11.00	 35	 0.71	 
BFE_308	 2	 8	 1207.jpg	 9.305961e+02	 12	 999000	 120	 999000	 999	 9.316139e+02	 816.67	 800.00	 12.00	 28	 0.67	 
BFE_308	 2	 8	 1215.jpg	 9.345839e+02	 12	 999000	 120	 999000	 999	 9.356017e+02	 816.67	 800.00	 15.00	 36	 0.59	 
BFE_308	 2	 8	 1117.jpg	 9.365861e+02	 12	 999000	 120	 999000	 999	 9.376039e+02	 816.67	 800.00	 37.00	 17	 0.17	 
BFE_308	 2	 8	 2204.jpg	 9.395895e+02	 24	 999000	 240	 999000	 999	 9.406073e+02	 816.67	 800.00	 61.00	 25	 0.51	 
BFE_308	 2	 8	 2110.jpg	 9.445951e+02	 24	 999000	 240	 999000	 999	 9.456129e+02	 816.67	 800.00	 52.00	 10	 0.66	 
BFE_308	 2	 8	 2215.jpg	 9.465973e+02	 24	 999000	 240	 999000	 999	 9.476151e+02	 816.67	 800.00	 44.00	 36	 0.79	 
BFE_308	 2	 8	 1209.jpg	 9.485829e+02	 12	 999000	 120	 999000	 999	 9.496008e+02	 816.67	 800.00	 22.00	 30	 0.46	 
BFE_308	 2	 8	 2105.jpg	 9.525874e+02	 24	 999000	 240	 999000	 999	 9.536052e+02	 816.67	 800.00	 50.00	 5	 0.68	 
BFE_308	 2	 8	 1211.jpg	 9.565919e+02	 12	 999000	 120	 999000	 999	 9.576098e+02	 816.67	 800.00	 13.00	 32	 0.67	 
BFE_308	 2	 8	 1208.jpg	 9.605964e+02	 12	 999000	 120	 999000	 999	 9.616142e+02	 816.67	 800.00	 7.00	 29	 0.76	 
BFE_308	 2	 8	 2208.jpg	 9.625816e+02	 24	 999000	 240	 999000	 999	 9.635998e+02	 816.67	 800.00	 58.00	 29	 0.56	 
BFE_308	 2	 8	 1110.jpg	 9.645844e+02	 11	 5.856551e+02	 11	 8.166993e+02	 98	 9.656021e+02	 833.33	 800.00	 14.00	 10	 0.60	 
BFE_308	 2	 8	 1105.jpg	 9.665865e+02	 11	 9.595498e+02	 110	 8.333682e+02	 98	 9.676042e+02	 850.00	 800.00	 17.00	 5	 0.57	 
BFE_308	 2	 8	 2209.jpg	 9.685888e+02	 22	 6.612969e+02	 22	 8.000410e+02	 98	 9.696065e+02	 850.00	 816.67	 49.00	 30	 0.71	 
BFE_308	 2	 8	 2206.jpg	 9.745955e+02	 24	 999000	 240	 999000	 999	 9.756133e+02	 850.00	 816.67	 60.00	 27	 0.52	 
BFE_308	 2	 8	 2116.jpg	 9.775819e+02	 24	 999000	 240	 999000	 999	 9.785999e+02	 850.00	 816.67	 62.00	 16	 0.51	 
BFE_308	 2	 8	 2210.jpg	 9.795845e+02	 24	 999000	 240	 999000	 999	 9.806022e+02	 850.00	 816.67	 77.00	 31	 0.17	 
BFE_308	 2	 8	 2109.jpg	 9.815867e+02	 22	 1.039372e+03	 2200	 8.167008e+02	 98	 9.826045e+02	 850.00	 766.67	 56.00	 9	 0.58	 
BFE_308	 2	 8	 2102.jpg	 9.845900e+02	 22	 5.960358e+02	 22	 7.666996e+02	 98	 9.856078e+02	 850.00	 783.33	 54.00	 2	 0.60	 
BFE_308	 2	 8	 1203.jpg	 9.865923e+02	 11	 6.737839e+02	 11	 8.500281e+02	 98	 9.876101e+02	 866.67	 783.33	 16.00	 24	 0.58	 
BFE_308	 2	 8	 2121.jpg	 9.885945e+02	 22	 6.076004e+02	 22	 7.833762e+02	 98	 9.896124e+02	 866.67	 800.00	 48.00	 21	 0.72	 
BFE_308	 2	 8	 1103.jpg	 9.905967e+02	 11	 6.053580e+02	 11	 8.667020e+02	 98	 9.916145e+02	 883.33	 800.00	 8.00	 3	 0.74	 
BFE_308	 2	 8	 2111.jpg	 9.935835e+02	 24	 999000	 240	 999000	 999	 9.946012e+02	 883.33	 800.00	 78.00	 11	 0.14	 
BFE_308	 2	 8	 1216.jpg	 9.955857e+02	 12	 999000	 120	 999000	 999	 9.966034e+02	 883.33	 800.00	 10.00	 37	 0.71	 
BFE_308	 2	 8	 1218.jpg	 9.975879e+02	 12	 8.780974e+02	 12	 999000	 98	 9.986057e+02	 883.33	 800.00	 3.00	 39	 0.85	 
BFE_308	 2	 8	 1210.jpg	 9.995903e+02	 12	 999000	 120	 999000	 999	 1.000608e+03	 883.33	 800.00	 38.00	 31	 0.15	 
BFE_308	 2	 8	 2115.jpg	 1.001592e+03	 24	 999000	 240	 999000	 999	 1.002610e+03	 883.33	 800.00	 55.00	 15	 0.58	 
BFE_308	 2	 8	 1202.jpg	 1.007582e+03	 12	 999000	 120	 999000	 999	 1.008600e+03	 883.33	 800.00	 21.00	 23	 0.47	 
BFE_308	 2	 8	 2103.jpg	 1.010588e+03	 22	 1.013957e+03	 2200	 8.000293e+02	 98	 1.011604e+03	 883.33	 750.00	 51.00	 3	 0.67	 
BFE_308	 2	 8	 2216.jpg	 1.014590e+03	 24	 999000	 240	 999000	 999	 1.015608e+03	 883.33	 750.00	 53.00	 37	 0.64	 
