subjectID	 order	 runNum	 itemName	 onsetTime	 shuff_trialType	 RT	 respInTime	 AudioTime	 response	 fixationTime	 ladder1	 ladder2	 bidIndex	 itemNameIndex	 bidValue	 
BFE_337	 1	 12	 1105.jpg	 6.820660e+02	 11	 9.360621e+02	 110	 6.500732e+02	 98	 6.830837e+02	 666.67	 716.67	 18.00	 5	 0.55	 
BFE_337	 1	 12	 1209.jpg	 6.850523e+02	 12	 999000	 120	 999000	 999	 6.860704e+02	 666.67	 716.67	 3.00	 30	 0.79	 
BFE_337	 1	 12	 2219.jpg	 6.870548e+02	 24	 999000	 240	 999000	 999	 6.880727e+02	 666.67	 716.67	 44.00	 40	 0.82	 
BFE_337	 1	 12	 1215.jpg	 6.890570e+02	 12	 999000	 120	 999000	 999	 6.900764e+02	 666.67	 716.67	 22.00	 36	 0.48	 
BFE_337	 1	 12	 2204.jpg	 6.910594e+02	 24	 999000	 240	 999000	 999	 6.920770e+02	 666.67	 716.67	 57.00	 25	 0.52	 
BFE_337	 1	 12	 1118.jpg	 6.940627e+02	 12	 999000	 120	 999000	 999	 6.950805e+02	 666.67	 716.67	 38.00	 18	 0.19	 
BFE_337	 1	 12	 1217.jpg	 6.960649e+02	 12	 999000	 120	 999000	 999	 6.970827e+02	 666.67	 716.67	 8.00	 38	 0.70	 
BFE_337	 1	 12	 2104.jpg	 7.000526e+02	 24	 999000	 240	 999000	 999	 7.010705e+02	 666.67	 716.67	 61.00	 4	 0.46	 
BFE_337	 1	 12	 2217.jpg	 7.020550e+02	 24	 999000	 240	 999000	 999	 7.030728e+02	 666.67	 716.67	 56.00	 38	 0.52	 
BFE_337	 1	 12	 1120.jpg	 7.070606e+02	 12	 999000	 120	 999000	 999	 7.080784e+02	 666.67	 716.67	 37.00	 20	 0.22	 
BFE_337	 1	 12	 2109.jpg	 7.090628e+02	 22	 1.011234e+03	 2200	 7.167245e+02	 98	 7.100839e+02	 666.67	 666.67	 52.00	 9	 0.63	 
BFE_337	 1	 12	 1121.jpg	 7.130673e+02	 11	 1.166788e+03	 1100	 6.667069e+02	 98	 7.140851e+02	 616.67	 666.67	 12.00	 21	 0.64	 
BFE_337	 1	 12	 1109.jpg	 7.150526e+02	 11	 1.085493e+03	 1100	 6.167116e+02	 98	 7.160706e+02	 566.67	 666.67	 7.00	 9	 0.73	 
BFE_337	 1	 12	 1102.jpg	 7.180563e+02	 11	 8.657391e+02	 110	 5.667015e+02	 98	 7.190740e+02	 583.33	 666.67	 15.00	 2	 0.59	 
BFE_337	 1	 12	 1213.jpg	 7.230618e+02	 12	 999000	 120	 999000	 999	 7.240797e+02	 583.33	 666.67	 16.00	 34	 0.56	 
BFE_337	 1	 12	 2114.jpg	 7.250641e+02	 24	 2.979544e+02	 240	 999000	 69	 7.260819e+02	 583.33	 666.67	 60.00	 14	 0.48	 
BFE_337	 1	 12	 1107.jpg	 7.270664e+02	 12	 999000	 120	 999000	 999	 7.280842e+02	 583.33	 666.67	 20.00	 7	 0.50	 
BFE_337	 1	 12	 1117.jpg	 7.310542e+02	 12	 999000	 120	 999000	 999	 7.320719e+02	 583.33	 666.67	 11.00	 17	 0.64	 
BFE_337	 1	 12	 2101.jpg	 7.350586e+02	 24	 999000	 240	 999000	 999	 7.360765e+02	 583.33	 666.67	 54.00	 1	 0.59	 
BFE_337	 1	 12	 1205.jpg	 7.390632e+02	 12	 999000	 120	 999000	 999	 7.400809e+02	 583.33	 666.67	 9.00	 26	 0.68	 
BFE_337	 1	 12	 1206.jpg	 7.410654e+02	 11	 8.406320e+02	 110	 5.833750e+02	 98	 7.420832e+02	 600.00	 666.67	 10.00	 27	 0.65	 
BFE_337	 1	 12	 2213.jpg	 7.430676e+02	 24	 999000	 240	 999000	 999	 7.440854e+02	 600.00	 666.67	 49.00	 34	 0.70	 
BFE_337	 1	 12	 2102.jpg	 7.450532e+02	 22	 9.888746e+02	 220	 6.667175e+02	 98	 7.460709e+02	 600.00	 683.33	 58.00	 2	 0.51	 
BFE_337	 1	 12	 2207.jpg	 7.470568e+02	 24	 999000	 240	 999000	 999	 7.480732e+02	 600.00	 683.33	 62.00	 28	 0.46	 
BFE_337	 1	 12	 2209.jpg	 7.530621e+02	 24	 999000	 240	 999000	 999	 7.540799e+02	 600.00	 683.33	 43.00	 30	 0.83	 
BFE_337	 1	 12	 2106.jpg	 7.560655e+02	 24	 999000	 240	 999000	 999	 7.570832e+02	 600.00	 683.33	 59.00	 6	 0.50	 
BFE_337	 1	 12	 2206.jpg	 7.580678e+02	 24	 999000	 240	 999000	 999	 7.590855e+02	 600.00	 683.33	 51.00	 27	 0.63	 
BFE_337	 1	 12	 2216.jpg	 7.600533e+02	 22	 9.727254e+02	 220	 6.833904e+02	 98	 7.610712e+02	 600.00	 700.00	 47.00	 37	 0.74	 
BFE_337	 1	 12	 1112.jpg	 7.630567e+02	 12	 999000	 120	 999000	 999	 7.640745e+02	 600.00	 700.00	 17.00	 12	 0.56	 
BFE_337	 1	 12	 1115.jpg	 7.650589e+02	 11	 9.991888e+02	 110	 6.000371e+02	 98	 7.660768e+02	 616.67	 700.00	 13.00	 15	 0.63	 
BFE_337	 1	 12	 1106.jpg	 7.670612e+02	 12	 999000	 120	 999000	 999	 7.680788e+02	 616.67	 700.00	 4.00	 6	 0.79	 
BFE_337	 1	 12	 2117.jpg	 7.690633e+02	 22	 1.050686e+03	 2200	 7.000803e+02	 98	 7.700812e+02	 616.67	 650.00	 55.00	 17	 0.55	 
BFE_337	 1	 12	 2107.jpg	 7.720669e+02	 24	 999000	 240	 999000	 999	 7.730846e+02	 616.67	 650.00	 78.00	 7	 0.20	 
BFE_337	 1	 12	 2211.jpg	 7.740521e+02	 22	 9.819555e+02	 220	 6.500417e+02	 98	 7.750701e+02	 616.67	 666.67	 50.00	 32	 0.63	 
BFE_337	 1	 12	 2108.jpg	 7.760545e+02	 24	 999000	 240	 999000	 999	 7.770724e+02	 616.67	 666.67	 77.00	 8	 0.21	 
BFE_337	 1	 12	 2212.jpg	 7.780584e+02	 22	 1.023579e+03	 2200	 6.667076e+02	 98	 7.790746e+02	 616.67	 616.67	 53.00	 33	 0.59	 
BFE_337	 1	 12	 1216.jpg	 7.800591e+02	 12	 999000	 120	 999000	 999	 7.810768e+02	 616.67	 616.67	 14.00	 37	 0.61	 
BFE_337	 1	 12	 1114.jpg	 7.860658e+02	 12	 999000	 120	 999000	 999	 7.870835e+02	 616.67	 616.67	 19.00	 14	 0.52	 
BFE_337	 1	 12	 1212.jpg	 7.890521e+02	 12	 999000	 120	 999000	 999	 7.900703e+02	 616.67	 616.67	 21.00	 33	 0.50	 
BFE_337	 1	 12	 2103.jpg	 7.930569e+02	 24	 999000	 240	 999000	 999	 7.940747e+02	 616.67	 616.67	 48.00	 3	 0.73	 
