subjectID	 order	 runNum	 itemName	 onsetTime	 shuff_trialType	 RT	 respInTime	 AudioTime	 response	 fixationTime	 ladder1	 ladder2	 bidIndex	 itemNameIndex	 bidValue	 
BFE_308	 2	 10	 1210.jpg	 1.145421e+03	 12	 999000	 120	 999000	 999	 1.146438e+03	 916.67	 850.00	 38.00	 31	 0.15	 
BFE_308	 2	 10	 1214.jpg	 1.147423e+03	 11	 1.267244e+03	 1100	 9.167098e+02	 98	 1.148441e+03	 866.67	 850.00	 11.00	 35	 0.71	 
BFE_308	 2	 10	 1216.jpg	 1.151411e+03	 12	 999000	 120	 999000	 999	 1.152428e+03	 866.67	 850.00	 10.00	 37	 0.71	 
BFE_308	 2	 10	 2103.jpg	 1.154414e+03	 22	 7.640516e+02	 22	 8.500906e+02	 98	 1.155432e+03	 866.67	 866.67	 51.00	 3	 0.67	 
BFE_308	 2	 10	 2203.jpg	 1.156416e+03	 24	 999000	 240	 999000	 999	 1.157434e+03	 866.67	 866.67	 59.00	 24	 0.53	 
BFE_308	 2	 10	 1209.jpg	 1.159420e+03	 12	 999000	 120	 999000	 999	 1.160437e+03	 866.67	 866.67	 22.00	 30	 0.46	 
BFE_308	 2	 10	 2210.jpg	 1.163407e+03	 24	 999000	 240	 999000	 999	 1.164425e+03	 866.67	 866.67	 77.00	 31	 0.17	 
BFE_308	 2	 10	 2116.jpg	 1.167412e+03	 24	 999000	 240	 999000	 999	 1.168430e+03	 866.67	 866.67	 62.00	 16	 0.51	 
BFE_308	 2	 10	 2215.jpg	 1.169414e+03	 24	 999000	 240	 999000	 999	 1.170432e+03	 866.67	 866.67	 44.00	 36	 0.79	 
BFE_308	 2	 10	 1207.jpg	 1.174420e+03	 12	 999000	 120	 999000	 999	 1.175437e+03	 866.67	 866.67	 12.00	 28	 0.67	 
BFE_308	 2	 10	 2206.jpg	 1.176422e+03	 24	 999000	 240	 999000	 999	 1.177440e+03	 866.67	 866.67	 60.00	 27	 0.52	 
BFE_308	 2	 10	 2121.jpg	 1.178407e+03	 22	 7.147922e+02	 22	 8.666959e+02	 98	 1.179425e+03	 866.67	 883.33	 48.00	 21	 0.72	 
BFE_308	 2	 10	 1219.jpg	 1.184414e+03	 12	 999000	 120	 999000	 999	 1.185432e+03	 866.67	 883.33	 19.00	 40	 0.53	 
BFE_308	 2	 10	 2204.jpg	 1.186417e+03	 24	 999000	 240	 999000	 999	 1.187434e+03	 866.67	 883.33	 61.00	 25	 0.51	 
BFE_308	 2	 10	 1201.jpg	 1.188419e+03	 12	 999000	 120	 999000	 999	 1.189437e+03	 866.67	 883.33	 4.00	 22	 0.80	 
BFE_308	 2	 10	 1114.jpg	 1.190421e+03	 11	 5.809723e+02	 11	 8.667061e+02	 98	 1.191439e+03	 883.33	 883.33	 9.00	 14	 0.71	 
BFE_308	 2	 10	 1103.jpg	 1.194409e+03	 11	 7.371676e+02	 11	 8.833687e+02	 98	 1.195427e+03	 900.00	 883.33	 8.00	 3	 0.74	 
BFE_308	 2	 10	 2216.jpg	 1.198413e+03	 24	 999000	 240	 999000	 999	 1.199431e+03	 900.00	 883.33	 53.00	 37	 0.64	 
BFE_308	 2	 10	 1218.jpg	 1.201417e+03	 12	 5.852750e+02	 12	 999000	 98	 1.202435e+03	 900.00	 883.33	 3.00	 39	 0.85	 
BFE_308	 2	 10	 1109.jpg	 1.205421e+03	 12	 999000	 120	 999000	 999	 1.206439e+03	 900.00	 883.33	 18.00	 9	 0.54	 
BFE_308	 2	 10	 1117.jpg	 1.208408e+03	 12	 999000	 120	 999000	 999	 1.209426e+03	 900.00	 883.33	 37.00	 17	 0.17	 
BFE_308	 2	 10	 1105.jpg	 1.210410e+03	 11	 1.119883e+03	 1100	 9.000331e+02	 98	 1.211428e+03	 850.00	 883.33	 17.00	 5	 0.57	 
BFE_308	 2	 10	 2109.jpg	 1.214415e+03	 22	 1.075338e+03	 2200	 8.833643e+02	 98	 1.215432e+03	 850.00	 833.33	 56.00	 9	 0.58	 
BFE_308	 2	 10	 1215.jpg	 1.216417e+03	 12	 999000	 120	 999000	 999	 1.217435e+03	 850.00	 833.33	 15.00	 36	 0.59	 
BFE_308	 2	 10	 2213.jpg	 1.218419e+03	 24	 999000	 240	 999000	 999	 1.219437e+03	 850.00	 833.33	 47.00	 34	 0.76	 
BFE_308	 2	 10	 2115.jpg	 1.222424e+03	 24	 999000	 240	 999000	 999	 1.223441e+03	 850.00	 833.33	 55.00	 15	 0.58	 
BFE_308	 2	 10	 2209.jpg	 1.224409e+03	 22	 6.888515e+02	 22	 8.333752e+02	 98	 1.225427e+03	 850.00	 850.00	 49.00	 30	 0.71	 
BFE_308	 2	 10	 2102.jpg	 1.228414e+03	 22	 6.603141e+02	 22	 8.500327e+02	 98	 1.229431e+03	 850.00	 866.67	 54.00	 2	 0.60	 
BFE_308	 2	 10	 1211.jpg	 1.232418e+03	 12	 999000	 120	 999000	 999	 1.233436e+03	 850.00	 866.67	 13.00	 32	 0.67	 
BFE_308	 2	 10	 1110.jpg	 1.235422e+03	 11	 5.165105e+02	 11	 8.500352e+02	 98	 1.236439e+03	 866.67	 866.67	 14.00	 10	 0.60	 
BFE_308	 2	 10	 2218.jpg	 1.241412e+03	 22	 6.624212e+02	 22	 8.666954e+02	 98	 1.242429e+03	 866.67	 883.33	 57.00	 39	 0.58	 
BFE_308	 2	 10	 2219.jpg	 1.243414e+03	 24	 999000	 240	 999000	 999	 1.244432e+03	 866.67	 883.33	 43.00	 40	 0.83	 
BFE_308	 2	 10	 2110.jpg	 1.247418e+03	 24	 999000	 240	 999000	 999	 1.248436e+03	 866.67	 883.33	 52.00	 10	 0.66	 
BFE_308	 2	 10	 1203.jpg	 1.249421e+03	 11	 6.374867e+02	 11	 8.667150e+02	 98	 1.250438e+03	 883.33	 883.33	 16.00	 24	 0.58	 
BFE_308	 2	 10	 2105.jpg	 1.251423e+03	 24	 999000	 240	 999000	 999	 1.252441e+03	 883.33	 883.33	 50.00	 5	 0.68	 
BFE_308	 2	 10	 2208.jpg	 1.253408e+03	 24	 999000	 240	 999000	 999	 1.254426e+03	 883.33	 883.33	 58.00	 29	 0.56	 
BFE_308	 2	 10	 1113.jpg	 1.258414e+03	 12	 999000	 120	 999000	 999	 1.259432e+03	 883.33	 883.33	 20.00	 13	 0.53	 
BFE_308	 2	 10	 1202.jpg	 1.260416e+03	 12	 999000	 120	 999000	 999	 1.261434e+03	 883.33	 883.33	 21.00	 23	 0.47	 
BFE_308	 2	 10	 2111.jpg	 1.262419e+03	 24	 999000	 240	 999000	 999	 1.263436e+03	 883.33	 883.33	 78.00	 11	 0.14	 
BFE_308	 2	 10	 1208.jpg	 1.265422e+03	 12	 999000	 120	 999000	 999	 1.266440e+03	 883.33	 883.33	 7.00	 29	 0.76	 
