subjectID	 order	 runNum	 itemName	 onsetTime	 shuff_trialType	 RT	 respInTime	 AudioTime	 response	 fixationTime	 ladder1	 ladder2	 bidIndex	 itemNameIndex	 bidValue	 
BFE_317	 1	 5	 1213.jpg	 5.134393e+02	 12	 999000	 120	 999000	 999	 5.144571e+02	 816.67	 750.00	 17.00	 34	 0.58	 
BFE_317	 1	 5	 2107.jpg	 5.154416e+02	 24	 999000	 240	 999000	 999	 5.164594e+02	 816.67	 750.00	 60.00	 7	 0.53	 
BFE_317	 1	 5	 1112.jpg	 5.194462e+02	 12	 999000	 120	 999000	 999	 5.204638e+02	 816.67	 750.00	 37.00	 12	 0.21	 
BFE_317	 1	 5	 1211.jpg	 5.224327e+02	 11	 4.095620e+02	 11	 8.167185e+02	 98	 5.234505e+02	 833.33	 750.00	 15.00	 32	 0.61	 
BFE_317	 1	 5	 1113.jpg	 5.244351e+02	 12	 999000	 120	 999000	 999	 5.254528e+02	 833.33	 750.00	 3.00	 13	 0.80	 
BFE_317	 1	 5	 1115.jpg	 5.274385e+02	 12	 999000	 120	 999000	 999	 5.284561e+02	 833.33	 750.00	 11.00	 15	 0.66	 
BFE_317	 1	 5	 1114.jpg	 5.314430e+02	 12	 999000	 120	 999000	 999	 5.324607e+02	 833.33	 750.00	 16.00	 14	 0.59	 
BFE_317	 1	 5	 2105.jpg	 5.354305e+02	 24	 999000	 240	 999000	 999	 5.364485e+02	 833.33	 750.00	 48.00	 5	 0.77	 
BFE_317	 1	 5	 2217.jpg	 5.374330e+02	 24	 999000	 240	 999000	 999	 5.384507e+02	 833.33	 750.00	 54.00	 38	 0.65	 
BFE_317	 1	 5	 1209.jpg	 5.424385e+02	 12	 999000	 120	 999000	 999	 5.434564e+02	 833.33	 750.00	 21.00	 30	 0.49	 
BFE_317	 1	 5	 1109.jpg	 5.444408e+02	 12	 999000	 120	 999000	 999	 5.454586e+02	 833.33	 750.00	 4.00	 9	 0.80	 
BFE_317	 1	 5	 1219.jpg	 5.464431e+02	 12	 999000	 120	 999000	 999	 5.474609e+02	 833.33	 750.00	 19.00	 40	 0.52	 
BFE_317	 1	 5	 2207.jpg	 5.524332e+02	 22	 8.891201e+02	 220	 7.500462e+02	 98	 5.534509e+02	 833.33	 766.67	 53.00	 28	 0.65	 
BFE_317	 1	 5	 2119.jpg	 5.544354e+02	 24	 999000	 240	 999000	 999	 5.554532e+02	 833.33	 766.67	 77.00	 19	 0.18	 
BFE_317	 1	 5	 2118.jpg	 5.564376e+02	 24	 999000	 240	 999000	 999	 5.574554e+02	 833.33	 766.67	 56.00	 18	 0.59	 
BFE_317	 1	 5	 1208.jpg	 5.584399e+02	 11	 6.744390e+02	 11	 8.333696e+02	 98	 5.594577e+02	 850.00	 766.67	 18.00	 29	 0.56	 
BFE_317	 1	 5	 2103.jpg	 5.624444e+02	 24	 999000	 240	 999000	 999	 5.634621e+02	 850.00	 766.67	 44.00	 3	 0.90	 
BFE_317	 1	 5	 2113.jpg	 5.664323e+02	 22	 9.779486e+02	 220	 7.666984e+02	 98	 5.674499e+02	 850.00	 783.33	 47.00	 13	 0.77	 
BFE_317	 1	 5	 1205.jpg	 5.694356e+02	 11	 5.347278e+02	 11	 8.500375e+02	 98	 5.704533e+02	 866.67	 783.33	 13.00	 26	 0.62	 
BFE_317	 1	 5	 2121.jpg	 5.734400e+02	 24	 999000	 240	 999000	 999	 5.744578e+02	 866.67	 783.33	 49.00	 21	 0.75	 
BFE_317	 1	 5	 2213.jpg	 5.764434e+02	 24	 999000	 240	 999000	 999	 5.774612e+02	 866.67	 783.33	 43.00	 34	 0.90	 
BFE_317	 1	 5	 2112.jpg	 5.784457e+02	 24	 999000	 240	 999000	 999	 5.794635e+02	 866.67	 783.33	 78.00	 12	 0.17	 
BFE_317	 1	 5	 1110.jpg	 5.824336e+02	 12	 999000	 120	 999000	 999	 5.834512e+02	 866.67	 783.33	 20.00	 10	 0.52	 
BFE_317	 1	 5	 2204.jpg	 5.844358e+02	 24	 999000	 240	 999000	 999	 5.854535e+02	 866.67	 783.33	 57.00	 25	 0.59	 
BFE_317	 1	 5	 1218.jpg	 5.864379e+02	 11	 7.483856e+02	 11	 8.667025e+02	 98	 5.874557e+02	 883.33	 783.33	 12.00	 39	 0.63	 
BFE_317	 1	 5	 2211.jpg	 5.904425e+02	 22	 8.318282e+02	 220	 7.833626e+02	 98	 5.914603e+02	 883.33	 800.00	 52.00	 32	 0.66	 
BFE_317	 1	 5	 2201.jpg	 5.924447e+02	 22	 7.975938e+02	 22	 8.000293e+02	 98	 5.934625e+02	 883.33	 816.67	 55.00	 22	 0.60	 
BFE_317	 1	 5	 2101.jpg	 5.964325e+02	 24	 999000	 240	 999000	 999	 5.974503e+02	 883.33	 816.67	 62.00	 1	 0.50	 
BFE_317	 1	 5	 1104.jpg	 6.004370e+02	 12	 999000	 120	 999000	 999	 6.014571e+02	 883.33	 816.67	 14.00	 4	 0.61	 
BFE_317	 1	 5	 2218.jpg	 6.034404e+02	 24	 8.019399e+02	 24	 999000	 98	 6.044581e+02	 883.33	 816.67	 59.00	 39	 0.55	 
BFE_317	 1	 5	 1106.jpg	 6.094302e+02	 12	 999000	 120	 999000	 999	 6.104483e+02	 883.33	 816.67	 9.00	 6	 0.71	 
BFE_317	 1	 5	 1121.jpg	 6.114326e+02	 12	 999000	 120	 999000	 999	 6.124505e+02	 883.33	 816.67	 8.00	 21	 0.73	 
BFE_317	 1	 5	 1101.jpg	 6.154373e+02	 12	 999000	 120	 999000	 999	 6.164550e+02	 883.33	 816.67	 38.00	 1	 0.21	 
BFE_317	 1	 5	 1201.jpg	 6.174395e+02	 11	 1.034833e+03	 1100	 8.833653e+02	 98	 6.184572e+02	 833.33	 816.67	 7.00	 22	 0.74	 
BFE_317	 1	 5	 1216.jpg	 6.194417e+02	 12	 999000	 120	 999000	 999	 6.204594e+02	 833.33	 816.67	 22.00	 37	 0.47	 
BFE_317	 1	 5	 2208.jpg	 6.214439e+02	 22	 7.903977e+02	 22	 8.167018e+02	 98	 6.224617e+02	 833.33	 833.33	 58.00	 29	 0.59	 
BFE_317	 1	 5	 2115.jpg	 6.264329e+02	 24	 999000	 240	 999000	 999	 6.274506e+02	 833.33	 833.33	 51.00	 15	 0.68	 
BFE_317	 1	 5	 1207.jpg	 6.284351e+02	 11	 7.352205e+02	 11	 8.333634e+02	 98	 6.294529e+02	 850.00	 833.33	 10.00	 28	 0.67	 
BFE_317	 1	 5	 2106.jpg	 6.304374e+02	 22	 1.044961e+03	 2200	 8.333690e+02	 98	 6.314551e+02	 850.00	 783.33	 50.00	 6	 0.72	 
BFE_317	 1	 5	 2104.jpg	 6.334407e+02	 24	 8.656217e+02	 24	 999000	 98	 6.344585e+02	 850.00	 783.33	 61.00	 4	 0.52	 
