subjectID	 order	 runNum	 itemName	 onsetTime	 shuff_trialType	 RT	 respInTime	 AudioTime	 response	 fixationTime	 ladder1	 ladder2	 bidIndex	 itemNameIndex	 bidValue	 
BFE_334	 2	 7	 2217.jpg	 1.305771e+00	 24	 999000	 240	 999000	 999	 2.323295e+00	 750.00	 750.00	 77.00	 38	 0.30	 
BFE_334	 2	 7	 1208.jpg	 4.308809e+00	 12	 999000	 120	 999000	 999	 5.326639e+00	 750.00	 750.00	 3.00	 29	 0.81	 
BFE_334	 2	 7	 1216.jpg	 8.296660e+00	 11	 1.137873e+03	 1100	 7.506576e+02	 98	 9.314457e+00	 700.00	 750.00	 8.00	 37	 0.67	 
BFE_334	 2	 7	 2206.jpg	 1.029893e+01	 24	 999000	 240	 999000	 999	 1.131665e+01	 700.00	 750.00	 62.00	 27	 0.44	 
BFE_334	 2	 7	 1214.jpg	 1.230110e+01	 11	 1.013427e+03	 1100	 7.000499e+02	 98	 1.332092e+01	 650.00	 750.00	 17.00	 35	 0.48	 
BFE_334	 2	 7	 1119.jpg	 1.630557e+01	 12	 999000	 120	 999000	 999	 1.732340e+01	 650.00	 750.00	 19.00	 19	 0.47	 
BFE_334	 2	 7	 1109.jpg	 1.830786e+01	 11	 9.826768e+02	 110	 6.500436e+02	 98	 1.932565e+01	 666.67	 750.00	 16.00	 9	 0.51	 
BFE_334	 2	 7	 2202.jpg	 2.329678e+01	 24	 999000	 240	 999000	 999	 2.431448e+01	 666.67	 750.00	 78.00	 23	 0.27	 
BFE_334	 2	 7	 2105.jpg	 2.529903e+01	 24	 999000	 240	 999000	 999	 2.631675e+01	 666.67	 750.00	 58.00	 5	 0.48	 
BFE_334	 2	 7	 2106.jpg	 2.830235e+01	 24	 999000	 240	 999000	 999	 2.932018e+01	 666.67	 750.00	 53.00	 6	 0.55	 
BFE_334	 2	 7	 1209.jpg	 3.130576e+01	 12	 999000	 120	 999000	 999	 3.232348e+01	 666.67	 750.00	 37.00	 30	 0.28	 
BFE_334	 2	 7	 2204.jpg	 3.529357e+01	 22	 1.084962e+03	 2200	 7.506196e+02	 98	 3.631129e+01	 666.67	 700.00	 49.00	 25	 0.71	 
BFE_334	 2	 7	 2216.jpg	 3.829696e+01	 24	 999000	 240	 999000	 999	 3.931468e+01	 666.67	 700.00	 43.00	 37	 0.84	 
BFE_334	 2	 7	 1102.jpg	 4.029921e+01	 12	 999000	 120	 999000	 999	 4.131690e+01	 666.67	 700.00	 38.00	 2	 0.22	 
BFE_334	 2	 7	 2210.jpg	 4.330248e+01	 24	 999000	 240	 999000	 999	 4.432032e+01	 666.67	 700.00	 59.00	 31	 0.47	 
BFE_334	 2	 7	 2209.jpg	 4.730704e+01	 22	 1.023506e+03	 2200	 7.000902e+02	 98	 4.832478e+01	 666.67	 650.00	 51.00	 30	 0.67	 
BFE_334	 2	 7	 1113.jpg	 5.029380e+01	 11	 1.116728e+03	 1100	 6.667059e+02	 98	 5.131158e+01	 616.67	 650.00	 9.00	 13	 0.66	 
BFE_334	 2	 7	 1206.jpg	 5.229594e+01	 12	 999000	 120	 999000	 999	 5.331375e+01	 616.67	 650.00	 22.00	 27	 0.46	 
BFE_334	 2	 7	 1117.jpg	 5.429810e+01	 11	 9.124312e+02	 110	 6.167029e+02	 98	 5.531601e+01	 633.33	 650.00	 11.00	 17	 0.62	 
BFE_334	 2	 7	 2205.jpg	 5.930382e+01	 24	 999000	 240	 999000	 999	 6.032161e+01	 633.33	 650.00	 47.00	 26	 0.77	 
BFE_334	 2	 7	 2112.jpg	 6.330827e+01	 24	 999000	 240	 999000	 999	 6.432608e+01	 633.33	 650.00	 61.00	 12	 0.45	 
BFE_334	 2	 7	 2110.jpg	 6.729626e+01	 24	 999000	 240	 999000	 999	 6.831388e+01	 633.33	 650.00	 50.00	 10	 0.67	 
BFE_334	 2	 7	 2214.jpg	 7.330284e+01	 22	 9.796911e+02	 220	 6.500467e+02	 98	 7.432060e+01	 633.33	 666.67	 56.00	 35	 0.51	 
BFE_334	 2	 7	 2211.jpg	 7.530504e+01	 22	 1.025487e+03	 2200	 6.667097e+02	 98	 7.632285e+01	 633.33	 616.67	 48.00	 32	 0.73	 
BFE_334	 2	 7	 1215.jpg	 7.730733e+01	 12	 999000	 120	 999000	 999	 7.832512e+01	 633.33	 616.67	 7.00	 36	 0.69	 
BFE_334	 2	 7	 2113.jpg	 7.929266e+01	 24	 999000	 240	 999000	 999	 8.031060e+01	 633.33	 616.67	 52.00	 13	 0.62	 
BFE_334	 2	 7	 1205.jpg	 8.129508e+01	 12	 999000	 120	 999000	 999	 8.231284e+01	 633.33	 616.67	 21.00	 26	 0.47	 
BFE_334	 2	 7	 2109.jpg	 8.529955e+01	 24	 999000	 240	 999000	 999	 8.631730e+01	 633.33	 616.67	 60.00	 9	 0.47	 
BFE_334	 2	 7	 1218.jpg	 8.730179e+01	 12	 999000	 120	 999000	 999	 8.831957e+01	 633.33	 616.67	 10.00	 39	 0.63	 
BFE_334	 2	 7	 1107.jpg	 9.130636e+01	 12	 999000	 120	 999000	 999	 9.232409e+01	 633.33	 616.67	 20.00	 7	 0.47	 
BFE_334	 2	 7	 2107.jpg	 9.329195e+01	 24	 999000	 240	 999000	 999	 9.430958e+01	 633.33	 616.67	 55.00	 7	 0.51	 
BFE_334	 2	 7	 1111.jpg	 9.529409e+01	 12	 999000	 120	 999000	 999	 9.631189e+01	 633.33	 616.67	 18.00	 11	 0.48	 
BFE_334	 2	 7	 1121.jpg	 9.729630e+01	 11	 9.942340e+02	 110	 6.333657e+02	 98	 9.831414e+01	 650.00	 616.67	 14.00	 21	 0.58	 
BFE_334	 2	 7	 2218.jpg	 1.023019e+02	 22	 9.486074e+02	 220	 6.167088e+02	 98	 1.033197e+02	 650.00	 633.33	 54.00	 39	 0.52	 
BFE_334	 2	 7	 1110.jpg	 1.043044e+02	 12	 999000	 120	 999000	 999	 1.053220e+02	 650.00	 633.33	 13.00	 10	 0.60	 
BFE_334	 2	 7	 1219.jpg	 1.063064e+02	 12	 999000	 120	 999000	 999	 1.073242e+02	 650.00	 633.33	 15.00	 40	 0.56	 
BFE_334	 2	 7	 1213.jpg	 1.092933e+02	 12	 999000	 120	 999000	 999	 1.103109e+02	 650.00	 633.33	 12.00	 34	 0.61	 
BFE_334	 2	 7	 2219.jpg	 1.163010e+02	 24	 999000	 240	 999000	 999	 1.173187e+02	 650.00	 633.33	 44.00	 40	 0.80	 
BFE_334	 2	 7	 2116.jpg	 1.203056e+02	 22	 9.849760e+02	 220	 6.333700e+02	 98	 1.213233e+02	 650.00	 650.00	 57.00	 16	 0.50	 
BFE_334	 2	 7	 1211.jpg	 1.272969e+02	 12	 999000	 120	 999000	 999	 1.283144e+02	 650.00	 650.00	 4.00	 32	 0.80	 
