subjectID	 order	 runNum	 itemName	 onsetTime	 shuff_trialType	 RT	 respInTime	 AudioTime	 response	 fixationTime	 ladder1	 ladder2	 bidIndex	 itemNameIndex	 bidValue	 
BFE_305	 1	 7	 2211.jpg	 7.586318e+02	 24	 4.501032e+02	 24	 999000	 98	 7.596495e+02	 350.00	 416.67	 49.00	 32	 0.73	 
BFE_305	 1	 7	 1118.jpg	 7.616352e+02	 12	 999000	 120	 999000	 999	 7.626529e+02	 350.00	 416.67	 37.00	 18	 0.17	 
BFE_305	 1	 7	 2218.jpg	 7.656231e+02	 22	 9.468918e+02	 220	 4.167088e+02	 98	 7.666407e+02	 350.00	 433.33	 47.00	 39	 0.73	 
BFE_305	 1	 7	 2209.jpg	 7.676251e+02	 24	 2.568195e+02	 240	 999000	 108	 7.686430e+02	 350.00	 433.33	 57.00	 30	 0.59	 
BFE_305	 1	 7	 1217.jpg	 7.696274e+02	 12	 999000	 120	 999000	 999	 7.706452e+02	 350.00	 433.33	 17.00	 38	 0.56	 
BFE_305	 1	 7	 1205.jpg	 7.736320e+02	 11	 7.859844e+02	 110	 3.500426e+02	 98	 7.746497e+02	 366.67	 433.33	 15.00	 26	 0.59	 
BFE_305	 1	 7	 1214.jpg	 7.756342e+02	 11	 7.917613e+02	 110	 3.666987e+02	 98	 7.766520e+02	 383.33	 433.33	 7.00	 35	 0.77	 
BFE_305	 1	 7	 2120.jpg	 7.806231e+02	 22	 7.547875e+02	 220	 4.333708e+02	 98	 7.816408e+02	 383.33	 450.00	 53.00	 20	 0.63	 
BFE_305	 1	 7	 1106.jpg	 7.826254e+02	 12	 999000	 120	 999000	 999	 7.836432e+02	 383.33	 450.00	 21.00	 6	 0.50	 
BFE_305	 1	 7	 1215.jpg	 7.856288e+02	 11	 7.812019e+02	 110	 3.833586e+02	 98	 7.866465e+02	 400.00	 450.00	 12.00	 36	 0.61	 
BFE_305	 1	 7	 2121.jpg	 7.886321e+02	 24	 999000	 240	 999000	 999	 7.896498e+02	 400.00	 450.00	 54.00	 21	 0.63	 
BFE_305	 1	 7	 1110.jpg	 7.926366e+02	 11	 8.453517e+02	 110	 4.000262e+02	 98	 7.936543e+02	 416.67	 450.00	 18.00	 10	 0.55	 
BFE_305	 1	 7	 2110.jpg	 7.956233e+02	 24	 999000	 240	 999000	 999	 7.966411e+02	 416.67	 450.00	 61.00	 10	 0.48	 
BFE_305	 1	 7	 2102.jpg	 7.976256e+02	 22	 9.523081e+02	 220	 4.500267e+02	 98	 7.986434e+02	 416.67	 466.67	 55.00	 2	 0.62	 
BFE_305	 1	 7	 1121.jpg	 8.006289e+02	 12	 999000	 120	 999000	 999	 8.016467e+02	 416.67	 466.67	 16.00	 21	 0.58	 
BFE_305	 1	 7	 2207.jpg	 8.046356e+02	 24	 999000	 240	 999000	 999	 8.056511e+02	 416.67	 466.67	 44.00	 28	 0.77	 
BFE_305	 1	 7	 1107.jpg	 8.076368e+02	 12	 999000	 120	 999000	 999	 8.086546e+02	 416.67	 466.67	 38.00	 7	 0.16	 
BFE_305	 1	 7	 2215.jpg	 8.096221e+02	 22	 9.318589e+02	 220	 4.666988e+02	 98	 8.106401e+02	 416.67	 483.33	 58.00	 36	 0.57	 
BFE_305	 1	 7	 2216.jpg	 8.116246e+02	 22	 7.293578e+02	 220	 4.833659e+02	 98	 8.126423e+02	 416.67	 500.00	 50.00	 37	 0.71	 
BFE_305	 1	 7	 2113.jpg	 8.166302e+02	 24	 999000	 240	 999000	 999	 8.176480e+02	 416.67	 500.00	 78.00	 13	 0.25	 
BFE_305	 1	 7	 1206.jpg	 8.206346e+02	 12	 999000	 120	 999000	 999	 8.216525e+02	 416.67	 500.00	 14.00	 27	 0.60	 
BFE_305	 1	 7	 2203.jpg	 8.246226e+02	 24	 999000	 240	 999000	 999	 8.256403e+02	 416.67	 500.00	 43.00	 24	 0.81	 
BFE_305	 1	 7	 1203.jpg	 8.306292e+02	 12	 999000	 120	 999000	 999	 8.316470e+02	 416.67	 500.00	 3.00	 24	 0.85	 
BFE_305	 1	 7	 1209.jpg	 8.326315e+02	 12	 999000	 120	 999000	 999	 8.336493e+02	 416.67	 500.00	 20.00	 30	 0.50	 
BFE_305	 1	 7	 1103.jpg	 8.346337e+02	 11	 9.202295e+02	 110	 4.166941e+02	 98	 8.356515e+02	 433.33	 500.00	 10.00	 3	 0.65	 
BFE_305	 1	 7	 2101.jpg	 8.366360e+02	 24	 999000	 240	 999000	 999	 8.376537e+02	 433.33	 500.00	 60.00	 1	 0.51	 
BFE_305	 1	 7	 2205.jpg	 8.386213e+02	 24	 999000	 240	 999000	 999	 8.396393e+02	 433.33	 500.00	 59.00	 26	 0.53	 
BFE_305	 1	 7	 1201.jpg	 8.426281e+02	 12	 999000	 120	 999000	 999	 8.436438e+02	 433.33	 500.00	 4.00	 22	 0.84	 
BFE_305	 1	 7	 2204.jpg	 8.446283e+02	 24	 999000	 240	 999000	 999	 8.456460e+02	 433.33	 500.00	 56.00	 25	 0.59	 
BFE_305	 1	 7	 2106.jpg	 8.486328e+02	 24	 999000	 240	 999000	 999	 8.496505e+02	 433.33	 500.00	 62.00	 6	 0.46	 
BFE_305	 1	 7	 2212.jpg	 8.506351e+02	 22	 9.428881e+02	 220	 5.000311e+02	 98	 8.516528e+02	 433.33	 516.67	 52.00	 33	 0.66	 
BFE_305	 1	 7	 1204.jpg	 8.526373e+02	 11	 9.726928e+02	 110	 4.333660e+02	 98	 8.536550e+02	 450.00	 516.67	 13.00	 25	 0.61	 
BFE_305	 1	 7	 1101.jpg	 8.546229e+02	 12	 999000	 120	 999000	 999	 8.556406e+02	 450.00	 516.67	 11.00	 1	 0.62	 
BFE_305	 1	 7	 2107.jpg	 8.596285e+02	 24	 999000	 240	 999000	 999	 8.606462e+02	 450.00	 516.67	 77.00	 7	 0.26	 
BFE_305	 1	 7	 1219.jpg	 8.616307e+02	 12	 999000	 120	 999000	 999	 8.626485e+02	 450.00	 516.67	 19.00	 40	 0.51	 
BFE_305	 1	 7	 2201.jpg	 8.636330e+02	 24	 999000	 240	 999000	 999	 8.646508e+02	 450.00	 516.67	 51.00	 22	 0.70	 
BFE_305	 1	 7	 1212.jpg	 8.666364e+02	 12	 999000	 120	 999000	 999	 8.676542e+02	 450.00	 516.67	 9.00	 33	 0.67	 
BFE_305	 1	 7	 2214.jpg	 8.736275e+02	 24	 999000	 240	 999000	 999	 8.746453e+02	 450.00	 516.67	 48.00	 35	 0.73	 
BFE_305	 1	 7	 1210.jpg	 8.776320e+02	 12	 999000	 120	 999000	 999	 8.786498e+02	 450.00	 516.67	 8.00	 31	 0.69	 
BFE_305	 1	 7	 1102.jpg	 8.846232e+02	 12	 999000	 120	 999000	 999	 8.856409e+02	 450.00	 516.67	 22.00	 2	 0.49	 
