subjectID	 order	 runNum	 itemName	 onsetTime	 shuff_trialType	 RT	 respInTime	 AudioTime	 response	 fixationTime	 ladder1	 ladder2	 bidIndex	 itemNameIndex	 bidValue	 
BFE_339	 1	 9	 1203.jpg	 2.981435e+02	 12	 999000	 120	 999000	 999	 2.991612e+02	 750.00	 750.00	 38.00	 24	 0.21	 
BFE_339	 1	 9	 1206.jpg	 3.001291e+02	 12	 999000	 120	 999000	 999	 3.011467e+02	 750.00	 750.00	 9.00	 27	 0.68	 
BFE_339	 1	 9	 2205.jpg	 3.041335e+02	 22	 9.406582e+02	 220	 7.500661e+02	 98	 3.051513e+02	 750.00	 766.67	 55.00	 26	 0.61	 
BFE_339	 1	 9	 2109.jpg	 3.071368e+02	 22	 9.292726e+02	 220	 7.667190e+02	 98	 3.081547e+02	 750.00	 783.33	 47.00	 9	 0.74	 
BFE_339	 1	 9	 2204.jpg	 3.091392e+02	 22	 9.668955e+02	 220	 7.833778e+02	 98	 3.101568e+02	 750.00	 800.00	 53.00	 25	 0.62	 
BFE_339	 1	 9	 1109.jpg	 3.121425e+02	 11	 9.236339e+02	 110	 7.500734e+02	 98	 3.131602e+02	 766.67	 800.00	 7.00	 9	 0.71	 
BFE_339	 1	 9	 1214.jpg	 3.161303e+02	 12	 999000	 120	 999000	 999	 3.171481e+02	 766.67	 800.00	 4.00	 35	 0.76	 
BFE_339	 1	 9	 1204.jpg	 3.201371e+02	 12	 999000	 120	 999000	 999	 3.211526e+02	 766.67	 800.00	 19.00	 25	 0.53	 
BFE_339	 1	 9	 1120.jpg	 3.221371e+02	 11	 9.770366e+02	 110	 7.667178e+02	 98	 3.231548e+02	 783.33	 800.00	 18.00	 20	 0.54	 
BFE_339	 1	 9	 1205.jpg	 3.271258e+02	 11	 1.036275e+03	 1100	 7.833677e+02	 98	 3.281438e+02	 733.33	 800.00	 12.00	 26	 0.64	 
BFE_339	 1	 9	 1111.jpg	 3.291282e+02	 12	 9.059732e+02	 12	 999000	 98	 3.301460e+02	 733.33	 800.00	 8.00	 11	 0.70	 
BFE_339	 1	 9	 2215.jpg	 3.311304e+02	 22	 1.207664e+03	 2200	 8.000523e+02	 98	 3.321482e+02	 733.33	 750.00	 52.00	 36	 0.64	 
BFE_339	 1	 9	 2101.jpg	 3.371371e+02	 24	 999000	 240	 999000	 999	 3.381551e+02	 733.33	 750.00	 61.00	 1	 0.50	 
BFE_339	 1	 9	 1209.jpg	 3.391394e+02	 12	 999000	 120	 999000	 999	 3.401572e+02	 733.33	 750.00	 17.00	 30	 0.54	 
BFE_339	 1	 9	 2216.jpg	 3.411416e+02	 24	 999000	 240	 999000	 999	 3.421595e+02	 733.33	 750.00	 43.00	 37	 0.92	 
BFE_339	 1	 9	 1202.jpg	 3.431273e+02	 12	 999000	 120	 999000	 999	 3.441450e+02	 733.33	 750.00	 20.00	 23	 0.49	 
BFE_339	 1	 9	 2213.jpg	 3.471317e+02	 24	 999000	 240	 999000	 999	 3.481495e+02	 733.33	 750.00	 44.00	 34	 0.82	 
BFE_339	 1	 9	 2116.jpg	 3.511362e+02	 24	 999000	 240	 999000	 999	 3.521540e+02	 733.33	 750.00	 51.00	 16	 0.65	 
BFE_339	 1	 9	 2106.jpg	 3.541397e+02	 22	 9.824791e+02	 220	 7.500437e+02	 98	 3.551573e+02	 733.33	 766.67	 58.00	 6	 0.55	 
BFE_339	 1	 9	 1102.jpg	 3.581275e+02	 11	 1.058611e+03	 1100	 7.333726e+02	 98	 3.591452e+02	 683.33	 766.67	 13.00	 2	 0.63	 
BFE_339	 1	 9	 2104.jpg	 3.611308e+02	 24	 999000	 240	 999000	 999	 3.621485e+02	 683.33	 766.67	 57.00	 4	 0.57	 
BFE_339	 1	 9	 2112.jpg	 3.631330e+02	 24	 999000	 240	 999000	 999	 3.641507e+02	 683.33	 766.67	 62.00	 12	 0.49	 
BFE_339	 1	 9	 1219.jpg	 3.671375e+02	 12	 999000	 120	 999000	 999	 3.681553e+02	 683.33	 766.67	 14.00	 40	 0.58	 
BFE_339	 1	 9	 2111.jpg	 3.691397e+02	 24	 999000	 240	 999000	 999	 3.701576e+02	 683.33	 766.67	 60.00	 11	 0.50	 
BFE_339	 1	 9	 2201.jpg	 3.711420e+02	 24	 999000	 240	 999000	 999	 3.721598e+02	 683.33	 766.67	 56.00	 22	 0.59	 
BFE_339	 1	 9	 1107.jpg	 3.751298e+02	 12	 999000	 120	 999000	 999	 3.761475e+02	 683.33	 766.67	 37.00	 7	 0.22	 
BFE_339	 1	 9	 2115.jpg	 3.771321e+02	 24	 999000	 240	 999000	 999	 3.781500e+02	 683.33	 766.67	 49.00	 15	 0.69	 
BFE_339	 1	 9	 2114.jpg	 3.811365e+02	 24	 999000	 240	 999000	 999	 3.821543e+02	 683.33	 766.67	 59.00	 14	 0.52	 
BFE_339	 1	 9	 1210.jpg	 3.851410e+02	 12	 999000	 120	 999000	 999	 3.861588e+02	 683.33	 766.67	 21.00	 31	 0.49	 
BFE_339	 1	 9	 1121.jpg	 3.881277e+02	 12	 999000	 120	 999000	 999	 3.891455e+02	 683.33	 766.67	 3.00	 21	 0.78	 
BFE_339	 1	 9	 1201.jpg	 3.941344e+02	 11	 9.077336e+02	 110	 6.833911e+02	 98	 3.951522e+02	 700.00	 766.67	 10.00	 22	 0.67	 
BFE_339	 1	 9	 1114.jpg	 3.961366e+02	 12	 999000	 120	 999000	 999	 3.971545e+02	 700.00	 766.67	 11.00	 14	 0.67	 
BFE_339	 1	 9	 1215.jpg	 4.001412e+02	 12	 999000	 120	 999000	 999	 4.011589e+02	 700.00	 766.67	 16.00	 36	 0.56	 
BFE_339	 1	 9	 2209.jpg	 4.021264e+02	 24	 999000	 240	 999000	 999	 4.031445e+02	 700.00	 766.67	 48.00	 30	 0.71	 
BFE_339	 1	 9	 2202.jpg	 4.041289e+02	 24	 999000	 240	 999000	 999	 4.051467e+02	 700.00	 766.67	 54.00	 23	 0.61	 
BFE_339	 1	 9	 1218.jpg	 4.061313e+02	 11	 9.348412e+02	 110	 7.000464e+02	 98	 4.071490e+02	 716.67	 766.67	 15.00	 39	 0.58	 
BFE_339	 1	 9	 2102.jpg	 4.111368e+02	 24	 999000	 240	 999000	 999	 4.121546e+02	 716.67	 766.67	 77.00	 2	 0.20	 
BFE_339	 1	 9	 1207.jpg	 4.131391e+02	 12	 999000	 120	 999000	 999	 4.141569e+02	 716.67	 766.67	 22.00	 28	 0.49	 
BFE_339	 1	 9	 2117.jpg	 4.151413e+02	 24	 999000	 240	 999000	 999	 4.161591e+02	 716.67	 766.67	 78.00	 17	 0.20	 
BFE_339	 1	 9	 2211.jpg	 4.181281e+02	 22	 1.058042e+03	 2200	 7.667090e+02	 98	 4.191457e+02	 716.67	 716.67	 50.00	 32	 0.68	 
