subjectID	 order	 runNum	 itemName	 onsetTime	 shuff_trialType	 RT	 respInTime	 AudioTime	 response	 fixationTime	 ladder1	 ladder2	 bidIndex	 itemNameIndex	 bidValue	 
BFE_338	 2	 14	 2213.jpg	 9.005392e+02	 22	 1.031074e+03	 2200	 7.167315e+02	 98	 9.015571e+02	 650.00	 666.67	 51.00	 34	 0.70	 
BFE_338	 2	 14	 1203.jpg	 9.055281e+02	 12	 999000	 120	 999000	 999	 9.065459e+02	 650.00	 666.67	 4.00	 24	 0.80	 
BFE_338	 2	 14	 2108.jpg	 9.075304e+02	 24	 999000	 240	 999000	 999	 9.085482e+02	 650.00	 666.67	 77.00	 8	 0.19	 
BFE_338	 2	 14	 2102.jpg	 9.095326e+02	 24	 999000	 240	 999000	 999	 9.105504e+02	 650.00	 666.67	 60.00	 2	 0.53	 
BFE_338	 2	 14	 2121.jpg	 9.155394e+02	 22	 1.006875e+03	 2200	 6.667089e+02	 98	 9.165573e+02	 650.00	 616.67	 49.00	 21	 0.72	 
BFE_338	 2	 14	 1207.jpg	 9.175249e+02	 12	 999000	 120	 999000	 999	 9.185428e+02	 650.00	 616.67	 7.00	 28	 0.73	 
BFE_338	 2	 14	 1103.jpg	 9.205282e+02	 12	 999000	 120	 999000	 999	 9.215461e+02	 650.00	 616.67	 10.00	 3	 0.70	 
BFE_338	 2	 14	 1108.jpg	 9.225306e+02	 12	 999000	 120	 999000	 999	 9.235483e+02	 650.00	 616.67	 38.00	 8	 0.16	 
BFE_338	 2	 14	 1121.jpg	 9.265350e+02	 11	 9.791854e+02	 110	 6.500546e+02	 98	 9.275528e+02	 666.67	 616.67	 17.00	 21	 0.52	 
BFE_338	 2	 14	 1213.jpg	 9.285374e+02	 12	 999000	 120	 999000	 999	 9.295550e+02	 666.67	 616.67	 13.00	 34	 0.64	 
BFE_338	 2	 14	 1111.jpg	 9.335262e+02	 11	 9.880635e+02	 110	 6.667013e+02	 98	 9.345440e+02	 683.33	 616.67	 11.00	 11	 0.70	 
BFE_338	 2	 14	 2113.jpg	 9.405341e+02	 22	 9.001282e+02	 220	 6.167235e+02	 98	 9.415519e+02	 683.33	 633.33	 57.00	 13	 0.57	 
BFE_338	 2	 14	 1217.jpg	 9.425363e+02	 12	 999000	 120	 999000	 999	 9.435541e+02	 683.33	 633.33	 15.00	 38	 0.59	 
BFE_338	 2	 14	 2217.jpg	 9.455397e+02	 24	 999000	 240	 999000	 999	 9.465575e+02	 683.33	 633.33	 58.00	 38	 0.57	 
BFE_338	 2	 14	 2204.jpg	 9.485265e+02	 22	 8.757751e+02	 220	 6.333808e+02	 98	 9.495441e+02	 683.33	 650.00	 48.00	 25	 0.72	 
BFE_338	 2	 14	 1215.jpg	 9.525308e+02	 12	 999000	 120	 999000	 999	 9.535487e+02	 683.33	 650.00	 18.00	 36	 0.51	 
BFE_338	 2	 14	 1210.jpg	 9.565354e+02	 11	 9.628081e+02	 110	 6.833790e+02	 98	 9.575531e+02	 700.00	 650.00	 16.00	 31	 0.58	 
BFE_338	 2	 14	 2202.jpg	 9.605398e+02	 24	 999000	 240	 999000	 999	 9.615576e+02	 700.00	 650.00	 59.00	 23	 0.55	 
BFE_338	 2	 14	 2119.jpg	 9.635265e+02	 24	 999000	 240	 999000	 999	 9.645442e+02	 700.00	 650.00	 78.00	 19	 0.16	 
BFE_338	 2	 14	 2209.jpg	 9.695333e+02	 24	 999000	 240	 999000	 999	 9.705510e+02	 700.00	 650.00	 53.00	 30	 0.65	 
BFE_338	 2	 14	 2219.jpg	 9.715355e+02	 24	 999000	 240	 999000	 999	 9.725533e+02	 700.00	 650.00	 47.00	 40	 0.73	 
BFE_338	 2	 14	 1112.jpg	 9.745388e+02	 12	 999000	 120	 999000	 999	 9.755566e+02	 700.00	 650.00	 37.00	 12	 0.17	 
BFE_338	 2	 14	 2218.jpg	 9.765241e+02	 24	 999000	 240	 999000	 999	 9.775422e+02	 700.00	 650.00	 44.00	 39	 0.79	 
BFE_338	 2	 14	 1204.jpg	 9.785267e+02	 12	 999000	 120	 999000	 999	 9.795445e+02	 700.00	 650.00	 12.00	 25	 0.70	 
BFE_338	 2	 14	 2106.jpg	 9.805289e+02	 24	 999000	 240	 999000	 999	 9.815467e+02	 700.00	 650.00	 62.00	 6	 0.52	 
BFE_338	 2	 14	 1218.jpg	 9.835322e+02	 11	 9.580475e+02	 110	 7.000424e+02	 98	 9.845500e+02	 716.67	 650.00	 9.00	 39	 0.70	 
BFE_338	 2	 14	 1120.jpg	 9.875368e+02	 12	 999000	 120	 999000	 999	 9.885545e+02	 716.67	 650.00	 20.00	 20	 0.49	 
BFE_338	 2	 14	 2201.jpg	 9.895390e+02	 24	 999000	 240	 999000	 999	 9.905569e+02	 716.67	 650.00	 43.00	 22	 0.81	 
BFE_338	 2	 14	 2110.jpg	 9.915246e+02	 24	 999000	 240	 999000	 999	 9.925423e+02	 716.67	 650.00	 55.00	 10	 0.60	 
BFE_338	 2	 14	 1214.jpg	 9.935269e+02	 12	 999000	 120	 999000	 999	 9.945445e+02	 716.67	 650.00	 19.00	 35	 0.51	 
BFE_338	 2	 14	 2214.jpg	 9.955291e+02	 24	 999000	 240	 999000	 999	 9.965468e+02	 716.67	 650.00	 61.00	 35	 0.52	 
BFE_338	 2	 14	 2208.jpg	 9.975312e+02	 22	 9.429883e+02	 220	 6.500358e+02	 98	 9.985492e+02	 716.67	 666.67	 54.00	 29	 0.62	 
BFE_338	 2	 14	 1205.jpg	 1.001536e+03	 12	 999000	 120	 999000	 999	 1.002554e+03	 716.67	 666.67	 3.00	 26	 0.80	 
BFE_338	 2	 14	 2114.jpg	 1.005523e+03	 22	 9.508881e+02	 220	 6.667164e+02	 98	 1.006541e+03	 716.67	 683.33	 56.00	 14	 0.60	 
BFE_338	 2	 14	 1201.jpg	 1.007526e+03	 11	 1.060457e+03	 1100	 7.167083e+02	 98	 1.008544e+03	 666.67	 683.33	 8.00	 22	 0.72	 
BFE_338	 2	 14	 2103.jpg	 1.009528e+03	 24	 999000	 240	 999000	 999	 1.010546e+03	 666.67	 683.33	 50.00	 3	 0.71	 
BFE_338	 2	 14	 1106.jpg	 1.011530e+03	 12	 999000	 120	 999000	 999	 1.012548e+03	 666.67	 683.33	 21.00	 6	 0.48	 
BFE_338	 2	 14	 1202.jpg	 1.013533e+03	 11	 1.005717e+03	 1100	 6.667122e+02	 98	 1.014550e+03	 616.67	 683.33	 14.00	 23	 0.62	 
BFE_338	 2	 14	 1209.jpg	 1.019539e+03	 12	 999000	 120	 999000	 999	 1.020557e+03	 616.67	 683.33	 22.00	 30	 0.46	 
BFE_338	 2	 14	 2206.jpg	 1.021525e+03	 24	 999000	 240	 999000	 999	 1.022543e+03	 616.67	 683.33	 52.00	 27	 0.69	 
