subjectID	 order	 runNum	 itemName	 onsetTime	 shuff_trialType	 RT	 respInTime	 AudioTime	 response	 fixationTime	 ladder1	 ladder2	 bidIndex	 itemNameIndex	 bidValue	 
BFE_338	 2	 16	 2219.jpg	 1.196621e+03	 24	 999000	 240	 999000	 999	 1.197639e+03	 650.00	 650.00	 47.00	 40	 0.73	 
BFE_338	 2	 16	 2217.jpg	 1.198607e+03	 24	 999000	 240	 999000	 999	 1.199625e+03	 650.00	 650.00	 58.00	 38	 0.57	 
BFE_338	 2	 16	 1209.jpg	 1.202611e+03	 12	 999000	 120	 999000	 999	 1.203629e+03	 650.00	 650.00	 22.00	 30	 0.46	 
BFE_338	 2	 16	 2121.jpg	 1.205615e+03	 22	 9.156982e+02	 220	 6.500634e+02	 98	 1.206632e+03	 650.00	 666.67	 49.00	 21	 0.72	 
BFE_338	 2	 16	 1201.jpg	 1.207617e+03	 11	 9.454658e+02	 110	 6.500601e+02	 98	 1.208635e+03	 666.67	 666.67	 8.00	 22	 0.72	 
BFE_338	 2	 16	 1217.jpg	 1.210603e+03	 12	 999000	 120	 999000	 999	 1.211621e+03	 666.67	 666.67	 15.00	 38	 0.59	 
BFE_338	 2	 16	 2201.jpg	 1.214608e+03	 24	 999000	 240	 999000	 999	 1.215626e+03	 666.67	 666.67	 43.00	 22	 0.81	 
BFE_338	 2	 16	 2214.jpg	 1.218612e+03	 24	 999000	 240	 999000	 999	 1.219630e+03	 666.67	 666.67	 61.00	 35	 0.52	 
BFE_338	 2	 16	 1202.jpg	 1.220615e+03	 11	 9.315764e+02	 110	 6.667122e+02	 98	 1.221632e+03	 683.33	 666.67	 14.00	 23	 0.62	 
BFE_338	 2	 16	 1204.jpg	 1.225603e+03	 12	 999000	 120	 999000	 999	 1.226621e+03	 683.33	 666.67	 12.00	 25	 0.70	 
BFE_338	 2	 16	 1218.jpg	 1.227607e+03	 11	 1.011513e+03	 1100	 6.833717e+02	 98	 1.228625e+03	 633.33	 666.67	 9.00	 39	 0.70	 
BFE_338	 2	 16	 2208.jpg	 1.229608e+03	 22	 9.861508e+02	 220	 6.667192e+02	 98	 1.230626e+03	 633.33	 683.33	 54.00	 29	 0.62	 
BFE_338	 2	 16	 2110.jpg	 1.235615e+03	 24	 999000	 240	 999000	 999	 1.236633e+03	 633.33	 683.33	 55.00	 10	 0.60	 
BFE_338	 2	 16	 1112.jpg	 1.237617e+03	 12	 999000	 120	 999000	 999	 1.238635e+03	 633.33	 683.33	 37.00	 12	 0.17	 
BFE_338	 2	 16	 1207.jpg	 1.239602e+03	 12	 999000	 120	 999000	 999	 1.240620e+03	 633.33	 683.33	 7.00	 28	 0.73	 
BFE_338	 2	 16	 2113.jpg	 1.241605e+03	 22	 9.732941e+02	 220	 6.833747e+02	 98	 1.242623e+03	 633.33	 700.00	 57.00	 13	 0.57	 
BFE_338	 2	 16	 2202.jpg	 1.245611e+03	 24	 999000	 240	 999000	 999	 1.246627e+03	 633.33	 700.00	 59.00	 23	 0.55	 
BFE_338	 2	 16	 1106.jpg	 1.249614e+03	 12	 999000	 120	 999000	 999	 1.250632e+03	 633.33	 700.00	 21.00	 6	 0.48	 
BFE_338	 2	 16	 2213.jpg	 1.252617e+03	 22	 1.001048e+03	 2200	 7.000463e+02	 98	 1.253635e+03	 633.33	 650.00	 51.00	 34	 0.70	 
BFE_338	 2	 16	 1108.jpg	 1.256605e+03	 12	 999000	 120	 999000	 999	 1.257623e+03	 633.33	 650.00	 38.00	 8	 0.16	 
BFE_338	 2	 16	 2206.jpg	 1.259608e+03	 24	 999000	 240	 999000	 999	 1.260626e+03	 633.33	 650.00	 52.00	 27	 0.69	 
BFE_338	 2	 16	 2218.jpg	 1.261611e+03	 24	 999000	 240	 999000	 999	 1.262628e+03	 633.33	 650.00	 44.00	 39	 0.79	 
BFE_338	 2	 16	 1203.jpg	 1.265615e+03	 12	 999000	 120	 999000	 999	 1.266633e+03	 633.33	 650.00	 4.00	 24	 0.80	 
BFE_338	 2	 16	 1214.jpg	 1.267617e+03	 12	 999000	 120	 999000	 999	 1.268635e+03	 633.33	 650.00	 19.00	 35	 0.51	 
BFE_338	 2	 16	 1215.jpg	 1.269603e+03	 12	 999000	 120	 999000	 999	 1.270621e+03	 633.33	 650.00	 18.00	 36	 0.51	 
BFE_338	 2	 16	 2119.jpg	 1.273607e+03	 24	 999000	 240	 999000	 999	 1.274625e+03	 633.33	 650.00	 78.00	 19	 0.16	 
BFE_338	 2	 16	 1111.jpg	 1.275610e+03	 11	 9.685944e+02	 110	 6.333731e+02	 98	 1.276627e+03	 650.00	 650.00	 11.00	 11	 0.70	 
BFE_338	 2	 16	 1205.jpg	 1.279614e+03	 12	 999000	 120	 999000	 999	 1.280632e+03	 650.00	 650.00	 3.00	 26	 0.80	 
BFE_338	 2	 16	 2204.jpg	 1.283619e+03	 22	 9.675748e+02	 220	 6.500486e+02	 98	 1.284636e+03	 650.00	 666.67	 48.00	 25	 0.72	 
BFE_338	 2	 16	 2209.jpg	 1.286605e+03	 24	 999000	 240	 999000	 999	 1.287623e+03	 650.00	 666.67	 53.00	 30	 0.65	 
BFE_338	 2	 16	 2108.jpg	 1.292612e+03	 24	 999000	 240	 999000	 999	 1.293630e+03	 650.00	 666.67	 77.00	 8	 0.19	 
BFE_338	 2	 16	 2114.jpg	 1.294614e+03	 22	 9.638905e+02	 220	 6.667121e+02	 98	 1.295632e+03	 650.00	 683.33	 56.00	 14	 0.60	 
BFE_338	 2	 16	 1121.jpg	 1.298602e+03	 11	 8.964130e+02	 110	 6.500504e+02	 98	 1.299620e+03	 666.67	 683.33	 17.00	 21	 0.52	 
BFE_338	 2	 16	 2106.jpg	 1.300604e+03	 24	 999000	 240	 999000	 999	 1.301622e+03	 666.67	 683.33	 62.00	 6	 0.52	 
BFE_338	 2	 16	 1120.jpg	 1.302607e+03	 12	 999000	 120	 999000	 999	 1.303624e+03	 666.67	 683.33	 20.00	 20	 0.49	 
BFE_338	 2	 16	 1103.jpg	 1.304609e+03	 12	 999000	 120	 999000	 999	 1.305627e+03	 666.67	 683.33	 10.00	 3	 0.70	 
BFE_338	 2	 16	 2102.jpg	 1.309614e+03	 24	 999000	 240	 999000	 999	 1.310632e+03	 666.67	 683.33	 60.00	 2	 0.53	 
BFE_338	 2	 16	 1213.jpg	 1.311617e+03	 12	 999000	 120	 999000	 999	 1.312635e+03	 666.67	 683.33	 13.00	 34	 0.64	 
BFE_338	 2	 16	 2103.jpg	 1.313602e+03	 24	 999000	 240	 999000	 999	 1.314620e+03	 666.67	 683.33	 50.00	 3	 0.71	 
BFE_338	 2	 16	 1210.jpg	 1.316606e+03	 11	 1.004633e+03	 1100	 6.667316e+02	 98	 1.317623e+03	 616.67	 683.33	 16.00	 31	 0.58	 
