subjectID	 order	 runNum	 itemName	 onsetTime	 shuff_trialType	 RT	 respInTime	 AudioTime	 response	 fixationTime	 ladder1	 ladder2	 bidIndex	 itemNameIndex	 bidValue	 
BFE_305	 1	 15	 1203.jpg	 1.869645e+03	 12	 999000	 120	 999000	 999	 1.870663e+03	 283.33	 416.67	 3.00	 24	 0.85	 
BFE_305	 1	 15	 1103.jpg	 1.872632e+03	 11	 6.818559e+02	 110	 2.833793e+02	 98	 1.873650e+03	 300.00	 416.67	 10.00	 3	 0.65	 
BFE_305	 1	 15	 2102.jpg	 1.874634e+03	 22	 1.087581e+03	 2200	 4.167182e+02	 98	 1.875652e+03	 300.00	 366.67	 55.00	 2	 0.62	 
BFE_305	 1	 15	 2204.jpg	 1.876637e+03	 24	 999000	 240	 999000	 999	 1.877654e+03	 300.00	 366.67	 56.00	 25	 0.59	 
BFE_305	 1	 15	 2107.jpg	 1.878639e+03	 24	 999000	 240	 999000	 999	 1.879657e+03	 300.00	 366.67	 77.00	 7	 0.26	 
BFE_305	 1	 15	 2106.jpg	 1.881642e+03	 24	 999000	 240	 999000	 999	 1.882660e+03	 300.00	 366.67	 62.00	 6	 0.46	 
BFE_305	 1	 15	 1201.jpg	 1.883644e+03	 12	 999000	 120	 999000	 999	 1.884662e+03	 300.00	 366.67	 4.00	 22	 0.84	 
BFE_305	 1	 15	 1215.jpg	 1.887632e+03	 11	 7.295975e+02	 110	 3.000295e+02	 98	 1.888650e+03	 316.67	 366.67	 12.00	 36	 0.61	 
BFE_305	 1	 15	 1110.jpg	 1.889635e+03	 11	 8.473166e+02	 110	 3.167017e+02	 98	 1.890652e+03	 333.33	 366.67	 18.00	 10	 0.55	 
BFE_305	 1	 15	 1219.jpg	 1.894640e+03	 12	 999000	 120	 999000	 999	 1.895658e+03	 333.33	 366.67	 19.00	 40	 0.51	 
BFE_305	 1	 15	 1204.jpg	 1.896642e+03	 11	 7.595413e+02	 110	 3.333617e+02	 98	 1.897660e+03	 350.00	 366.67	 13.00	 25	 0.61	 
BFE_305	 1	 15	 2201.jpg	 1.900647e+03	 24	 999000	 240	 999000	 999	 1.901665e+03	 350.00	 366.67	 51.00	 22	 0.70	 
BFE_305	 1	 15	 2211.jpg	 1.902633e+03	 24	 999000	 240	 999000	 999	 1.903650e+03	 350.00	 366.67	 49.00	 32	 0.73	 
BFE_305	 1	 15	 2215.jpg	 1.905636e+03	 22	 7.500910e+02	 220	 3.666996e+02	 98	 1.906654e+03	 350.00	 383.33	 58.00	 36	 0.57	 
BFE_305	 1	 15	 2212.jpg	 1.910642e+03	 22	 7.604201e+02	 220	 3.833573e+02	 98	 1.911659e+03	 350.00	 400.00	 52.00	 33	 0.66	 
BFE_305	 1	 15	 2205.jpg	 1.912644e+03	 24	 999000	 240	 999000	 999	 1.913662e+03	 350.00	 400.00	 59.00	 26	 0.53	 
BFE_305	 1	 15	 1107.jpg	 1.914646e+03	 12	 999000	 120	 999000	 999	 1.915664e+03	 350.00	 400.00	 38.00	 7	 0.16	 
BFE_305	 1	 15	 2203.jpg	 1.918634e+03	 24	 999000	 240	 999000	 999	 1.919651e+03	 350.00	 400.00	 43.00	 24	 0.81	 
BFE_305	 1	 15	 2113.jpg	 1.922638e+03	 24	 999000	 240	 999000	 999	 1.923656e+03	 350.00	 400.00	 78.00	 13	 0.25	 
BFE_305	 1	 15	 2207.jpg	 1.926643e+03	 24	 999000	 240	 999000	 999	 1.927661e+03	 350.00	 400.00	 44.00	 28	 0.77	 
BFE_305	 1	 15	 1217.jpg	 1.928645e+03	 12	 999000	 120	 999000	 999	 1.929663e+03	 350.00	 400.00	 17.00	 38	 0.56	 
BFE_305	 1	 15	 2216.jpg	 1.930630e+03	 22	 8.037185e+02	 220	 4.000258e+02	 98	 1.931648e+03	 350.00	 416.67	 50.00	 37	 0.71	 
BFE_305	 1	 15	 1118.jpg	 1.932633e+03	 12	 999000	 120	 999000	 999	 1.933651e+03	 350.00	 416.67	 37.00	 18	 0.17	 
BFE_305	 1	 15	 2120.jpg	 1.934635e+03	 22	 9.028895e+02	 220	 4.167002e+02	 98	 1.935653e+03	 350.00	 433.33	 53.00	 20	 0.63	 
BFE_305	 1	 15	 2101.jpg	 1.940642e+03	 24	 999000	 240	 999000	 999	 1.941660e+03	 350.00	 433.33	 60.00	 1	 0.51	 
BFE_305	 1	 15	 1121.jpg	 1.943645e+03	 12	 999000	 120	 999000	 999	 1.944663e+03	 350.00	 433.33	 16.00	 21	 0.58	 
BFE_305	 1	 15	 1214.jpg	 1.945630e+03	 11	 7.794513e+02	 110	 3.500350e+02	 98	 1.946649e+03	 366.67	 433.33	 7.00	 35	 0.77	 
BFE_305	 1	 15	 1209.jpg	 1.947633e+03	 12	 999000	 120	 999000	 999	 1.948651e+03	 366.67	 433.33	 20.00	 30	 0.50	 
BFE_305	 1	 15	 2110.jpg	 1.950636e+03	 24	 999000	 240	 999000	 999	 1.951654e+03	 366.67	 433.33	 61.00	 10	 0.48	 
BFE_305	 1	 15	 1205.jpg	 1.952639e+03	 11	 7.873799e+02	 110	 3.666947e+02	 98	 1.953656e+03	 383.33	 433.33	 15.00	 26	 0.59	 
BFE_305	 1	 15	 2218.jpg	 1.954641e+03	 22	 7.850215e+02	 220	 4.333725e+02	 98	 1.955659e+03	 383.33	 450.00	 47.00	 39	 0.73	 
BFE_305	 1	 15	 2209.jpg	 1.956643e+03	 24	 999000	 240	 999000	 999	 1.957661e+03	 383.33	 450.00	 57.00	 30	 0.59	 
BFE_305	 1	 15	 2121.jpg	 1.959646e+03	 24	 999000	 240	 999000	 999	 1.960664e+03	 383.33	 450.00	 54.00	 21	 0.63	 
BFE_305	 1	 15	 1106.jpg	 1.961632e+03	 12	 999000	 120	 999000	 999	 1.962650e+03	 383.33	 450.00	 21.00	 6	 0.50	 
BFE_305	 1	 15	 1212.jpg	 1.963634e+03	 12	 999000	 120	 999000	 999	 1.964652e+03	 383.33	 450.00	 9.00	 33	 0.67	 
BFE_305	 1	 15	 1210.jpg	 1.965637e+03	 12	 999000	 120	 999000	 999	 1.966654e+03	 383.33	 450.00	 8.00	 31	 0.69	 
BFE_305	 1	 15	 1206.jpg	 1.967639e+03	 12	 999000	 120	 999000	 999	 1.968657e+03	 383.33	 450.00	 14.00	 27	 0.60	 
BFE_305	 1	 15	 1102.jpg	 1.973646e+03	 12	 999000	 120	 999000	 999	 1.974663e+03	 383.33	 450.00	 22.00	 2	 0.49	 
BFE_305	 1	 15	 2214.jpg	 1.976634e+03	 24	 999000	 240	 999000	 999	 1.977650e+03	 383.33	 450.00	 48.00	 35	 0.73	 
BFE_305	 1	 15	 1101.jpg	 1.980637e+03	 12	 999000	 120	 999000	 999	 1.981654e+03	 383.33	 450.00	 11.00	 1	 0.62	 
