subjectID	 order	 runNum	 itemName	 onsetTime	 shuff_trialType	 RT	 respInTime	 AudioTime	 response	 fixationTime	 ladder1	 ladder2	 bidIndex	 itemNameIndex	 bidValue	 
BFE_336	 2	 13	 1112.jpg	 8.051109e+02	 12	 999000	 120	 999000	 999	 8.061286e+02	 750.00	 750.00	 13.00	 12	 0.54	 
BFE_336	 2	 13	 1116.jpg	 8.100997e+02	 12	 999000	 120	 999000	 999	 8.111176e+02	 750.00	 750.00	 22.00	 16	 0.44	 
BFE_336	 2	 13	 2111.jpg	 8.121020e+02	 24	 999000	 240	 999000	 999	 8.131198e+02	 750.00	 750.00	 44.00	 11	 0.78	 
BFE_336	 2	 13	 1204.jpg	 8.141043e+02	 12	 999000	 120	 999000	 999	 8.151220e+02	 750.00	 750.00	 38.00	 25	 0.33	 
BFE_336	 2	 13	 1201.jpg	 8.201110e+02	 12	 999000	 120	 999000	 999	 8.211287e+02	 750.00	 750.00	 10.00	 22	 0.63	 
BFE_336	 2	 13	 2107.jpg	 8.220963e+02	 24	 999000	 240	 999000	 999	 8.231143e+02	 750.00	 750.00	 60.00	 7	 0.49	 
BFE_336	 2	 13	 1214.jpg	 8.250999e+02	 11	 9.823848e+02	 110	 7.500518e+02	 98	 8.261177e+02	 766.67	 750.00	 11.00	 35	 0.60	 
BFE_336	 2	 13	 2218.jpg	 8.271022e+02	 22	 1.052140e+03	 2200	 7.500686e+02	 98	 8.281200e+02	 766.67	 700.00	 51.00	 39	 0.66	 
BFE_336	 2	 13	 2108.jpg	 8.311066e+02	 24	 999000	 240	 999000	 999	 8.321244e+02	 766.67	 700.00	 62.00	 8	 0.47	 
BFE_336	 2	 13	 2116.jpg	 8.331091e+02	 24	 999000	 240	 999000	 999	 8.341267e+02	 766.67	 700.00	 52.00	 16	 0.66	 
BFE_336	 2	 13	 1215.jpg	 8.380978e+02	 12	 999000	 120	 999000	 999	 8.391156e+02	 766.67	 700.00	 7.00	 36	 0.68	 
BFE_336	 2	 13	 2213.jpg	 8.451057e+02	 24	 999000	 240	 999000	 999	 8.461234e+02	 766.67	 700.00	 58.00	 34	 0.52	 
BFE_336	 2	 13	 1103.jpg	 8.471079e+02	 12	 999000	 120	 999000	 999	 8.481257e+02	 766.67	 700.00	 12.00	 3	 0.57	 
BFE_336	 2	 13	 1109.jpg	 8.501113e+02	 11	 1.019049e+03	 1100	 7.667072e+02	 98	 8.511291e+02	 716.67	 700.00	 17.00	 9	 0.51	 
BFE_336	 2	 13	 2103.jpg	 8.530979e+02	 24	 999000	 240	 999000	 999	 8.541157e+02	 716.67	 700.00	 43.00	 3	 0.79	 
BFE_336	 2	 13	 1102.jpg	 8.571025e+02	 11	 9.238177e+02	 110	 7.167035e+02	 98	 8.581202e+02	 733.33	 700.00	 9.00	 2	 0.65	 
BFE_336	 2	 13	 1205.jpg	 8.611069e+02	 12	 999000	 120	 999000	 999	 8.621247e+02	 733.33	 700.00	 20.00	 26	 0.48	 
BFE_336	 2	 13	 2106.jpg	 8.651115e+02	 24	 999000	 240	 999000	 999	 8.661294e+02	 733.33	 700.00	 55.00	 6	 0.60	 
BFE_336	 2	 13	 2208.jpg	 8.680982e+02	 24	 999000	 240	 999000	 999	 8.691159e+02	 733.33	 700.00	 50.00	 29	 0.67	 
BFE_336	 2	 13	 2101.jpg	 8.741049e+02	 24	 999000	 240	 999000	 999	 8.751226e+02	 733.33	 700.00	 53.00	 1	 0.63	 
BFE_336	 2	 13	 2207.jpg	 8.761071e+02	 22	 9.511930e+02	 220	 7.000460e+02	 98	 8.771249e+02	 733.33	 716.67	 57.00	 28	 0.53	 
BFE_336	 2	 13	 1216.jpg	 8.791105e+02	 12	 999000	 120	 999000	 999	 8.801282e+02	 733.33	 716.67	 3.00	 37	 0.75	 
BFE_336	 2	 13	 2215.jpg	 8.810958e+02	 24	 999000	 240	 999000	 999	 8.821138e+02	 733.33	 716.67	 78.00	 36	 0.32	 
BFE_336	 2	 13	 1113.jpg	 8.830983e+02	 11	 1.024080e+03	 1100	 7.333749e+02	 98	 8.841161e+02	 683.33	 716.67	 8.00	 13	 0.68	 
BFE_336	 2	 13	 2203.jpg	 8.851005e+02	 22	 1.005820e+03	 2200	 7.167271e+02	 98	 8.861201e+02	 683.33	 666.67	 56.00	 24	 0.56	 
BFE_336	 2	 13	 1208.jpg	 8.881039e+02	 12	 999000	 120	 999000	 999	 8.891217e+02	 683.33	 666.67	 15.00	 29	 0.54	 
BFE_336	 2	 13	 1203.jpg	 8.921084e+02	 11	 9.259940e+02	 110	 6.833893e+02	 98	 8.931261e+02	 700.00	 666.67	 16.00	 24	 0.51	 
BFE_336	 2	 13	 2201.jpg	 8.941106e+02	 22	 9.157305e+02	 220	 6.667165e+02	 98	 8.951284e+02	 700.00	 683.33	 49.00	 22	 0.75	 
BFE_336	 2	 13	 1218.jpg	 8.960962e+02	 12	 999000	 120	 999000	 999	 8.971139e+02	 700.00	 683.33	 4.00	 39	 0.73	 
BFE_336	 2	 13	 1210.jpg	 8.980984e+02	 12	 999000	 120	 999000	 999	 8.991162e+02	 700.00	 683.33	 37.00	 31	 0.34	 
BFE_336	 2	 13	 2212.jpg	 9.001007e+02	 24	 999000	 240	 999000	 999	 9.011184e+02	 700.00	 683.33	 59.00	 33	 0.50	 
BFE_336	 2	 13	 2118.jpg	 9.021029e+02	 24	 999000	 240	 999000	 999	 9.031207e+02	 700.00	 683.33	 47.00	 18	 0.76	 
BFE_336	 2	 13	 1219.jpg	 9.061075e+02	 12	 999000	 120	 999000	 999	 9.071252e+02	 700.00	 683.33	 19.00	 40	 0.50	 
BFE_336	 2	 13	 2206.jpg	 9.101119e+02	 22	 9.303888e+02	 220	 6.833765e+02	 98	 9.111297e+02	 700.00	 700.00	 48.00	 27	 0.75	 
BFE_336	 2	 13	 2219.jpg	 9.120975e+02	 22	 1.000896e+03	 2200	 7.000445e+02	 98	 9.131169e+02	 700.00	 650.00	 54.00	 40	 0.61	 
BFE_336	 2	 13	 2113.jpg	 9.140997e+02	 24	 999000	 240	 999000	 999	 9.151176e+02	 700.00	 650.00	 61.00	 13	 0.48	 
BFE_336	 2	 13	 1101.jpg	 9.161019e+02	 11	 9.324284e+02	 110	 7.000441e+02	 98	 9.171197e+02	 716.67	 650.00	 14.00	 1	 0.54	 
BFE_336	 2	 13	 1110.jpg	 9.181041e+02	 12	 999000	 120	 999000	 999	 9.191220e+02	 716.67	 650.00	 18.00	 10	 0.50	 
BFE_336	 2	 13	 2202.jpg	 9.241109e+02	 24	 999000	 240	 999000	 999	 9.251287e+02	 716.67	 650.00	 77.00	 23	 0.32	 
BFE_336	 2	 13	 1213.jpg	 9.260964e+02	 12	 999000	 120	 999000	 999	 9.271143e+02	 716.67	 650.00	 21.00	 34	 0.47	 
