subjectID	 order	 runNum	 itemName	 onsetTime	 shuff_trialType	 RT	 respInTime	 AudioTime	 response	 fixationTime	 ladder1	 ladder2	 bidIndex	 itemNameIndex	 bidValue	 
BFE_317	 1	 13	 1114.jpg	 1.494591e+03	 12	 999000	 120	 999000	 999	 1.495608e+03	 916.67	 800.00	 16.00	 14	 0.59	 
BFE_317	 1	 13	 2112.jpg	 1.499580e+03	 24	 999000	 240	 999000	 999	 1.500597e+03	 916.67	 800.00	 78.00	 12	 0.17	 
BFE_317	 1	 13	 1207.jpg	 1.501582e+03	 11	 9.004434e+02	 11	 9.167237e+02	 98	 1.502600e+03	 916.67	 800.00	 10.00	 28	 0.67	 
BFE_317	 1	 13	 2101.jpg	 1.503584e+03	 24	 999000	 240	 999000	 999	 1.504602e+03	 916.67	 800.00	 62.00	 1	 0.50	 
BFE_317	 1	 13	 2208.jpg	 1.509574e+03	 22	 7.801900e+02	 22	 8.000509e+02	 98	 1.510592e+03	 916.67	 816.67	 58.00	 29	 0.59	 
BFE_317	 1	 13	 2115.jpg	 1.511576e+03	 24	 999000	 240	 999000	 999	 1.512594e+03	 916.67	 816.67	 51.00	 15	 0.68	 
BFE_317	 1	 13	 1201.jpg	 1.514580e+03	 11	 8.546084e+02	 11	 9.166969e+02	 98	 1.515598e+03	 916.67	 816.67	 7.00	 22	 0.74	 
BFE_317	 1	 13	 1205.jpg	 1.516582e+03	 11	 1.020294e+03	 1100	 9.166999e+02	 98	 1.517600e+03	 866.67	 816.67	 13.00	 26	 0.62	 
BFE_317	 1	 13	 1109.jpg	 1.520587e+03	 12	 999000	 120	 999000	 999	 1.521604e+03	 866.67	 816.67	 4.00	 9	 0.80	 
BFE_317	 1	 13	 2105.jpg	 1.522572e+03	 24	 999000	 240	 999000	 999	 1.523590e+03	 866.67	 816.67	 48.00	 5	 0.77	 
BFE_317	 1	 13	 2119.jpg	 1.527578e+03	 24	 999000	 240	 999000	 999	 1.528595e+03	 866.67	 816.67	 77.00	 19	 0.18	 
BFE_317	 1	 13	 1218.jpg	 1.534586e+03	 11	 7.127303e+02	 11	 8.666954e+02	 98	 1.535603e+03	 883.33	 816.67	 12.00	 39	 0.63	 
BFE_317	 1	 13	 1104.jpg	 1.536588e+03	 12	 999000	 120	 999000	 999	 1.537606e+03	 883.33	 816.67	 14.00	 4	 0.61	 
BFE_317	 1	 13	 1213.jpg	 1.539574e+03	 12	 999000	 120	 999000	 999	 1.540592e+03	 883.33	 816.67	 17.00	 34	 0.58	 
BFE_317	 1	 13	 2103.jpg	 1.542578e+03	 24	 999000	 240	 999000	 999	 1.543598e+03	 883.33	 816.67	 44.00	 3	 0.90	 
BFE_317	 1	 13	 1219.jpg	 1.546582e+03	 12	 999000	 120	 999000	 999	 1.547600e+03	 883.33	 816.67	 19.00	 40	 0.52	 
BFE_317	 1	 13	 1115.jpg	 1.550587e+03	 12	 999000	 120	 999000	 999	 1.551605e+03	 883.33	 816.67	 11.00	 15	 0.66	 
BFE_317	 1	 13	 2104.jpg	 1.554575e+03	 24	 999000	 240	 999000	 999	 1.555592e+03	 883.33	 816.67	 61.00	 4	 0.52	 
BFE_317	 1	 13	 2204.jpg	 1.557578e+03	 24	 999000	 240	 999000	 999	 1.558596e+03	 883.33	 816.67	 57.00	 25	 0.59	 
BFE_317	 1	 13	 1209.jpg	 1.563585e+03	 12	 999000	 120	 999000	 999	 1.564603e+03	 883.33	 816.67	 21.00	 30	 0.49	 
BFE_317	 1	 13	 1208.jpg	 1.565587e+03	 11	 9.753491e+02	 110	 8.833863e+02	 98	 1.566605e+03	 900.00	 816.67	 18.00	 29	 0.56	 
BFE_317	 1	 13	 2113.jpg	 1.568574e+03	 22	 7.886549e+02	 22	 8.166923e+02	 98	 1.569591e+03	 900.00	 833.33	 47.00	 13	 0.77	 
BFE_317	 1	 13	 2201.jpg	 1.570576e+03	 22	 8.664030e+02	 220	 8.333686e+02	 98	 1.571594e+03	 900.00	 850.00	 55.00	 22	 0.60	 
BFE_317	 1	 13	 2211.jpg	 1.572578e+03	 22	 9.041435e+02	 220	 8.500321e+02	 98	 1.573596e+03	 900.00	 866.67	 52.00	 32	 0.66	 
BFE_317	 1	 13	 1110.jpg	 1.574580e+03	 12	 999000	 120	 999000	 999	 1.575598e+03	 900.00	 866.67	 20.00	 10	 0.52	 
BFE_317	 1	 13	 1113.jpg	 1.577584e+03	 12	 999000	 120	 999000	 999	 1.578602e+03	 900.00	 866.67	 3.00	 13	 0.80	 
BFE_317	 1	 13	 2217.jpg	 1.581588e+03	 24	 999000	 240	 999000	 999	 1.582606e+03	 900.00	 866.67	 54.00	 38	 0.65	 
BFE_317	 1	 13	 2118.jpg	 1.583574e+03	 24	 999000	 240	 999000	 999	 1.584592e+03	 900.00	 866.67	 56.00	 18	 0.59	 
BFE_317	 1	 13	 2121.jpg	 1.585576e+03	 24	 999000	 240	 999000	 999	 1.586594e+03	 900.00	 866.67	 49.00	 21	 0.75	 
BFE_317	 1	 13	 1101.jpg	 1.587578e+03	 12	 999000	 120	 999000	 999	 1.588596e+03	 900.00	 866.67	 38.00	 1	 0.21	 
BFE_317	 1	 13	 2213.jpg	 1.589581e+03	 24	 999000	 240	 999000	 999	 1.590598e+03	 900.00	 866.67	 43.00	 34	 0.90	 
BFE_317	 1	 13	 2106.jpg	 1.591583e+03	 22	 9.634575e+02	 220	 8.666989e+02	 98	 1.592601e+03	 900.00	 883.33	 50.00	 6	 0.72	 
BFE_317	 1	 13	 1121.jpg	 1.595587e+03	 12	 999000	 120	 999000	 999	 1.596605e+03	 900.00	 883.33	 8.00	 21	 0.73	 
BFE_317	 1	 13	 1112.jpg	 1.599575e+03	 12	 999000	 120	 999000	 999	 1.600593e+03	 900.00	 883.33	 37.00	 12	 0.21	 
BFE_317	 1	 13	 1211.jpg	 1.601577e+03	 11	 7.128763e+02	 11	 9.000296e+02	 98	 1.602595e+03	 916.67	 883.33	 15.00	 32	 0.61	 
BFE_317	 1	 13	 2107.jpg	 1.603580e+03	 24	 999000	 240	 999000	 999	 1.604597e+03	 916.67	 883.33	 60.00	 7	 0.53	 
BFE_317	 1	 13	 1216.jpg	 1.605582e+03	 12	 999000	 120	 999000	 999	 1.606600e+03	 916.67	 883.33	 22.00	 37	 0.47	 
BFE_317	 1	 13	 2218.jpg	 1.607584e+03	 24	 999000	 240	 999000	 999	 1.608602e+03	 916.67	 883.33	 59.00	 39	 0.55	 
BFE_317	 1	 13	 2207.jpg	 1.613574e+03	 22	 7.881012e+02	 22	 8.833631e+02	 98	 1.614592e+03	 916.67	 900.00	 53.00	 28	 0.65	 
BFE_317	 1	 13	 1106.jpg	 1.615576e+03	 12	 7.698585e+02	 12	 999000	 98	 1.616594e+03	 916.67	 900.00	 9.00	 6	 0.71	 
