subjectID	 order	 runNum	 itemName	 onsetTime	 shuff_trialType	 RT	 respInTime	 AudioTime	 response	 fixationTime	 ladder1	 ladder2	 bidIndex	 itemNameIndex	 bidValue	 
BFE_308	 2	 15	 2213.jpg	 1.788209e+03	 24	 999000	 240	 999000	 999	 1.789227e+03	 916.67	 833.33	 47.00	 34	 0.76	 
BFE_308	 2	 15	 2215.jpg	 1.790194e+03	 24	 999000	 240	 999000	 999	 1.791212e+03	 916.67	 833.33	 44.00	 36	 0.79	 
BFE_308	 2	 15	 2105.jpg	 1.794199e+03	 24	 999000	 240	 999000	 999	 1.795217e+03	 916.67	 833.33	 50.00	 5	 0.68	 
BFE_308	 2	 15	 1109.jpg	 1.797202e+03	 12	 5.438637e+02	 12	 999000	 98	 1.798220e+03	 916.67	 833.33	 18.00	 9	 0.54	 
BFE_308	 2	 15	 1207.jpg	 1.799204e+03	 12	 999000	 120	 999000	 999	 1.800222e+03	 916.67	 833.33	 12.00	 28	 0.67	 
BFE_308	 2	 15	 1105.jpg	 1.802208e+03	 11	 5.462935e+02	 11	 9.167212e+02	 98	 1.803226e+03	 916.67	 833.33	 17.00	 5	 0.57	 
BFE_308	 2	 15	 2110.jpg	 1.806196e+03	 24	 999000	 240	 999000	 999	 1.807213e+03	 916.67	 833.33	 52.00	 10	 0.66	 
BFE_308	 2	 15	 1215.jpg	 1.810200e+03	 12	 999000	 120	 999000	 999	 1.811218e+03	 916.67	 833.33	 15.00	 36	 0.59	 
BFE_308	 2	 15	 2203.jpg	 1.812202e+03	 24	 999000	 240	 999000	 999	 1.813220e+03	 916.67	 833.33	 59.00	 24	 0.53	 
BFE_308	 2	 15	 2115.jpg	 1.817208e+03	 24	 999000	 240	 999000	 999	 1.818226e+03	 916.67	 833.33	 55.00	 15	 0.58	 
BFE_308	 2	 15	 1211.jpg	 1.819194e+03	 12	 999000	 120	 999000	 999	 1.820211e+03	 916.67	 833.33	 13.00	 32	 0.67	 
BFE_308	 2	 15	 2204.jpg	 1.821196e+03	 24	 999000	 240	 999000	 999	 1.822214e+03	 916.67	 833.33	 61.00	 25	 0.51	 
BFE_308	 2	 15	 1209.jpg	 1.827202e+03	 12	 999000	 120	 999000	 999	 1.828220e+03	 916.67	 833.33	 22.00	 30	 0.46	 
BFE_308	 2	 15	 2206.jpg	 1.829205e+03	 24	 999000	 240	 999000	 999	 1.830222e+03	 916.67	 833.33	 60.00	 27	 0.52	 
BFE_308	 2	 15	 2209.jpg	 1.831207e+03	 22	 5.150277e+02	 22	 8.333836e+02	 98	 1.832225e+03	 916.67	 850.00	 49.00	 30	 0.71	 
BFE_308	 2	 15	 2109.jpg	 1.833192e+03	 22	 6.257829e+02	 22	 8.500360e+02	 98	 1.834210e+03	 916.67	 866.67	 56.00	 9	 0.58	 
BFE_308	 2	 15	 1203.jpg	 1.837197e+03	 11	 1.044986e+03	 1100	 9.167138e+02	 98	 1.838215e+03	 866.67	 866.67	 16.00	 24	 0.58	 
BFE_308	 2	 15	 2103.jpg	 1.841201e+03	 22	 7.845491e+02	 22	 8.666990e+02	 98	 1.842219e+03	 866.67	 883.33	 51.00	 3	 0.67	 
BFE_308	 2	 15	 1219.jpg	 1.844205e+03	 12	 999000	 120	 999000	 999	 1.845223e+03	 866.67	 883.33	 19.00	 40	 0.53	 
BFE_308	 2	 15	 2111.jpg	 1.848192e+03	 24	 999000	 240	 999000	 999	 1.849210e+03	 866.67	 883.33	 78.00	 11	 0.14	 
BFE_308	 2	 15	 1103.jpg	 1.851196e+03	 11	 6.780480e+02	 11	 8.667050e+02	 98	 1.852214e+03	 883.33	 883.33	 8.00	 3	 0.74	 
BFE_308	 2	 15	 2218.jpg	 1.853198e+03	 22	 6.117666e+02	 22	 8.833607e+02	 98	 1.854216e+03	 883.33	 900.00	 57.00	 39	 0.58	 
BFE_308	 2	 15	 1202.jpg	 1.857203e+03	 12	 999000	 120	 999000	 999	 1.858221e+03	 883.33	 900.00	 21.00	 23	 0.47	 
BFE_308	 2	 15	 1214.jpg	 1.859205e+03	 11	 6.610357e+02	 11	 8.833711e+02	 98	 1.860223e+03	 900.00	 900.00	 11.00	 35	 0.71	 
BFE_308	 2	 15	 1208.jpg	 1.861207e+03	 12	 999000	 120	 999000	 999	 1.862225e+03	 900.00	 900.00	 7.00	 29	 0.76	 
BFE_308	 2	 15	 2121.jpg	 1.865195e+03	 22	 6.149569e+02	 22	 9.000388e+02	 98	 1.866213e+03	 900.00	 916.67	 48.00	 21	 0.72	 
BFE_308	 2	 15	 1110.jpg	 1.867197e+03	 11	 7.726050e+02	 11	 9.000428e+02	 98	 1.868215e+03	 916.67	 916.67	 14.00	 10	 0.60	 
BFE_308	 2	 15	 2210.jpg	 1.871202e+03	 24	 999000	 240	 999000	 999	 1.872220e+03	 916.67	 916.67	 77.00	 31	 0.17	 
BFE_308	 2	 15	 1117.jpg	 1.875206e+03	 12	 999000	 120	 999000	 999	 1.876224e+03	 916.67	 916.67	 37.00	 17	 0.17	 
BFE_308	 2	 15	 1218.jpg	 1.878193e+03	 12	 5.448789e+02	 12	 999000	 98	 1.879211e+03	 916.67	 916.67	 3.00	 39	 0.85	 
BFE_308	 2	 15	 1114.jpg	 1.884200e+03	 11	 6.422521e+02	 11	 9.166972e+02	 98	 1.885218e+03	 916.67	 916.67	 9.00	 14	 0.71	 
BFE_308	 2	 15	 2116.jpg	 1.886202e+03	 24	 7.360236e+02	 24	 999000	 98	 1.887220e+03	 916.67	 916.67	 62.00	 16	 0.51	 
BFE_308	 2	 15	 2102.jpg	 1.890207e+03	 22	 5.154062e+02	 22	 9.167036e+02	 98	 1.891227e+03	 916.67	 916.67	 54.00	 2	 0.60	 
BFE_308	 2	 15	 1113.jpg	 1.892209e+03	 12	 999000	 120	 999000	 999	 1.893227e+03	 916.67	 916.67	 20.00	 13	 0.53	 
BFE_308	 2	 15	 1201.jpg	 1.894194e+03	 12	 999000	 120	 999000	 999	 1.895212e+03	 916.67	 916.67	 4.00	 22	 0.80	 
BFE_308	 2	 15	 2208.jpg	 1.896197e+03	 24	 999000	 240	 999000	 999	 1.897214e+03	 916.67	 916.67	 58.00	 29	 0.56	 
BFE_308	 2	 15	 1216.jpg	 1.901202e+03	 12	 999000	 120	 999000	 999	 1.902220e+03	 916.67	 916.67	 10.00	 37	 0.71	 
BFE_308	 2	 15	 2216.jpg	 1.903204e+03	 24	 999000	 240	 999000	 999	 1.904222e+03	 916.67	 916.67	 53.00	 37	 0.64	 
BFE_308	 2	 15	 1210.jpg	 1.905207e+03	 12	 999000	 120	 999000	 999	 1.906224e+03	 916.67	 916.67	 38.00	 31	 0.15	 
BFE_308	 2	 15	 2219.jpg	 1.908193e+03	 24	 999000	 240	 999000	 999	 1.909211e+03	 916.67	 916.67	 43.00	 40	 0.83	 
