subjectID	 order	 runNum	 itemName	 onsetTime	 shuff_trialType	 RT	 respInTime	 AudioTime	 response	 fixationTime	 ladder1	 ladder2	 bidIndex	 itemNameIndex	 bidValue	 
BFE_302	 2	 19	 2207.jpg	 2.429876e+03	 24	 999000	 240	 999000	 999	 2.430894e+03	 -16.67	 -0.00	 62.00	 28	 0.51	 
BFE_302	 2	 19	 2214.jpg	 2.431878e+03	 22	 1.459902e+03	 2200	 2.225381e-01	 98	 2.432896e+03	 -16.67	 -0.00	 56.00	 35	 0.64	 
BFE_302	 2	 19	 1121.jpg	 2.435883e+03	 12	 999000	 120	 999000	 999	 2.436900e+03	 -16.67	 -0.00	 22.00	 21	 0.47	 
BFE_302	 2	 19	 1115.jpg	 2.438869e+03	 12	 999000	 120	 999000	 999	 2.439887e+03	 -16.67	 -0.00	 10.00	 15	 0.69	 
BFE_302	 2	 19	 1101.jpg	 2.440872e+03	 11	 999000	 1	 1.887800e-01	 999	 2.441889e+03	 -16.67	 -0.00	 8.00	 1	 0.72	 
BFE_302	 2	 19	 1214.jpg	 2.443875e+03	 12	 999000	 120	 999000	 999	 2.444893e+03	 -16.67	 -0.00	 3.00	 35	 0.84	 
BFE_302	 2	 19	 1202.jpg	 2.447879e+03	 11	 1.250754e+03	 1100	 1.800091e-01	 98	 2.448897e+03	 -16.67	 -0.00	 17.00	 23	 0.54	 
BFE_302	 2	 19	 1204.jpg	 2.451884e+03	 12	 999000	 120	 999000	 999	 2.452902e+03	 -16.67	 -0.00	 7.00	 25	 0.72	 
BFE_302	 2	 19	 1205.jpg	 2.453870e+03	 11	 1.284625e+03	 1100	 2.375920e-01	 98	 2.454887e+03	 -16.67	 -0.00	 9.00	 26	 0.72	 
BFE_302	 2	 19	 2204.jpg	 2.458875e+03	 22	 1.311037e+03	 2200	 1.811371e-01	 98	 2.459893e+03	 -16.67	 -0.00	 49.00	 25	 0.69	 
BFE_302	 2	 19	 1216.jpg	 2.460877e+03	 12	 999000	 120	 999000	 999	 2.461895e+03	 -16.67	 -0.00	 12.00	 37	 0.64	 
BFE_302	 2	 19	 2215.jpg	 2.462880e+03	 24	 999000	 240	 999000	 999	 2.463897e+03	 -16.67	 -0.00	 58.00	 36	 0.60	 
BFE_302	 2	 19	 1117.jpg	 2.468870e+03	 12	 999000	 120	 999000	 999	 2.469887e+03	 -16.67	 -0.00	 37.00	 17	 0.20	 
BFE_302	 2	 19	 2101.jpg	 2.470872e+03	 22	 1.394208e+03	 2200	 1.708311e-01	 98	 2.471890e+03	 -16.67	 -0.00	 51.00	 1	 0.66	 
BFE_302	 2	 19	 1218.jpg	 2.472874e+03	 11	 1.368161e+03	 1100	 1.794561e-01	 98	 2.473892e+03	 -16.67	 -0.00	 16.00	 39	 0.56	 
BFE_302	 2	 19	 2202.jpg	 2.474876e+03	 24	 999000	 240	 999000	 999	 2.475894e+03	 -16.67	 -0.00	 60.00	 23	 0.57	 
BFE_302	 2	 19	 2211.jpg	 2.478881e+03	 22	 1.321265e+03	 2200	 1.821339e-01	 98	 2.479899e+03	 -16.67	 -0.00	 54.00	 32	 0.64	 
BFE_302	 2	 19	 1102.jpg	 2.482868e+03	 12	 999000	 120	 999000	 999	 2.483886e+03	 -16.67	 -0.00	 19.00	 2	 0.52	 
BFE_302	 2	 19	 1219.jpg	 2.485872e+03	 12	 999000	 120	 999000	 999	 2.486890e+03	 -16.67	 -0.00	 4.00	 40	 0.84	 
BFE_302	 2	 19	 2121.jpg	 2.489877e+03	 24	 999000	 240	 999000	 999	 2.490894e+03	 -16.67	 -0.00	 61.00	 21	 0.52	 
BFE_302	 2	 19	 1208.jpg	 2.492880e+03	 11	 1.258213e+03	 1100	 2.050709e-01	 98	 2.493898e+03	 -16.67	 -0.00	 14.00	 29	 0.62	 
BFE_302	 2	 19	 1106.jpg	 2.494882e+03	 12	 999000	 120	 999000	 999	 2.495900e+03	 -16.67	 -0.00	 20.00	 6	 0.50	 
BFE_302	 2	 19	 1203.jpg	 2.498870e+03	 12	 999000	 120	 999000	 999	 2.499888e+03	 -16.67	 -0.00	 38.00	 24	 0.16	 
BFE_302	 2	 19	 2208.jpg	 2.500872e+03	 24	 999000	 240	 999000	 999	 2.501890e+03	 -16.67	 -0.00	 52.00	 29	 0.66	 
BFE_302	 2	 19	 2106.jpg	 2.502874e+03	 22	 1.327704e+03	 2200	 1.816810e-01	 98	 2.503892e+03	 -16.67	 -0.00	 57.00	 6	 0.62	 
BFE_302	 2	 19	 2115.jpg	 2.506879e+03	 24	 999000	 240	 999000	 999	 2.507897e+03	 -16.67	 -0.00	 53.00	 15	 0.65	 
BFE_302	 2	 19	 1211.jpg	 2.508881e+03	 12	 999000	 120	 999000	 999	 2.509899e+03	 -16.67	 -0.00	 13.00	 32	 0.64	 
BFE_302	 2	 19	 1120.jpg	 2.512869e+03	 12	 999000	 120	 999000	 999	 2.513887e+03	 -16.67	 -0.00	 21.00	 20	 0.50	 
BFE_302	 2	 19	 2219.jpg	 2.516873e+03	 24	 999000	 240	 999000	 999	 2.517891e+03	 -16.67	 -0.00	 43.00	 40	 0.82	 
BFE_302	 2	 19	 1109.jpg	 2.519877e+03	 12	 999000	 120	 999000	 999	 2.520895e+03	 -16.67	 -0.00	 15.00	 9	 0.62	 
BFE_302	 2	 19	 2206.jpg	 2.525884e+03	 24	 999000	 240	 999000	 999	 2.526901e+03	 -16.67	 -0.00	 47.00	 27	 0.70	 
BFE_302	 2	 19	 2112.jpg	 2.527869e+03	 24	 999000	 240	 999000	 999	 2.528887e+03	 -16.67	 -0.00	 77.00	 12	 0.16	 
BFE_302	 2	 19	 2205.jpg	 2.531874e+03	 24	 999000	 240	 999000	 999	 2.532891e+03	 -16.67	 -0.00	 44.00	 26	 0.77	 
BFE_302	 2	 19	 2218.jpg	 2.533876e+03	 24	 999000	 240	 999000	 999	 2.534894e+03	 -16.67	 -0.00	 59.00	 39	 0.60	 
BFE_302	 2	 19	 1217.jpg	 2.535878e+03	 12	 999000	 120	 999000	 999	 2.536896e+03	 -16.67	 -0.00	 18.00	 38	 0.52	 
BFE_302	 2	 19	 1206.jpg	 2.537880e+03	 11	 1.265893e+03	 1100	 1.692961e-01	 98	 2.538898e+03	 -16.67	 -0.00	 11.00	 27	 0.67	 
BFE_302	 2	 19	 2217.jpg	 2.542869e+03	 24	 999000	 240	 999000	 999	 2.543887e+03	 -16.67	 -0.00	 55.00	 38	 0.64	 
BFE_302	 2	 19	 2117.jpg	 2.544871e+03	 24	 999000	 240	 999000	 999	 2.545889e+03	 -16.67	 -0.00	 78.00	 17	 0.16	 
BFE_302	 2	 19	 2109.jpg	 2.546874e+03	 24	 999000	 240	 999000	 999	 2.547891e+03	 -16.67	 -0.00	 50.00	 9	 0.67	 
BFE_302	 2	 19	 2201.jpg	 2.549877e+03	 22	 1.269056e+03	 2200	 1.849842e-01	 98	 2.550895e+03	 -16.67	 -0.00	 48.00	 22	 0.69	 
