subjectID	 order	 runNum	 itemName	 onsetTime	 shuff_trialType	 RT	 respInTime	 AudioTime	 response	 fixationTime	 ladder1	 ladder2	 bidIndex	 itemNameIndex	 bidValue	 
BFE_317	 1	 19	 1201.jpg	 2.256646e+03	 11	 1.132262e+03	 1100	 8.667228e+02	 98	 2.257664e+03	 816.67	 850.00	 7.00	 22	 0.74	 
BFE_317	 1	 19	 2104.jpg	 2.258632e+03	 24	 999000	 240	 999000	 999	 2.259649e+03	 816.67	 850.00	 61.00	 4	 0.52	 
BFE_317	 1	 19	 2106.jpg	 2.262636e+03	 22	 7.581414e+02	 22	 8.500483e+02	 98	 2.263654e+03	 816.67	 866.67	 50.00	 6	 0.72	 
BFE_317	 1	 19	 1209.jpg	 2.265639e+03	 12	 999000	 120	 999000	 999	 2.266657e+03	 816.67	 866.67	 21.00	 30	 0.49	 
BFE_317	 1	 19	 2204.jpg	 2.267642e+03	 24	 999000	 240	 999000	 999	 2.268659e+03	 816.67	 866.67	 57.00	 25	 0.59	 
BFE_317	 1	 19	 1218.jpg	 2.270628e+03	 11	 8.622351e+02	 110	 8.166945e+02	 98	 2.271646e+03	 833.33	 866.67	 12.00	 39	 0.63	 
BFE_317	 1	 19	 1110.jpg	 2.274633e+03	 12	 999000	 120	 999000	 999	 2.275651e+03	 833.33	 866.67	 20.00	 10	 0.52	 
BFE_317	 1	 19	 2105.jpg	 2.278637e+03	 24	 999000	 240	 999000	 999	 2.279655e+03	 833.33	 866.67	 48.00	 5	 0.77	 
BFE_317	 1	 19	 1106.jpg	 2.280640e+03	 12	 999000	 120	 999000	 999	 2.281657e+03	 833.33	 866.67	 9.00	 6	 0.71	 
BFE_317	 1	 19	 2101.jpg	 2.285628e+03	 24	 999000	 240	 999000	 999	 2.286646e+03	 833.33	 866.67	 62.00	 1	 0.50	 
BFE_317	 1	 19	 1219.jpg	 2.287631e+03	 12	 999000	 120	 999000	 999	 2.288649e+03	 833.33	 866.67	 19.00	 40	 0.52	 
BFE_317	 1	 19	 1101.jpg	 2.289633e+03	 12	 999000	 120	 999000	 999	 2.290651e+03	 833.33	 866.67	 38.00	 1	 0.21	 
BFE_317	 1	 19	 2208.jpg	 2.295640e+03	 22	 8.905551e+02	 220	 8.666938e+02	 98	 2.296658e+03	 833.33	 883.33	 58.00	 29	 0.59	 
BFE_317	 1	 19	 2217.jpg	 2.297642e+03	 24	 999000	 240	 999000	 999	 2.298660e+03	 833.33	 883.33	 54.00	 38	 0.65	 
BFE_317	 1	 19	 1211.jpg	 2.299644e+03	 11	 1.038051e+03	 1100	 8.333867e+02	 98	 2.300662e+03	 783.33	 883.33	 15.00	 32	 0.61	 
BFE_317	 1	 19	 1121.jpg	 2.301630e+03	 12	 999000	 120	 999000	 999	 2.302648e+03	 783.33	 883.33	 8.00	 21	 0.73	 
BFE_317	 1	 19	 1114.jpg	 2.305634e+03	 12	 999000	 120	 999000	 999	 2.306652e+03	 783.33	 883.33	 16.00	 14	 0.59	 
BFE_317	 1	 19	 1115.jpg	 2.309639e+03	 12	 999000	 120	 999000	 999	 2.310657e+03	 783.33	 883.33	 11.00	 15	 0.66	 
BFE_317	 1	 19	 1205.jpg	 2.312642e+03	 11	 6.320842e+02	 11	 7.833647e+02	 98	 2.313660e+03	 800.00	 883.33	 13.00	 26	 0.62	 
BFE_317	 1	 19	 2113.jpg	 2.316630e+03	 22	 8.204942e+02	 22	 8.833716e+02	 98	 2.317648e+03	 800.00	 900.00	 47.00	 13	 0.77	 
BFE_317	 1	 19	 2213.jpg	 2.319633e+03	 24	 999000	 240	 999000	 999	 2.320651e+03	 800.00	 900.00	 43.00	 34	 0.90	 
BFE_317	 1	 19	 1216.jpg	 2.321636e+03	 12	 999000	 120	 999000	 999	 2.322653e+03	 800.00	 900.00	 22.00	 37	 0.47	 
BFE_317	 1	 19	 1207.jpg	 2.325640e+03	 11	 6.261204e+02	 11	 8.000323e+02	 98	 2.326658e+03	 816.67	 900.00	 10.00	 28	 0.67	 
BFE_317	 1	 19	 2115.jpg	 2.327642e+03	 24	 999000	 240	 999000	 999	 2.328660e+03	 816.67	 900.00	 51.00	 15	 0.68	 
BFE_317	 1	 19	 2121.jpg	 2.329645e+03	 24	 999000	 240	 999000	 999	 2.330662e+03	 816.67	 900.00	 49.00	 21	 0.75	 
BFE_317	 1	 19	 2118.jpg	 2.333633e+03	 24	 999000	 240	 999000	 999	 2.334650e+03	 816.67	 900.00	 56.00	 18	 0.59	 
BFE_317	 1	 19	 2107.jpg	 2.335635e+03	 24	 999000	 240	 999000	 999	 2.336652e+03	 816.67	 900.00	 60.00	 7	 0.53	 
BFE_317	 1	 19	 2103.jpg	 2.339639e+03	 24	 999000	 240	 999000	 999	 2.340657e+03	 816.67	 900.00	 44.00	 3	 0.90	 
BFE_317	 1	 19	 1104.jpg	 2.343644e+03	 12	 999000	 120	 999000	 999	 2.344662e+03	 816.67	 900.00	 14.00	 4	 0.61	 
BFE_317	 1	 19	 1112.jpg	 2.346630e+03	 12	 999000	 120	 999000	 999	 2.347648e+03	 816.67	 900.00	 37.00	 12	 0.21	 
BFE_317	 1	 19	 1109.jpg	 2.352637e+03	 12	 999000	 120	 999000	 999	 2.353655e+03	 816.67	 900.00	 4.00	 9	 0.80	 
BFE_317	 1	 19	 2112.jpg	 2.354639e+03	 24	 999000	 240	 999000	 999	 2.355657e+03	 816.67	 900.00	 78.00	 12	 0.17	 
BFE_317	 1	 19	 2211.jpg	 2.358644e+03	 22	 8.384075e+02	 22	 9.000278e+02	 98	 2.359662e+03	 816.67	 916.67	 52.00	 32	 0.66	 
BFE_317	 1	 19	 1213.jpg	 2.360629e+03	 12	 999000	 120	 999000	 999	 2.361647e+03	 816.67	 916.67	 17.00	 34	 0.58	 
BFE_317	 1	 19	 1208.jpg	 2.362632e+03	 11	 8.184719e+02	 110	 8.166924e+02	 98	 2.363649e+03	 833.33	 916.67	 18.00	 29	 0.56	 
BFE_317	 1	 19	 2119.jpg	 2.364634e+03	 24	 999000	 240	 999000	 999	 2.365652e+03	 833.33	 916.67	 77.00	 19	 0.18	 
BFE_317	 1	 19	 2207.jpg	 2.369640e+03	 22	 6.668050e+02	 22	 9.166971e+02	 98	 2.370657e+03	 833.33	 916.67	 53.00	 28	 0.65	 
BFE_317	 1	 19	 2201.jpg	 2.371642e+03	 22	 8.003659e+02	 22	 9.166935e+02	 98	 2.372660e+03	 833.33	 916.67	 55.00	 22	 0.60	 
BFE_317	 1	 19	 1113.jpg	 2.373644e+03	 12	 8.542593e+02	 12	 999000	 98	 2.374662e+03	 833.33	 916.67	 3.00	 13	 0.80	 
BFE_317	 1	 19	 2218.jpg	 2.376631e+03	 24	 999000	 240	 999000	 999	 2.377648e+03	 833.33	 916.67	 59.00	 39	 0.55	 
