subjectID	 order	 runNum	 itemName	 onsetTime	 shuff_trialType	 RT	 respInTime	 AudioTime	 response	 fixationTime	 ladder1	 ladder2	 bidIndex	 itemNameIndex	 bidValue	 
BFE_338	 2	 10	 2217.jpg	 3.965076e+02	 24	 999000	 240	 999000	 999	 3.975254e+02	 716.67	 716.67	 58.00	 38	 0.57	 
BFE_338	 2	 10	 2106.jpg	 3.994940e+02	 24	 999000	 240	 999000	 999	 4.005121e+02	 716.67	 716.67	 62.00	 6	 0.52	 
BFE_338	 2	 10	 2102.jpg	 4.014966e+02	 24	 999000	 240	 999000	 999	 4.025144e+02	 716.67	 716.67	 60.00	 2	 0.53	 
BFE_338	 2	 10	 1204.jpg	 4.034988e+02	 12	 999000	 120	 999000	 999	 4.045166e+02	 716.67	 716.67	 12.00	 25	 0.70	 
BFE_338	 2	 10	 2119.jpg	 4.055011e+02	 24	 999000	 240	 999000	 999	 4.065189e+02	 716.67	 716.67	 78.00	 19	 0.16	 
BFE_338	 2	 10	 1103.jpg	 4.085044e+02	 12	 999000	 120	 999000	 999	 4.095222e+02	 716.67	 716.67	 10.00	 3	 0.70	 
BFE_338	 2	 10	 1217.jpg	 4.105066e+02	 12	 999000	 120	 999000	 999	 4.115245e+02	 716.67	 716.67	 15.00	 38	 0.59	 
BFE_338	 2	 10	 1218.jpg	 4.144942e+02	 11	 9.640923e+02	 110	 7.167213e+02	 98	 4.155122e+02	 733.33	 716.67	 9.00	 39	 0.70	 
BFE_338	 2	 10	 1121.jpg	 4.164967e+02	 11	 1.049579e+03	 1100	 7.333796e+02	 98	 4.175145e+02	 683.33	 716.67	 17.00	 21	 0.52	 
BFE_338	 2	 10	 1106.jpg	 4.215025e+02	 12	 999000	 120	 999000	 999	 4.225201e+02	 683.33	 716.67	 21.00	 6	 0.48	 
BFE_338	 2	 10	 1201.jpg	 4.235046e+02	 11	 9.296548e+02	 110	 6.833729e+02	 98	 4.245224e+02	 700.00	 716.67	 8.00	 22	 0.72	 
BFE_338	 2	 10	 2108.jpg	 4.275091e+02	 24	 999000	 240	 999000	 999	 4.285268e+02	 700.00	 716.67	 77.00	 8	 0.19	 
BFE_338	 2	 10	 1108.jpg	 4.294947e+02	 12	 999000	 120	 999000	 999	 4.305124e+02	 700.00	 716.67	 38.00	 8	 0.16	 
BFE_338	 2	 10	 1202.jpg	 4.324980e+02	 11	 9.522626e+02	 110	 7.000379e+02	 98	 4.335158e+02	 716.67	 716.67	 14.00	 23	 0.62	 
BFE_338	 2	 10	 1213.jpg	 4.375036e+02	 12	 999000	 120	 999000	 999	 4.385213e+02	 716.67	 716.67	 13.00	 34	 0.64	 
BFE_338	 2	 10	 2204.jpg	 4.395058e+02	 22	 9.604144e+02	 220	 7.167226e+02	 98	 4.405236e+02	 716.67	 733.33	 48.00	 25	 0.72	 
BFE_338	 2	 10	 2218.jpg	 4.415081e+02	 24	 999000	 240	 999000	 999	 4.425259e+02	 716.67	 733.33	 44.00	 39	 0.79	 
BFE_338	 2	 10	 1120.jpg	 4.454959e+02	 12	 999000	 120	 999000	 999	 4.465136e+02	 716.67	 733.33	 20.00	 20	 0.49	 
BFE_338	 2	 10	 2121.jpg	 4.495003e+02	 22	 9.899171e+02	 220	 7.333741e+02	 98	 4.505182e+02	 716.67	 750.00	 49.00	 21	 0.72	 
BFE_338	 2	 10	 2110.jpg	 4.535049e+02	 24	 999000	 240	 999000	 999	 4.545226e+02	 716.67	 750.00	 55.00	 10	 0.60	 
BFE_338	 2	 10	 1203.jpg	 4.555071e+02	 12	 999000	 120	 999000	 999	 4.565249e+02	 716.67	 750.00	 4.00	 24	 0.80	 
BFE_338	 2	 10	 2214.jpg	 4.575094e+02	 24	 999000	 240	 999000	 999	 4.585271e+02	 716.67	 750.00	 61.00	 35	 0.52	 
BFE_338	 2	 10	 1214.jpg	 4.594949e+02	 12	 999000	 120	 999000	 999	 4.605127e+02	 716.67	 750.00	 19.00	 35	 0.51	 
BFE_338	 2	 10	 2201.jpg	 4.614972e+02	 24	 999000	 240	 999000	 999	 4.625149e+02	 716.67	 750.00	 43.00	 22	 0.81	 
BFE_338	 2	 10	 1111.jpg	 4.675038e+02	 11	 9.464076e+02	 110	 7.167084e+02	 98	 4.685216e+02	 733.33	 750.00	 11.00	 11	 0.70	 
BFE_338	 2	 10	 1207.jpg	 4.705073e+02	 12	 999000	 120	 999000	 999	 4.715250e+02	 733.33	 750.00	 7.00	 28	 0.73	 
BFE_338	 2	 10	 2209.jpg	 4.725094e+02	 24	 999000	 240	 999000	 999	 4.735273e+02	 733.33	 750.00	 53.00	 30	 0.65	 
BFE_338	 2	 10	 2103.jpg	 4.744951e+02	 24	 999000	 240	 999000	 999	 4.755128e+02	 733.33	 750.00	 50.00	 3	 0.71	 
BFE_338	 2	 10	 1210.jpg	 4.774985e+02	 11	 9.997678e+02	 110	 7.333815e+02	 98	 4.785162e+02	 750.00	 750.00	 16.00	 31	 0.58	 
BFE_338	 2	 10	 1215.jpg	 4.795007e+02	 12	 999000	 120	 999000	 999	 4.805185e+02	 750.00	 750.00	 18.00	 36	 0.51	 
BFE_338	 2	 10	 2114.jpg	 4.815029e+02	 22	 1.043337e+03	 2200	 7.500418e+02	 98	 4.825207e+02	 750.00	 700.00	 56.00	 14	 0.60	 
BFE_338	 2	 10	 2202.jpg	 4.835052e+02	 24	 999000	 240	 999000	 999	 4.845229e+02	 750.00	 700.00	 59.00	 23	 0.55	 
BFE_338	 2	 10	 2206.jpg	 4.865084e+02	 24	 999000	 240	 999000	 999	 4.875262e+02	 750.00	 700.00	 52.00	 27	 0.69	 
BFE_338	 2	 10	 2219.jpg	 4.884941e+02	 24	 999000	 240	 999000	 999	 4.895118e+02	 750.00	 700.00	 47.00	 40	 0.73	 
BFE_338	 2	 10	 1209.jpg	 4.904963e+02	 12	 999000	 120	 999000	 999	 4.915141e+02	 750.00	 700.00	 22.00	 30	 0.46	 
BFE_338	 2	 10	 2208.jpg	 4.924985e+02	 22	 9.596951e+02	 220	 7.000558e+02	 98	 4.935163e+02	 750.00	 716.67	 54.00	 29	 0.62	 
BFE_338	 2	 10	 1205.jpg	 4.945008e+02	 12	 999000	 120	 999000	 999	 4.955186e+02	 750.00	 716.67	 3.00	 26	 0.80	 
BFE_338	 2	 10	 2113.jpg	 5.005075e+02	 22	 1.014695e+03	 2200	 7.167079e+02	 98	 5.015259e+02	 750.00	 666.67	 57.00	 13	 0.57	 
BFE_338	 2	 10	 1112.jpg	 5.034941e+02	 12	 999000	 120	 999000	 999	 5.045119e+02	 750.00	 666.67	 37.00	 12	 0.17	 
BFE_338	 2	 10	 2213.jpg	 5.074987e+02	 22	 8.876114e+02	 220	 6.667100e+02	 98	 5.085164e+02	 750.00	 683.33	 51.00	 34	 0.70	 
