subjectID	 order	 runNum	 itemName	 onsetTime	 shuff_trialType	 RT	 respInTime	 AudioTime	 response	 fixationTime	 ladder1	 ladder2	 bidIndex	 itemNameIndex	 bidValue	 
BFE_317	 1	 12	 1205.jpg	 1.376625e+03	 11	 6.734738e+02	 11	 9.167173e+02	 98	 1.377643e+03	 916.67	 916.67	 13.00	 26	 0.62	 
BFE_317	 1	 12	 1218.jpg	 1.379612e+03	 11	 1.126704e+03	 1100	 9.166939e+02	 98	 1.380629e+03	 866.67	 916.67	 12.00	 39	 0.63	 
BFE_317	 1	 12	 2121.jpg	 1.381614e+03	 24	 999000	 240	 999000	 999	 1.382632e+03	 866.67	 916.67	 49.00	 21	 0.75	 
BFE_317	 1	 12	 1101.jpg	 1.383616e+03	 12	 999000	 120	 999000	 999	 1.384634e+03	 866.67	 916.67	 38.00	 1	 0.21	 
BFE_317	 1	 12	 2207.jpg	 1.385618e+03	 22	 6.799889e+02	 22	 9.167148e+02	 98	 1.386636e+03	 866.67	 916.67	 53.00	 28	 0.65	 
BFE_317	 1	 12	 1109.jpg	 1.388622e+03	 12	 999000	 120	 999000	 999	 1.389639e+03	 866.67	 916.67	 4.00	 9	 0.80	 
BFE_317	 1	 12	 2113.jpg	 1.390624e+03	 22	 1.002332e+03	 2200	 9.166934e+02	 98	 1.391642e+03	 866.67	 866.67	 47.00	 13	 0.77	 
BFE_317	 1	 12	 2201.jpg	 1.394612e+03	 22	 8.305682e+02	 22	 8.666940e+02	 98	 1.395630e+03	 866.67	 883.33	 55.00	 22	 0.60	 
BFE_317	 1	 12	 2119.jpg	 1.396614e+03	 24	 999000	 240	 999000	 999	 1.397632e+03	 866.67	 883.33	 77.00	 19	 0.18	 
BFE_317	 1	 12	 2112.jpg	 1.401620e+03	 24	 999000	 240	 999000	 999	 1.402637e+03	 866.67	 883.33	 78.00	 12	 0.17	 
BFE_317	 1	 12	 1208.jpg	 1.403622e+03	 11	 8.444011e+02	 11	 8.667020e+02	 98	 1.404640e+03	 883.33	 883.33	 18.00	 29	 0.56	 
BFE_317	 1	 12	 1207.jpg	 1.407610e+03	 11	 7.686413e+02	 11	 8.833647e+02	 98	 1.408627e+03	 900.00	 883.33	 10.00	 28	 0.67	 
BFE_317	 1	 12	 2208.jpg	 1.409612e+03	 22	 1.038332e+03	 2200	 8.833698e+02	 98	 1.410630e+03	 900.00	 833.33	 58.00	 29	 0.59	 
BFE_317	 1	 12	 2217.jpg	 1.412615e+03	 24	 999000	 240	 999000	 999	 1.413633e+03	 900.00	 833.33	 54.00	 38	 0.65	 
BFE_317	 1	 12	 2211.jpg	 1.417621e+03	 22	 1.037347e+03	 2200	 8.333616e+02	 98	 1.418639e+03	 900.00	 783.33	 52.00	 32	 0.66	 
BFE_317	 1	 12	 2106.jpg	 1.419623e+03	 22	 8.912011e+02	 220	 7.833666e+02	 98	 1.420641e+03	 900.00	 800.00	 50.00	 6	 0.72	 
BFE_317	 1	 12	 1209.jpg	 1.421608e+03	 12	 999000	 120	 999000	 999	 1.422626e+03	 900.00	 800.00	 21.00	 30	 0.49	 
BFE_317	 1	 12	 1114.jpg	 1.425613e+03	 12	 999000	 120	 999000	 999	 1.426631e+03	 900.00	 800.00	 16.00	 14	 0.59	 
BFE_317	 1	 12	 2107.jpg	 1.429618e+03	 24	 999000	 240	 999000	 999	 1.430636e+03	 900.00	 800.00	 60.00	 7	 0.53	 
BFE_317	 1	 12	 2204.jpg	 1.433622e+03	 24	 999000	 240	 999000	 999	 1.434640e+03	 900.00	 800.00	 57.00	 25	 0.59	 
BFE_317	 1	 12	 1106.jpg	 1.435624e+03	 12	 6.338207e+02	 12	 999000	 98	 1.436642e+03	 900.00	 800.00	 9.00	 6	 0.71	 
BFE_317	 1	 12	 1104.jpg	 1.437610e+03	 12	 999000	 120	 999000	 999	 1.438628e+03	 900.00	 800.00	 14.00	 4	 0.61	 
BFE_317	 1	 12	 1121.jpg	 1.439612e+03	 12	 999000	 120	 999000	 999	 1.440630e+03	 900.00	 800.00	 8.00	 21	 0.73	 
BFE_317	 1	 12	 1115.jpg	 1.441614e+03	 12	 999000	 120	 999000	 999	 1.442632e+03	 900.00	 800.00	 11.00	 15	 0.66	 
BFE_317	 1	 12	 1211.jpg	 1.447621e+03	 11	 6.930825e+02	 11	 9.000385e+02	 98	 1.448639e+03	 916.67	 800.00	 15.00	 32	 0.61	 
BFE_317	 1	 12	 1112.jpg	 1.450625e+03	 12	 999000	 120	 999000	 999	 1.451642e+03	 916.67	 800.00	 37.00	 12	 0.21	 
BFE_317	 1	 12	 1201.jpg	 1.452610e+03	 11	 7.841815e+02	 11	 9.166919e+02	 98	 1.453628e+03	 916.67	 800.00	 7.00	 22	 0.74	 
BFE_317	 1	 12	 2115.jpg	 1.454613e+03	 24	 999000	 240	 999000	 999	 1.455630e+03	 916.67	 800.00	 51.00	 15	 0.68	 
BFE_317	 1	 12	 2213.jpg	 1.457616e+03	 24	 999000	 240	 999000	 999	 1.458634e+03	 916.67	 800.00	 43.00	 34	 0.90	 
BFE_317	 1	 12	 2105.jpg	 1.459618e+03	 24	 999000	 240	 999000	 999	 1.460636e+03	 916.67	 800.00	 48.00	 5	 0.77	 
BFE_317	 1	 12	 2104.jpg	 1.461620e+03	 24	 999000	 240	 999000	 999	 1.462638e+03	 916.67	 800.00	 61.00	 4	 0.52	 
BFE_317	 1	 12	 2103.jpg	 1.463623e+03	 24	 999000	 240	 999000	 999	 1.464640e+03	 916.67	 800.00	 44.00	 3	 0.90	 
BFE_317	 1	 12	 1110.jpg	 1.466609e+03	 12	 999000	 120	 999000	 999	 1.467627e+03	 916.67	 800.00	 20.00	 10	 0.52	 
BFE_317	 1	 12	 2118.jpg	 1.468612e+03	 24	 999000	 240	 999000	 999	 1.469629e+03	 916.67	 800.00	 56.00	 18	 0.59	 
BFE_317	 1	 12	 2218.jpg	 1.470614e+03	 24	 8.205560e+02	 24	 999000	 98	 1.471631e+03	 916.67	 800.00	 59.00	 39	 0.55	 
BFE_317	 1	 12	 1113.jpg	 1.472616e+03	 12	 999000	 120	 999000	 999	 1.473634e+03	 916.67	 800.00	 3.00	 13	 0.80	 
BFE_317	 1	 12	 1216.jpg	 1.474618e+03	 12	 999000	 120	 999000	 999	 1.475636e+03	 916.67	 800.00	 22.00	 37	 0.47	 
BFE_317	 1	 12	 1213.jpg	 1.480625e+03	 12	 999000	 120	 999000	 999	 1.481643e+03	 916.67	 800.00	 17.00	 34	 0.58	 
BFE_317	 1	 12	 2101.jpg	 1.483612e+03	 24	 999000	 240	 999000	 999	 1.484629e+03	 916.67	 800.00	 62.00	 1	 0.50	 
BFE_317	 1	 12	 1219.jpg	 1.487616e+03	 12	 999000	 120	 999000	 999	 1.488634e+03	 916.67	 800.00	 19.00	 40	 0.52	 
