subjectID	 order	 runNum	 itemName	 onsetTime	 shuff_trialType	 RT	 respInTime	 AudioTime	 response	 fixationTime	 ladder1	 ladder2	 bidIndex	 itemNameIndex	 bidValue	 
BFE_132	 2	 18	 1120.jpg	 1.412550e+03	 12	 999000	 120	 999000	 999	 1.413567e+03	 450.00	 516.67	 37.00	 20	 0.23	 
BFE_132	 2	 18	 1102.jpg	 1.415536e+03	 12	 999000	 120	 999000	 999	 1.416554e+03	 450.00	 516.67	 13.00	 2	 0.60	 
BFE_132	 2	 18	 2219.jpg	 1.417538e+03	 24	 999000	 240	 999000	 999	 1.418556e+03	 450.00	 516.67	 53.00	 40	 0.66	 
BFE_132	 2	 18	 2103.jpg	 1.419541e+03	 22	 8.938695e+02	 220	 5.167029e+02	 98	 1.420558e+03	 450.00	 533.33	 48.00	 3	 0.76	 
BFE_132	 2	 18	 2211.jpg	 1.421543e+03	 24	 999000	 240	 999000	 999	 1.422561e+03	 450.00	 533.33	 60.00	 32	 0.59	 
BFE_132	 2	 18	 1213.jpg	 1.424546e+03	 11	 8.802727e+02	 110	 4.500448e+02	 98	 1.425564e+03	 466.67	 533.33	 11.00	 34	 0.61	 
BFE_132	 2	 18	 2116.jpg	 1.426548e+03	 24	 999000	 240	 999000	 999	 1.427566e+03	 466.67	 533.33	 61.00	 16	 0.55	 
BFE_132	 2	 18	 2102.jpg	 1.430536e+03	 24	 999000	 240	 999000	 999	 1.431554e+03	 466.67	 533.33	 59.00	 2	 0.61	 
BFE_132	 2	 18	 1218.jpg	 1.432539e+03	 12	 999000	 120	 999000	 999	 1.433556e+03	 466.67	 533.33	 19.00	 39	 0.56	 
BFE_132	 2	 18	 2114.jpg	 1.437547e+03	 24	 999000	 240	 999000	 999	 1.438562e+03	 466.67	 533.33	 44.00	 14	 0.80	 
BFE_132	 2	 18	 2202.jpg	 1.439546e+03	 24	 999000	 240	 999000	 999	 1.440564e+03	 466.67	 533.33	 52.00	 23	 0.67	 
BFE_132	 2	 18	 1204.jpg	 1.443534e+03	 12	 999000	 120	 999000	 999	 1.444552e+03	 466.67	 533.33	 22.00	 25	 0.54	 
BFE_132	 2	 18	 1118.jpg	 1.445537e+03	 12	 999000	 120	 999000	 999	 1.446554e+03	 466.67	 533.33	 38.00	 18	 0.16	 
BFE_132	 2	 18	 1215.jpg	 1.448540e+03	 11	 1.286722e+03	 1100	 4.666948e+02	 98	 1.449558e+03	 416.67	 533.33	 17.00	 36	 0.56	 
BFE_132	 2	 18	 1209.jpg	 1.453546e+03	 12	 999000	 120	 999000	 999	 1.454563e+03	 416.67	 533.33	 21.00	 30	 0.55	 
BFE_132	 2	 18	 2104.jpg	 1.455548e+03	 24	 999000	 240	 999000	 999	 1.456566e+03	 416.67	 533.33	 77.00	 4	 0.29	 
BFE_132	 2	 18	 1115.jpg	 1.457550e+03	 12	 999000	 120	 999000	 999	 1.458568e+03	 416.67	 533.33	 3.00	 15	 0.77	 
BFE_132	 2	 18	 2215.jpg	 1.461538e+03	 24	 999000	 240	 999000	 999	 1.462556e+03	 416.67	 533.33	 62.00	 36	 0.55	 
BFE_132	 2	 18	 1113.jpg	 1.465542e+03	 11	 7.082932e+02	 110	 4.166960e+02	 98	 1.466560e+03	 433.33	 533.33	 9.00	 13	 0.65	 
BFE_132	 2	 18	 1104.jpg	 1.469547e+03	 12	 999000	 120	 999000	 999	 1.470565e+03	 433.33	 533.33	 12.00	 4	 0.61	 
BFE_132	 2	 18	 1216.jpg	 1.471549e+03	 12	 3.015533e+02	 12	 999000	 98	 1.472567e+03	 433.33	 533.33	 4.00	 37	 0.76	 
BFE_132	 2	 18	 2108.jpg	 1.473534e+03	 24	 999000	 240	 999000	 999	 1.474552e+03	 433.33	 533.33	 78.00	 8	 0.25	 
BFE_132	 2	 18	 1110.jpg	 1.475537e+03	 11	 7.136310e+02	 110	 4.333610e+02	 98	 1.476555e+03	 450.00	 533.33	 8.00	 10	 0.66	 
BFE_132	 2	 18	 2214.jpg	 1.477539e+03	 22	 8.235053e+02	 220	 5.333668e+02	 98	 1.478557e+03	 450.00	 550.00	 51.00	 35	 0.75	 
BFE_132	 2	 18	 1206.jpg	 1.483546e+03	 12	 999000	 120	 999000	 999	 1.484564e+03	 450.00	 550.00	 7.00	 27	 0.67	 
BFE_132	 2	 18	 1211.jpg	 1.486549e+03	 12	 999000	 120	 999000	 999	 1.487567e+03	 450.00	 550.00	 10.00	 32	 0.64	 
BFE_132	 2	 18	 2112.jpg	 1.488534e+03	 24	 999000	 240	 999000	 999	 1.489553e+03	 450.00	 550.00	 55.00	 12	 0.64	 
BFE_132	 2	 18	 1208.jpg	 1.490537e+03	 12	 999000	 120	 999000	 999	 1.491555e+03	 450.00	 550.00	 15.00	 29	 0.59	 
BFE_132	 2	 18	 2110.jpg	 1.493540e+03	 22	 1.182257e+03	 2200	 5.500535e+02	 98	 1.494558e+03	 450.00	 500.00	 54.00	 10	 0.65	 
BFE_132	 2	 18	 1219.jpg	 1.495543e+03	 12	 999000	 120	 999000	 999	 1.496560e+03	 450.00	 500.00	 20.00	 40	 0.55	 
BFE_132	 2	 18	 1105.jpg	 1.497545e+03	 11	 9.217795e+02	 110	 4.500325e+02	 98	 1.498563e+03	 466.67	 500.00	 14.00	 5	 0.60	 
BFE_132	 2	 18	 2106.jpg	 1.499547e+03	 24	 999000	 240	 999000	 999	 1.500565e+03	 466.67	 500.00	 58.00	 6	 0.61	 
BFE_132	 2	 18	 1116.jpg	 1.502550e+03	 12	 999000	 120	 999000	 999	 1.503568e+03	 466.67	 500.00	 18.00	 16	 0.56	 
BFE_132	 2	 18	 2217.jpg	 1.504536e+03	 22	 7.943844e+02	 220	 5.000316e+02	 98	 1.505554e+03	 466.67	 516.67	 49.00	 38	 0.76	 
BFE_132	 2	 18	 2216.jpg	 1.506538e+03	 24	 999000	 240	 999000	 999	 1.507556e+03	 466.67	 516.67	 50.00	 37	 0.75	 
BFE_132	 2	 18	 2109.jpg	 1.508540e+03	 22	 1.054126e+03	 2200	 5.167261e+02	 98	 1.509558e+03	 466.67	 466.67	 56.00	 9	 0.63	 
BFE_132	 2	 18	 2107.jpg	 1.510543e+03	 22	 9.318794e+02	 220	 4.667047e+02	 98	 1.511560e+03	 466.67	 483.33	 57.00	 7	 0.62	 
BFE_132	 2	 18	 2201.jpg	 1.516549e+03	 24	 999000	 240	 999000	 999	 1.517567e+03	 466.67	 483.33	 47.00	 22	 0.77	 
BFE_132	 2	 18	 1109.jpg	 1.519536e+03	 11	 7.305210e+02	 110	 4.667041e+02	 98	 1.520554e+03	 483.33	 483.33	 16.00	 9	 0.59	 
BFE_132	 2	 18	 2115.jpg	 1.523541e+03	 24	 999000	 240	 999000	 999	 1.524558e+03	 483.33	 483.33	 43.00	 15	 0.84	 
