subjectID	 order	 runNum	 itemName	 onsetTime	 shuff_trialType	 RT	 respInTime	 AudioTime	 response	 fixationTime	 ladder1	 ladder2	 bidIndex	 itemNameIndex	 bidValue	 
BFE_336	 2	 20	 2207.jpg	 1.760332e+03	 22	 9.826477e+02	 220	 7.167328e+02	 98	 1.761350e+03	 716.67	 733.33	 57.00	 28	 0.53	 
BFE_336	 2	 20	 2116.jpg	 1.763335e+03	 24	 999000	 240	 999000	 999	 1.764353e+03	 716.67	 733.33	 52.00	 16	 0.66	 
BFE_336	 2	 20	 1205.jpg	 1.765338e+03	 12	 999000	 120	 999000	 999	 1.766355e+03	 716.67	 733.33	 20.00	 26	 0.48	 
BFE_336	 2	 20	 1204.jpg	 1.767340e+03	 12	 999000	 120	 999000	 999	 1.768358e+03	 716.67	 733.33	 38.00	 25	 0.33	 
BFE_336	 2	 20	 1103.jpg	 1.769342e+03	 12	 999000	 120	 999000	 999	 1.770360e+03	 716.67	 733.33	 12.00	 3	 0.57	 
BFE_336	 2	 20	 2101.jpg	 1.772329e+03	 24	 999000	 240	 999000	 999	 1.773346e+03	 716.67	 733.33	 53.00	 1	 0.63	 
BFE_336	 2	 20	 2107.jpg	 1.774331e+03	 24	 999000	 240	 999000	 999	 1.775349e+03	 716.67	 733.33	 60.00	 7	 0.49	 
BFE_336	 2	 20	 2219.jpg	 1.778335e+03	 22	 9.548864e+02	 220	 7.333707e+02	 98	 1.779353e+03	 716.67	 750.00	 54.00	 40	 0.61	 
BFE_336	 2	 20	 2201.jpg	 1.780338e+03	 22	 1.024694e+03	 2200	 7.500507e+02	 98	 1.781356e+03	 716.67	 700.00	 49.00	 22	 0.75	 
BFE_336	 2	 20	 1213.jpg	 1.785326e+03	 12	 999000	 120	 999000	 999	 1.786344e+03	 716.67	 700.00	 21.00	 34	 0.47	 
BFE_336	 2	 20	 1203.jpg	 1.787329e+03	 11	 9.294920e+02	 110	 7.167216e+02	 98	 1.788347e+03	 733.33	 700.00	 16.00	 24	 0.51	 
BFE_336	 2	 20	 2203.jpg	 1.791333e+03	 22	 9.569651e+02	 220	 7.000411e+02	 98	 1.792351e+03	 733.33	 716.67	 56.00	 24	 0.56	 
BFE_336	 2	 20	 1201.jpg	 1.793336e+03	 12	 999000	 120	 999000	 999	 1.794353e+03	 733.33	 716.67	 10.00	 22	 0.63	 
BFE_336	 2	 20	 2118.jpg	 1.796339e+03	 24	 999000	 240	 999000	 999	 1.797357e+03	 733.33	 716.67	 47.00	 18	 0.76	 
BFE_336	 2	 20	 2212.jpg	 1.801328e+03	 24	 999000	 240	 999000	 999	 1.802346e+03	 733.33	 716.67	 59.00	 33	 0.50	 
BFE_336	 2	 20	 2108.jpg	 1.803330e+03	 24	 999000	 240	 999000	 999	 1.804348e+03	 733.33	 716.67	 62.00	 8	 0.47	 
BFE_336	 2	 20	 1216.jpg	 1.805332e+03	 12	 999000	 120	 999000	 999	 1.806350e+03	 733.33	 716.67	 3.00	 37	 0.75	 
BFE_336	 2	 20	 1109.jpg	 1.809337e+03	 11	 1.041413e+03	 1100	 7.333727e+02	 98	 1.810355e+03	 683.33	 716.67	 17.00	 9	 0.51	 
BFE_336	 2	 20	 1219.jpg	 1.813341e+03	 12	 999000	 120	 999000	 999	 1.814359e+03	 683.33	 716.67	 19.00	 40	 0.50	 
BFE_336	 2	 20	 2215.jpg	 1.817329e+03	 24	 999000	 240	 999000	 999	 1.818347e+03	 683.33	 716.67	 78.00	 36	 0.32	 
BFE_336	 2	 20	 1214.jpg	 1.819331e+03	 11	 9.350324e+02	 110	 6.833834e+02	 98	 1.820349e+03	 700.00	 716.67	 11.00	 35	 0.60	 
BFE_336	 2	 20	 2208.jpg	 1.821334e+03	 24	 999000	 240	 999000	 999	 1.822351e+03	 700.00	 716.67	 50.00	 29	 0.67	 
BFE_336	 2	 20	 1110.jpg	 1.823336e+03	 12	 999000	 120	 999000	 999	 1.824354e+03	 700.00	 716.67	 18.00	 10	 0.50	 
BFE_336	 2	 20	 1112.jpg	 1.825338e+03	 12	 999000	 120	 999000	 999	 1.826356e+03	 700.00	 716.67	 13.00	 12	 0.54	 
BFE_336	 2	 20	 1102.jpg	 1.831328e+03	 11	 9.381126e+02	 110	 7.000424e+02	 98	 1.832346e+03	 716.67	 716.67	 9.00	 2	 0.65	 
BFE_336	 2	 20	 2113.jpg	 1.834332e+03	 24	 999000	 240	 999000	 999	 1.835349e+03	 716.67	 716.67	 61.00	 13	 0.48	 
BFE_336	 2	 20	 1113.jpg	 1.836334e+03	 11	 9.005320e+02	 110	 7.167076e+02	 98	 1.837352e+03	 733.33	 716.67	 8.00	 13	 0.68	 
BFE_336	 2	 20	 1208.jpg	 1.838336e+03	 12	 999000	 120	 999000	 999	 1.839354e+03	 733.33	 716.67	 15.00	 29	 0.54	 
BFE_336	 2	 20	 2202.jpg	 1.841339e+03	 24	 999000	 240	 999000	 999	 1.842357e+03	 733.33	 716.67	 77.00	 23	 0.32	 
BFE_336	 2	 20	 2218.jpg	 1.843342e+03	 22	 9.166564e+02	 220	 7.167146e+02	 98	 1.844359e+03	 733.33	 733.33	 51.00	 39	 0.66	 
BFE_336	 2	 20	 2111.jpg	 1.845327e+03	 24	 999000	 240	 999000	 999	 1.846345e+03	 733.33	 733.33	 44.00	 11	 0.78	 
BFE_336	 2	 20	 2103.jpg	 1.847329e+03	 24	 999000	 240	 999000	 999	 1.848347e+03	 733.33	 733.33	 43.00	 3	 0.79	 
BFE_336	 2	 20	 2213.jpg	 1.850333e+03	 24	 999000	 240	 999000	 999	 1.851351e+03	 733.33	 733.33	 58.00	 34	 0.52	 
BFE_336	 2	 20	 1101.jpg	 1.852338e+03	 11	 9.925612e+02	 110	 7.333841e+02	 98	 1.853356e+03	 750.00	 733.33	 14.00	 1	 0.54	 
BFE_336	 2	 20	 2106.jpg	 1.854337e+03	 24	 999000	 240	 999000	 999	 1.855355e+03	 750.00	 733.33	 55.00	 6	 0.60	 
BFE_336	 2	 20	 2206.jpg	 1.856340e+03	 22	 9.907633e+02	 220	 7.333745e+02	 98	 1.857357e+03	 750.00	 750.00	 48.00	 27	 0.75	 
BFE_336	 2	 20	 1218.jpg	 1.858345e+03	 12	 999000	 120	 999000	 999	 1.859360e+03	 750.00	 750.00	 4.00	 39	 0.73	 
BFE_336	 2	 20	 1215.jpg	 1.864332e+03	 12	 999000	 120	 999000	 999	 1.865350e+03	 750.00	 750.00	 7.00	 36	 0.68	 
BFE_336	 2	 20	 1116.jpg	 1.867335e+03	 12	 999000	 120	 999000	 999	 1.868353e+03	 750.00	 750.00	 22.00	 16	 0.44	 
BFE_336	 2	 20	 1210.jpg	 1.871340e+03	 12	 999000	 120	 999000	 999	 1.872358e+03	 750.00	 750.00	 37.00	 31	 0.34	 
