subjectID	 order	 runNum	 itemName	 onsetTime	 shuff_trialType	 RT	 respInTime	 AudioTime	 response	 fixationTime	 ladder1	 ladder2	 bidIndex	 itemNameIndex	 bidValue	 
BFE_334	 2	 11	 1211.jpg	 5.172670e+02	 12	 999000	 120	 999000	 999	 5.182847e+02	 616.67	 616.67	 4.00	 32	 0.80	 
BFE_334	 2	 11	 2217.jpg	 5.202537e+02	 24	 999000	 240	 999000	 999	 5.212715e+02	 616.67	 616.67	 77.00	 38	 0.30	 
BFE_334	 2	 11	 1219.jpg	 5.242581e+02	 12	 999000	 120	 999000	 999	 5.252760e+02	 616.67	 616.67	 15.00	 40	 0.56	 
BFE_334	 2	 11	 2113.jpg	 5.262604e+02	 24	 999000	 240	 999000	 999	 5.272783e+02	 616.67	 616.67	 52.00	 13	 0.62	 
BFE_334	 2	 11	 2210.jpg	 5.282627e+02	 24	 999000	 240	 999000	 999	 5.292804e+02	 616.67	 616.67	 59.00	 31	 0.47	 
BFE_334	 2	 11	 2209.jpg	 5.322671e+02	 22	 9.354731e+02	 220	 6.167216e+02	 98	 5.332849e+02	 616.67	 633.33	 51.00	 30	 0.67	 
BFE_334	 2	 11	 1213.jpg	 5.342523e+02	 12	 999000	 120	 999000	 999	 5.352704e+02	 616.67	 633.33	 12.00	 34	 0.61	 
BFE_334	 2	 11	 1102.jpg	 5.392583e+02	 12	 999000	 120	 999000	 999	 5.402761e+02	 616.67	 633.33	 38.00	 2	 0.22	 
BFE_334	 2	 11	 2107.jpg	 5.412606e+02	 24	 999000	 240	 999000	 999	 5.422783e+02	 616.67	 633.33	 55.00	 7	 0.51	 
BFE_334	 2	 11	 2211.jpg	 5.442640e+02	 22	 8.745792e+02	 220	 6.333671e+02	 98	 5.452817e+02	 616.67	 650.00	 48.00	 32	 0.73	 
BFE_334	 2	 11	 1119.jpg	 5.472672e+02	 12	 999000	 120	 999000	 999	 5.482850e+02	 616.67	 650.00	 19.00	 19	 0.47	 
BFE_334	 2	 11	 2204.jpg	 5.512551e+02	 22	 9.794327e+02	 220	 6.500474e+02	 98	 5.522729e+02	 616.67	 666.67	 49.00	 25	 0.71	 
BFE_334	 2	 11	 1218.jpg	 5.542585e+02	 12	 999000	 120	 999000	 999	 5.552762e+02	 616.67	 666.67	 10.00	 39	 0.63	 
BFE_334	 2	 11	 2110.jpg	 5.562607e+02	 24	 999000	 240	 999000	 999	 5.572784e+02	 616.67	 666.67	 50.00	 10	 0.67	 
BFE_334	 2	 11	 2216.jpg	 5.592641e+02	 24	 999000	 240	 999000	 999	 5.602818e+02	 616.67	 666.67	 43.00	 37	 0.84	 
BFE_334	 2	 11	 1117.jpg	 5.632685e+02	 11	 8.940462e+02	 110	 6.167292e+02	 98	 5.642863e+02	 633.33	 666.67	 11.00	 17	 0.62	 
BFE_334	 2	 11	 1206.jpg	 5.662553e+02	 12	 999000	 120	 999000	 999	 5.672730e+02	 633.33	 666.67	 22.00	 27	 0.46	 
BFE_334	 2	 11	 2202.jpg	 5.682574e+02	 24	 999000	 240	 999000	 999	 5.692752e+02	 633.33	 666.67	 78.00	 23	 0.27	 
BFE_334	 2	 11	 1208.jpg	 5.702597e+02	 12	 999000	 120	 999000	 999	 5.712775e+02	 633.33	 666.67	 3.00	 29	 0.81	 
BFE_334	 2	 11	 1109.jpg	 5.752656e+02	 11	 9.529896e+02	 110	 6.333789e+02	 98	 5.762831e+02	 650.00	 666.67	 16.00	 9	 0.51	 
BFE_334	 2	 11	 1209.jpg	 5.792529e+02	 12	 999000	 120	 999000	 999	 5.802711e+02	 650.00	 666.67	 37.00	 30	 0.28	 
BFE_334	 2	 11	 2105.jpg	 5.832577e+02	 24	 999000	 240	 999000	 999	 5.842754e+02	 650.00	 666.67	 58.00	 5	 0.48	 
BFE_334	 2	 11	 1216.jpg	 5.892644e+02	 11	 9.781488e+02	 110	 6.500429e+02	 98	 5.902821e+02	 666.67	 666.67	 8.00	 37	 0.67	 
BFE_334	 2	 11	 1214.jpg	 5.912666e+02	 11	 9.919693e+02	 110	 6.667035e+02	 98	 5.922843e+02	 683.33	 666.67	 17.00	 35	 0.48	 
BFE_334	 2	 11	 1215.jpg	 5.932688e+02	 12	 999000	 120	 999000	 999	 5.942866e+02	 683.33	 666.67	 7.00	 36	 0.69	 
BFE_334	 2	 11	 2112.jpg	 5.952544e+02	 24	 999000	 240	 999000	 999	 5.962721e+02	 683.33	 666.67	 61.00	 12	 0.45	 
BFE_334	 2	 11	 1107.jpg	 5.972566e+02	 12	 999000	 120	 999000	 999	 5.982745e+02	 683.33	 666.67	 20.00	 7	 0.47	 
BFE_334	 2	 11	 1121.jpg	 6.012611e+02	 11	 1.093408e+03	 1100	 6.833725e+02	 98	 6.022789e+02	 633.33	 666.67	 14.00	 21	 0.58	 
BFE_334	 2	 11	 2205.jpg	 6.032633e+02	 24	 999000	 240	 999000	 999	 6.042811e+02	 633.33	 666.67	 47.00	 26	 0.77	 
BFE_334	 2	 11	 2214.jpg	 6.072679e+02	 22	 9.826727e+02	 220	 6.667115e+02	 98	 6.082857e+02	 633.33	 683.33	 56.00	 35	 0.51	 
BFE_334	 2	 11	 2218.jpg	 6.092531e+02	 22	 9.574277e+02	 220	 6.833857e+02	 98	 6.102711e+02	 633.33	 700.00	 54.00	 39	 0.52	 
BFE_334	 2	 11	 2219.jpg	 6.112557e+02	 24	 999000	 240	 999000	 999	 6.122734e+02	 633.33	 700.00	 44.00	 40	 0.80	 
BFE_334	 2	 11	 1111.jpg	 6.132579e+02	 12	 999000	 120	 999000	 999	 6.142757e+02	 633.33	 700.00	 18.00	 11	 0.48	 
BFE_334	 2	 11	 2109.jpg	 6.182636e+02	 24	 999000	 240	 999000	 999	 6.192813e+02	 633.33	 700.00	 60.00	 9	 0.47	 
BFE_334	 2	 11	 1110.jpg	 6.202657e+02	 12	 999000	 120	 999000	 999	 6.212835e+02	 633.33	 700.00	 13.00	 10	 0.60	 
BFE_334	 2	 11	 1113.jpg	 6.222680e+02	 11	 9.585690e+02	 110	 6.333692e+02	 98	 6.232857e+02	 650.00	 700.00	 9.00	 13	 0.66	 
BFE_334	 2	 11	 2206.jpg	 6.252547e+02	 24	 999000	 240	 999000	 999	 6.262724e+02	 650.00	 700.00	 62.00	 27	 0.44	 
BFE_334	 2	 11	 2106.jpg	 6.322626e+02	 24	 999000	 240	 999000	 999	 6.332803e+02	 650.00	 700.00	 53.00	 6	 0.55	 
BFE_334	 2	 11	 1205.jpg	 6.362670e+02	 12	 999000	 120	 999000	 999	 6.372847e+02	 650.00	 700.00	 21.00	 26	 0.47	 
BFE_334	 2	 11	 2116.jpg	 6.432581e+02	 22	 1.048433e+03	 2200	 7.000350e+02	 98	 6.442760e+02	 650.00	 650.00	 57.00	 16	 0.50	 
