subjectID	 order	 runNum	 itemName	 onsetTime	 shuff_trialType	 RT	 respInTime	 AudioTime	 response	 fixationTime	 ladder1	 ladder2	 bidIndex	 itemNameIndex	 bidValue	 
BFE_302	 2	 15	 1106.jpg	 1.922657e+03	 12	 999000	 120	 999000	 999	 1.923675e+03	 283.33	 350.00	 20.00	 6	 0.50	 
BFE_302	 2	 15	 1206.jpg	 1.925644e+03	 11	 7.339432e+02	 110	 2.833733e+02	 98	 1.926662e+03	 300.00	 350.00	 11.00	 27	 0.67	 
BFE_302	 2	 15	 1219.jpg	 1.927646e+03	 12	 999000	 120	 999000	 999	 1.928664e+03	 300.00	 350.00	 4.00	 40	 0.84	 
BFE_302	 2	 15	 2217.jpg	 1.929649e+03	 24	 999000	 240	 999000	 999	 1.930667e+03	 300.00	 350.00	 55.00	 38	 0.64	 
BFE_302	 2	 15	 2109.jpg	 1.931651e+03	 24	 999000	 240	 999000	 999	 1.932669e+03	 300.00	 350.00	 50.00	 9	 0.67	 
BFE_302	 2	 15	 1117.jpg	 1.934654e+03	 12	 999000	 120	 999000	 999	 1.935672e+03	 300.00	 350.00	 37.00	 17	 0.20	 
BFE_302	 2	 15	 2211.jpg	 1.936640e+03	 22	 8.100592e+02	 220	 3.500381e+02	 98	 1.937658e+03	 300.00	 366.67	 54.00	 32	 0.64	 
BFE_302	 2	 15	 1214.jpg	 1.940644e+03	 12	 999000	 120	 999000	 999	 1.941662e+03	 300.00	 366.67	 3.00	 35	 0.84	 
BFE_302	 2	 15	 1216.jpg	 1.942647e+03	 12	 999000	 120	 999000	 999	 1.943664e+03	 300.00	 366.67	 12.00	 37	 0.64	 
BFE_302	 2	 15	 2208.jpg	 1.947652e+03	 24	 999000	 240	 999000	 999	 1.948670e+03	 300.00	 366.67	 52.00	 29	 0.66	 
BFE_302	 2	 15	 2115.jpg	 1.949654e+03	 24	 999000	 240	 999000	 999	 1.950672e+03	 300.00	 366.67	 53.00	 15	 0.65	 
BFE_302	 2	 15	 1205.jpg	 1.953642e+03	 11	 7.678378e+02	 110	 3.000254e+02	 98	 1.954660e+03	 316.67	 366.67	 9.00	 26	 0.72	 
BFE_302	 2	 15	 2214.jpg	 1.955644e+03	 22	 8.376590e+02	 220	 3.666985e+02	 98	 1.956662e+03	 316.67	 383.33	 56.00	 35	 0.64	 
BFE_302	 2	 15	 1115.jpg	 1.958648e+03	 12	 999000	 120	 999000	 999	 1.959666e+03	 316.67	 383.33	 10.00	 15	 0.69	 
BFE_302	 2	 15	 1121.jpg	 1.963654e+03	 12	 999000	 120	 999000	 999	 1.964671e+03	 316.67	 383.33	 22.00	 21	 0.47	 
BFE_302	 2	 15	 2219.jpg	 1.965639e+03	 24	 999000	 240	 999000	 999	 1.966657e+03	 316.67	 383.33	 43.00	 40	 0.82	 
BFE_302	 2	 15	 2205.jpg	 1.967641e+03	 24	 999000	 240	 999000	 999	 1.968659e+03	 316.67	 383.33	 44.00	 26	 0.77	 
BFE_302	 2	 15	 1218.jpg	 1.971646e+03	 11	 7.323023e+02	 110	 3.167053e+02	 98	 1.972664e+03	 333.33	 383.33	 16.00	 39	 0.56	 
BFE_302	 2	 15	 2112.jpg	 1.975650e+03	 24	 999000	 240	 999000	 999	 1.976668e+03	 333.33	 383.33	 77.00	 12	 0.16	 
BFE_302	 2	 15	 2215.jpg	 1.979655e+03	 24	 999000	 240	 999000	 999	 1.980673e+03	 333.33	 383.33	 58.00	 36	 0.60	 
BFE_302	 2	 15	 2204.jpg	 1.981640e+03	 22	 8.096920e+02	 220	 3.833708e+02	 98	 1.982658e+03	 333.33	 400.00	 49.00	 25	 0.69	 
BFE_302	 2	 15	 2117.jpg	 1.983643e+03	 24	 999000	 240	 999000	 999	 1.984660e+03	 333.33	 400.00	 78.00	 17	 0.16	 
BFE_302	 2	 15	 2206.jpg	 1.985645e+03	 24	 999000	 240	 999000	 999	 1.986663e+03	 333.33	 400.00	 47.00	 27	 0.70	 
BFE_302	 2	 15	 1109.jpg	 1.987647e+03	 12	 999000	 120	 999000	 999	 1.988665e+03	 333.33	 400.00	 15.00	 9	 0.62	 
BFE_302	 2	 15	 1208.jpg	 1.993654e+03	 11	 2.922937e+02	 11	 3.333688e+02	 98	 1.994672e+03	 350.00	 400.00	 14.00	 29	 0.62	 
BFE_302	 2	 15	 1102.jpg	 1.996640e+03	 12	 999000	 120	 999000	 999	 1.997658e+03	 350.00	 400.00	 19.00	 2	 0.52	 
BFE_302	 2	 15	 2202.jpg	 1.998643e+03	 24	 999000	 240	 999000	 999	 1.999661e+03	 350.00	 400.00	 60.00	 23	 0.57	 
BFE_302	 2	 15	 1204.jpg	 2.000645e+03	 12	 999000	 120	 999000	 999	 2.001663e+03	 350.00	 400.00	 7.00	 25	 0.72	 
BFE_302	 2	 15	 2201.jpg	 2.003648e+03	 22	 8.578044e+02	 220	 4.000300e+02	 98	 2.004666e+03	 350.00	 416.67	 48.00	 22	 0.69	 
BFE_302	 2	 15	 2218.jpg	 2.005651e+03	 24	 999000	 240	 999000	 999	 2.006668e+03	 350.00	 416.67	 59.00	 39	 0.60	 
BFE_302	 2	 15	 1217.jpg	 2.007653e+03	 12	 999000	 120	 999000	 999	 2.008671e+03	 350.00	 416.67	 18.00	 38	 0.52	 
BFE_302	 2	 15	 1120.jpg	 2.009655e+03	 12	 999000	 120	 999000	 999	 2.010673e+03	 350.00	 416.67	 21.00	 20	 0.50	 
BFE_302	 2	 15	 2207.jpg	 2.012642e+03	 24	 999000	 240	 999000	 999	 2.013659e+03	 350.00	 416.67	 62.00	 28	 0.51	 
BFE_302	 2	 15	 1203.jpg	 2.014644e+03	 12	 999000	 120	 999000	 999	 2.015662e+03	 350.00	 416.67	 38.00	 24	 0.16	 
BFE_302	 2	 15	 2106.jpg	 2.016646e+03	 22	 7.798107e+02	 220	 4.167299e+02	 98	 2.017664e+03	 350.00	 433.33	 57.00	 6	 0.62	 
BFE_302	 2	 15	 1202.jpg	 2.018648e+03	 11	 7.536472e+02	 110	 3.500397e+02	 98	 2.019666e+03	 366.67	 433.33	 17.00	 23	 0.54	 
BFE_302	 2	 15	 1101.jpg	 2.020651e+03	 11	 6.714786e+02	 110	 3.667094e+02	 98	 2.021668e+03	 383.33	 433.33	 8.00	 1	 0.72	 
BFE_302	 2	 15	 2101.jpg	 2.026641e+03	 22	 3.132643e+02	 22	 4.333692e+02	 98	 2.027658e+03	 383.33	 450.00	 51.00	 1	 0.66	 
BFE_302	 2	 15	 1211.jpg	 2.029644e+03	 12	 999000	 120	 999000	 999	 2.030662e+03	 383.33	 450.00	 13.00	 32	 0.64	 
BFE_302	 2	 15	 2121.jpg	 2.033649e+03	 24	 999000	 240	 999000	 999	 2.034666e+03	 383.33	 450.00	 61.00	 21	 0.52	 
