subjectID	 order	 runNum	 itemName	 onsetTime	 shuff_trialType	 RT	 respInTime	 AudioTime	 response	 fixationTime	 ladder1	 ladder2	 bidIndex	 itemNameIndex	 bidValue	 
BFE_308	 2	 4	 1103.jpg	 3.857345e+02	 11	 9.875101e+02	 110	 7.834280e+02	 98	 3.867523e+02	 800.00	 783.33	 8.00	 3	 0.74	 
BFE_308	 2	 4	 1208.jpg	 3.887212e+02	 12	 999000	 120	 999000	 999	 3.897389e+02	 800.00	 783.33	 7.00	 29	 0.76	 
BFE_308	 2	 4	 2210.jpg	 3.927256e+02	 24	 999000	 240	 999000	 999	 3.937434e+02	 800.00	 783.33	 77.00	 31	 0.17	 
BFE_308	 2	 4	 2102.jpg	 3.947279e+02	 22	 9.861610e+02	 220	 7.833830e+02	 98	 3.957457e+02	 800.00	 800.00	 54.00	 2	 0.60	 
BFE_308	 2	 4	 2121.jpg	 3.967302e+02	 22	 9.758605e+02	 220	 8.000343e+02	 98	 3.977480e+02	 800.00	 816.67	 48.00	 21	 0.72	 
BFE_308	 2	 4	 2110.jpg	 4.007178e+02	 24	 999000	 240	 999000	 999	 4.017357e+02	 800.00	 816.67	 52.00	 10	 0.66	 
BFE_308	 2	 4	 2213.jpg	 4.027202e+02	 24	 999000	 240	 999000	 999	 4.037381e+02	 800.00	 816.67	 47.00	 34	 0.76	 
BFE_308	 2	 4	 1203.jpg	 4.077259e+02	 11	 9.802275e+02	 110	 8.000347e+02	 98	 4.087436e+02	 816.67	 816.67	 16.00	 24	 0.58	 
BFE_308	 2	 4	 2218.jpg	 4.097281e+02	 22	 1.041908e+03	 2200	 8.167212e+02	 98	 4.107459e+02	 816.67	 766.67	 57.00	 39	 0.58	 
BFE_308	 2	 4	 1110.jpg	 4.127315e+02	 11	 1.022513e+03	 1100	 8.166985e+02	 98	 4.137492e+02	 766.67	 766.67	 14.00	 10	 0.60	 
BFE_308	 2	 4	 1202.jpg	 4.157179e+02	 12	 999000	 120	 999000	 999	 4.167360e+02	 766.67	 766.67	 21.00	 23	 0.47	 
BFE_308	 2	 4	 1210.jpg	 4.197226e+02	 12	 999000	 120	 999000	 999	 4.207404e+02	 766.67	 766.67	 38.00	 31	 0.15	 
BFE_308	 2	 4	 1215.jpg	 4.227260e+02	 12	 999000	 120	 999000	 999	 4.237438e+02	 766.67	 766.67	 15.00	 36	 0.59	 
BFE_308	 2	 4	 2111.jpg	 4.247283e+02	 24	 999000	 240	 999000	 999	 4.257460e+02	 766.67	 766.67	 78.00	 11	 0.14	 
BFE_308	 2	 4	 2103.jpg	 4.277317e+02	 22	 9.663272e+02	 220	 7.667084e+02	 98	 4.287495e+02	 766.67	 783.33	 51.00	 3	 0.67	 
BFE_308	 2	 4	 2115.jpg	 4.317195e+02	 24	 999000	 240	 999000	 999	 4.327372e+02	 766.67	 783.33	 55.00	 15	 0.58	 
BFE_308	 2	 4	 2208.jpg	 4.347228e+02	 24	 999000	 240	 999000	 999	 4.357405e+02	 766.67	 783.33	 58.00	 29	 0.56	 
BFE_308	 2	 4	 2109.jpg	 4.367251e+02	 22	 9.729155e+02	 220	 7.833628e+02	 98	 4.377428e+02	 766.67	 800.00	 56.00	 9	 0.58	 
BFE_308	 2	 4	 1209.jpg	 4.387273e+02	 12	 999000	 120	 999000	 999	 4.397450e+02	 766.67	 800.00	 22.00	 30	 0.46	 
BFE_308	 2	 4	 1201.jpg	 4.437161e+02	 12	 999000	 120	 999000	 999	 4.447340e+02	 766.67	 800.00	 4.00	 22	 0.80	 
BFE_308	 2	 4	 1114.jpg	 4.477207e+02	 11	 7.133217e+02	 11	 7.666971e+02	 98	 4.487386e+02	 783.33	 800.00	 9.00	 14	 0.71	 
BFE_308	 2	 4	 2203.jpg	 4.517252e+02	 24	 999000	 240	 999000	 999	 4.527430e+02	 783.33	 800.00	 59.00	 24	 0.53	 
BFE_308	 2	 4	 1216.jpg	 4.577320e+02	 12	 999000	 120	 999000	 999	 4.587497e+02	 783.33	 800.00	 10.00	 37	 0.71	 
BFE_308	 2	 4	 1211.jpg	 4.597173e+02	 12	 999000	 120	 999000	 999	 4.607353e+02	 783.33	 800.00	 13.00	 32	 0.67	 
BFE_308	 2	 4	 2215.jpg	 4.617198e+02	 24	 999000	 240	 999000	 999	 4.627377e+02	 783.33	 800.00	 44.00	 36	 0.79	 
BFE_308	 2	 4	 1117.jpg	 4.637220e+02	 12	 999000	 120	 999000	 999	 4.647398e+02	 783.33	 800.00	 37.00	 17	 0.17	 
BFE_308	 2	 4	 1218.jpg	 4.657242e+02	 12	 999000	 120	 999000	 999	 4.667420e+02	 783.33	 800.00	 3.00	 39	 0.85	 
BFE_308	 2	 4	 2105.jpg	 4.697288e+02	 24	 999000	 240	 999000	 999	 4.707466e+02	 783.33	 800.00	 50.00	 5	 0.68	 
BFE_308	 2	 4	 2216.jpg	 4.717310e+02	 24	 999000	 240	 999000	 999	 4.727488e+02	 783.33	 800.00	 53.00	 37	 0.64	 
BFE_308	 2	 4	 2204.jpg	 4.757189e+02	 24	 999000	 240	 999000	 999	 4.767366e+02	 783.33	 800.00	 61.00	 25	 0.51	 
BFE_308	 2	 4	 2116.jpg	 4.777211e+02	 24	 999000	 240	 999000	 999	 4.787388e+02	 783.33	 800.00	 62.00	 16	 0.51	 
BFE_308	 2	 4	 1207.jpg	 4.797233e+02	 12	 999000	 120	 999000	 999	 4.807411e+02	 783.33	 800.00	 12.00	 28	 0.67	 
BFE_308	 2	 4	 1219.jpg	 4.817256e+02	 12	 999000	 120	 999000	 999	 4.827433e+02	 783.33	 800.00	 19.00	 40	 0.53	 
BFE_308	 2	 4	 2219.jpg	 4.867312e+02	 24	 999000	 240	 999000	 999	 4.877490e+02	 783.33	 800.00	 43.00	 40	 0.83	 
BFE_308	 2	 4	 1113.jpg	 4.887335e+02	 12	 999000	 120	 999000	 999	 4.897512e+02	 783.33	 800.00	 20.00	 13	 0.53	 
BFE_308	 2	 4	 1109.jpg	 4.907190e+02	 12	 999000	 120	 999000	 999	 4.917368e+02	 783.33	 800.00	 18.00	 9	 0.54	 
BFE_308	 2	 4	 1214.jpg	 4.937224e+02	 11	 1.031661e+03	 1100	 7.833623e+02	 98	 4.947420e+02	 733.33	 800.00	 11.00	 35	 0.71	 
BFE_308	 2	 4	 2206.jpg	 5.007302e+02	 24	 999000	 240	 999000	 999	 5.017479e+02	 733.33	 800.00	 60.00	 27	 0.52	 
BFE_308	 2	 4	 2209.jpg	 5.047180e+02	 22	 1.100003e+03	 2200	 8.000415e+02	 98	 5.057358e+02	 733.33	 750.00	 49.00	 30	 0.71	 
BFE_308	 2	 4	 1105.jpg	 5.117259e+02	 11	 9.321623e+02	 110	 7.333697e+02	 98	 5.127436e+02	 750.00	 750.00	 17.00	 5	 0.57	 
