subjectID	 order	 runNum	 itemName	 onsetTime	 shuff_trialType	 RT	 respInTime	 AudioTime	 response	 fixationTime	 ladder1	 ladder2	 bidIndex	 itemNameIndex	 bidValue	 
BFE_337	 1	 18	 1206.jpg	 1.464826e+03	 11	 8.558753e+02	 110	 6.500778e+02	 98	 1.465844e+03	 666.67	 583.33	 10.00	 27	 0.65	 
BFE_337	 1	 18	 2219.jpg	 1.467830e+03	 24	 999000	 240	 999000	 999	 1.468847e+03	 666.67	 583.33	 44.00	 40	 0.82	 
BFE_337	 1	 18	 2213.jpg	 1.469815e+03	 24	 999000	 240	 999000	 999	 1.470833e+03	 666.67	 583.33	 49.00	 34	 0.70	 
BFE_337	 1	 18	 2104.jpg	 1.471817e+03	 24	 999000	 240	 999000	 999	 1.472835e+03	 666.67	 583.33	 61.00	 4	 0.46	 
BFE_337	 1	 18	 1106.jpg	 1.473820e+03	 12	 999000	 120	 999000	 999	 1.474837e+03	 666.67	 583.33	 4.00	 6	 0.79	 
BFE_337	 1	 18	 2102.jpg	 1.476823e+03	 22	 9.230767e+02	 220	 5.833885e+02	 98	 1.477841e+03	 666.67	 600.00	 58.00	 2	 0.51	 
BFE_337	 1	 18	 2109.jpg	 1.478808e+03	 22	 8.975583e+02	 220	 6.000450e+02	 98	 1.479826e+03	 666.67	 616.67	 52.00	 9	 0.63	 
BFE_337	 1	 18	 2206.jpg	 1.482813e+03	 24	 999000	 240	 999000	 999	 1.483831e+03	 666.67	 616.67	 51.00	 27	 0.63	 
BFE_337	 1	 18	 1107.jpg	 1.484815e+03	 12	 999000	 120	 999000	 999	 1.485833e+03	 666.67	 616.67	 20.00	 7	 0.50	 
BFE_337	 1	 18	 1215.jpg	 1.489821e+03	 12	 999000	 120	 999000	 999	 1.490839e+03	 666.67	 616.67	 22.00	 36	 0.48	 
BFE_337	 1	 18	 1109.jpg	 1.491823e+03	 11	 8.988719e+02	 110	 6.667071e+02	 98	 1.492841e+03	 683.33	 616.67	 7.00	 9	 0.73	 
BFE_337	 1	 18	 2212.jpg	 1.495811e+03	 22	 8.950521e+02	 220	 6.167098e+02	 98	 1.496829e+03	 683.33	 633.33	 53.00	 33	 0.59	 
BFE_337	 1	 18	 2204.jpg	 1.497813e+03	 24	 999000	 240	 999000	 999	 1.498831e+03	 683.33	 633.33	 57.00	 25	 0.52	 
BFE_337	 1	 18	 1217.jpg	 1.500817e+03	 12	 999000	 120	 999000	 999	 1.501834e+03	 683.33	 633.33	 8.00	 38	 0.70	 
BFE_337	 1	 18	 1114.jpg	 1.505822e+03	 12	 999000	 120	 999000	 999	 1.506840e+03	 683.33	 633.33	 19.00	 14	 0.52	 
BFE_337	 1	 18	 1118.jpg	 1.507807e+03	 12	 999000	 120	 999000	 999	 1.508827e+03	 683.33	 633.33	 38.00	 18	 0.19	 
BFE_337	 1	 18	 1212.jpg	 1.509810e+03	 12	 999000	 120	 999000	 999	 1.510828e+03	 683.33	 633.33	 21.00	 33	 0.50	 
BFE_337	 1	 18	 2117.jpg	 1.513814e+03	 22	 1.115602e+03	 2200	 6.333782e+02	 98	 1.514832e+03	 683.33	 583.33	 55.00	 17	 0.55	 
BFE_337	 1	 18	 1112.jpg	 1.517819e+03	 12	 999000	 120	 999000	 999	 1.518837e+03	 683.33	 583.33	 17.00	 12	 0.56	 
BFE_337	 1	 18	 1121.jpg	 1.521806e+03	 11	 1.107585e+03	 1100	 6.833767e+02	 98	 1.522824e+03	 633.33	 583.33	 12.00	 21	 0.64	 
BFE_337	 1	 18	 1120.jpg	 1.523809e+03	 12	 999000	 120	 999000	 999	 1.524827e+03	 633.33	 583.33	 37.00	 20	 0.22	 
BFE_337	 1	 18	 2207.jpg	 1.525811e+03	 24	 999000	 240	 999000	 999	 1.526829e+03	 633.33	 583.33	 62.00	 28	 0.46	 
BFE_337	 1	 18	 1213.jpg	 1.527813e+03	 12	 999000	 120	 999000	 999	 1.528831e+03	 633.33	 583.33	 16.00	 34	 0.56	 
BFE_337	 1	 18	 2211.jpg	 1.529816e+03	 22	 1.058356e+03	 2200	 5.833736e+02	 98	 1.530833e+03	 633.33	 533.33	 50.00	 32	 0.63	 
BFE_337	 1	 18	 1216.jpg	 1.535822e+03	 12	 999000	 120	 999000	 999	 1.536840e+03	 633.33	 533.33	 14.00	 37	 0.61	 
BFE_337	 1	 18	 2216.jpg	 1.538809e+03	 22	 7.849342e+02	 220	 5.333651e+02	 98	 1.539827e+03	 633.33	 550.00	 47.00	 37	 0.74	 
BFE_337	 1	 18	 1115.jpg	 1.540811e+03	 11	 9.186732e+02	 110	 6.333698e+02	 98	 1.541829e+03	 650.00	 550.00	 13.00	 15	 0.63	 
BFE_337	 1	 18	 2114.jpg	 1.542814e+03	 24	 999000	 240	 999000	 999	 1.543831e+03	 650.00	 550.00	 60.00	 14	 0.48	 
BFE_337	 1	 18	 2108.jpg	 1.545817e+03	 24	 999000	 240	 999000	 999	 1.546835e+03	 650.00	 550.00	 77.00	 8	 0.21	 
BFE_337	 1	 18	 2107.jpg	 1.547819e+03	 24	 999000	 240	 999000	 999	 1.548837e+03	 650.00	 550.00	 78.00	 7	 0.20	 
BFE_337	 1	 18	 2101.jpg	 1.549821e+03	 24	 999000	 240	 999000	 999	 1.550839e+03	 650.00	 550.00	 54.00	 1	 0.59	 
BFE_337	 1	 18	 1117.jpg	 1.551807e+03	 12	 999000	 120	 999000	 999	 1.552825e+03	 650.00	 550.00	 11.00	 17	 0.64	 
BFE_337	 1	 18	 2209.jpg	 1.554810e+03	 24	 999000	 240	 999000	 999	 1.555828e+03	 650.00	 550.00	 43.00	 30	 0.83	 
BFE_337	 1	 18	 1105.jpg	 1.556813e+03	 11	 8.934420e+02	 110	 6.500818e+02	 98	 1.557830e+03	 666.67	 550.00	 18.00	 5	 0.55	 
BFE_337	 1	 18	 1102.jpg	 1.558815e+03	 11	 8.991502e+02	 110	 6.667063e+02	 98	 1.559833e+03	 683.33	 550.00	 15.00	 2	 0.59	 
BFE_337	 1	 18	 1205.jpg	 1.560817e+03	 12	 999000	 120	 999000	 999	 1.561835e+03	 683.33	 550.00	 9.00	 26	 0.68	 
BFE_337	 1	 18	 2103.jpg	 1.562819e+03	 24	 999000	 240	 999000	 999	 1.563837e+03	 683.33	 550.00	 48.00	 3	 0.73	 
BFE_337	 1	 18	 2106.jpg	 1.568809e+03	 24	 999000	 240	 999000	 999	 1.569827e+03	 683.33	 550.00	 59.00	 6	 0.50	 
BFE_337	 1	 18	 1209.jpg	 1.571813e+03	 12	 999000	 120	 999000	 999	 1.572831e+03	 683.33	 550.00	 3.00	 30	 0.79	 
BFE_337	 1	 18	 2217.jpg	 1.575817e+03	 24	 999000	 240	 999000	 999	 1.576835e+03	 683.33	 550.00	 56.00	 38	 0.52	 
