subjectID	 order	 runNum	 itemName	 onsetTime	 shuff_trialType	 RT	 respInTime	 AudioTime	 response	 fixationTime	 ladder1	 ladder2	 bidIndex	 itemNameIndex	 bidValue	 
BFE_335	 1	 19	 2114.jpg	 1.610087e+03	 24	 999000	 240	 999000	 999	 1.611105e+03	 816.67	 750.00	 48.00	 14	 0.78	 
BFE_335	 1	 19	 1115.jpg	 1.613074e+03	 12	 999000	 120	 999000	 999	 1.614091e+03	 816.67	 750.00	 8.00	 15	 0.76	 
BFE_335	 1	 19	 1104.jpg	 1.617078e+03	 12	 999000	 120	 999000	 999	 1.618096e+03	 816.67	 750.00	 37.00	 4	 0.18	 
BFE_335	 1	 19	 2210.jpg	 1.619080e+03	 22	 9.300258e+02	 220	 7.500628e+02	 98	 1.620098e+03	 816.67	 766.67	 58.00	 31	 0.46	 
BFE_335	 1	 19	 2204.jpg	 1.621083e+03	 24	 999000	 240	 999000	 999	 1.622100e+03	 816.67	 766.67	 59.00	 25	 0.45	 
BFE_335	 1	 19	 1118.jpg	 1.625070e+03	 12	 999000	 120	 999000	 999	 1.626088e+03	 816.67	 766.67	 38.00	 18	 0.16	 
BFE_335	 1	 19	 2201.jpg	 1.627072e+03	 24	 999000	 240	 999000	 999	 1.628090e+03	 816.67	 766.67	 61.00	 22	 0.44	 
BFE_335	 1	 19	 1209.jpg	 1.632078e+03	 12	 999000	 120	 999000	 999	 1.633096e+03	 816.67	 766.67	 11.00	 30	 0.68	 
BFE_335	 1	 19	 1111.jpg	 1.634080e+03	 11	 7.298670e+02	 11	 8.167283e+02	 98	 1.635098e+03	 833.33	 766.67	 15.00	 11	 0.57	 
BFE_335	 1	 19	 1216.jpg	 1.637084e+03	 12	 999000	 120	 999000	 999	 1.638101e+03	 833.33	 766.67	 19.00	 37	 0.49	 
BFE_335	 1	 19	 1106.jpg	 1.640070e+03	 12	 999000	 120	 999000	 999	 1.641088e+03	 833.33	 766.67	 9.00	 6	 0.71	 
BFE_335	 1	 19	 1203.jpg	 1.644075e+03	 12	 999000	 120	 999000	 999	 1.645093e+03	 833.33	 766.67	 22.00	 24	 0.44	 
BFE_335	 1	 19	 2110.jpg	 1.647078e+03	 24	 999000	 240	 999000	 999	 1.648096e+03	 833.33	 766.67	 43.00	 10	 0.82	 
BFE_335	 1	 19	 2217.jpg	 1.649081e+03	 22	 9.296681e+02	 220	 7.667288e+02	 98	 1.650098e+03	 833.33	 783.33	 53.00	 38	 0.63	 
BFE_335	 1	 19	 1217.jpg	 1.652084e+03	 12	 999000	 120	 999000	 999	 1.653102e+03	 833.33	 783.33	 16.00	 38	 0.57	 
BFE_335	 1	 19	 1201.jpg	 1.656072e+03	 12	 999000	 120	 999000	 999	 1.657090e+03	 833.33	 783.33	 20.00	 22	 0.48	 
BFE_335	 1	 19	 1211.jpg	 1.659075e+03	 11	 7.991075e+02	 11	 8.333798e+02	 98	 1.660093e+03	 850.00	 783.33	 13.00	 32	 0.66	 
BFE_335	 1	 19	 2101.jpg	 1.661077e+03	 24	 999000	 240	 999000	 999	 1.662095e+03	 850.00	 783.33	 78.00	 1	 0.21	 
BFE_335	 1	 19	 1107.jpg	 1.663080e+03	 11	 1.018687e+03	 1100	 8.500415e+02	 98	 1.664097e+03	 800.00	 783.33	 12.00	 7	 0.67	 
BFE_335	 1	 19	 2111.jpg	 1.668068e+03	 22	 7.019917e+02	 22	 7.833733e+02	 98	 1.669086e+03	 800.00	 800.00	 50.00	 11	 0.74	 
BFE_335	 1	 19	 2207.jpg	 1.672073e+03	 24	 999000	 240	 999000	 999	 1.673091e+03	 800.00	 800.00	 77.00	 28	 0.22	 
BFE_335	 1	 19	 2103.jpg	 1.676078e+03	 22	 8.290063e+02	 220	 8.000452e+02	 98	 1.677095e+03	 800.00	 816.67	 47.00	 3	 0.78	 
BFE_335	 1	 19	 2215.jpg	 1.682084e+03	 24	 999000	 240	 999000	 999	 1.683102e+03	 800.00	 816.67	 56.00	 36	 0.51	 
BFE_335	 1	 19	 2206.jpg	 1.684070e+03	 24	 999000	 240	 999000	 999	 1.685088e+03	 800.00	 816.67	 51.00	 27	 0.67	 
BFE_335	 1	 19	 1119.jpg	 1.686072e+03	 12	 999000	 120	 999000	 999	 1.687090e+03	 800.00	 816.67	 17.00	 19	 0.53	 
BFE_335	 1	 19	 2202.jpg	 1.688074e+03	 24	 999000	 240	 999000	 999	 1.689092e+03	 800.00	 816.67	 62.00	 23	 0.44	 
BFE_335	 1	 19	 1103.jpg	 1.690077e+03	 12	 999000	 120	 999000	 999	 1.691094e+03	 800.00	 816.67	 4.00	 3	 0.82	 
BFE_335	 1	 19	 2209.jpg	 1.694081e+03	 22	 1.009182e+03	 2200	 8.167053e+02	 98	 1.695099e+03	 800.00	 766.67	 52.00	 30	 0.66	 
BFE_335	 1	 19	 1204.jpg	 1.696083e+03	 11	 9.590137e+02	 110	 8.000445e+02	 98	 1.697101e+03	 816.67	 766.67	 18.00	 25	 0.50	 
BFE_335	 1	 19	 2105.jpg	 1.700071e+03	 24	 999000	 240	 999000	 999	 1.701089e+03	 816.67	 766.67	 49.00	 5	 0.76	 
BFE_335	 1	 19	 1114.jpg	 1.702073e+03	 12	 999000	 120	 999000	 999	 1.703091e+03	 816.67	 766.67	 3.00	 14	 0.83	 
BFE_335	 1	 19	 1206.jpg	 1.704076e+03	 12	 999000	 120	 999000	 999	 1.705093e+03	 816.67	 766.67	 14.00	 27	 0.62	 
BFE_335	 1	 19	 2102.jpg	 1.706078e+03	 24	 999000	 240	 999000	 999	 1.707096e+03	 816.67	 766.67	 54.00	 2	 0.59	 
BFE_335	 1	 19	 1215.jpg	 1.711083e+03	 12	 999000	 120	 999000	 999	 1.712101e+03	 816.67	 766.67	 21.00	 36	 0.47	 
BFE_335	 1	 19	 2205.jpg	 1.713069e+03	 24	 999000	 240	 999000	 999	 1.714087e+03	 816.67	 766.67	 60.00	 26	 0.45	 
BFE_335	 1	 19	 2216.jpg	 1.715071e+03	 24	 999000	 240	 999000	 999	 1.716089e+03	 816.67	 766.67	 44.00	 37	 0.81	 
BFE_335	 1	 19	 2107.jpg	 1.718075e+03	 22	 9.036161e+02	 220	 7.667028e+02	 98	 1.719092e+03	 816.67	 783.33	 55.00	 7	 0.55	 
BFE_335	 1	 19	 1102.jpg	 1.725082e+03	 11	 8.718003e+02	 110	 8.167040e+02	 98	 1.726100e+03	 833.33	 783.33	 10.00	 2	 0.69	 
BFE_335	 1	 19	 1219.jpg	 1.729070e+03	 11	 7.320219e+02	 11	 8.333749e+02	 98	 1.730088e+03	 850.00	 783.33	 7.00	 40	 0.77	 
BFE_335	 1	 19	 2219.jpg	 1.736078e+03	 24	 999000	 240	 999000	 999	 1.737096e+03	 850.00	 783.33	 57.00	 40	 0.50	 
