subjectID	 order	 runNum	 itemName	 onsetTime	 shuff_trialType	 RT	 respInTime	 AudioTime	 response	 fixationTime	 ladder1	 ladder2	 bidIndex	 itemNameIndex	 bidValue	 
BFE_334	 2	 18	 2204.jpg	 1.404278e+03	 22	 1.060942e+03	 2200	 6.500543e+02	 98	 1.405295e+03	 583.33	 600.00	 49.00	 25	 0.71	 
BFE_334	 2	 18	 1208.jpg	 1.409267e+03	 12	 999000	 120	 999000	 999	 1.410284e+03	 583.33	 600.00	 3.00	 29	 0.81	 
BFE_334	 2	 18	 1213.jpg	 1.411269e+03	 12	 999000	 120	 999000	 999	 1.412286e+03	 583.33	 600.00	 12.00	 34	 0.61	 
BFE_334	 2	 18	 1215.jpg	 1.413271e+03	 12	 999000	 120	 999000	 999	 1.414289e+03	 583.33	 600.00	 7.00	 36	 0.69	 
BFE_334	 2	 18	 2219.jpg	 1.419261e+03	 24	 999000	 240	 999000	 999	 1.420279e+03	 583.33	 600.00	 44.00	 40	 0.80	 
BFE_334	 2	 18	 1211.jpg	 1.421263e+03	 12	 999000	 120	 999000	 999	 1.422281e+03	 583.33	 600.00	 4.00	 32	 0.80	 
BFE_334	 2	 18	 1214.jpg	 1.424267e+03	 11	 1.015922e+03	 1100	 5.833960e+02	 98	 1.425284e+03	 533.33	 600.00	 17.00	 35	 0.48	 
BFE_334	 2	 18	 1117.jpg	 1.426269e+03	 11	 8.856761e+02	 110	 5.333736e+02	 98	 1.427287e+03	 550.00	 600.00	 11.00	 17	 0.62	 
BFE_334	 2	 18	 1102.jpg	 1.430273e+03	 12	 999000	 120	 999000	 999	 1.431291e+03	 550.00	 600.00	 38.00	 2	 0.22	 
BFE_334	 2	 18	 1218.jpg	 1.432259e+03	 12	 999000	 120	 999000	 999	 1.433277e+03	 550.00	 600.00	 10.00	 39	 0.63	 
BFE_334	 2	 18	 2106.jpg	 1.437265e+03	 24	 999000	 240	 999000	 999	 1.438282e+03	 550.00	 600.00	 53.00	 6	 0.55	 
BFE_334	 2	 18	 1209.jpg	 1.444272e+03	 12	 999000	 120	 999000	 999	 1.445290e+03	 550.00	 600.00	 37.00	 30	 0.28	 
BFE_334	 2	 18	 2218.jpg	 1.446258e+03	 22	 1.024882e+03	 2200	 6.000449e+02	 98	 1.447276e+03	 550.00	 550.00	 54.00	 39	 0.52	 
BFE_334	 2	 18	 2110.jpg	 1.449261e+03	 24	 999000	 240	 999000	 999	 1.450279e+03	 550.00	 550.00	 50.00	 10	 0.67	 
BFE_334	 2	 18	 2211.jpg	 1.452265e+03	 22	 6.978465e+02	 220	 5.500391e+02	 98	 1.453282e+03	 550.00	 566.67	 48.00	 32	 0.73	 
BFE_334	 2	 18	 2214.jpg	 1.456269e+03	 22	 9.093838e+02	 220	 5.667035e+02	 98	 1.457287e+03	 550.00	 583.33	 56.00	 35	 0.51	 
BFE_334	 2	 18	 2112.jpg	 1.460274e+03	 24	 999000	 240	 999000	 999	 1.461291e+03	 550.00	 583.33	 61.00	 12	 0.45	 
BFE_334	 2	 18	 2113.jpg	 1.464262e+03	 24	 999000	 240	 999000	 999	 1.465279e+03	 550.00	 583.33	 52.00	 13	 0.62	 
BFE_334	 2	 18	 2217.jpg	 1.467265e+03	 24	 999000	 240	 999000	 999	 1.468283e+03	 550.00	 583.33	 77.00	 38	 0.30	 
BFE_334	 2	 18	 2107.jpg	 1.473272e+03	 24	 999000	 240	 999000	 999	 1.474289e+03	 550.00	 583.33	 55.00	 7	 0.51	 
BFE_334	 2	 18	 1109.jpg	 1.475274e+03	 11	 9.767922e+02	 110	 5.500538e+02	 98	 1.476292e+03	 566.67	 583.33	 16.00	 9	 0.51	 
BFE_334	 2	 18	 2209.jpg	 1.478260e+03	 22	 8.781056e+02	 220	 5.833792e+02	 98	 1.479278e+03	 566.67	 600.00	 51.00	 30	 0.67	 
BFE_334	 2	 18	 2205.jpg	 1.480264e+03	 24	 999000	 240	 999000	 999	 1.481281e+03	 566.67	 600.00	 47.00	 26	 0.77	 
BFE_334	 2	 18	 2210.jpg	 1.482265e+03	 24	 999000	 240	 999000	 999	 1.483283e+03	 566.67	 600.00	 59.00	 31	 0.47	 
BFE_334	 2	 18	 2206.jpg	 1.484267e+03	 24	 999000	 240	 999000	 999	 1.485285e+03	 566.67	 600.00	 62.00	 27	 0.44	 
BFE_334	 2	 18	 1111.jpg	 1.487271e+03	 12	 999000	 120	 999000	 999	 1.488288e+03	 566.67	 600.00	 18.00	 11	 0.48	 
BFE_334	 2	 18	 2116.jpg	 1.491260e+03	 22	 1.022318e+03	 2200	 6.000324e+02	 98	 1.492276e+03	 566.67	 550.00	 57.00	 16	 0.50	 
BFE_334	 2	 18	 1205.jpg	 1.493261e+03	 12	 999000	 120	 999000	 999	 1.494278e+03	 566.67	 550.00	 21.00	 26	 0.47	 
BFE_334	 2	 18	 2109.jpg	 1.495263e+03	 24	 999000	 240	 999000	 999	 1.496281e+03	 566.67	 550.00	 60.00	 9	 0.47	 
BFE_334	 2	 18	 1216.jpg	 1.497265e+03	 11	 9.614154e+02	 110	 5.667148e+02	 98	 1.498283e+03	 583.33	 550.00	 8.00	 37	 0.67	 
BFE_334	 2	 18	 1206.jpg	 1.499267e+03	 12	 999000	 120	 999000	 999	 1.500285e+03	 583.33	 550.00	 22.00	 27	 0.46	 
BFE_334	 2	 18	 1119.jpg	 1.501270e+03	 12	 999000	 120	 999000	 999	 1.502287e+03	 583.33	 550.00	 19.00	 19	 0.47	 
BFE_334	 2	 18	 2216.jpg	 1.505257e+03	 24	 999000	 240	 999000	 999	 1.506275e+03	 583.33	 550.00	 43.00	 37	 0.84	 
BFE_334	 2	 18	 1110.jpg	 1.509262e+03	 12	 999000	 120	 999000	 999	 1.510280e+03	 583.33	 550.00	 13.00	 10	 0.60	 
BFE_334	 2	 18	 2105.jpg	 1.511264e+03	 24	 999000	 240	 999000	 999	 1.512282e+03	 583.33	 550.00	 58.00	 5	 0.48	 
BFE_334	 2	 18	 1107.jpg	 1.513267e+03	 12	 999000	 120	 999000	 999	 1.514284e+03	 583.33	 550.00	 20.00	 7	 0.47	 
BFE_334	 2	 18	 1219.jpg	 1.515269e+03	 12	 999000	 120	 999000	 999	 1.516286e+03	 583.33	 550.00	 15.00	 40	 0.56	 
BFE_334	 2	 18	 2202.jpg	 1.517271e+03	 24	 999000	 240	 999000	 999	 1.518289e+03	 583.33	 550.00	 78.00	 23	 0.27	 
BFE_334	 2	 18	 1121.jpg	 1.523261e+03	 11	 9.014602e+02	 110	 5.833700e+02	 98	 1.524279e+03	 600.00	 550.00	 14.00	 21	 0.58	 
BFE_334	 2	 18	 1113.jpg	 1.525263e+03	 11	 1.019356e+03	 1100	 6.000866e+02	 98	 1.526281e+03	 550.00	 550.00	 9.00	 13	 0.66	 
