subjectID	 order	 runNum	 itemName	 onsetTime	 shuff_trialType	 RT	 respInTime	 AudioTime	 response	 fixationTime	 ladder1	 ladder2	 bidIndex	 itemNameIndex	 bidValue	 
BFE_334	 2	 20	 2113.jpg	 1.658512e+03	 24	 999000	 240	 999000	 999	 1.659530e+03	 583.33	 583.33	 52.00	 13	 0.62	 
BFE_334	 2	 20	 2106.jpg	 1.661499e+03	 24	 999000	 240	 999000	 999	 1.662517e+03	 583.33	 583.33	 53.00	 6	 0.55	 
BFE_334	 2	 20	 1110.jpg	 1.663501e+03	 12	 999000	 120	 999000	 999	 1.664519e+03	 583.33	 583.33	 13.00	 10	 0.60	 
BFE_334	 2	 20	 1214.jpg	 1.665504e+03	 11	 1.018797e+03	 1100	 5.834157e+02	 98	 1.666521e+03	 533.33	 583.33	 17.00	 35	 0.48	 
BFE_334	 2	 20	 2105.jpg	 1.667506e+03	 24	 999000	 240	 999000	 999	 1.668524e+03	 533.33	 583.33	 58.00	 5	 0.48	 
BFE_334	 2	 20	 1209.jpg	 1.670509e+03	 12	 999000	 120	 999000	 999	 1.671527e+03	 533.33	 583.33	 37.00	 30	 0.28	 
BFE_334	 2	 20	 2217.jpg	 1.672495e+03	 24	 999000	 240	 999000	 999	 1.673513e+03	 533.33	 583.33	 77.00	 38	 0.30	 
BFE_334	 2	 20	 2205.jpg	 1.676499e+03	 24	 999000	 240	 999000	 999	 1.677517e+03	 533.33	 583.33	 47.00	 26	 0.77	 
BFE_334	 2	 20	 1213.jpg	 1.678502e+03	 12	 999000	 120	 999000	 999	 1.679519e+03	 533.33	 583.33	 12.00	 34	 0.61	 
BFE_334	 2	 20	 1111.jpg	 1.683507e+03	 12	 999000	 120	 999000	 999	 1.684525e+03	 533.33	 583.33	 18.00	 11	 0.48	 
BFE_334	 2	 20	 1215.jpg	 1.685509e+03	 12	 999000	 120	 999000	 999	 1.686527e+03	 533.33	 583.33	 7.00	 36	 0.69	 
BFE_334	 2	 20	 2206.jpg	 1.689497e+03	 24	 999000	 240	 999000	 999	 1.690515e+03	 533.33	 583.33	 62.00	 27	 0.44	 
BFE_334	 2	 20	 2209.jpg	 1.691499e+03	 22	 9.671281e+02	 220	 5.833805e+02	 98	 1.692517e+03	 533.33	 600.00	 51.00	 30	 0.67	 
BFE_334	 2	 20	 2110.jpg	 1.694503e+03	 24	 999000	 240	 999000	 999	 1.695521e+03	 533.33	 600.00	 50.00	 10	 0.67	 
BFE_334	 2	 20	 2109.jpg	 1.699508e+03	 24	 999000	 240	 999000	 999	 1.700526e+03	 533.33	 600.00	 60.00	 9	 0.47	 
BFE_334	 2	 20	 1206.jpg	 1.701494e+03	 12	 999000	 120	 999000	 999	 1.702512e+03	 533.33	 600.00	 22.00	 27	 0.46	 
BFE_334	 2	 20	 1216.jpg	 1.703496e+03	 11	 8.982944e+02	 110	 5.333639e+02	 98	 1.704514e+03	 550.00	 600.00	 8.00	 37	 0.67	 
BFE_334	 2	 20	 1107.jpg	 1.707501e+03	 12	 999000	 120	 999000	 999	 1.708518e+03	 550.00	 600.00	 20.00	 7	 0.47	 
BFE_334	 2	 20	 1219.jpg	 1.711505e+03	 12	 999000	 120	 999000	 999	 1.712523e+03	 550.00	 600.00	 15.00	 40	 0.56	 
BFE_334	 2	 20	 1119.jpg	 1.715510e+03	 12	 999000	 120	 999000	 999	 1.716527e+03	 550.00	 600.00	 19.00	 19	 0.47	 
BFE_334	 2	 20	 1102.jpg	 1.717495e+03	 12	 999000	 120	 999000	 999	 1.718513e+03	 550.00	 600.00	 38.00	 2	 0.22	 
BFE_334	 2	 20	 2218.jpg	 1.719497e+03	 22	 9.690621e+02	 220	 6.000343e+02	 98	 1.720515e+03	 550.00	 616.67	 54.00	 39	 0.52	 
BFE_334	 2	 20	 1109.jpg	 1.721500e+03	 11	 9.988920e+02	 110	 5.500325e+02	 98	 1.722518e+03	 566.67	 616.67	 16.00	 9	 0.51	 
BFE_334	 2	 20	 2112.jpg	 1.723502e+03	 24	 999000	 240	 999000	 999	 1.724520e+03	 566.67	 616.67	 61.00	 12	 0.45	 
BFE_334	 2	 20	 2216.jpg	 1.729509e+03	 24	 999000	 240	 999000	 999	 1.730526e+03	 566.67	 616.67	 43.00	 37	 0.84	 
BFE_334	 2	 20	 1208.jpg	 1.732495e+03	 12	 999000	 120	 999000	 999	 1.733513e+03	 566.67	 616.67	 3.00	 29	 0.81	 
BFE_334	 2	 20	 1113.jpg	 1.734498e+03	 11	 9.449673e+02	 110	 5.666980e+02	 98	 1.735515e+03	 583.33	 616.67	 9.00	 13	 0.66	 
BFE_334	 2	 20	 2214.jpg	 1.736500e+03	 22	 1.086664e+03	 2200	 6.167055e+02	 98	 1.737518e+03	 583.33	 566.67	 56.00	 35	 0.51	 
BFE_334	 2	 20	 2202.jpg	 1.739503e+03	 24	 999000	 240	 999000	 999	 1.740521e+03	 583.33	 566.67	 78.00	 23	 0.27	 
BFE_334	 2	 20	 1211.jpg	 1.741505e+03	 12	 999000	 120	 999000	 999	 1.742523e+03	 583.33	 566.67	 4.00	 32	 0.80	 
BFE_334	 2	 20	 2211.jpg	 1.743508e+03	 22	 9.107125e+02	 220	 5.667109e+02	 98	 1.744525e+03	 583.33	 583.33	 48.00	 32	 0.73	 
BFE_334	 2	 20	 2219.jpg	 1.745493e+03	 24	 999000	 240	 999000	 999	 1.746511e+03	 583.33	 583.33	 44.00	 40	 0.80	 
BFE_334	 2	 20	 1117.jpg	 1.748497e+03	 11	 9.219136e+02	 110	 5.833677e+02	 98	 1.749514e+03	 600.00	 583.33	 11.00	 17	 0.62	 
BFE_334	 2	 20	 2107.jpg	 1.750499e+03	 24	 999000	 240	 999000	 999	 1.751517e+03	 600.00	 583.33	 55.00	 7	 0.51	 
BFE_334	 2	 20	 1121.jpg	 1.752501e+03	 11	 9.094240e+02	 110	 6.000414e+02	 98	 1.753519e+03	 616.67	 583.33	 14.00	 21	 0.58	 
BFE_334	 2	 20	 2210.jpg	 1.754503e+03	 24	 999000	 240	 999000	 999	 1.755521e+03	 616.67	 583.33	 59.00	 31	 0.47	 
BFE_334	 2	 20	 1218.jpg	 1.756506e+03	 12	 999000	 120	 999000	 999	 1.757523e+03	 616.67	 583.33	 10.00	 39	 0.63	 
BFE_334	 2	 20	 2116.jpg	 1.762496e+03	 22	 8.348963e+02	 220	 5.833706e+02	 98	 1.763513e+03	 616.67	 600.00	 57.00	 16	 0.50	 
BFE_334	 2	 20	 1205.jpg	 1.765499e+03	 12	 999000	 120	 999000	 999	 1.766517e+03	 616.67	 600.00	 21.00	 26	 0.47	 
BFE_334	 2	 20	 2204.jpg	 1.769504e+03	 22	 9.230021e+02	 220	 6.000417e+02	 98	 1.770521e+03	 616.67	 616.67	 49.00	 25	 0.71	 
