subjectID	 order	 runNum	 itemName	 onsetTime	 shuff_trialType	 RT	 respInTime	 AudioTime	 response	 fixationTime	 ladder1	 ladder2	 bidIndex	 itemNameIndex	 bidValue	 
BFE_305	 1	 4	 2113.jpg	 3.783049e+02	 24	 999000	 240	 999000	 999	 3.793227e+02	 516.67	 516.67	 78.00	 13	 0.25	 
BFE_305	 1	 4	 2201.jpg	 3.812916e+02	 24	 999000	 240	 999000	 999	 3.823094e+02	 516.67	 516.67	 51.00	 22	 0.70	 
BFE_305	 1	 4	 1203.jpg	 3.832938e+02	 12	 999000	 120	 999000	 999	 3.843115e+02	 516.67	 516.67	 3.00	 24	 0.85	 
BFE_305	 1	 4	 2215.jpg	 3.852961e+02	 22	 1.025843e+03	 2200	 5.167090e+02	 98	 3.863138e+02	 516.67	 466.67	 58.00	 36	 0.57	 
BFE_305	 1	 4	 2211.jpg	 3.872983e+02	 24	 999000	 240	 999000	 999	 3.883160e+02	 516.67	 466.67	 49.00	 32	 0.73	 
BFE_305	 1	 4	 2107.jpg	 3.903017e+02	 24	 999000	 240	 999000	 999	 3.913194e+02	 516.67	 466.67	 77.00	 7	 0.26	 
BFE_305	 1	 4	 1107.jpg	 3.923039e+02	 12	 999000	 120	 999000	 999	 3.933217e+02	 516.67	 466.67	 38.00	 7	 0.16	 
BFE_305	 1	 4	 2203.jpg	 3.962915e+02	 24	 999000	 240	 999000	 999	 3.973095e+02	 516.67	 466.67	 43.00	 24	 0.81	 
BFE_305	 1	 4	 1103.jpg	 3.982940e+02	 11	 9.558868e+02	 110	 5.167028e+02	 98	 3.993117e+02	 533.33	 466.67	 10.00	 3	 0.65	 
BFE_305	 1	 4	 1212.jpg	 4.032997e+02	 12	 999000	 120	 999000	 999	 4.043173e+02	 533.33	 466.67	 9.00	 33	 0.67	 
BFE_305	 1	 4	 1217.jpg	 4.053019e+02	 12	 999000	 120	 999000	 999	 4.063197e+02	 533.33	 466.67	 17.00	 38	 0.56	 
BFE_305	 1	 4	 1102.jpg	 4.093064e+02	 12	 999000	 120	 999000	 999	 4.103241e+02	 533.33	 466.67	 22.00	 2	 0.49	 
BFE_305	 1	 4	 2207.jpg	 4.112919e+02	 24	 999000	 240	 999000	 999	 4.123097e+02	 533.33	 466.67	 44.00	 28	 0.77	 
BFE_305	 1	 4	 1214.jpg	 4.142953e+02	 11	 9.946438e+02	 110	 5.333732e+02	 98	 4.153130e+02	 550.00	 466.67	 7.00	 35	 0.77	 
BFE_305	 1	 4	 1205.jpg	 4.193008e+02	 11	 9.730981e+02	 110	 5.500355e+02	 98	 4.203186e+02	 566.67	 466.67	 15.00	 26	 0.59	 
BFE_305	 1	 4	 2212.jpg	 4.213031e+02	 22	 1.034849e+03	 2200	 4.667043e+02	 98	 4.223210e+02	 566.67	 416.67	 52.00	 33	 0.66	 
BFE_305	 1	 4	 2106.jpg	 4.233053e+02	 24	 999000	 240	 999000	 999	 4.243232e+02	 566.67	 416.67	 62.00	 6	 0.46	 
BFE_305	 1	 4	 2120.jpg	 4.272931e+02	 22	 7.887899e+02	 220	 4.167001e+02	 98	 4.283110e+02	 566.67	 433.33	 53.00	 20	 0.63	 
BFE_305	 1	 4	 2216.jpg	 4.312977e+02	 22	 7.522908e+02	 220	 4.333637e+02	 98	 4.323155e+02	 566.67	 450.00	 50.00	 37	 0.71	 
BFE_305	 1	 4	 2102.jpg	 4.353022e+02	 22	 8.117446e+02	 220	 4.500286e+02	 98	 4.363199e+02	 566.67	 466.67	 55.00	 2	 0.62	 
BFE_305	 1	 4	 1204.jpg	 4.373044e+02	 11	 8.575657e+02	 110	 5.667045e+02	 98	 4.383222e+02	 583.33	 466.67	 13.00	 25	 0.61	 
BFE_305	 1	 4	 1101.jpg	 4.393067e+02	 12	 999000	 120	 999000	 999	 4.403245e+02	 583.33	 466.67	 11.00	 1	 0.62	 
BFE_305	 1	 4	 2205.jpg	 4.412920e+02	 24	 999000	 240	 999000	 999	 4.423100e+02	 583.33	 466.67	 59.00	 26	 0.53	 
BFE_305	 1	 4	 1201.jpg	 4.432945e+02	 12	 999000	 120	 999000	 999	 4.443123e+02	 583.33	 466.67	 4.00	 22	 0.84	 
BFE_305	 1	 4	 1209.jpg	 4.493013e+02	 12	 999000	 120	 999000	 999	 4.503190e+02	 583.33	 466.67	 20.00	 30	 0.50	 
BFE_305	 1	 4	 1219.jpg	 4.523045e+02	 12	 999000	 120	 999000	 999	 4.533224e+02	 583.33	 466.67	 19.00	 40	 0.51	 
BFE_305	 1	 4	 2214.jpg	 4.543069e+02	 24	 999000	 240	 999000	 999	 4.553246e+02	 583.33	 466.67	 48.00	 35	 0.73	 
BFE_305	 1	 4	 2101.jpg	 4.562921e+02	 24	 999000	 240	 999000	 999	 4.573102e+02	 583.33	 466.67	 60.00	 1	 0.51	 
BFE_305	 1	 4	 2209.jpg	 4.592958e+02	 24	 999000	 240	 999000	 999	 4.603135e+02	 583.33	 466.67	 57.00	 30	 0.59	 
BFE_305	 1	 4	 2121.jpg	 4.612981e+02	 24	 999000	 240	 999000	 999	 4.623158e+02	 583.33	 466.67	 54.00	 21	 0.63	 
BFE_305	 1	 4	 1110.jpg	 4.633003e+02	 11	 9.576259e+02	 110	 5.833704e+02	 98	 4.643181e+02	 600.00	 466.67	 18.00	 10	 0.55	 
BFE_305	 1	 4	 2218.jpg	 4.653025e+02	 22	 7.394053e+02	 220	 4.666955e+02	 98	 4.663203e+02	 600.00	 483.33	 47.00	 39	 0.73	 
BFE_305	 1	 4	 1206.jpg	 4.683059e+02	 12	 999000	 120	 999000	 999	 4.693237e+02	 600.00	 483.33	 14.00	 27	 0.60	 
BFE_305	 1	 4	 2110.jpg	 4.702912e+02	 24	 999000	 240	 999000	 999	 4.713092e+02	 600.00	 483.33	 61.00	 10	 0.48	 
BFE_305	 1	 4	 1121.jpg	 4.722937e+02	 12	 999000	 120	 999000	 999	 4.733116e+02	 600.00	 483.33	 16.00	 21	 0.58	 
BFE_305	 1	 4	 1118.jpg	 4.742959e+02	 12	 999000	 120	 999000	 999	 4.753138e+02	 600.00	 483.33	 37.00	 18	 0.17	 
BFE_305	 1	 4	 1106.jpg	 4.762982e+02	 12	 999000	 120	 999000	 999	 4.773161e+02	 600.00	 483.33	 21.00	 6	 0.50	 
BFE_305	 1	 4	 1210.jpg	 4.823050e+02	 12	 999000	 120	 999000	 999	 4.833229e+02	 600.00	 483.33	 8.00	 31	 0.69	 
BFE_305	 1	 4	 2204.jpg	 4.852917e+02	 24	 999000	 240	 999000	 999	 4.863094e+02	 600.00	 483.33	 56.00	 25	 0.59	 
BFE_305	 1	 4	 1215.jpg	 4.892961e+02	 11	 1.137878e+03	 1100	 6.000313e+02	 98	 4.903139e+02	 550.00	 483.33	 12.00	 36	 0.61	 
