subjectID	 order	 runNum	 itemName	 onsetTime	 shuff_trialType	 RT	 respInTime	 AudioTime	 response	 fixationTime	 ladder1	 ladder2	 bidIndex	 itemNameIndex	 bidValue	 
BFE_302	 2	 10	 1106.jpg	 1.224992e+03	 12	 999000	 120	 999000	 999	 1.226010e+03	 650.00	 650.00	 20.00	 6	 0.50	 
BFE_302	 2	 10	 1202.jpg	 1.227979e+03	 11	 9.509915e+02	 110	 6.500398e+02	 98	 1.228997e+03	 666.67	 650.00	 17.00	 23	 0.54	 
BFE_302	 2	 10	 1211.jpg	 1.229981e+03	 12	 999000	 120	 999000	 999	 1.230999e+03	 666.67	 650.00	 13.00	 32	 0.64	 
BFE_302	 2	 10	 2206.jpg	 1.231984e+03	 24	 999000	 240	 999000	 999	 1.233001e+03	 666.67	 650.00	 47.00	 27	 0.70	 
BFE_302	 2	 10	 1217.jpg	 1.233986e+03	 12	 999000	 120	 999000	 999	 1.235004e+03	 666.67	 650.00	 18.00	 38	 0.52	 
BFE_302	 2	 10	 2208.jpg	 1.236989e+03	 24	 999000	 240	 999000	 999	 1.238007e+03	 666.67	 650.00	 52.00	 29	 0.66	 
BFE_302	 2	 10	 1120.jpg	 1.238992e+03	 12	 999000	 120	 999000	 999	 1.240009e+03	 666.67	 650.00	 21.00	 20	 0.50	 
BFE_302	 2	 10	 2214.jpg	 1.242979e+03	 22	 9.108077e+02	 220	 6.500438e+02	 98	 1.243997e+03	 666.67	 666.67	 56.00	 35	 0.64	 
BFE_302	 2	 10	 2201.jpg	 1.244982e+03	 22	 9.405809e+02	 220	 6.666949e+02	 98	 1.245999e+03	 666.67	 683.33	 48.00	 22	 0.69	 
BFE_302	 2	 10	 2106.jpg	 1.249987e+03	 22	 9.989516e+02	 220	 6.833688e+02	 98	 1.251007e+03	 666.67	 700.00	 57.00	 6	 0.62	 
BFE_302	 2	 10	 2217.jpg	 1.251989e+03	 24	 999000	 240	 999000	 999	 1.253007e+03	 666.67	 700.00	 55.00	 38	 0.64	 
BFE_302	 2	 10	 2121.jpg	 1.255977e+03	 24	 999000	 240	 999000	 999	 1.256995e+03	 666.67	 700.00	 61.00	 21	 0.52	 
BFE_302	 2	 10	 2117.jpg	 1.257979e+03	 24	 999000	 240	 999000	 999	 1.258997e+03	 666.67	 700.00	 78.00	 17	 0.16	 
BFE_302	 2	 10	 1109.jpg	 1.260983e+03	 12	 999000	 120	 999000	 999	 1.262001e+03	 666.67	 700.00	 15.00	 9	 0.62	 
BFE_302	 2	 10	 1102.jpg	 1.265988e+03	 12	 999000	 120	 999000	 999	 1.267006e+03	 666.67	 700.00	 19.00	 2	 0.52	 
BFE_302	 2	 10	 2101.jpg	 1.267991e+03	 22	 9.795111e+02	 220	 7.000296e+02	 98	 1.269008e+03	 666.67	 716.67	 51.00	 1	 0.66	 
BFE_302	 2	 10	 1219.jpg	 1.269976e+03	 12	 999000	 120	 999000	 999	 1.270994e+03	 666.67	 716.67	 4.00	 40	 0.84	 
BFE_302	 2	 10	 2219.jpg	 1.273981e+03	 24	 999000	 240	 999000	 999	 1.274999e+03	 666.67	 716.67	 43.00	 40	 0.82	 
BFE_302	 2	 10	 1204.jpg	 1.277985e+03	 12	 999000	 120	 999000	 999	 1.279003e+03	 666.67	 716.67	 7.00	 25	 0.72	 
BFE_302	 2	 10	 1205.jpg	 1.281990e+03	 11	 9.724818e+02	 110	 6.667040e+02	 98	 1.283007e+03	 683.33	 716.67	 9.00	 26	 0.72	 
BFE_302	 2	 10	 1101.jpg	 1.283992e+03	 11	 9.142639e+02	 110	 6.833651e+02	 98	 1.285010e+03	 700.00	 716.67	 8.00	 1	 0.72	 
BFE_302	 2	 10	 2204.jpg	 1.285978e+03	 22	 9.606218e+02	 220	 7.167007e+02	 98	 1.286995e+03	 700.00	 733.33	 49.00	 25	 0.69	 
BFE_302	 2	 10	 2205.jpg	 1.287980e+03	 24	 999000	 240	 999000	 999	 1.288998e+03	 700.00	 733.33	 44.00	 26	 0.77	 
BFE_302	 2	 10	 1203.jpg	 1.289982e+03	 12	 999000	 120	 999000	 999	 1.291000e+03	 700.00	 733.33	 38.00	 24	 0.16	 
BFE_302	 2	 10	 1115.jpg	 1.295989e+03	 12	 999000	 120	 999000	 999	 1.297006e+03	 700.00	 733.33	 10.00	 15	 0.69	 
BFE_302	 2	 10	 1121.jpg	 1.298992e+03	 12	 999000	 120	 999000	 999	 1.300010e+03	 700.00	 733.33	 22.00	 21	 0.47	 
BFE_302	 2	 10	 2215.jpg	 1.300977e+03	 24	 999000	 240	 999000	 999	 1.301995e+03	 700.00	 733.33	 58.00	 36	 0.60	 
BFE_302	 2	 10	 2109.jpg	 1.302980e+03	 24	 999000	 240	 999000	 999	 1.303998e+03	 700.00	 733.33	 50.00	 9	 0.67	 
BFE_302	 2	 10	 2112.jpg	 1.305983e+03	 24	 999000	 240	 999000	 999	 1.307001e+03	 700.00	 733.33	 77.00	 12	 0.16	 
BFE_302	 2	 10	 1206.jpg	 1.307985e+03	 11	 1.008785e+03	 1100	 7.000299e+02	 98	 1.309004e+03	 650.00	 733.33	 11.00	 27	 0.67	 
BFE_302	 2	 10	 1117.jpg	 1.309988e+03	 12	 999000	 120	 999000	 999	 1.311005e+03	 650.00	 733.33	 37.00	 17	 0.20	 
BFE_302	 2	 10	 2207.jpg	 1.311990e+03	 24	 999000	 240	 999000	 999	 1.313008e+03	 650.00	 733.33	 62.00	 28	 0.51	 
BFE_302	 2	 10	 1214.jpg	 1.314977e+03	 12	 999000	 120	 999000	 999	 1.315994e+03	 650.00	 733.33	 3.00	 35	 0.84	 
BFE_302	 2	 10	 2115.jpg	 1.316979e+03	 24	 999000	 240	 999000	 999	 1.317997e+03	 650.00	 733.33	 53.00	 15	 0.65	 
BFE_302	 2	 10	 2202.jpg	 1.318981e+03	 24	 999000	 240	 999000	 999	 1.319999e+03	 650.00	 733.33	 60.00	 23	 0.57	 
BFE_302	 2	 10	 1218.jpg	 1.320984e+03	 11	 1.010627e+03	 1100	 6.500329e+02	 98	 1.322004e+03	 600.00	 733.33	 16.00	 39	 0.56	 
BFE_302	 2	 10	 2218.jpg	 1.322986e+03	 24	 999000	 240	 999000	 999	 1.324003e+03	 600.00	 733.33	 59.00	 39	 0.60	 
BFE_302	 2	 10	 1216.jpg	 1.328992e+03	 12	 999000	 120	 999000	 999	 1.330010e+03	 600.00	 733.33	 12.00	 37	 0.64	 
BFE_302	 2	 10	 2211.jpg	 1.331979e+03	 22	 1.007076e+03	 2200	 7.333701e+02	 98	 1.332999e+03	 600.00	 683.33	 54.00	 32	 0.64	 
BFE_302	 2	 10	 1208.jpg	 1.335984e+03	 11	 8.506094e+02	 110	 6.000287e+02	 98	 1.337001e+03	 616.67	 683.33	 14.00	 29	 0.62	 
