subjectID	 order	 runNum	 itemName	 onsetTime	 shuff_trialType	 RT	 respInTime	 AudioTime	 response	 fixationTime	 ladder1	 ladder2	 bidIndex	 itemNameIndex	 bidValue	 
BFE_336	 2	 7	 2212.jpg	 1.326685e+00	 24	 999000	 240	 999000	 999	 2.344084e+00	 750.00	 750.00	 59.00	 33	 0.50	 
BFE_336	 2	 7	 1215.jpg	 4.313045e+00	 12	 999000	 120	 999000	 999	 5.330695e+00	 750.00	 750.00	 7.00	 36	 0.68	 
BFE_336	 2	 7	 2106.jpg	 6.315170e+00	 24	 999000	 240	 999000	 999	 7.332981e+00	 750.00	 750.00	 55.00	 6	 0.60	 
BFE_336	 2	 7	 2113.jpg	 8.317474e+00	 24	 999000	 240	 999000	 999	 9.335181e+00	 750.00	 750.00	 61.00	 13	 0.48	 
BFE_336	 2	 7	 2202.jpg	 1.031973e+01	 24	 999000	 240	 999000	 999	 1.133749e+01	 750.00	 750.00	 77.00	 23	 0.32	 
BFE_336	 2	 7	 2107.jpg	 1.330637e+01	 24	 999000	 240	 999000	 999	 1.432418e+01	 750.00	 750.00	 60.00	 7	 0.49	 
BFE_336	 2	 7	 2218.jpg	 1.530870e+01	 22	 9.816201e+02	 220	 7.506479e+02	 98	 1.632637e+01	 750.00	 766.67	 51.00	 39	 0.66	 
BFE_336	 2	 7	 2103.jpg	 1.931317e+01	 24	 999000	 240	 999000	 999	 2.033247e+01	 750.00	 766.67	 43.00	 3	 0.79	 
BFE_336	 2	 7	 2215.jpg	 2.131544e+01	 24	 999000	 240	 999000	 999	 2.233319e+01	 750.00	 766.67	 78.00	 36	 0.32	 
BFE_336	 2	 7	 1116.jpg	 2.630410e+01	 12	 999000	 120	 999000	 999	 2.732209e+01	 750.00	 766.67	 22.00	 16	 0.44	 
BFE_336	 2	 7	 2101.jpg	 2.830656e+01	 24	 999000	 240	 999000	 999	 2.932432e+01	 750.00	 766.67	 53.00	 1	 0.63	 
BFE_336	 2	 7	 2207.jpg	 3.231108e+01	 22	 9.872656e+02	 220	 7.666988e+02	 98	 3.332889e+01	 750.00	 783.33	 57.00	 28	 0.53	 
BFE_336	 2	 7	 1208.jpg	 3.431333e+01	 12	 999000	 120	 999000	 999	 3.533111e+01	 750.00	 783.33	 15.00	 29	 0.54	 
BFE_336	 2	 7	 2206.jpg	 3.731662e+01	 22	 1.085730e+03	 2200	 7.833798e+02	 98	 3.833440e+01	 750.00	 733.33	 48.00	 27	 0.75	 
BFE_336	 2	 7	 1102.jpg	 4.230560e+01	 11	 1.016727e+03	 1100	 7.505916e+02	 98	 4.332342e+01	 700.00	 733.33	 9.00	 2	 0.65	 
BFE_336	 2	 7	 1113.jpg	 4.430783e+01	 11	 9.104941e+02	 110	 7.000545e+02	 98	 4.532562e+01	 716.67	 733.33	 8.00	 13	 0.68	 
BFE_336	 2	 7	 1213.jpg	 4.631005e+01	 12	 999000	 120	 999000	 999	 4.732789e+01	 716.67	 733.33	 21.00	 34	 0.47	 
BFE_336	 2	 7	 1216.jpg	 5.031473e+01	 12	 999000	 120	 999000	 999	 5.133235e+01	 716.67	 733.33	 3.00	 37	 0.75	 
BFE_336	 2	 7	 2201.jpg	 5.430221e+01	 22	 9.801185e+02	 220	 7.333781e+02	 98	 5.532019e+01	 716.67	 750.00	 49.00	 22	 0.75	 
BFE_336	 2	 7	 2118.jpg	 5.830692e+01	 24	 999000	 240	 999000	 999	 5.932462e+01	 716.67	 750.00	 47.00	 18	 0.76	 
BFE_336	 2	 7	 1109.jpg	 6.030915e+01	 11	 9.571765e+02	 110	 7.167053e+02	 98	 6.132684e+01	 733.33	 750.00	 17.00	 9	 0.51	 
BFE_336	 2	 7	 1112.jpg	 6.231141e+01	 12	 999000	 120	 999000	 999	 6.332913e+01	 733.33	 750.00	 13.00	 12	 0.54	 
BFE_336	 2	 7	 2203.jpg	 6.431363e+01	 22	 1.008691e+03	 2200	 7.500338e+02	 98	 6.533157e+01	 733.33	 700.00	 56.00	 24	 0.56	 
BFE_336	 2	 7	 1201.jpg	 6.631582e+01	 12	 999000	 120	 999000	 999	 6.733358e+01	 733.33	 700.00	 10.00	 22	 0.63	 
BFE_336	 2	 7	 1205.jpg	 7.230605e+01	 12	 999000	 120	 999000	 999	 7.332362e+01	 733.33	 700.00	 20.00	 26	 0.48	 
BFE_336	 2	 7	 2213.jpg	 7.530928e+01	 24	 999000	 240	 999000	 999	 7.632700e+01	 733.33	 700.00	 58.00	 34	 0.52	 
BFE_336	 2	 7	 1210.jpg	 7.731154e+01	 12	 999000	 120	 999000	 999	 7.832922e+01	 733.33	 700.00	 37.00	 31	 0.34	 
BFE_336	 2	 7	 2108.jpg	 7.931373e+01	 24	 999000	 240	 999000	 999	 8.033146e+01	 733.33	 700.00	 62.00	 8	 0.47	 
BFE_336	 2	 7	 2111.jpg	 8.231707e+01	 24	 999000	 240	 999000	 999	 8.333491e+01	 733.33	 700.00	 44.00	 11	 0.78	 
BFE_336	 2	 7	 2219.jpg	 8.430236e+01	 22	 9.559741e+02	 220	 7.000371e+02	 98	 8.532040e+01	 733.33	 716.67	 54.00	 40	 0.61	 
BFE_336	 2	 7	 1214.jpg	 8.630497e+01	 11	 1.049385e+03	 1100	 7.333778e+02	 98	 8.732275e+01	 683.33	 716.67	 11.00	 35	 0.60	 
BFE_336	 2	 7	 1219.jpg	 8.830718e+01	 12	 999000	 120	 999000	 999	 8.932495e+01	 683.33	 716.67	 19.00	 40	 0.50	 
BFE_336	 2	 7	 2208.jpg	 9.131060e+01	 24	 999000	 240	 999000	 999	 9.232832e+01	 683.33	 716.67	 50.00	 29	 0.67	 
BFE_336	 2	 7	 1103.jpg	 9.331274e+01	 12	 999000	 120	 999000	 999	 9.433055e+01	 683.33	 716.67	 12.00	 3	 0.57	 
BFE_336	 2	 7	 1204.jpg	 9.531502e+01	 12	 999000	 120	 999000	 999	 9.633282e+01	 683.33	 716.67	 38.00	 25	 0.33	 
BFE_336	 2	 7	 1218.jpg	 9.731731e+01	 12	 999000	 120	 999000	 999	 9.833506e+01	 683.33	 716.67	 4.00	 39	 0.73	 
BFE_336	 2	 7	 2116.jpg	 9.930247e+01	 24	 999000	 240	 999000	 999	 1.003206e+02	 683.33	 716.67	 52.00	 16	 0.66	 
BFE_336	 2	 7	 1203.jpg	 1.053095e+02	 11	 8.847870e+02	 110	 6.833741e+02	 98	 1.063273e+02	 700.00	 716.67	 16.00	 24	 0.51	 
BFE_336	 2	 7	 1101.jpg	 1.083129e+02	 11	 9.694056e+02	 110	 7.000410e+02	 98	 1.093307e+02	 716.67	 716.67	 14.00	 1	 0.54	 
BFE_336	 2	 7	 1110.jpg	 1.123175e+02	 12	 999000	 120	 999000	 999	 1.133352e+02	 716.67	 716.67	 18.00	 10	 0.50	 
