subjectID	 order	 runNum	 itemName	 onsetTime	 shuff_trialType	 RT	 respInTime	 AudioTime	 response	 fixationTime	 ladder1	 ladder2	 bidIndex	 itemNameIndex	 bidValue	 
BFE_132	 2	 9	 2110.jpg	 2.695345e+02	 22	 6.840980e+02	 220	 4.833773e+02	 98	 2.705522e+02	 616.67	 500.00	 54.00	 10	 0.65	 
BFE_132	 2	 9	 1204.jpg	 2.715200e+02	 12	 999000	 120	 999000	 999	 2.725378e+02	 616.67	 500.00	 22.00	 25	 0.54	 
BFE_132	 2	 9	 2104.jpg	 2.755245e+02	 24	 999000	 240	 999000	 999	 2.765422e+02	 616.67	 500.00	 77.00	 4	 0.29	 
BFE_132	 2	 9	 2214.jpg	 2.785279e+02	 22	 8.426681e+02	 220	 5.000327e+02	 98	 2.795456e+02	 616.67	 516.67	 51.00	 35	 0.75	 
BFE_132	 2	 9	 2217.jpg	 2.805301e+02	 22	 7.604243e+02	 220	 5.166977e+02	 98	 2.815479e+02	 616.67	 533.33	 49.00	 38	 0.76	 
BFE_132	 2	 9	 2112.jpg	 2.835334e+02	 24	 999000	 240	 999000	 999	 2.845512e+02	 616.67	 533.33	 55.00	 12	 0.64	 
BFE_132	 2	 9	 1206.jpg	 2.875213e+02	 12	 999000	 120	 999000	 999	 2.885391e+02	 616.67	 533.33	 7.00	 27	 0.67	 
BFE_132	 2	 9	 2106.jpg	 2.915258e+02	 24	 999000	 240	 999000	 999	 2.925438e+02	 616.67	 533.33	 58.00	 6	 0.61	 
BFE_132	 2	 9	 2115.jpg	 2.935280e+02	 24	 999000	 240	 999000	 999	 2.945458e+02	 616.67	 533.33	 43.00	 15	 0.84	 
BFE_132	 2	 9	 2114.jpg	 2.985337e+02	 24	 999000	 240	 999000	 999	 2.995514e+02	 616.67	 533.33	 44.00	 14	 0.80	 
BFE_132	 2	 9	 1209.jpg	 3.005192e+02	 12	 999000	 120	 999000	 999	 3.015370e+02	 616.67	 533.33	 21.00	 30	 0.55	 
BFE_132	 2	 9	 1102.jpg	 3.025215e+02	 12	 999000	 120	 999000	 999	 3.035392e+02	 616.67	 533.33	 13.00	 2	 0.60	 
BFE_132	 2	 9	 2215.jpg	 3.085281e+02	 24	 999000	 240	 999000	 999	 3.095460e+02	 616.67	 533.33	 62.00	 36	 0.55	 
BFE_132	 2	 9	 2108.jpg	 3.105304e+02	 24	 999000	 240	 999000	 999	 3.115482e+02	 616.67	 533.33	 78.00	 8	 0.25	 
BFE_132	 2	 9	 1115.jpg	 3.125327e+02	 12	 999000	 120	 999000	 999	 3.135504e+02	 616.67	 533.33	 3.00	 15	 0.77	 
BFE_132	 2	 9	 2211.jpg	 3.145179e+02	 24	 999000	 240	 999000	 999	 3.155361e+02	 616.67	 533.33	 60.00	 32	 0.59	 
BFE_132	 2	 9	 1116.jpg	 3.185227e+02	 12	 999000	 120	 999000	 999	 3.195405e+02	 616.67	 533.33	 18.00	 16	 0.56	 
BFE_132	 2	 9	 2102.jpg	 3.225273e+02	 24	 999000	 240	 999000	 999	 3.235450e+02	 616.67	 533.33	 59.00	 2	 0.61	 
BFE_132	 2	 9	 1208.jpg	 3.255306e+02	 12	 999000	 120	 999000	 999	 3.265484e+02	 616.67	 533.33	 15.00	 29	 0.59	 
BFE_132	 2	 9	 2116.jpg	 3.295180e+02	 24	 999000	 240	 999000	 999	 3.305361e+02	 616.67	 533.33	 61.00	 16	 0.55	 
BFE_132	 2	 9	 2201.jpg	 3.325218e+02	 24	 999000	 240	 999000	 999	 3.335396e+02	 616.67	 533.33	 47.00	 22	 0.77	 
BFE_132	 2	 9	 1118.jpg	 3.345240e+02	 12	 1.318625e+03	 12	 999000	 98	 3.355418e+02	 616.67	 533.33	 38.00	 18	 0.16	 
BFE_132	 2	 9	 1110.jpg	 3.385285e+02	 11	 9.860336e+02	 110	 6.167208e+02	 98	 3.395462e+02	 633.33	 533.33	 8.00	 10	 0.66	 
BFE_132	 2	 9	 1105.jpg	 3.405307e+02	 11	 9.118451e+02	 110	 6.333733e+02	 98	 3.415486e+02	 650.00	 533.33	 14.00	 5	 0.60	 
BFE_132	 2	 9	 1213.jpg	 3.425330e+02	 11	 1.013544e+03	 1100	 6.500367e+02	 98	 3.435524e+02	 600.00	 533.33	 11.00	 34	 0.61	 
BFE_132	 2	 9	 2107.jpg	 3.465209e+02	 22	 7.856889e+02	 220	 5.333641e+02	 98	 3.475386e+02	 600.00	 550.00	 57.00	 7	 0.62	 
BFE_132	 2	 9	 1219.jpg	 3.485230e+02	 12	 999000	 120	 999000	 999	 3.495408e+02	 600.00	 550.00	 20.00	 40	 0.55	 
BFE_132	 2	 9	 1211.jpg	 3.525275e+02	 12	 999000	 120	 999000	 999	 3.535453e+02	 600.00	 550.00	 10.00	 32	 0.64	 
BFE_132	 2	 9	 1216.jpg	 3.565320e+02	 12	 999000	 120	 999000	 999	 3.575497e+02	 600.00	 550.00	 4.00	 37	 0.76	 
BFE_132	 2	 9	 1104.jpg	 3.595184e+02	 12	 999000	 120	 999000	 999	 3.605365e+02	 600.00	 550.00	 12.00	 4	 0.61	 
BFE_132	 2	 9	 1218.jpg	 3.655255e+02	 12	 999000	 120	 999000	 999	 3.665432e+02	 600.00	 550.00	 19.00	 39	 0.56	 
BFE_132	 2	 9	 1109.jpg	 3.675277e+02	 11	 1.002928e+03	 1100	 6.000339e+02	 98	 3.685454e+02	 550.00	 550.00	 16.00	 9	 0.59	 
BFE_132	 2	 9	 2202.jpg	 3.715321e+02	 24	 999000	 240	 999000	 999	 3.725499e+02	 550.00	 550.00	 52.00	 23	 0.67	 
BFE_132	 2	 9	 2103.jpg	 3.735175e+02	 22	 9.171124e+02	 220	 5.500326e+02	 98	 3.745355e+02	 550.00	 566.67	 48.00	 3	 0.76	 
BFE_132	 2	 9	 2216.jpg	 3.755200e+02	 24	 999000	 240	 999000	 999	 3.765378e+02	 550.00	 566.67	 50.00	 37	 0.75	 
BFE_132	 2	 9	 1113.jpg	 3.775222e+02	 11	 9.763601e+02	 110	 5.500329e+02	 98	 3.785400e+02	 566.67	 566.67	 9.00	 13	 0.65	 
BFE_132	 2	 9	 1215.jpg	 3.825278e+02	 11	 1.122741e+03	 1100	 5.666975e+02	 98	 3.835456e+02	 516.67	 566.67	 17.00	 36	 0.56	 
BFE_132	 2	 9	 2109.jpg	 3.845301e+02	 22	 8.884709e+02	 220	 5.666965e+02	 98	 3.855479e+02	 516.67	 583.33	 56.00	 9	 0.63	 
BFE_132	 2	 9	 2219.jpg	 3.865323e+02	 24	 999000	 240	 999000	 999	 3.875501e+02	 516.67	 583.33	 53.00	 40	 0.66	 
BFE_132	 2	 9	 1120.jpg	 3.895187e+02	 12	 999000	 120	 999000	 999	 3.905368e+02	 516.67	 583.33	 37.00	 20	 0.23	 
