subjectID	 order	 runNum	 itemName	 onsetTime	 shuff_trialType	 RT	 respInTime	 AudioTime	 response	 fixationTime	 ladder1	 ladder2	 bidIndex	 itemNameIndex	 bidValue	 
BFE_305	 1	 11	 1219.jpg	 1.271257e+03	 12	 999000	 120	 999000	 999	 1.272275e+03	 150.00	 416.67	 19.00	 40	 0.51	 
BFE_305	 1	 11	 2212.jpg	 1.273242e+03	 22	 9.115345e+02	 220	 4.167120e+02	 98	 1.274260e+03	 150.00	 433.33	 52.00	 33	 0.66	 
BFE_305	 1	 11	 2113.jpg	 1.277247e+03	 24	 999000	 240	 999000	 999	 1.278265e+03	 150.00	 433.33	 78.00	 13	 0.25	 
BFE_305	 1	 11	 1107.jpg	 1.280251e+03	 12	 999000	 120	 999000	 999	 1.281268e+03	 150.00	 433.33	 38.00	 7	 0.16	 
BFE_305	 1	 11	 2121.jpg	 1.282253e+03	 24	 999000	 240	 999000	 999	 1.283271e+03	 150.00	 433.33	 54.00	 21	 0.63	 
BFE_305	 1	 11	 2209.jpg	 1.285256e+03	 24	 999000	 240	 999000	 999	 1.286274e+03	 150.00	 433.33	 57.00	 30	 0.59	 
BFE_305	 1	 11	 2204.jpg	 1.289244e+03	 24	 999000	 240	 999000	 999	 1.290262e+03	 150.00	 433.33	 56.00	 25	 0.59	 
BFE_305	 1	 11	 2106.jpg	 1.293249e+03	 24	 999000	 240	 999000	 999	 1.294266e+03	 150.00	 433.33	 62.00	 6	 0.46	 
BFE_305	 1	 11	 2218.jpg	 1.295251e+03	 22	 8.551663e+02	 220	 4.333704e+02	 98	 1.296268e+03	 150.00	 450.00	 47.00	 39	 0.73	 
BFE_305	 1	 11	 1121.jpg	 1.300256e+03	 12	 999000	 120	 999000	 999	 1.301274e+03	 150.00	 450.00	 16.00	 21	 0.58	 
BFE_305	 1	 11	 2214.jpg	 1.302259e+03	 24	 999000	 240	 999000	 999	 1.303276e+03	 150.00	 450.00	 48.00	 35	 0.73	 
BFE_305	 1	 11	 1203.jpg	 1.304244e+03	 12	 999000	 120	 999000	 999	 1.305262e+03	 150.00	 450.00	 3.00	 24	 0.85	 
BFE_305	 1	 11	 1102.jpg	 1.310251e+03	 12	 999000	 120	 999000	 999	 1.311269e+03	 150.00	 450.00	 22.00	 2	 0.49	 
BFE_305	 1	 11	 1206.jpg	 1.312253e+03	 12	 999000	 120	 999000	 999	 1.313273e+03	 150.00	 450.00	 14.00	 27	 0.60	 
BFE_305	 1	 11	 1201.jpg	 1.314255e+03	 12	 8.345806e+02	 12	 999000	 98	 1.315273e+03	 150.00	 450.00	 4.00	 22	 0.84	 
BFE_305	 1	 11	 2216.jpg	 1.316258e+03	 22	 1.496339e+03	 2200	 4.500361e+02	 98	 1.317275e+03	 150.00	 400.00	 50.00	 37	 0.71	 
BFE_305	 1	 11	 1210.jpg	 1.320245e+03	 12	 999000	 120	 999000	 999	 1.321263e+03	 150.00	 400.00	 8.00	 31	 0.69	 
BFE_305	 1	 11	 2203.jpg	 1.324250e+03	 24	 999000	 240	 999000	 999	 1.325268e+03	 150.00	 400.00	 43.00	 24	 0.81	 
BFE_305	 1	 11	 1103.jpg	 1.327253e+03	 11	 1.060594e+03	 1100	 1.500418e+02	 98	 1.328271e+03	 100.00	 400.00	 10.00	 3	 0.65	 
BFE_305	 1	 11	 1215.jpg	 1.331258e+03	 11	 1.032099e+03	 1100	 1.000303e+02	 98	 1.332276e+03	 50.00	 400.00	 12.00	 36	 0.61	 
BFE_305	 1	 11	 2102.jpg	 1.334245e+03	 22	 1.245402e+03	 2200	 4.000264e+02	 98	 1.335262e+03	 50.00	 350.00	 55.00	 2	 0.62	 
BFE_305	 1	 11	 1209.jpg	 1.336247e+03	 12	 999000	 120	 999000	 999	 1.337265e+03	 50.00	 350.00	 20.00	 30	 0.50	 
BFE_305	 1	 11	 1110.jpg	 1.340251e+03	 11	 9.986818e+02	 110	 5.002842e+01	 98	 1.341269e+03	 66.67	 350.00	 18.00	 10	 0.55	 
BFE_305	 1	 11	 2101.jpg	 1.342254e+03	 24	 999000	 240	 999000	 999	 1.343274e+03	 66.67	 350.00	 60.00	 1	 0.51	 
BFE_305	 1	 11	 1217.jpg	 1.344256e+03	 12	 999000	 120	 999000	 999	 1.345274e+03	 66.67	 350.00	 17.00	 38	 0.56	 
BFE_305	 1	 11	 1205.jpg	 1.348243e+03	 11	 7.986164e+02	 110	 6.670446e+01	 98	 1.349261e+03	 83.33	 350.00	 15.00	 26	 0.59	 
BFE_305	 1	 11	 2211.jpg	 1.350246e+03	 24	 999000	 240	 999000	 999	 1.351264e+03	 83.33	 350.00	 49.00	 32	 0.73	 
BFE_305	 1	 11	 2201.jpg	 1.354250e+03	 24	 999000	 240	 999000	 999	 1.355268e+03	 83.33	 350.00	 51.00	 22	 0.70	 
BFE_305	 1	 11	 2107.jpg	 1.358255e+03	 24	 999000	 240	 999000	 999	 1.359273e+03	 83.33	 350.00	 77.00	 7	 0.26	 
BFE_305	 1	 11	 2110.jpg	 1.361258e+03	 24	 999000	 240	 999000	 999	 1.362276e+03	 83.33	 350.00	 61.00	 10	 0.48	 
BFE_305	 1	 11	 2215.jpg	 1.367248e+03	 22	 7.937930e+02	 220	 3.500272e+02	 98	 1.368266e+03	 83.33	 366.67	 58.00	 36	 0.57	 
BFE_305	 1	 11	 1106.jpg	 1.369250e+03	 12	 999000	 120	 999000	 999	 1.370268e+03	 83.33	 366.67	 21.00	 6	 0.50	 
BFE_305	 1	 11	 2207.jpg	 1.373255e+03	 24	 999000	 240	 999000	 999	 1.374273e+03	 83.33	 366.67	 44.00	 28	 0.77	 
BFE_305	 1	 11	 2205.jpg	 1.375257e+03	 24	 999000	 240	 999000	 999	 1.376275e+03	 83.33	 366.67	 59.00	 26	 0.53	 
BFE_305	 1	 11	 1118.jpg	 1.377242e+03	 12	 999000	 120	 999000	 999	 1.378260e+03	 83.33	 366.67	 37.00	 18	 0.17	 
BFE_305	 1	 11	 1214.jpg	 1.379245e+03	 11	 2.689226e+02	 110	 8.335828e+01	 98	 1.380263e+03	 100.00	 366.67	 7.00	 35	 0.77	 
BFE_305	 1	 11	 1212.jpg	 1.384251e+03	 12	 999000	 120	 999000	 999	 1.385268e+03	 100.00	 366.67	 9.00	 33	 0.67	 
BFE_305	 1	 11	 2120.jpg	 1.386253e+03	 22	 1.173071e+03	 2200	 3.667013e+02	 98	 1.387271e+03	 100.00	 316.67	 53.00	 20	 0.63	 
BFE_305	 1	 11	 1101.jpg	 1.388255e+03	 12	 999000	 120	 999000	 999	 1.389273e+03	 100.00	 316.67	 11.00	 1	 0.62	 
BFE_305	 1	 11	 1204.jpg	 1.391258e+03	 11	 5.994557e+02	 110	 1.000295e+02	 98	 1.392276e+03	 116.67	 316.67	 13.00	 25	 0.61	 
