subjectID	 order	 runNum	 itemName	 onsetTime	 shuff_trialType	 RT	 respInTime	 AudioTime	 response	 fixationTime	 ladder1	 ladder2	 bidIndex	 itemNameIndex	 bidValue	 
BFE_337	 1	 15	 1120.jpg	 1.047525e+03	 12	 999000	 120	 999000	 999	 1.048543e+03	 616.67	 616.67	 37.00	 20	 0.22	 
BFE_337	 1	 15	 1105.jpg	 1.050512e+03	 11	 8.339935e+02	 110	 6.167203e+02	 98	 1.051530e+03	 633.33	 616.67	 18.00	 5	 0.55	 
BFE_337	 1	 15	 2207.jpg	 1.054516e+03	 24	 999000	 240	 999000	 999	 1.055534e+03	 633.33	 616.67	 62.00	 28	 0.46	 
BFE_337	 1	 15	 2114.jpg	 1.056519e+03	 24	 999000	 240	 999000	 999	 1.057537e+03	 633.33	 616.67	 60.00	 14	 0.48	 
BFE_337	 1	 15	 1114.jpg	 1.058521e+03	 12	 999000	 120	 999000	 999	 1.059539e+03	 633.33	 616.67	 19.00	 14	 0.52	 
BFE_337	 1	 15	 1106.jpg	 1.062509e+03	 12	 999000	 120	 999000	 999	 1.063527e+03	 633.33	 616.67	 4.00	 6	 0.79	 
BFE_337	 1	 15	 1217.jpg	 1.064511e+03	 12	 999000	 120	 999000	 999	 1.065529e+03	 633.33	 616.67	 8.00	 38	 0.70	 
BFE_337	 1	 15	 1117.jpg	 1.069517e+03	 12	 999000	 120	 999000	 999	 1.070534e+03	 633.33	 616.67	 11.00	 17	 0.64	 
BFE_337	 1	 15	 1107.jpg	 1.071519e+03	 12	 999000	 120	 999000	 999	 1.072537e+03	 633.33	 616.67	 20.00	 7	 0.50	 
BFE_337	 1	 15	 2104.jpg	 1.074522e+03	 24	 999000	 240	 999000	 999	 1.075540e+03	 633.33	 616.67	 61.00	 4	 0.46	 
BFE_337	 1	 15	 2209.jpg	 1.077509e+03	 24	 999000	 240	 999000	 999	 1.078527e+03	 633.33	 616.67	 43.00	 30	 0.83	 
BFE_337	 1	 15	 2102.jpg	 1.081513e+03	 22	 9.046199e+02	 220	 6.167198e+02	 98	 1.082531e+03	 633.33	 633.33	 58.00	 2	 0.51	 
BFE_337	 1	 15	 2216.jpg	 1.084517e+03	 22	 1.013184e+03	 2200	 6.333821e+02	 98	 1.085535e+03	 633.33	 583.33	 47.00	 37	 0.74	 
BFE_337	 1	 15	 2212.jpg	 1.086519e+03	 22	 8.349988e+02	 220	 5.833858e+02	 98	 1.087537e+03	 633.33	 600.00	 53.00	 33	 0.59	 
BFE_337	 1	 15	 2217.jpg	 1.089522e+03	 24	 999000	 240	 999000	 999	 1.090540e+03	 633.33	 600.00	 56.00	 38	 0.52	 
BFE_337	 1	 15	 2213.jpg	 1.093510e+03	 24	 999000	 240	 999000	 999	 1.094528e+03	 633.33	 600.00	 49.00	 34	 0.70	 
BFE_337	 1	 15	 2206.jpg	 1.096514e+03	 24	 1.480430e+03	 24	 999000	 98	 1.097533e+03	 633.33	 600.00	 51.00	 27	 0.63	 
BFE_337	 1	 15	 2106.jpg	 1.098516e+03	 24	 999000	 240	 999000	 999	 1.099534e+03	 633.33	 600.00	 59.00	 6	 0.50	 
BFE_337	 1	 15	 1205.jpg	 1.100518e+03	 12	 999000	 120	 999000	 999	 1.101536e+03	 633.33	 600.00	 9.00	 26	 0.68	 
BFE_337	 1	 15	 1102.jpg	 1.105524e+03	 11	 9.103409e+02	 110	 6.333664e+02	 98	 1.106541e+03	 650.00	 600.00	 15.00	 2	 0.59	 
BFE_337	 1	 15	 1121.jpg	 1.109512e+03	 11	 3.784872e+02	 11	 6.500457e+02	 98	 1.110529e+03	 666.67	 600.00	 12.00	 21	 0.64	 
BFE_337	 1	 15	 1213.jpg	 1.113516e+03	 12	 999000	 120	 999000	 999	 1.114534e+03	 666.67	 600.00	 16.00	 34	 0.56	 
BFE_337	 1	 15	 1216.jpg	 1.119523e+03	 12	 999000	 120	 999000	 999	 1.120540e+03	 666.67	 600.00	 14.00	 37	 0.61	 
BFE_337	 1	 15	 1212.jpg	 1.121525e+03	 12	 999000	 120	 999000	 999	 1.122543e+03	 666.67	 600.00	 21.00	 33	 0.50	 
BFE_337	 1	 15	 2103.jpg	 1.123511e+03	 24	 999000	 240	 999000	 999	 1.124528e+03	 666.67	 600.00	 48.00	 3	 0.73	 
BFE_337	 1	 15	 1206.jpg	 1.125513e+03	 11	 9.212687e+02	 110	 6.667162e+02	 98	 1.126531e+03	 683.33	 600.00	 10.00	 27	 0.65	 
BFE_337	 1	 15	 2107.jpg	 1.127515e+03	 24	 999000	 240	 999000	 999	 1.128533e+03	 683.33	 600.00	 78.00	 7	 0.20	 
BFE_337	 1	 15	 2101.jpg	 1.131520e+03	 24	 999000	 240	 999000	 999	 1.132537e+03	 683.33	 600.00	 54.00	 1	 0.59	 
BFE_337	 1	 15	 2211.jpg	 1.133522e+03	 22	 8.803156e+02	 220	 6.000470e+02	 98	 1.134539e+03	 683.33	 616.67	 50.00	 32	 0.63	 
BFE_337	 1	 15	 2117.jpg	 1.137510e+03	 22	 9.884651e+02	 220	 6.167191e+02	 98	 1.138527e+03	 683.33	 633.33	 55.00	 17	 0.55	 
BFE_337	 1	 15	 1209.jpg	 1.139512e+03	 12	 999000	 120	 999000	 999	 1.140530e+03	 683.33	 633.33	 3.00	 30	 0.79	 
BFE_337	 1	 15	 2108.jpg	 1.141514e+03	 24	 999000	 240	 999000	 999	 1.142532e+03	 683.33	 633.33	 77.00	 8	 0.21	 
BFE_337	 1	 15	 1109.jpg	 1.143516e+03	 11	 1.125818e+03	 1100	 6.833731e+02	 98	 1.144534e+03	 633.33	 633.33	 7.00	 9	 0.73	 
BFE_337	 1	 15	 1115.jpg	 1.148522e+03	 11	 1.192149e+03	 1100	 6.333784e+02	 98	 1.149540e+03	 583.33	 633.33	 13.00	 15	 0.63	 
BFE_337	 1	 15	 2204.jpg	 1.150524e+03	 24	 999000	 240	 999000	 999	 1.151542e+03	 583.33	 633.33	 57.00	 25	 0.52	 
BFE_337	 1	 15	 2219.jpg	 1.152510e+03	 24	 999000	 240	 999000	 999	 1.153527e+03	 583.33	 633.33	 44.00	 40	 0.82	 
BFE_337	 1	 15	 2109.jpg	 1.155513e+03	 22	 1.081025e+03	 2200	 6.334066e+02	 98	 1.156531e+03	 583.33	 583.33	 52.00	 9	 0.63	 
BFE_337	 1	 15	 1215.jpg	 1.162521e+03	 12	 999000	 120	 999000	 999	 1.163539e+03	 583.33	 583.33	 22.00	 36	 0.48	 
BFE_337	 1	 15	 1118.jpg	 1.166508e+03	 12	 999000	 120	 999000	 999	 1.167526e+03	 583.33	 583.33	 38.00	 18	 0.19	 
BFE_337	 1	 15	 1112.jpg	 1.173517e+03	 12	 999000	 120	 999000	 999	 1.174534e+03	 583.33	 583.33	 17.00	 12	 0.56	 
