subjectID	 order	 runNum	 itemName	 onsetTime	 shuff_trialType	 RT	 respInTime	 AudioTime	 response	 fixationTime	 ladder1	 ladder2	 bidIndex	 itemNameIndex	 bidValue	 
BFE_338	 2	 13	 1214.jpg	 7.707104e+02	 12	 999000	 120	 999000	 999	 7.717282e+02	 683.33	 683.33	 19.00	 35	 0.51	 
BFE_338	 2	 13	 2119.jpg	 7.736971e+02	 24	 999000	 240	 999000	 999	 7.747149e+02	 683.33	 683.33	 78.00	 19	 0.16	 
BFE_338	 2	 13	 1217.jpg	 7.777016e+02	 12	 999000	 120	 999000	 999	 7.787193e+02	 683.33	 683.33	 15.00	 38	 0.59	 
BFE_338	 2	 13	 1205.jpg	 7.797038e+02	 12	 999000	 120	 999000	 999	 7.807215e+02	 683.33	 683.33	 3.00	 26	 0.80	 
BFE_338	 2	 13	 1210.jpg	 7.817060e+02	 11	 1.008233e+03	 1100	 6.833942e+02	 98	 7.827255e+02	 633.33	 683.33	 16.00	 31	 0.58	 
BFE_338	 2	 13	 2106.jpg	 7.856938e+02	 24	 999000	 240	 999000	 999	 7.867116e+02	 633.33	 683.33	 62.00	 6	 0.52	 
BFE_338	 2	 13	 1202.jpg	 7.876961e+02	 11	 9.461580e+02	 110	 6.333828e+02	 98	 7.887139e+02	 650.00	 683.33	 14.00	 23	 0.62	 
BFE_338	 2	 13	 2219.jpg	 7.927018e+02	 24	 999000	 240	 999000	 999	 7.937194e+02	 650.00	 683.33	 47.00	 40	 0.73	 
BFE_338	 2	 13	 2108.jpg	 7.947039e+02	 24	 999000	 240	 999000	 999	 7.957217e+02	 650.00	 683.33	 77.00	 8	 0.19	 
BFE_338	 2	 13	 2113.jpg	 7.977072e+02	 22	 9.750242e+02	 220	 6.833945e+02	 98	 7.987251e+02	 650.00	 700.00	 57.00	 13	 0.57	 
BFE_338	 2	 13	 1207.jpg	 8.006940e+02	 12	 999000	 120	 999000	 999	 8.017118e+02	 650.00	 700.00	 7.00	 28	 0.73	 
BFE_338	 2	 13	 2202.jpg	 8.046984e+02	 24	 999000	 240	 999000	 999	 8.057162e+02	 650.00	 700.00	 59.00	 23	 0.55	 
BFE_338	 2	 13	 1203.jpg	 8.077018e+02	 12	 999000	 120	 999000	 999	 8.087196e+02	 650.00	 700.00	 4.00	 24	 0.80	 
BFE_338	 2	 13	 2204.jpg	 8.097041e+02	 22	 1.010105e+03	 2200	 7.000486e+02	 98	 8.107227e+02	 650.00	 650.00	 48.00	 25	 0.72	 
BFE_338	 2	 13	 2110.jpg	 8.127074e+02	 24	 999000	 240	 999000	 999	 8.137253e+02	 650.00	 650.00	 55.00	 10	 0.60	 
BFE_338	 2	 13	 2102.jpg	 8.166953e+02	 24	 999000	 240	 999000	 999	 8.177131e+02	 650.00	 650.00	 60.00	 2	 0.53	 
BFE_338	 2	 13	 1215.jpg	 8.196987e+02	 12	 999000	 120	 999000	 999	 8.207164e+02	 650.00	 650.00	 18.00	 36	 0.51	 
BFE_338	 2	 13	 2214.jpg	 8.217009e+02	 24	 999000	 240	 999000	 999	 8.227186e+02	 650.00	 650.00	 61.00	 35	 0.52	 
BFE_338	 2	 13	 1213.jpg	 8.237032e+02	 12	 999000	 120	 999000	 999	 8.247208e+02	 650.00	 650.00	 13.00	 34	 0.64	 
BFE_338	 2	 13	 1103.jpg	 8.286917e+02	 12	 999000	 120	 999000	 999	 8.297097e+02	 650.00	 650.00	 10.00	 3	 0.70	 
BFE_338	 2	 13	 2213.jpg	 8.326966e+02	 22	 9.776072e+02	 220	 6.500807e+02	 98	 8.337143e+02	 650.00	 666.67	 51.00	 34	 0.70	 
BFE_338	 2	 13	 2103.jpg	 8.367011e+02	 24	 999000	 240	 999000	 999	 8.377188e+02	 650.00	 666.67	 50.00	 3	 0.71	 
BFE_338	 2	 13	 1204.jpg	 8.426909e+02	 12	 999000	 120	 999000	 999	 8.437089e+02	 650.00	 666.67	 12.00	 25	 0.70	 
BFE_338	 2	 13	 1201.jpg	 8.446932e+02	 11	 9.570268e+02	 110	 6.500405e+02	 98	 8.457111e+02	 666.67	 666.67	 8.00	 22	 0.72	 
BFE_338	 2	 13	 1218.jpg	 8.466957e+02	 11	 8.985106e+02	 110	 6.667112e+02	 98	 8.477133e+02	 683.33	 666.67	 9.00	 39	 0.70	 
BFE_338	 2	 13	 2206.jpg	 8.486977e+02	 24	 999000	 240	 999000	 999	 8.497156e+02	 683.33	 666.67	 52.00	 27	 0.69	 
BFE_338	 2	 13	 2218.jpg	 8.507001e+02	 24	 999000	 240	 999000	 999	 8.517178e+02	 683.33	 666.67	 44.00	 39	 0.79	 
BFE_338	 2	 13	 2209.jpg	 8.547047e+02	 24	 999000	 240	 999000	 999	 8.557223e+02	 683.33	 666.67	 53.00	 30	 0.65	 
BFE_338	 2	 13	 2217.jpg	 8.567068e+02	 24	 999000	 240	 999000	 999	 8.577246e+02	 683.33	 666.67	 58.00	 38	 0.57	 
BFE_338	 2	 13	 1209.jpg	 8.606945e+02	 12	 999000	 120	 999000	 999	 8.617123e+02	 683.33	 666.67	 22.00	 30	 0.46	 
BFE_338	 2	 13	 1108.jpg	 8.626969e+02	 12	 999000	 120	 999000	 999	 8.637146e+02	 683.33	 666.67	 38.00	 8	 0.16	 
BFE_338	 2	 13	 1121.jpg	 8.646990e+02	 11	 1.007216e+03	 1100	 6.833863e+02	 98	 8.657170e+02	 633.33	 666.67	 17.00	 21	 0.52	 
BFE_338	 2	 13	 2121.jpg	 8.667013e+02	 22	 9.808938e+02	 220	 6.666991e+02	 98	 8.677191e+02	 633.33	 683.33	 49.00	 21	 0.72	 
BFE_338	 2	 13	 1111.jpg	 8.717070e+02	 11	 8.952347e+02	 110	 6.333719e+02	 98	 8.727247e+02	 650.00	 683.33	 11.00	 11	 0.70	 
BFE_338	 2	 13	 2201.jpg	 8.736927e+02	 24	 999000	 240	 999000	 999	 8.747103e+02	 650.00	 683.33	 43.00	 22	 0.81	 
BFE_338	 2	 13	 2114.jpg	 8.756947e+02	 22	 9.155114e+02	 220	 6.833692e+02	 98	 8.767125e+02	 650.00	 700.00	 56.00	 14	 0.60	 
BFE_338	 2	 13	 1120.jpg	 8.786982e+02	 12	 999000	 120	 999000	 999	 8.797158e+02	 650.00	 700.00	 20.00	 20	 0.49	 
BFE_338	 2	 13	 1112.jpg	 8.857060e+02	 12	 999000	 120	 999000	 999	 8.867237e+02	 650.00	 700.00	 37.00	 12	 0.17	 
BFE_338	 2	 13	 2208.jpg	 8.896938e+02	 22	 9.964153e+02	 220	 7.000545e+02	 98	 8.907115e+02	 650.00	 716.67	 54.00	 29	 0.62	 
BFE_338	 2	 13	 1106.jpg	 8.967017e+02	 12	 999000	 120	 999000	 999	 8.977194e+02	 650.00	 716.67	 21.00	 6	 0.48	 
