subjectID	 order	 runNum	 itemName	 onsetTime	 shuff_trialType	 RT	 respInTime	 AudioTime	 response	 fixationTime	 ladder1	 ladder2	 bidIndex	 itemNameIndex	 bidValue	 
BFE_317	 1	 2	 2211.jpg	 1.251870e+02	 22	 1.055356e+03	 2200	 7.167134e+02	 98	 1.262047e+02	 650.00	 666.67	 52.00	 32	 0.66	 
BFE_317	 1	 2	 2115.jpg	 1.281737e+02	 24	 999000	 240	 999000	 999	 1.291914e+02	 650.00	 666.67	 51.00	 15	 0.68	 
BFE_317	 1	 2	 2204.jpg	 1.321782e+02	 24	 3.441314e+02	 24	 999000	 98	 1.331958e+02	 650.00	 666.67	 57.00	 25	 0.59	 
BFE_317	 1	 2	 2105.jpg	 1.341804e+02	 24	 999000	 240	 999000	 999	 1.351982e+02	 650.00	 666.67	 48.00	 5	 0.77	 
BFE_317	 1	 2	 2208.jpg	 1.361826e+02	 22	 9.317513e+02	 220	 6.666919e+02	 98	 1.372004e+02	 650.00	 683.33	 58.00	 29	 0.59	 
BFE_317	 1	 2	 1207.jpg	 1.401871e+02	 11	 9.512483e+02	 110	 6.500554e+02	 98	 1.412049e+02	 666.67	 683.33	 10.00	 28	 0.67	 
BFE_317	 1	 2	 1208.jpg	 1.421726e+02	 11	 9.176906e+02	 110	 6.667005e+02	 98	 1.431905e+02	 683.33	 683.33	 18.00	 29	 0.56	 
BFE_317	 1	 2	 1211.jpg	 1.471784e+02	 11	 9.519167e+02	 110	 6.833627e+02	 98	 1.481961e+02	 700.00	 683.33	 15.00	 32	 0.61	 
BFE_317	 1	 2	 2207.jpg	 1.491805e+02	 22	 1.005804e+03	 2200	 6.833693e+02	 98	 1.502016e+02	 700.00	 633.33	 53.00	 28	 0.65	 
BFE_317	 1	 2	 1213.jpg	 1.521838e+02	 12	 999000	 120	 999000	 999	 1.532016e+02	 700.00	 633.33	 17.00	 34	 0.58	 
BFE_317	 1	 2	 1115.jpg	 1.551873e+02	 12	 999000	 120	 999000	 999	 1.562051e+02	 700.00	 633.33	 11.00	 15	 0.66	 
BFE_317	 1	 2	 1109.jpg	 1.591750e+02	 12	 999000	 120	 999000	 999	 1.601929e+02	 700.00	 633.33	 4.00	 9	 0.80	 
BFE_317	 1	 2	 1218.jpg	 1.621784e+02	 11	 1.023867e+03	 1100	 7.000367e+02	 98	 1.631962e+02	 650.00	 633.33	 12.00	 39	 0.63	 
BFE_317	 1	 2	 2106.jpg	 1.641806e+02	 22	 9.096920e+02	 220	 6.333652e+02	 98	 1.651985e+02	 650.00	 650.00	 50.00	 6	 0.72	 
BFE_317	 1	 2	 1121.jpg	 1.671840e+02	 12	 999000	 120	 999000	 999	 1.682019e+02	 650.00	 650.00	 8.00	 21	 0.73	 
BFE_317	 1	 2	 1101.jpg	 1.711715e+02	 12	 999000	 120	 999000	 999	 1.721896e+02	 650.00	 650.00	 38.00	 1	 0.21	 
BFE_317	 1	 2	 2101.jpg	 1.741766e+02	 24	 999000	 240	 999000	 999	 1.751931e+02	 650.00	 650.00	 62.00	 1	 0.50	 
BFE_317	 1	 2	 1205.jpg	 1.761775e+02	 11	 9.527931e+02	 110	 6.500300e+02	 98	 1.771953e+02	 666.67	 650.00	 13.00	 26	 0.62	 
BFE_317	 1	 2	 2119.jpg	 1.781797e+02	 24	 999000	 240	 999000	 999	 1.791975e+02	 666.67	 650.00	 77.00	 19	 0.18	 
BFE_317	 1	 2	 1219.jpg	 1.831853e+02	 12	 999000	 120	 999000	 999	 1.842031e+02	 666.67	 650.00	 19.00	 40	 0.52	 
BFE_317	 1	 2	 2218.jpg	 1.871729e+02	 24	 999000	 240	 999000	 999	 1.881909e+02	 666.67	 650.00	 59.00	 39	 0.55	 
BFE_317	 1	 2	 2107.jpg	 1.911777e+02	 24	 999000	 240	 999000	 999	 1.921954e+02	 666.67	 650.00	 60.00	 7	 0.53	 
BFE_317	 1	 2	 2213.jpg	 1.971844e+02	 24	 999000	 240	 999000	 999	 1.982022e+02	 666.67	 650.00	 43.00	 34	 0.90	 
BFE_317	 1	 2	 2121.jpg	 1.991868e+02	 24	 999000	 240	 999000	 999	 2.002044e+02	 666.67	 650.00	 49.00	 21	 0.75	 
BFE_317	 1	 2	 1201.jpg	 2.011719e+02	 11	 1.014414e+03	 1100	 6.667035e+02	 98	 2.021927e+02	 616.67	 650.00	 7.00	 22	 0.74	 
BFE_317	 1	 2	 2217.jpg	 2.031745e+02	 24	 999000	 240	 999000	 999	 2.041924e+02	 616.67	 650.00	 54.00	 38	 0.65	 
BFE_317	 1	 2	 1104.jpg	 2.051767e+02	 12	 999000	 120	 999000	 999	 2.061945e+02	 616.67	 650.00	 14.00	 4	 0.61	 
BFE_317	 1	 2	 1110.jpg	 2.091813e+02	 12	 999000	 120	 999000	 999	 2.101990e+02	 616.67	 650.00	 20.00	 10	 0.52	 
BFE_317	 1	 2	 1114.jpg	 2.111834e+02	 12	 999000	 120	 999000	 999	 2.122012e+02	 616.67	 650.00	 16.00	 14	 0.59	 
BFE_317	 1	 2	 1209.jpg	 2.151880e+02	 12	 999000	 120	 999000	 999	 2.162057e+02	 616.67	 650.00	 21.00	 30	 0.49	 
BFE_317	 1	 2	 2113.jpg	 2.171735e+02	 22	 9.728465e+02	 220	 6.500257e+02	 98	 2.181912e+02	 616.67	 666.67	 47.00	 13	 0.77	 
BFE_317	 1	 2	 1113.jpg	 2.191758e+02	 12	 999000	 120	 999000	 999	 2.201936e+02	 616.67	 666.67	 3.00	 13	 0.80	 
BFE_317	 1	 2	 2118.jpg	 2.211780e+02	 24	 999000	 240	 999000	 999	 2.221958e+02	 616.67	 666.67	 56.00	 18	 0.59	 
BFE_317	 1	 2	 1106.jpg	 2.261836e+02	 12	 999000	 120	 999000	 999	 2.272014e+02	 616.67	 666.67	 9.00	 6	 0.71	 
BFE_317	 1	 2	 2104.jpg	 2.281858e+02	 24	 999000	 240	 999000	 999	 2.292036e+02	 616.67	 666.67	 61.00	 4	 0.52	 
BFE_317	 1	 2	 2201.jpg	 2.301881e+02	 22	 9.821999e+02	 220	 6.666928e+02	 98	 2.312059e+02	 616.67	 683.33	 55.00	 22	 0.60	 
BFE_317	 1	 2	 1112.jpg	 2.331748e+02	 12	 999000	 120	 999000	 999	 2.341926e+02	 616.67	 683.33	 37.00	 12	 0.21	 
BFE_317	 1	 2	 2103.jpg	 2.401827e+02	 24	 999000	 240	 999000	 999	 2.412004e+02	 616.67	 683.33	 44.00	 3	 0.90	 
BFE_317	 1	 2	 1216.jpg	 2.441873e+02	 12	 999000	 120	 999000	 999	 2.452049e+02	 616.67	 683.33	 22.00	 37	 0.47	 
BFE_317	 1	 2	 2112.jpg	 2.511784e+02	 24	 999000	 240	 999000	 999	 2.521961e+02	 616.67	 683.33	 78.00	 12	 0.17	 
