subjectID	 order	 runNum	 itemName	 onsetTime	 shuff_trialType	 RT	 respInTime	 AudioTime	 response	 fixationTime	 ladder1	 ladder2	 bidIndex	 itemNameIndex	 bidValue	 
BFE_305	 1	 3	 2201.jpg	 2.534815e+02	 24	 999000	 240	 999000	 999	 2.544992e+02	 550.00	 683.33	 51.00	 22	 0.70	 
BFE_305	 1	 3	 1201.jpg	 2.584704e+02	 12	 999000	 120	 999000	 999	 2.594882e+02	 550.00	 683.33	 4.00	 22	 0.84	 
BFE_305	 1	 3	 2121.jpg	 2.604727e+02	 24	 999000	 240	 999000	 999	 2.614904e+02	 550.00	 683.33	 54.00	 21	 0.63	 
BFE_305	 1	 3	 1121.jpg	 2.624750e+02	 12	 999000	 120	 999000	 999	 2.634926e+02	 550.00	 683.33	 16.00	 21	 0.58	 
BFE_305	 1	 3	 1215.jpg	 2.684816e+02	 11	 9.603833e+02	 110	 5.500500e+02	 98	 2.694994e+02	 566.67	 683.33	 12.00	 36	 0.61	 
BFE_305	 1	 3	 2214.jpg	 2.704669e+02	 24	 999000	 240	 999000	 999	 2.714849e+02	 566.67	 683.33	 48.00	 35	 0.73	 
BFE_305	 1	 3	 2216.jpg	 2.734705e+02	 22	 1.147418e+03	 2200	 6.833755e+02	 98	 2.744883e+02	 566.67	 633.33	 50.00	 37	 0.71	 
BFE_305	 1	 3	 2204.jpg	 2.754728e+02	 24	 999000	 240	 999000	 999	 2.764906e+02	 566.67	 633.33	 56.00	 25	 0.59	 
BFE_305	 1	 3	 2120.jpg	 2.794772e+02	 22	 1.028698e+03	 2200	 6.333707e+02	 98	 2.804950e+02	 566.67	 583.33	 53.00	 20	 0.63	 
BFE_305	 1	 3	 1214.jpg	 2.814797e+02	 11	 1.098283e+03	 1100	 5.667294e+02	 98	 2.824973e+02	 516.67	 583.33	 7.00	 35	 0.77	 
BFE_305	 1	 3	 2212.jpg	 2.864684e+02	 22	 9.175235e+02	 220	 5.833684e+02	 98	 2.874862e+02	 516.67	 600.00	 52.00	 33	 0.66	 
BFE_305	 1	 3	 1110.jpg	 2.934764e+02	 11	 8.535500e+02	 110	 5.167031e+02	 98	 2.944941e+02	 533.33	 600.00	 18.00	 10	 0.55	 
BFE_305	 1	 3	 1204.jpg	 2.954785e+02	 11	 9.634228e+02	 110	 5.333610e+02	 98	 2.964964e+02	 550.00	 600.00	 13.00	 25	 0.61	 
BFE_305	 1	 3	 2101.jpg	 2.984819e+02	 24	 999000	 240	 999000	 999	 2.994997e+02	 550.00	 600.00	 60.00	 1	 0.51	 
BFE_305	 1	 3	 2211.jpg	 3.014687e+02	 24	 999000	 240	 999000	 999	 3.024864e+02	 550.00	 600.00	 49.00	 32	 0.73	 
BFE_305	 1	 3	 1101.jpg	 3.054731e+02	 12	 999000	 120	 999000	 999	 3.064909e+02	 550.00	 600.00	 11.00	 1	 0.62	 
BFE_305	 1	 3	 1107.jpg	 3.094776e+02	 12	 999000	 120	 999000	 999	 3.104954e+02	 550.00	 600.00	 38.00	 7	 0.16	 
BFE_305	 1	 3	 1217.jpg	 3.134822e+02	 12	 999000	 120	 999000	 999	 3.144999e+02	 550.00	 600.00	 17.00	 38	 0.56	 
BFE_305	 1	 3	 2207.jpg	 3.164687e+02	 24	 999000	 240	 999000	 999	 3.174866e+02	 550.00	 600.00	 44.00	 28	 0.77	 
BFE_305	 1	 3	 1106.jpg	 3.224755e+02	 12	 999000	 120	 999000	 999	 3.234934e+02	 550.00	 600.00	 21.00	 6	 0.50	 
BFE_305	 1	 3	 1102.jpg	 3.244777e+02	 12	 999000	 120	 999000	 999	 3.254956e+02	 550.00	 600.00	 22.00	 2	 0.49	 
BFE_305	 1	 3	 1210.jpg	 3.274812e+02	 12	 999000	 120	 999000	 999	 3.284990e+02	 550.00	 600.00	 8.00	 31	 0.69	 
BFE_305	 1	 3	 1219.jpg	 3.294664e+02	 12	 999000	 120	 999000	 999	 3.304845e+02	 550.00	 600.00	 19.00	 40	 0.51	 
BFE_305	 1	 3	 2113.jpg	 3.314689e+02	 24	 999000	 240	 999000	 999	 3.324867e+02	 550.00	 600.00	 78.00	 13	 0.25	 
BFE_305	 1	 3	 1209.jpg	 3.334712e+02	 12	 999000	 120	 999000	 999	 3.344890e+02	 550.00	 600.00	 20.00	 30	 0.50	 
BFE_305	 1	 3	 2218.jpg	 3.364746e+02	 22	 1.015382e+03	 2200	 6.000317e+02	 98	 3.374924e+02	 550.00	 550.00	 47.00	 39	 0.73	 
BFE_305	 1	 3	 1206.jpg	 3.404791e+02	 12	 999000	 120	 999000	 999	 3.414969e+02	 550.00	 550.00	 14.00	 27	 0.60	 
BFE_305	 1	 3	 2205.jpg	 3.424813e+02	 24	 999000	 240	 999000	 999	 3.434991e+02	 550.00	 550.00	 59.00	 26	 0.53	 
BFE_305	 1	 3	 2209.jpg	 3.444666e+02	 24	 999000	 240	 999000	 999	 3.454846e+02	 550.00	 550.00	 57.00	 30	 0.59	 
BFE_305	 1	 3	 2102.jpg	 3.464692e+02	 22	 1.076782e+03	 2200	 5.500331e+02	 98	 3.474869e+02	 550.00	 500.00	 55.00	 2	 0.62	 
BFE_305	 1	 3	 2203.jpg	 3.484713e+02	 24	 999000	 240	 999000	 999	 3.494891e+02	 550.00	 500.00	 43.00	 24	 0.81	 
BFE_305	 1	 3	 1212.jpg	 3.504736e+02	 12	 999000	 120	 999000	 999	 3.514915e+02	 550.00	 500.00	 9.00	 33	 0.67	 
BFE_305	 1	 3	 1203.jpg	 3.544781e+02	 12	 999000	 120	 999000	 999	 3.554960e+02	 550.00	 500.00	 3.00	 24	 0.85	 
BFE_305	 1	 3	 2110.jpg	 3.584658e+02	 24	 999000	 240	 999000	 999	 3.594838e+02	 550.00	 500.00	 61.00	 10	 0.48	 
BFE_305	 1	 3	 1103.jpg	 3.604682e+02	 11	 1.013760e+03	 1100	 5.500387e+02	 98	 3.614885e+02	 500.00	 500.00	 10.00	 3	 0.65	 
BFE_305	 1	 3	 1205.jpg	 3.624705e+02	 11	 9.714549e+02	 110	 5.000303e+02	 98	 3.634883e+02	 516.67	 500.00	 15.00	 26	 0.59	 
BFE_305	 1	 3	 2107.jpg	 3.644727e+02	 24	 999000	 240	 999000	 999	 3.654904e+02	 516.67	 500.00	 77.00	 7	 0.26	 
BFE_305	 1	 3	 2106.jpg	 3.664767e+02	 24	 999000	 240	 999000	 999	 3.674927e+02	 516.67	 500.00	 62.00	 6	 0.46	 
BFE_305	 1	 3	 2215.jpg	 3.724817e+02	 22	 8.401994e+02	 220	 5.000381e+02	 98	 3.734994e+02	 516.67	 516.67	 58.00	 36	 0.57	 
BFE_305	 1	 3	 1118.jpg	 3.744673e+02	 12	 999000	 120	 999000	 999	 3.754850e+02	 516.67	 516.67	 37.00	 18	 0.17	 
