subjectID	 order	 runNum	 itemName	 onsetTime	 shuff_trialType	 RT	 respInTime	 AudioTime	 response	 fixationTime	 ladder1	 ladder2	 bidIndex	 itemNameIndex	 bidValue	 
BFE_308	 2	 14	 1219.jpg	 1.654492e+03	 12	 999000	 120	 999000	 999	 1.655510e+03	 916.67	 916.67	 19.00	 40	 0.53	 
BFE_308	 2	 14	 1211.jpg	 1.657479e+03	 12	 999000	 120	 999000	 999	 1.658496e+03	 916.67	 916.67	 13.00	 32	 0.67	 
BFE_308	 2	 14	 2213.jpg	 1.661483e+03	 24	 999000	 240	 999000	 999	 1.662501e+03	 916.67	 916.67	 47.00	 34	 0.76	 
BFE_308	 2	 14	 2219.jpg	 1.663485e+03	 24	 999000	 240	 999000	 999	 1.664503e+03	 916.67	 916.67	 43.00	 40	 0.83	 
BFE_308	 2	 14	 2115.jpg	 1.665488e+03	 24	 999000	 240	 999000	 999	 1.666505e+03	 916.67	 916.67	 55.00	 15	 0.58	 
BFE_308	 2	 14	 1214.jpg	 1.669476e+03	 11	 7.104896e+02	 11	 9.167141e+02	 98	 1.670493e+03	 916.67	 916.67	 11.00	 35	 0.71	 
BFE_308	 2	 14	 1117.jpg	 1.671478e+03	 12	 999000	 120	 999000	 999	 1.672495e+03	 916.67	 916.67	 37.00	 17	 0.17	 
BFE_308	 2	 14	 1210.jpg	 1.676483e+03	 12	 999000	 120	 999000	 999	 1.677501e+03	 916.67	 916.67	 38.00	 31	 0.15	 
BFE_308	 2	 14	 2102.jpg	 1.678486e+03	 22	 7.485586e+02	 22	 9.167133e+02	 98	 1.679503e+03	 916.67	 916.67	 54.00	 2	 0.60	 
BFE_308	 2	 14	 2204.jpg	 1.681489e+03	 24	 999000	 240	 999000	 999	 1.682507e+03	 916.67	 916.67	 61.00	 25	 0.51	 
BFE_308	 2	 14	 1105.jpg	 1.684476e+03	 11	 6.384418e+02	 11	 9.167002e+02	 98	 1.685493e+03	 916.67	 916.67	 17.00	 5	 0.57	 
BFE_308	 2	 14	 1103.jpg	 1.688480e+03	 11	 5.619768e+02	 11	 9.167133e+02	 98	 1.689498e+03	 916.67	 916.67	 8.00	 3	 0.74	 
BFE_308	 2	 14	 2203.jpg	 1.691483e+03	 24	 999000	 240	 999000	 999	 1.692501e+03	 916.67	 916.67	 59.00	 24	 0.53	 
BFE_308	 2	 14	 1201.jpg	 1.693486e+03	 12	 999000	 120	 999000	 999	 1.694504e+03	 916.67	 916.67	 4.00	 22	 0.80	 
BFE_308	 2	 14	 1209.jpg	 1.696489e+03	 12	 999000	 120	 999000	 999	 1.697507e+03	 916.67	 916.67	 22.00	 30	 0.46	 
BFE_308	 2	 14	 1208.jpg	 1.700477e+03	 12	 999000	 120	 999000	 999	 1.701495e+03	 916.67	 916.67	 7.00	 29	 0.76	 
BFE_308	 2	 14	 2210.jpg	 1.703480e+03	 24	 999000	 240	 999000	 999	 1.704498e+03	 916.67	 916.67	 77.00	 31	 0.17	 
BFE_308	 2	 14	 1114.jpg	 1.705482e+03	 11	 5.755674e+02	 11	 9.167003e+02	 98	 1.706500e+03	 916.67	 916.67	 9.00	 14	 0.71	 
BFE_308	 2	 14	 1216.jpg	 1.707485e+03	 12	 999000	 120	 999000	 999	 1.708503e+03	 916.67	 916.67	 10.00	 37	 0.71	 
BFE_308	 2	 14	 1109.jpg	 1.712473e+03	 12	 9.126707e+02	 12	 999000	 98	 1.713492e+03	 916.67	 916.67	 18.00	 9	 0.54	 
BFE_308	 2	 14	 2216.jpg	 1.716478e+03	 24	 999000	 240	 999000	 999	 1.717496e+03	 916.67	 916.67	 53.00	 37	 0.64	 
BFE_308	 2	 14	 2105.jpg	 1.720483e+03	 24	 999000	 240	 999000	 999	 1.721500e+03	 916.67	 916.67	 50.00	 5	 0.68	 
BFE_308	 2	 14	 2218.jpg	 1.726489e+03	 22	 6.966601e+02	 22	 9.166993e+02	 98	 1.727507e+03	 916.67	 916.67	 57.00	 39	 0.58	 
BFE_308	 2	 14	 1207.jpg	 1.728475e+03	 12	 999000	 120	 999000	 999	 1.729493e+03	 916.67	 916.67	 12.00	 28	 0.67	 
BFE_308	 2	 14	 1113.jpg	 1.730477e+03	 12	 999000	 120	 999000	 999	 1.731495e+03	 916.67	 916.67	 20.00	 13	 0.53	 
BFE_308	 2	 14	 2116.jpg	 1.732479e+03	 24	 999000	 240	 999000	 999	 1.733497e+03	 916.67	 916.67	 62.00	 16	 0.51	 
BFE_308	 2	 14	 2121.jpg	 1.734482e+03	 22	 5.283570e+02	 22	 9.167045e+02	 98	 1.735500e+03	 916.67	 916.67	 48.00	 21	 0.72	 
BFE_308	 2	 14	 2206.jpg	 1.738486e+03	 24	 999000	 240	 999000	 999	 1.739504e+03	 916.67	 916.67	 60.00	 27	 0.52	 
BFE_308	 2	 14	 2109.jpg	 1.740489e+03	 22	 1.129522e+03	 2200	 9.166999e+02	 98	 1.741506e+03	 916.67	 866.67	 56.00	 9	 0.58	 
BFE_308	 2	 14	 1202.jpg	 1.744476e+03	 12	 999000	 120	 999000	 999	 1.745494e+03	 916.67	 866.67	 21.00	 23	 0.47	 
BFE_308	 2	 14	 1215.jpg	 1.746478e+03	 12	 999000	 120	 999000	 999	 1.747496e+03	 916.67	 866.67	 15.00	 36	 0.59	 
BFE_308	 2	 14	 2208.jpg	 1.748481e+03	 24	 999000	 240	 999000	 999	 1.749499e+03	 916.67	 866.67	 58.00	 29	 0.56	 
BFE_308	 2	 14	 2111.jpg	 1.750483e+03	 24	 999000	 240	 999000	 999	 1.751501e+03	 916.67	 866.67	 78.00	 11	 0.14	 
BFE_308	 2	 14	 2215.jpg	 1.755489e+03	 24	 999000	 240	 999000	 999	 1.756506e+03	 916.67	 866.67	 44.00	 36	 0.79	 
BFE_308	 2	 14	 2110.jpg	 1.757474e+03	 24	 999000	 240	 999000	 999	 1.758492e+03	 916.67	 866.67	 52.00	 10	 0.66	 
BFE_308	 2	 14	 1218.jpg	 1.759476e+03	 12	 999000	 120	 999000	 999	 1.760494e+03	 916.67	 866.67	 3.00	 39	 0.85	 
BFE_308	 2	 14	 2103.jpg	 1.762480e+03	 22	 1.050249e+03	 2200	 8.667062e+02	 98	 1.763498e+03	 916.67	 816.67	 51.00	 3	 0.67	 
BFE_308	 2	 14	 1203.jpg	 1.769488e+03	 11	 8.183754e+02	 11	 9.167205e+02	 98	 1.770506e+03	 916.67	 816.67	 16.00	 24	 0.58	 
BFE_308	 2	 14	 1110.jpg	 1.773475e+03	 11	 5.505570e+02	 11	 9.167210e+02	 98	 1.774493e+03	 916.67	 816.67	 14.00	 10	 0.60	 
BFE_308	 2	 14	 2209.jpg	 1.780484e+03	 22	 6.065319e+02	 22	 8.167022e+02	 98	 1.781501e+03	 916.67	 833.33	 49.00	 30	 0.71	 
