subjectID	 order	 runNum	 itemName	 onsetTime	 shuff_trialType	 RT	 respInTime	 AudioTime	 response	 fixationTime	 ladder1	 ladder2	 bidIndex	 itemNameIndex	 bidValue	 
BFE_339	 1	 17	 1209.jpg	 1.538535e+03	 12	 999000	 120	 999000	 999	 1.539552e+03	 750.00	 750.00	 17.00	 30	 0.54	 
BFE_339	 1	 17	 1207.jpg	 1.540537e+03	 12	 999000	 120	 999000	 999	 1.541555e+03	 750.00	 750.00	 22.00	 28	 0.49	 
BFE_339	 1	 17	 2112.jpg	 1.544525e+03	 24	 999000	 240	 999000	 999	 1.545542e+03	 750.00	 750.00	 62.00	 12	 0.49	 
BFE_339	 1	 17	 2204.jpg	 1.547528e+03	 22	 1.010192e+03	 2200	 7.500599e+02	 98	 1.548548e+03	 750.00	 700.00	 53.00	 25	 0.62	 
BFE_339	 1	 17	 2106.jpg	 1.549530e+03	 22	 8.558669e+02	 220	 7.000386e+02	 98	 1.550548e+03	 750.00	 716.67	 58.00	 6	 0.55	 
BFE_339	 1	 17	 1202.jpg	 1.552550e+03	 12	 999000	 120	 999000	 999	 1.553568e+03	 750.00	 716.67	 20.00	 23	 0.49	 
BFE_339	 1	 17	 2209.jpg	 1.556538e+03	 24	 999000	 240	 999000	 999	 1.557556e+03	 750.00	 716.67	 48.00	 30	 0.71	 
BFE_339	 1	 17	 1120.jpg	 1.560526e+03	 11	 1.164272e+03	 1100	 7.500625e+02	 98	 1.561544e+03	 700.00	 716.67	 18.00	 20	 0.54	 
BFE_339	 1	 17	 2114.jpg	 1.562528e+03	 24	 999000	 240	 999000	 999	 1.563546e+03	 700.00	 716.67	 59.00	 14	 0.52	 
BFE_339	 1	 17	 2116.jpg	 1.567534e+03	 24	 999000	 240	 999000	 999	 1.568551e+03	 700.00	 716.67	 51.00	 16	 0.65	 
BFE_339	 1	 17	 2215.jpg	 1.569536e+03	 22	 9.782284e+02	 220	 7.167176e+02	 98	 1.570554e+03	 700.00	 733.33	 52.00	 36	 0.64	 
BFE_339	 1	 17	 1205.jpg	 1.571521e+03	 11	 9.608431e+02	 110	 7.000487e+02	 98	 1.572539e+03	 716.67	 733.33	 12.00	 26	 0.64	 
BFE_339	 1	 17	 1219.jpg	 1.577528e+03	 12	 999000	 120	 999000	 999	 1.578546e+03	 716.67	 733.33	 14.00	 40	 0.58	 
BFE_339	 1	 17	 2211.jpg	 1.579530e+03	 22	 9.996160e+02	 220	 7.333775e+02	 98	 1.580550e+03	 716.67	 750.00	 50.00	 32	 0.68	 
BFE_339	 1	 17	 1203.jpg	 1.581533e+03	 12	 999000	 120	 999000	 999	 1.582553e+03	 716.67	 750.00	 38.00	 24	 0.21	 
BFE_339	 1	 17	 1214.jpg	 1.583535e+03	 12	 999000	 120	 999000	 999	 1.584553e+03	 716.67	 750.00	 4.00	 35	 0.76	 
BFE_339	 1	 17	 2115.jpg	 1.587523e+03	 24	 999000	 240	 999000	 999	 1.588541e+03	 716.67	 750.00	 49.00	 15	 0.69	 
BFE_339	 1	 17	 1204.jpg	 1.591527e+03	 12	 999000	 120	 999000	 999	 1.592545e+03	 716.67	 750.00	 19.00	 25	 0.53	 
BFE_339	 1	 17	 1109.jpg	 1.594531e+03	 11	 9.354259e+02	 110	 7.167203e+02	 98	 1.595549e+03	 733.33	 750.00	 7.00	 9	 0.71	 
BFE_339	 1	 17	 2101.jpg	 1.598535e+03	 24	 999000	 240	 999000	 999	 1.599553e+03	 733.33	 750.00	 61.00	 1	 0.50	 
BFE_339	 1	 17	 2111.jpg	 1.601522e+03	 24	 999000	 240	 999000	 999	 1.602540e+03	 733.33	 750.00	 60.00	 11	 0.50	 
BFE_339	 1	 17	 2202.jpg	 1.603524e+03	 24	 999000	 240	 999000	 999	 1.604542e+03	 733.33	 750.00	 54.00	 23	 0.61	 
BFE_339	 1	 17	 1210.jpg	 1.607529e+03	 12	 999000	 120	 999000	 999	 1.608546e+03	 733.33	 750.00	 21.00	 31	 0.49	 
BFE_339	 1	 17	 2205.jpg	 1.609531e+03	 22	 1.007353e+03	 2200	 7.500471e+02	 98	 1.610551e+03	 733.33	 700.00	 55.00	 26	 0.61	 
BFE_339	 1	 17	 1218.jpg	 1.611533e+03	 11	 8.771080e+02	 110	 7.333858e+02	 98	 1.612551e+03	 750.00	 700.00	 15.00	 39	 0.58	 
BFE_339	 1	 17	 1121.jpg	 1.615538e+03	 12	 999000	 120	 999000	 999	 1.616555e+03	 750.00	 700.00	 3.00	 21	 0.78	 
BFE_339	 1	 17	 1206.jpg	 1.617523e+03	 12	 999000	 120	 999000	 999	 1.618541e+03	 750.00	 700.00	 9.00	 27	 0.68	 
BFE_339	 1	 17	 2201.jpg	 1.621528e+03	 24	 999000	 240	 999000	 999	 1.622545e+03	 750.00	 700.00	 56.00	 22	 0.59	 
BFE_339	 1	 17	 1114.jpg	 1.625535e+03	 12	 999000	 120	 999000	 999	 1.626550e+03	 750.00	 700.00	 11.00	 14	 0.67	 
BFE_339	 1	 17	 2109.jpg	 1.628535e+03	 22	 9.066649e+02	 220	 7.000502e+02	 98	 1.629553e+03	 750.00	 716.67	 47.00	 9	 0.74	 
BFE_339	 1	 17	 2104.jpg	 1.634526e+03	 24	 999000	 240	 999000	 999	 1.635543e+03	 750.00	 716.67	 57.00	 4	 0.57	 
BFE_339	 1	 17	 1102.jpg	 1.636528e+03	 11	 1.050337e+03	 1100	 7.500452e+02	 98	 1.637546e+03	 700.00	 716.67	 13.00	 2	 0.63	 
BFE_339	 1	 17	 1201.jpg	 1.640532e+03	 11	 9.738576e+02	 110	 7.000431e+02	 98	 1.641550e+03	 716.67	 716.67	 10.00	 22	 0.67	 
BFE_339	 1	 17	 1215.jpg	 1.642534e+03	 12	 1.155631e+03	 12	 999000	 98	 1.643552e+03	 716.67	 716.67	 16.00	 36	 0.56	 
BFE_339	 1	 17	 2213.jpg	 1.644537e+03	 24	 999000	 240	 999000	 999	 1.645555e+03	 716.67	 716.67	 44.00	 34	 0.82	 
BFE_339	 1	 17	 1111.jpg	 1.646522e+03	 12	 999000	 120	 999000	 999	 1.647540e+03	 716.67	 716.67	 8.00	 11	 0.70	 
BFE_339	 1	 17	 2216.jpg	 1.651528e+03	 24	 999000	 240	 999000	 999	 1.652546e+03	 716.67	 716.67	 43.00	 37	 0.92	 
BFE_339	 1	 17	 1107.jpg	 1.653530e+03	 12	 999000	 120	 999000	 999	 1.654548e+03	 716.67	 716.67	 37.00	 7	 0.22	 
BFE_339	 1	 17	 2102.jpg	 1.655532e+03	 24	 999000	 240	 999000	 999	 1.656550e+03	 716.67	 716.67	 77.00	 2	 0.20	 
BFE_339	 1	 17	 2117.jpg	 1.658536e+03	 24	 999000	 240	 999000	 999	 1.659554e+03	 716.67	 716.67	 78.00	 17	 0.20	 
