subjectID	 order	 runNum	 itemName	 onsetTime	 shuff_trialType	 RT	 respInTime	 AudioTime	 response	 fixationTime	 ladder1	 ladder2	 bidIndex	 itemNameIndex	 bidValue	 
BFE_336	 2	 11	 2219.jpg	 5.393125e+02	 22	 1.065862e+03	 2200	 6.834019e+02	 98	 5.403306e+02	 616.67	 633.33	 54.00	 40	 0.61	 
BFE_336	 2	 11	 1103.jpg	 5.413151e+02	 12	 999000	 120	 999000	 999	 5.423328e+02	 616.67	 633.33	 12.00	 3	 0.57	 
BFE_336	 2	 11	 2116.jpg	 5.453026e+02	 24	 999000	 240	 999000	 999	 5.463206e+02	 616.67	 633.33	 52.00	 16	 0.66	 
BFE_336	 2	 11	 1116.jpg	 5.483062e+02	 12	 999000	 120	 999000	 999	 5.493240e+02	 616.67	 633.33	 22.00	 16	 0.44	 
BFE_336	 2	 11	 1213.jpg	 5.503085e+02	 12	 999000	 120	 999000	 999	 5.513263e+02	 616.67	 633.33	 21.00	 34	 0.47	 
BFE_336	 2	 11	 1201.jpg	 5.533119e+02	 12	 999000	 120	 999000	 999	 5.543296e+02	 616.67	 633.33	 10.00	 22	 0.63	 
BFE_336	 2	 11	 2107.jpg	 5.573163e+02	 24	 999000	 240	 999000	 999	 5.583341e+02	 616.67	 633.33	 60.00	 7	 0.49	 
BFE_336	 2	 11	 2218.jpg	 5.613041e+02	 22	 9.222363e+02	 220	 6.333783e+02	 98	 5.623219e+02	 616.67	 650.00	 51.00	 39	 0.66	 
BFE_336	 2	 11	 2212.jpg	 5.633063e+02	 24	 999000	 240	 999000	 999	 5.643241e+02	 616.67	 650.00	 59.00	 33	 0.50	 
BFE_336	 2	 11	 1215.jpg	 5.683120e+02	 12	 999000	 120	 999000	 999	 5.693298e+02	 616.67	 650.00	 7.00	 36	 0.68	 
BFE_336	 2	 11	 2213.jpg	 5.703142e+02	 24	 999000	 240	 999000	 999	 5.713320e+02	 616.67	 650.00	 58.00	 34	 0.52	 
BFE_336	 2	 11	 2103.jpg	 5.723165e+02	 24	 999000	 240	 999000	 999	 5.733343e+02	 616.67	 650.00	 43.00	 3	 0.79	 
BFE_336	 2	 11	 1208.jpg	 5.783066e+02	 12	 999000	 120	 999000	 999	 5.793244e+02	 616.67	 650.00	 15.00	 29	 0.54	 
BFE_336	 2	 11	 2118.jpg	 5.803089e+02	 24	 999000	 240	 999000	 999	 5.813265e+02	 616.67	 650.00	 47.00	 18	 0.76	 
BFE_336	 2	 11	 1112.jpg	 5.823111e+02	 12	 999000	 120	 999000	 999	 5.833288e+02	 616.67	 650.00	 13.00	 12	 0.54	 
BFE_336	 2	 11	 2106.jpg	 5.843133e+02	 24	 999000	 240	 999000	 999	 5.853311e+02	 616.67	 650.00	 55.00	 6	 0.60	 
BFE_336	 2	 11	 1110.jpg	 5.883177e+02	 12	 999000	 120	 999000	 999	 5.893356e+02	 616.67	 650.00	 18.00	 10	 0.50	 
BFE_336	 2	 11	 1102.jpg	 5.923056e+02	 11	 8.566839e+02	 110	 6.167239e+02	 98	 5.933234e+02	 633.33	 650.00	 9.00	 2	 0.65	 
BFE_336	 2	 11	 2202.jpg	 5.953089e+02	 24	 999000	 240	 999000	 999	 5.963267e+02	 633.33	 650.00	 77.00	 23	 0.32	 
BFE_336	 2	 11	 2113.jpg	 5.993134e+02	 24	 999000	 240	 999000	 999	 6.003312e+02	 633.33	 650.00	 61.00	 13	 0.48	 
BFE_336	 2	 11	 2206.jpg	 6.023168e+02	 22	 8.935284e+02	 220	 6.500453e+02	 98	 6.033345e+02	 633.33	 666.67	 48.00	 27	 0.75	 
BFE_336	 2	 11	 1204.jpg	 6.043025e+02	 12	 999000	 120	 999000	 999	 6.053201e+02	 633.33	 666.67	 38.00	 25	 0.33	 
BFE_336	 2	 11	 2207.jpg	 6.083069e+02	 22	 9.274674e+02	 220	 6.667101e+02	 98	 6.093246e+02	 633.33	 683.33	 57.00	 28	 0.53	 
BFE_336	 2	 11	 2215.jpg	 6.103091e+02	 24	 999000	 240	 999000	 999	 6.113270e+02	 633.33	 683.33	 78.00	 36	 0.32	 
BFE_336	 2	 11	 1109.jpg	 6.123113e+02	 11	 8.829808e+02	 110	 6.333747e+02	 98	 6.133291e+02	 650.00	 683.33	 17.00	 9	 0.51	 
BFE_336	 2	 11	 1203.jpg	 6.163159e+02	 11	 8.704738e+02	 110	 6.500400e+02	 98	 6.173336e+02	 666.67	 683.33	 16.00	 24	 0.51	 
BFE_336	 2	 11	 2111.jpg	 6.183181e+02	 24	 999000	 240	 999000	 999	 6.193358e+02	 666.67	 683.33	 44.00	 11	 0.78	 
BFE_336	 2	 11	 2208.jpg	 6.223060e+02	 24	 999000	 240	 999000	 999	 6.233236e+02	 666.67	 683.33	 50.00	 29	 0.67	 
BFE_336	 2	 11	 1214.jpg	 6.263104e+02	 11	 8.999739e+02	 110	 6.667165e+02	 98	 6.273281e+02	 683.33	 683.33	 11.00	 35	 0.60	 
BFE_336	 2	 11	 2108.jpg	 6.293137e+02	 24	 999000	 240	 999000	 999	 6.303316e+02	 683.33	 683.33	 62.00	 8	 0.47	 
BFE_336	 2	 11	 2203.jpg	 6.353035e+02	 22	 9.388122e+02	 220	 6.833843e+02	 98	 6.363216e+02	 683.33	 700.00	 56.00	 24	 0.56	 
BFE_336	 2	 11	 1113.jpg	 6.373061e+02	 11	 9.442857e+02	 110	 6.833855e+02	 98	 6.383238e+02	 700.00	 700.00	 8.00	 13	 0.68	 
BFE_336	 2	 11	 1205.jpg	 6.413105e+02	 12	 999000	 120	 999000	 999	 6.423283e+02	 700.00	 700.00	 20.00	 26	 0.48	 
BFE_336	 2	 11	 2201.jpg	 6.433128e+02	 22	 9.615671e+02	 220	 7.000383e+02	 98	 6.443306e+02	 700.00	 716.67	 49.00	 22	 0.75	 
BFE_336	 2	 11	 1219.jpg	 6.453150e+02	 12	 999000	 120	 999000	 999	 6.463328e+02	 700.00	 716.67	 19.00	 40	 0.50	 
BFE_336	 2	 11	 1210.jpg	 6.473173e+02	 12	 999000	 120	 999000	 999	 6.483350e+02	 700.00	 716.67	 37.00	 31	 0.34	 
BFE_336	 2	 11	 1216.jpg	 6.523062e+02	 12	 999000	 120	 999000	 999	 6.533239e+02	 700.00	 716.67	 3.00	 37	 0.75	 
BFE_336	 2	 11	 1101.jpg	 6.543084e+02	 11	 9.499336e+02	 110	 7.000413e+02	 98	 6.553262e+02	 716.67	 716.67	 14.00	 1	 0.54	 
BFE_336	 2	 11	 2101.jpg	 6.563107e+02	 24	 999000	 240	 999000	 999	 6.573285e+02	 716.67	 716.67	 53.00	 1	 0.63	 
BFE_336	 2	 11	 1218.jpg	 6.593141e+02	 12	 999000	 120	 999000	 999	 6.603318e+02	 716.67	 716.67	 4.00	 39	 0.73	 
