subjectID	 order	 runNum	 itemName	 onsetTime	 shuff_trialType	 RT	 respInTime	 AudioTime	 response	 fixationTime	 ladder1	 ladder2	 bidIndex	 itemNameIndex	 bidValue	 
BFE_356	 2	 5	 1110.jpg	 5.116606e+02	 11	 9.095509e+02	 110	 6.167159e+02	 98	 5.126783e+02	 633.33	 683.33	 11.00	 10	 0.59	 
BFE_356	 2	 5	 2119.jpg	 5.166495e+02	 24	 999000	 240	 999000	 999	 5.176672e+02	 633.33	 683.33	 44.00	 19	 0.67	 
BFE_356	 2	 5	 1217.jpg	 5.186517e+02	 12	 999000	 120	 999000	 999	 5.196694e+02	 633.33	 683.33	 13.00	 38	 0.58	 
BFE_356	 2	 5	 1104.jpg	 5.206538e+02	 11	 9.643361e+02	 110	 6.333645e+02	 98	 5.216717e+02	 650.00	 683.33	 8.00	 4	 0.63	 
BFE_356	 2	 5	 1204.jpg	 5.266437e+02	 12	 999000	 120	 999000	 999	 5.276618e+02	 650.00	 683.33	 3.00	 25	 0.73	 
BFE_356	 2	 5	 2104.jpg	 5.286462e+02	 24	 999000	 240	 999000	 999	 5.296640e+02	 650.00	 683.33	 61.00	 4	 0.52	 
BFE_356	 2	 5	 1120.jpg	 5.316496e+02	 12	 999000	 120	 999000	 999	 5.326674e+02	 650.00	 683.33	 21.00	 20	 0.47	 
BFE_356	 2	 5	 1215.jpg	 5.336519e+02	 12	 999000	 120	 999000	 999	 5.346696e+02	 650.00	 683.33	 20.00	 36	 0.48	 
BFE_356	 2	 5	 1105.jpg	 5.376564e+02	 12	 999000	 120	 999000	 999	 5.386741e+02	 650.00	 683.33	 12.00	 5	 0.59	 
BFE_356	 2	 5	 1101.jpg	 5.396585e+02	 11	 9.676306e+02	 110	 6.500378e+02	 98	 5.406764e+02	 666.67	 683.33	 16.00	 1	 0.52	 
BFE_356	 2	 5	 1206.jpg	 5.446475e+02	 11	 9.786090e+02	 110	 6.666974e+02	 98	 5.456653e+02	 683.33	 683.33	 9.00	 27	 0.62	 
BFE_356	 2	 5	 1119.jpg	 5.516553e+02	 12	 999000	 120	 999000	 999	 5.526732e+02	 683.33	 683.33	 18.00	 19	 0.49	 
BFE_356	 2	 5	 2206.jpg	 5.536576e+02	 24	 999000	 240	 999000	 999	 5.546754e+02	 683.33	 683.33	 43.00	 27	 0.69	 
BFE_356	 2	 5	 2204.jpg	 5.566440e+02	 22	 1.006117e+03	 2200	 6.833923e+02	 98	 5.576624e+02	 683.33	 633.33	 51.00	 25	 0.59	 
BFE_356	 2	 5	 2218.jpg	 5.596478e+02	 22	 9.864126e+02	 220	 6.333753e+02	 98	 5.606654e+02	 683.33	 650.00	 54.00	 39	 0.58	 
BFE_356	 2	 5	 1216.jpg	 5.636522e+02	 12	 999000	 120	 999000	 999	 5.646699e+02	 683.33	 650.00	 37.00	 37	 0.33	 
BFE_356	 2	 5	 1112.jpg	 5.676567e+02	 12	 999000	 120	 999000	 999	 5.686744e+02	 683.33	 650.00	 15.00	 12	 0.52	 
BFE_356	 2	 5	 1205.jpg	 5.716442e+02	 12	 999000	 120	 999000	 999	 5.726622e+02	 683.33	 650.00	 7.00	 26	 0.65	 
BFE_356	 2	 5	 2115.jpg	 5.746478e+02	 24	 999000	 240	 999000	 999	 5.756656e+02	 683.33	 650.00	 47.00	 15	 0.62	 
BFE_356	 2	 5	 2202.jpg	 5.806545e+02	 24	 999000	 240	 999000	 999	 5.816723e+02	 683.33	 650.00	 53.00	 23	 0.58	 
BFE_356	 2	 5	 2108.jpg	 5.826568e+02	 24	 999000	 240	 999000	 999	 5.836746e+02	 683.33	 650.00	 77.00	 8	 0.28	 
BFE_356	 2	 5	 1114.jpg	 5.856433e+02	 12	 999000	 120	 999000	 999	 5.866612e+02	 683.33	 650.00	 19.00	 14	 0.49	 
BFE_356	 2	 5	 2116.jpg	 5.876458e+02	 24	 999000	 240	 999000	 999	 5.886635e+02	 683.33	 650.00	 59.00	 16	 0.54	 
BFE_356	 2	 5	 2110.jpg	 5.896479e+02	 24	 999000	 240	 999000	 999	 5.906657e+02	 683.33	 650.00	 58.00	 10	 0.54	 
BFE_356	 2	 5	 2113.jpg	 5.916502e+02	 22	 9.919531e+02	 220	 6.500338e+02	 98	 5.926681e+02	 683.33	 666.67	 57.00	 13	 0.57	 
BFE_356	 2	 5	 2208.jpg	 5.946536e+02	 24	 999000	 240	 999000	 999	 5.956714e+02	 683.33	 666.67	 78.00	 29	 0.27	 
BFE_356	 2	 5	 2217.jpg	 5.986581e+02	 22	 9.760782e+02	 220	 6.667325e+02	 98	 5.996758e+02	 683.33	 683.33	 56.00	 38	 0.57	 
BFE_356	 2	 5	 2216.jpg	 6.006433e+02	 24	 999000	 240	 999000	 999	 6.016614e+02	 683.33	 683.33	 52.00	 37	 0.58	 
BFE_356	 2	 5	 2205.jpg	 6.026458e+02	 22	 4.362942e+02	 22	 6.833745e+02	 98	 6.036637e+02	 683.33	 700.00	 48.00	 26	 0.62	 
BFE_356	 2	 5	 1207.jpg	 6.046481e+02	 12	 999000	 120	 999000	 999	 6.056659e+02	 683.33	 700.00	 4.00	 28	 0.71	 
BFE_356	 2	 5	 1210.jpg	 6.066503e+02	 12	 999000	 120	 999000	 999	 6.076681e+02	 683.33	 700.00	 22.00	 31	 0.46	 
BFE_356	 2	 5	 1218.jpg	 6.086526e+02	 11	 9.655461e+02	 110	 6.833669e+02	 98	 6.096704e+02	 700.00	 700.00	 14.00	 39	 0.58	 
BFE_356	 2	 5	 2203.jpg	 6.126571e+02	 24	 999000	 240	 999000	 999	 6.136749e+02	 700.00	 700.00	 60.00	 24	 0.52	 
BFE_356	 2	 5	 1214.jpg	 6.166449e+02	 12	 999000	 120	 999000	 999	 6.176628e+02	 700.00	 700.00	 10.00	 35	 0.60	 
BFE_356	 2	 5	 2120.jpg	 6.186471e+02	 24	 999000	 240	 999000	 999	 6.196647e+02	 700.00	 700.00	 62.00	 20	 0.48	 
BFE_356	 2	 5	 1209.jpg	 6.206494e+02	 12	 999000	 120	 999000	 999	 6.216670e+02	 700.00	 700.00	 38.00	 30	 0.32	 
BFE_356	 2	 5	 2213.jpg	 6.226516e+02	 22	 1.054492e+03	 2200	 7.000296e+02	 98	 6.236694e+02	 700.00	 650.00	 49.00	 34	 0.60	 
BFE_356	 2	 5	 1111.jpg	 6.246540e+02	 11	 9.881187e+02	 110	 7.000336e+02	 98	 6.256717e+02	 716.67	 650.00	 17.00	 11	 0.50	 
BFE_356	 2	 5	 2102.jpg	 6.306437e+02	 24	 999000	 240	 999000	 999	 6.316617e+02	 716.67	 650.00	 50.00	 2	 0.59	 
BFE_356	 2	 5	 2118.jpg	 6.326461e+02	 24	 999000	 240	 999000	 999	 6.336637e+02	 716.67	 650.00	 55.00	 18	 0.57	 
