subjectID	 order	 runNum	 itemName	 onsetTime	 shuff_trialType	 RT	 respInTime	 AudioTime	 response	 fixationTime	 ladder1	 ladder2	 bidIndex	 itemNameIndex	 bidValue	 
BFE_334	 2	 10	 1121.jpg	 3.904915e+02	 11	 1.055028e+03	 1100	 6.500462e+02	 98	 3.915094e+02	 600.00	 516.67	 14.00	 21	 0.58	 
BFE_334	 2	 10	 1209.jpg	 3.924938e+02	 12	 999000	 120	 999000	 999	 3.935117e+02	 600.00	 516.67	 37.00	 30	 0.28	 
BFE_334	 2	 10	 1119.jpg	 3.964817e+02	 12	 999000	 120	 999000	 999	 3.974995e+02	 600.00	 516.67	 19.00	 19	 0.47	 
BFE_334	 2	 10	 1216.jpg	 3.994850e+02	 11	 9.814846e+02	 110	 6.000340e+02	 98	 4.005029e+02	 616.67	 516.67	 8.00	 37	 0.67	 
BFE_334	 2	 10	 1208.jpg	 4.014873e+02	 12	 999000	 120	 999000	 999	 4.025050e+02	 616.67	 516.67	 3.00	 29	 0.81	 
BFE_334	 2	 10	 2219.jpg	 4.044906e+02	 24	 999000	 240	 999000	 999	 4.055084e+02	 616.67	 516.67	 44.00	 40	 0.80	 
BFE_334	 2	 10	 2211.jpg	 4.084784e+02	 22	 7.881558e+02	 220	 5.167240e+02	 98	 4.094962e+02	 616.67	 533.33	 48.00	 32	 0.73	 
BFE_334	 2	 10	 2209.jpg	 4.124829e+02	 22	 8.875765e+02	 220	 5.333931e+02	 98	 4.135006e+02	 616.67	 550.00	 51.00	 30	 0.67	 
BFE_334	 2	 10	 2218.jpg	 4.144851e+02	 22	 9.414178e+02	 220	 5.500513e+02	 98	 4.155030e+02	 616.67	 566.67	 54.00	 39	 0.52	 
BFE_334	 2	 10	 2210.jpg	 4.194908e+02	 24	 999000	 240	 999000	 999	 4.205086e+02	 616.67	 566.67	 59.00	 31	 0.47	 
BFE_334	 2	 10	 2206.jpg	 4.214930e+02	 24	 999000	 240	 999000	 999	 4.225107e+02	 616.67	 566.67	 62.00	 27	 0.44	 
BFE_334	 2	 10	 1111.jpg	 4.234784e+02	 12	 999000	 120	 999000	 999	 4.244964e+02	 616.67	 566.67	 18.00	 11	 0.48	 
BFE_334	 2	 10	 2202.jpg	 4.294853e+02	 24	 999000	 240	 999000	 999	 4.305031e+02	 616.67	 566.67	 78.00	 23	 0.27	 
BFE_334	 2	 10	 2214.jpg	 4.314876e+02	 22	 9.629511e+02	 220	 5.667072e+02	 98	 4.325053e+02	 616.67	 583.33	 56.00	 35	 0.51	 
BFE_334	 2	 10	 2106.jpg	 4.334897e+02	 24	 999000	 240	 999000	 999	 4.345075e+02	 616.67	 583.33	 53.00	 6	 0.55	 
BFE_334	 2	 10	 1113.jpg	 4.354920e+02	 11	 1.062554e+03	 1100	 6.166980e+02	 98	 4.365098e+02	 566.67	 583.33	 9.00	 13	 0.66	 
BFE_334	 2	 10	 1117.jpg	 4.394799e+02	 11	 9.946336e+02	 110	 5.667110e+02	 98	 4.404976e+02	 583.33	 583.33	 11.00	 17	 0.62	 
BFE_334	 2	 10	 2205.jpg	 4.434843e+02	 24	 999000	 240	 999000	 999	 4.445020e+02	 583.33	 583.33	 47.00	 26	 0.77	 
BFE_334	 2	 10	 1109.jpg	 4.464877e+02	 11	 9.388727e+02	 110	 5.833676e+02	 98	 4.475055e+02	 600.00	 583.33	 16.00	 9	 0.51	 
BFE_334	 2	 10	 1218.jpg	 4.504921e+02	 12	 999000	 120	 999000	 999	 4.515099e+02	 600.00	 583.33	 10.00	 39	 0.63	 
BFE_334	 2	 10	 1213.jpg	 4.534789e+02	 12	 999000	 120	 999000	 999	 4.544993e+02	 600.00	 583.33	 12.00	 34	 0.61	 
BFE_334	 2	 10	 2217.jpg	 4.554811e+02	 24	 999000	 240	 999000	 999	 4.564988e+02	 600.00	 583.33	 77.00	 38	 0.30	 
BFE_334	 2	 10	 1205.jpg	 4.594856e+02	 12	 999000	 120	 999000	 999	 4.605033e+02	 600.00	 583.33	 21.00	 26	 0.47	 
BFE_334	 2	 10	 1102.jpg	 4.614878e+02	 12	 999000	 120	 999000	 999	 4.625056e+02	 600.00	 583.33	 38.00	 2	 0.22	 
BFE_334	 2	 10	 2112.jpg	 4.634902e+02	 24	 999000	 240	 999000	 999	 4.645078e+02	 600.00	 583.33	 61.00	 12	 0.45	 
BFE_334	 2	 10	 1107.jpg	 4.674776e+02	 12	 999000	 120	 999000	 999	 4.684956e+02	 600.00	 583.33	 20.00	 7	 0.47	 
BFE_334	 2	 10	 1215.jpg	 4.694801e+02	 12	 999000	 120	 999000	 999	 4.704979e+02	 600.00	 583.33	 7.00	 36	 0.69	 
BFE_334	 2	 10	 2105.jpg	 4.734846e+02	 24	 999000	 240	 999000	 999	 4.745024e+02	 600.00	 583.33	 58.00	 5	 0.48	 
BFE_334	 2	 10	 2216.jpg	 4.774891e+02	 24	 999000	 240	 999000	 999	 4.785068e+02	 600.00	 583.33	 43.00	 37	 0.84	 
BFE_334	 2	 10	 2113.jpg	 4.804925e+02	 24	 999000	 240	 999000	 999	 4.815102e+02	 600.00	 583.33	 52.00	 13	 0.62	 
BFE_334	 2	 10	 2110.jpg	 4.864825e+02	 24	 999000	 240	 999000	 999	 4.875002e+02	 600.00	 583.33	 50.00	 10	 0.67	 
BFE_334	 2	 10	 1219.jpg	 4.884847e+02	 12	 999000	 120	 999000	 999	 4.895026e+02	 600.00	 583.33	 15.00	 40	 0.56	 
BFE_334	 2	 10	 1206.jpg	 4.924892e+02	 12	 999000	 120	 999000	 999	 4.935070e+02	 600.00	 583.33	 22.00	 27	 0.46	 
BFE_334	 2	 10	 1110.jpg	 4.944915e+02	 12	 999000	 120	 999000	 999	 4.955093e+02	 600.00	 583.33	 13.00	 10	 0.60	 
BFE_334	 2	 10	 2109.jpg	 4.964937e+02	 24	 999000	 240	 999000	 999	 4.975114e+02	 600.00	 583.33	 60.00	 9	 0.47	 
BFE_334	 2	 10	 2116.jpg	 4.984794e+02	 22	 9.071569e+02	 220	 5.833714e+02	 98	 4.994970e+02	 600.00	 600.00	 57.00	 16	 0.50	 
BFE_334	 2	 10	 2204.jpg	 5.034849e+02	 22	 9.016341e+02	 220	 6.000552e+02	 98	 5.045027e+02	 600.00	 616.67	 49.00	 25	 0.71	 
BFE_334	 2	 10	 1211.jpg	 5.054871e+02	 12	 999000	 120	 999000	 999	 5.065048e+02	 600.00	 616.67	 4.00	 32	 0.80	 
BFE_334	 2	 10	 2107.jpg	 5.074893e+02	 24	 999000	 240	 999000	 999	 5.085072e+02	 600.00	 616.67	 55.00	 7	 0.51	 
BFE_334	 2	 10	 1214.jpg	 5.104927e+02	 11	 9.818564e+02	 110	 6.000558e+02	 98	 5.115105e+02	 616.67	 616.67	 17.00	 35	 0.48	 
