subjectID	 order	 runNum	 itemName	 onsetTime	 shuff_trialType	 RT	 respInTime	 AudioTime	 response	 fixationTime	 ladder1	 ladder2	 bidIndex	 itemNameIndex	 bidValue	 
BFE_305	 1	 1	 1101.jpg	 1.332308e+00	 12	 999000	 120	 999000	 999	 2.349482e+00	 750.00	 750.00	 11.00	 1	 0.62	 
BFE_305	 1	 1	 2207.jpg	 3.317313e+00	 24	 999000	 240	 999000	 999	 4.335100e+00	 750.00	 750.00	 44.00	 28	 0.77	 
BFE_305	 1	 1	 1206.jpg	 7.304892e+00	 12	 999000	 120	 999000	 999	 8.322942e+00	 750.00	 750.00	 14.00	 27	 0.60	 
BFE_305	 1	 1	 1204.jpg	 1.030847e+01	 11	 1.093462e+03	 1100	 7.500635e+02	 98	 1.132628e+01	 700.00	 750.00	 13.00	 25	 0.61	 
BFE_305	 1	 1	 2214.jpg	 1.231078e+01	 24	 999000	 240	 999000	 999	 1.332851e+01	 700.00	 750.00	 48.00	 35	 0.73	 
BFE_305	 1	 1	 1210.jpg	 1.531416e+01	 12	 999000	 120	 999000	 999	 1.633199e+01	 700.00	 750.00	 8.00	 31	 0.69	 
BFE_305	 1	 1	 2204.jpg	 1.931858e+01	 24	 999000	 240	 999000	 999	 2.033638e+01	 700.00	 750.00	 56.00	 25	 0.59	 
BFE_305	 1	 1	 2201.jpg	 2.330611e+01	 24	 999000	 240	 999000	 999	 2.432435e+01	 700.00	 750.00	 51.00	 22	 0.70	 
BFE_305	 1	 1	 1212.jpg	 2.530865e+01	 12	 999000	 120	 999000	 999	 2.632649e+01	 700.00	 750.00	 9.00	 33	 0.67	 
BFE_305	 1	 1	 1118.jpg	 3.031437e+01	 12	 999000	 120	 999000	 999	 3.133211e+01	 700.00	 750.00	 37.00	 18	 0.17	 
BFE_305	 1	 1	 1201.jpg	 3.231655e+01	 12	 999000	 120	 999000	 999	 3.333429e+01	 700.00	 750.00	 4.00	 22	 0.84	 
BFE_305	 1	 1	 1219.jpg	 3.431875e+01	 12	 999000	 120	 999000	 999	 3.533673e+01	 700.00	 750.00	 19.00	 40	 0.51	 
BFE_305	 1	 1	 2121.jpg	 4.030890e+01	 24	 999000	 240	 999000	 999	 4.132666e+01	 700.00	 750.00	 54.00	 21	 0.63	 
BFE_305	 1	 1	 1215.jpg	 4.231107e+01	 11	 1.210881e+03	 1100	 7.000260e+02	 98	 4.332890e+01	 650.00	 750.00	 12.00	 36	 0.61	 
BFE_305	 1	 1	 2113.jpg	 4.431334e+01	 24	 999000	 240	 999000	 999	 4.533116e+01	 650.00	 750.00	 78.00	 13	 0.25	 
BFE_305	 1	 1	 1205.jpg	 4.631562e+01	 11	 9.583130e+02	 110	 6.500920e+02	 98	 4.733338e+01	 666.67	 750.00	 15.00	 26	 0.59	 
BFE_305	 1	 1	 2215.jpg	 5.032014e+01	 22	 9.858123e+02	 220	 7.500471e+02	 98	 5.133782e+01	 666.67	 766.67	 58.00	 36	 0.57	 
BFE_305	 1	 1	 2110.jpg	 5.430796e+01	 24	 999000	 240	 999000	 999	 5.532566e+01	 666.67	 766.67	 61.00	 10	 0.48	 
BFE_305	 1	 1	 1217.jpg	 5.731131e+01	 12	 999000	 120	 999000	 999	 5.832907e+01	 666.67	 766.67	 17.00	 38	 0.56	 
BFE_305	 1	 1	 1214.jpg	 6.131578e+01	 11	 1.022158e+03	 1100	 6.666947e+02	 98	 6.233352e+01	 616.67	 766.67	 7.00	 35	 0.77	 
BFE_305	 1	 1	 2203.jpg	 6.431914e+01	 24	 6.588067e+02	 24	 999000	 98	 6.533688e+01	 616.67	 766.67	 43.00	 24	 0.81	 
BFE_305	 1	 1	 1103.jpg	 6.632142e+01	 11	 1.128553e+03	 1100	 6.166971e+02	 98	 6.733909e+01	 566.67	 766.67	 10.00	 3	 0.65	 
BFE_305	 1	 1	 1110.jpg	 7.030916e+01	 11	 9.167859e+02	 110	 5.667031e+02	 98	 7.132703e+01	 583.33	 766.67	 18.00	 10	 0.55	 
BFE_305	 1	 1	 2106.jpg	 7.231145e+01	 24	 999000	 240	 999000	 999	 7.332922e+01	 583.33	 766.67	 62.00	 6	 0.46	 
BFE_305	 1	 1	 2211.jpg	 7.431372e+01	 24	 999000	 240	 999000	 999	 7.533143e+01	 583.33	 766.67	 49.00	 32	 0.73	 
BFE_305	 1	 1	 2212.jpg	 7.831820e+01	 22	 1.027763e+03	 2200	 7.667001e+02	 98	 7.933595e+01	 583.33	 716.67	 52.00	 33	 0.66	 
BFE_305	 1	 1	 2107.jpg	 8.032041e+01	 24	 999000	 240	 999000	 999	 8.133815e+01	 583.33	 716.67	 77.00	 7	 0.26	 
BFE_305	 1	 1	 1106.jpg	 8.430824e+01	 12	 999000	 120	 999000	 999	 8.532599e+01	 583.33	 716.67	 21.00	 6	 0.50	 
BFE_305	 1	 1	 1102.jpg	 8.831279e+01	 12	 999000	 120	 999000	 999	 8.933054e+01	 583.33	 716.67	 22.00	 2	 0.49	 
BFE_305	 1	 1	 2102.jpg	 9.131613e+01	 22	 1.085814e+03	 2200	 7.166994e+02	 98	 9.233381e+01	 583.33	 666.67	 55.00	 2	 0.62	 
BFE_305	 1	 1	 2120.jpg	 9.730592e+01	 22	 1.200027e+03	 2200	 6.667089e+02	 98	 9.832387e+01	 583.33	 616.67	 53.00	 20	 0.63	 
BFE_305	 1	 1	 2101.jpg	 9.930837e+01	 24	 999000	 240	 999000	 999	 1.003262e+02	 583.33	 616.67	 60.00	 1	 0.51	 
BFE_305	 1	 1	 1107.jpg	 1.033128e+02	 12	 999000	 120	 999000	 999	 1.043306e+02	 583.33	 616.67	 38.00	 7	 0.16	 
BFE_305	 1	 1	 2216.jpg	 1.053152e+02	 22	 9.347117e+02	 220	 6.166969e+02	 98	 1.063329e+02	 583.33	 633.33	 50.00	 37	 0.71	 
BFE_305	 1	 1	 2218.jpg	 1.073174e+02	 22	 9.246271e+02	 220	 6.333684e+02	 98	 1.083352e+02	 583.33	 650.00	 47.00	 39	 0.73	 
BFE_305	 1	 1	 1121.jpg	 1.093196e+02	 12	 999000	 120	 999000	 999	 1.103374e+02	 583.33	 650.00	 16.00	 21	 0.58	 
BFE_305	 1	 1	 2209.jpg	 1.143085e+02	 24	 999000	 240	 999000	 999	 1.153263e+02	 583.33	 650.00	 57.00	 30	 0.59	 
BFE_305	 1	 1	 1209.jpg	 1.163108e+02	 12	 999000	 120	 999000	 999	 1.173286e+02	 583.33	 650.00	 20.00	 30	 0.50	 
BFE_305	 1	 1	 2205.jpg	 1.183131e+02	 24	 999000	 240	 999000	 999	 1.193309e+02	 583.33	 650.00	 59.00	 26	 0.53	 
BFE_305	 1	 1	 1203.jpg	 1.213164e+02	 12	 999000	 120	 999000	 999	 1.223342e+02	 583.33	 650.00	 3.00	 24	 0.85	 
