subjectID	 order	 runNum	 itemName	 onsetTime	 shuff_trialType	 RT	 respInTime	 AudioTime	 response	 fixationTime	 ladder1	 ladder2	 bidIndex	 itemNameIndex	 bidValue	 
BFE_308	 2	 3	 1208.jpg	 2.619121e+02	 12	 999000	 120	 999000	 999	 2.629299e+02	 683.33	 683.33	 7.00	 29	 0.76	 
BFE_308	 2	 3	 1201.jpg	 2.638978e+02	 12	 999000	 120	 999000	 999	 2.649155e+02	 683.33	 683.33	 4.00	 22	 0.80	 
BFE_308	 2	 3	 2121.jpg	 2.679022e+02	 22	 9.318092e+02	 220	 6.833876e+02	 98	 2.689200e+02	 683.33	 700.00	 48.00	 21	 0.72	 
BFE_308	 2	 3	 2213.jpg	 2.709056e+02	 24	 999000	 240	 999000	 999	 2.719233e+02	 683.33	 700.00	 47.00	 34	 0.76	 
BFE_308	 2	 3	 1218.jpg	 2.729078e+02	 12	 999000	 120	 999000	 999	 2.739257e+02	 683.33	 700.00	 3.00	 39	 0.85	 
BFE_308	 2	 3	 2206.jpg	 2.759113e+02	 24	 999000	 240	 999000	 999	 2.769289e+02	 683.33	 700.00	 60.00	 27	 0.52	 
BFE_308	 2	 3	 2109.jpg	 2.798989e+02	 22	 9.911202e+02	 220	 7.000408e+02	 98	 2.809168e+02	 683.33	 716.67	 56.00	 9	 0.58	 
BFE_308	 2	 3	 2219.jpg	 2.839036e+02	 24	 999000	 240	 999000	 999	 2.849213e+02	 683.33	 716.67	 43.00	 40	 0.83	 
BFE_308	 2	 3	 1103.jpg	 2.859057e+02	 11	 9.682967e+02	 110	 6.833838e+02	 98	 2.869236e+02	 700.00	 716.67	 8.00	 3	 0.74	 
BFE_308	 2	 3	 2203.jpg	 2.909114e+02	 24	 999000	 240	 999000	 999	 2.919292e+02	 700.00	 716.67	 59.00	 24	 0.53	 
BFE_308	 2	 3	 2210.jpg	 2.928969e+02	 24	 999000	 240	 999000	 999	 2.939147e+02	 700.00	 716.67	 77.00	 31	 0.17	 
BFE_308	 2	 3	 1110.jpg	 2.948992e+02	 11	 9.748611e+02	 110	 7.000282e+02	 98	 2.959169e+02	 716.67	 716.67	 14.00	 10	 0.60	 
BFE_308	 2	 3	 2208.jpg	 3.009060e+02	 24	 999000	 240	 999000	 999	 3.019237e+02	 716.67	 716.67	 58.00	 29	 0.56	 
BFE_308	 2	 3	 2216.jpg	 3.029082e+02	 24	 999000	 240	 999000	 999	 3.039259e+02	 716.67	 716.67	 53.00	 37	 0.64	 
BFE_308	 2	 3	 1109.jpg	 3.049105e+02	 12	 999000	 120	 999000	 999	 3.059282e+02	 716.67	 716.67	 18.00	 9	 0.54	 
BFE_308	 2	 3	 2111.jpg	 3.068956e+02	 24	 999000	 240	 999000	 999	 3.079137e+02	 716.67	 716.67	 78.00	 11	 0.14	 
BFE_308	 2	 3	 1207.jpg	 3.109005e+02	 12	 999000	 120	 999000	 999	 3.119182e+02	 716.67	 716.67	 12.00	 28	 0.67	 
BFE_308	 2	 3	 2209.jpg	 3.149050e+02	 22	 9.690943e+02	 220	 7.167066e+02	 98	 3.159227e+02	 716.67	 733.33	 49.00	 30	 0.71	 
BFE_308	 2	 3	 1211.jpg	 3.179084e+02	 12	 999000	 120	 999000	 999	 3.189261e+02	 716.67	 733.33	 13.00	 32	 0.67	 
BFE_308	 2	 3	 1216.jpg	 3.218959e+02	 12	 999000	 120	 999000	 999	 3.229139e+02	 716.67	 733.33	 10.00	 37	 0.71	 
BFE_308	 2	 3	 2115.jpg	 3.248995e+02	 24	 999000	 240	 999000	 999	 3.259173e+02	 716.67	 733.33	 55.00	 15	 0.58	 
BFE_308	 2	 3	 2218.jpg	 3.269017e+02	 22	 9.643100e+02	 220	 7.333672e+02	 98	 3.279195e+02	 716.67	 750.00	 57.00	 39	 0.58	 
BFE_308	 2	 3	 1219.jpg	 3.309063e+02	 12	 999000	 120	 999000	 999	 3.319240e+02	 716.67	 750.00	 19.00	 40	 0.53	 
BFE_308	 2	 3	 1214.jpg	 3.329086e+02	 11	 9.654680e+02	 110	 7.166949e+02	 98	 3.339262e+02	 733.33	 750.00	 11.00	 35	 0.71	 
BFE_308	 2	 3	 2103.jpg	 3.349108e+02	 22	 9.232759e+02	 220	 7.500360e+02	 98	 3.359285e+02	 733.33	 766.67	 51.00	 3	 0.67	 
BFE_308	 2	 3	 2105.jpg	 3.388986e+02	 24	 999000	 240	 999000	 999	 3.399164e+02	 733.33	 766.67	 50.00	 5	 0.68	 
BFE_308	 2	 3	 2102.jpg	 3.409008e+02	 22	 9.812516e+02	 220	 7.667000e+02	 98	 3.419186e+02	 733.33	 783.33	 54.00	 2	 0.60	 
BFE_308	 2	 3	 2116.jpg	 3.449054e+02	 24	 999000	 240	 999000	 999	 3.459232e+02	 733.33	 783.33	 62.00	 16	 0.51	 
BFE_308	 2	 3	 1202.jpg	 3.489098e+02	 12	 999000	 120	 999000	 999	 3.499276e+02	 733.33	 783.33	 21.00	 23	 0.47	 
BFE_308	 2	 3	 1114.jpg	 3.518962e+02	 11	 9.458847e+02	 110	 7.333635e+02	 98	 3.529143e+02	 750.00	 783.33	 9.00	 14	 0.71	 
BFE_308	 2	 3	 1117.jpg	 3.579033e+02	 12	 999000	 120	 999000	 999	 3.589210e+02	 750.00	 783.33	 37.00	 17	 0.17	 
BFE_308	 2	 3	 1209.jpg	 3.599054e+02	 12	 999000	 120	 999000	 999	 3.609232e+02	 750.00	 783.33	 22.00	 30	 0.46	 
BFE_308	 2	 3	 1105.jpg	 3.639100e+02	 11	 9.960368e+02	 110	 7.500337e+02	 98	 3.649278e+02	 766.67	 783.33	 17.00	 5	 0.57	 
BFE_308	 2	 3	 2204.jpg	 3.658953e+02	 24	 999000	 240	 999000	 999	 3.669133e+02	 766.67	 783.33	 61.00	 25	 0.51	 
BFE_308	 2	 3	 1215.jpg	 3.678978e+02	 12	 999000	 120	 999000	 999	 3.689156e+02	 766.67	 783.33	 15.00	 36	 0.59	 
BFE_308	 2	 3	 1203.jpg	 3.699000e+02	 11	 9.980317e+02	 110	 7.666969e+02	 98	 3.709178e+02	 783.33	 783.33	 16.00	 24	 0.58	 
BFE_308	 2	 3	 1210.jpg	 3.749056e+02	 12	 3.204178e+02	 12	 999000	 98	 3.759235e+02	 783.33	 783.33	 38.00	 31	 0.15	 
BFE_308	 2	 3	 1113.jpg	 3.769078e+02	 12	 999000	 120	 999000	 999	 3.779256e+02	 783.33	 783.33	 20.00	 13	 0.53	 
BFE_308	 2	 3	 2215.jpg	 3.789102e+02	 24	 999000	 240	 999000	 999	 3.799279e+02	 783.33	 783.33	 44.00	 36	 0.79	 
BFE_308	 2	 3	 2110.jpg	 3.818969e+02	 24	 999000	 240	 999000	 999	 3.829146e+02	 783.33	 783.33	 52.00	 10	 0.66	 
