subjectID	 order	 runNum	 itemName	 onsetTime	 shuff_trialType	 RT	 respInTime	 AudioTime	 response	 fixationTime	 ladder1	 ladder2	 bidIndex	 itemNameIndex	 bidValue	 
BFE_337	 1	 14	 2117.jpg	 9.165119e+02	 22	 9.141525e+02	 220	 6.500558e+02	 98	 9.175297e+02	 650.00	 666.67	 55.00	 17	 0.55	 
BFE_337	 1	 14	 2106.jpg	 9.215009e+02	 24	 999000	 240	 999000	 999	 9.225187e+02	 650.00	 666.67	 59.00	 6	 0.50	 
BFE_337	 1	 14	 2207.jpg	 9.235032e+02	 24	 999000	 240	 999000	 999	 9.245208e+02	 650.00	 666.67	 62.00	 28	 0.46	 
BFE_337	 1	 14	 1209.jpg	 9.255081e+02	 12	 999000	 120	 999000	 999	 9.265232e+02	 650.00	 666.67	 3.00	 30	 0.79	 
BFE_337	 1	 14	 1205.jpg	 9.315122e+02	 12	 999000	 120	 999000	 999	 9.325300e+02	 650.00	 666.67	 9.00	 26	 0.68	 
BFE_337	 1	 14	 1121.jpg	 9.334976e+02	 11	 9.924113e+02	 110	 6.500725e+02	 98	 9.345154e+02	 666.67	 666.67	 12.00	 21	 0.64	 
BFE_337	 1	 14	 1212.jpg	 9.365010e+02	 12	 999000	 120	 999000	 999	 9.375188e+02	 666.67	 666.67	 21.00	 33	 0.50	 
BFE_337	 1	 14	 1105.jpg	 9.385033e+02	 11	 1.018737e+03	 1100	 6.667095e+02	 98	 9.395210e+02	 616.67	 666.67	 18.00	 5	 0.55	 
BFE_337	 1	 14	 1213.jpg	 9.425077e+02	 12	 999000	 120	 999000	 999	 9.435255e+02	 616.67	 666.67	 16.00	 34	 0.56	 
BFE_337	 1	 14	 1206.jpg	 9.445100e+02	 11	 1.084077e+03	 1100	 6.167028e+02	 98	 9.455278e+02	 566.67	 666.67	 10.00	 27	 0.65	 
BFE_337	 1	 14	 2219.jpg	 9.494989e+02	 24	 999000	 240	 999000	 999	 9.505166e+02	 566.67	 666.67	 44.00	 40	 0.82	 
BFE_337	 1	 14	 1118.jpg	 9.565067e+02	 12	 999000	 120	 999000	 999	 9.575245e+02	 566.67	 666.67	 38.00	 18	 0.19	 
BFE_337	 1	 14	 1106.jpg	 9.585089e+02	 12	 999000	 120	 999000	 999	 9.595267e+02	 566.67	 666.67	 4.00	 6	 0.79	 
BFE_337	 1	 14	 1115.jpg	 9.615124e+02	 11	 7.856724e+02	 110	 5.667033e+02	 98	 9.625302e+02	 583.33	 666.67	 13.00	 15	 0.63	 
BFE_337	 1	 14	 2206.jpg	 9.644991e+02	 24	 3.429739e+02	 24	 999000	 98	 9.655169e+02	 583.33	 666.67	 51.00	 27	 0.63	 
BFE_337	 1	 14	 1107.jpg	 9.685035e+02	 12	 999000	 120	 999000	 999	 9.695213e+02	 583.33	 666.67	 20.00	 7	 0.50	 
BFE_337	 1	 14	 1215.jpg	 9.725080e+02	 12	 999000	 120	 999000	 999	 9.735258e+02	 583.33	 666.67	 22.00	 36	 0.48	 
BFE_337	 1	 14	 2213.jpg	 9.765125e+02	 24	 999000	 240	 999000	 999	 9.775302e+02	 583.33	 666.67	 49.00	 34	 0.70	 
BFE_337	 1	 14	 2107.jpg	 9.794991e+02	 24	 999000	 240	 999000	 999	 9.805170e+02	 583.33	 666.67	 78.00	 7	 0.20	 
BFE_337	 1	 14	 2114.jpg	 9.855059e+02	 24	 999000	 240	 999000	 999	 9.865236e+02	 583.33	 666.67	 60.00	 14	 0.48	 
BFE_337	 1	 14	 2204.jpg	 9.875081e+02	 24	 999000	 240	 999000	 999	 9.885259e+02	 583.33	 666.67	 57.00	 25	 0.52	 
BFE_337	 1	 14	 1117.jpg	 9.905115e+02	 12	 999000	 120	 999000	 999	 9.915293e+02	 583.33	 666.67	 11.00	 17	 0.64	 
BFE_337	 1	 14	 2103.jpg	 9.924968e+02	 24	 999000	 240	 999000	 999	 9.935149e+02	 583.33	 666.67	 48.00	 3	 0.73	 
BFE_337	 1	 14	 2101.jpg	 9.944993e+02	 24	 999000	 240	 999000	 999	 9.955171e+02	 583.33	 666.67	 54.00	 1	 0.59	 
BFE_337	 1	 14	 1216.jpg	 9.965016e+02	 12	 999000	 120	 999000	 999	 9.975193e+02	 583.33	 666.67	 14.00	 37	 0.61	 
BFE_337	 1	 14	 2211.jpg	 9.995049e+02	 22	 9.371358e+02	 220	 6.667052e+02	 98	 1.000523e+03	 583.33	 683.33	 50.00	 32	 0.63	 
BFE_337	 1	 14	 1217.jpg	 1.003509e+03	 12	 999000	 120	 999000	 999	 1.004527e+03	 583.33	 683.33	 8.00	 38	 0.70	 
BFE_337	 1	 14	 1114.jpg	 1.005512e+03	 12	 999000	 120	 999000	 999	 1.006529e+03	 583.33	 683.33	 19.00	 14	 0.52	 
BFE_337	 1	 14	 1109.jpg	 1.007497e+03	 11	 9.207814e+02	 110	 5.833807e+02	 98	 1.008515e+03	 600.00	 683.33	 7.00	 9	 0.73	 
BFE_337	 1	 14	 2216.jpg	 1.009499e+03	 22	 8.866405e+02	 220	 6.834074e+02	 98	 1.010517e+03	 600.00	 700.00	 47.00	 37	 0.74	 
BFE_337	 1	 14	 2108.jpg	 1.011502e+03	 24	 999000	 240	 999000	 999	 1.012520e+03	 600.00	 700.00	 77.00	 8	 0.21	 
BFE_337	 1	 14	 1120.jpg	 1.013504e+03	 12	 999000	 120	 999000	 999	 1.014522e+03	 600.00	 700.00	 37.00	 20	 0.22	 
BFE_337	 1	 14	 2209.jpg	 1.017508e+03	 24	 999000	 240	 999000	 999	 1.018526e+03	 600.00	 700.00	 43.00	 30	 0.83	 
BFE_337	 1	 14	 1112.jpg	 1.021513e+03	 12	 999000	 120	 999000	 999	 1.022531e+03	 600.00	 700.00	 17.00	 12	 0.56	 
BFE_337	 1	 14	 2102.jpg	 1.023498e+03	 22	 1.175576e+03	 2200	 7.000439e+02	 98	 1.024516e+03	 600.00	 650.00	 58.00	 2	 0.51	 
BFE_337	 1	 14	 1102.jpg	 1.025501e+03	 11	 8.453838e+02	 110	 6.000497e+02	 98	 1.026518e+03	 616.67	 650.00	 15.00	 2	 0.59	 
BFE_337	 1	 14	 2212.jpg	 1.027503e+03	 22	 8.751371e+02	 220	 6.500520e+02	 98	 1.028521e+03	 616.67	 666.67	 53.00	 33	 0.59	 
BFE_337	 1	 14	 2217.jpg	 1.029505e+03	 24	 999000	 240	 999000	 999	 1.030523e+03	 616.67	 666.67	 56.00	 38	 0.52	 
BFE_337	 1	 14	 2109.jpg	 1.035512e+03	 22	 1.106100e+03	 2200	 6.667076e+02	 98	 1.036530e+03	 616.67	 616.67	 52.00	 9	 0.63	 
BFE_337	 1	 14	 2104.jpg	 1.037497e+03	 24	 999000	 240	 999000	 999	 1.038515e+03	 616.67	 616.67	 61.00	 4	 0.46	 
