subjectID	 order	 runNum	 itemName	 onsetTime	 shuff_trialType	 RT	 respInTime	 AudioTime	 response	 fixationTime	 ladder1	 ladder2	 bidIndex	 itemNameIndex	 bidValue	 
BFE_305	 1	 14	 1205.jpg	 1.641706e+03	 11	 4.876425e+02	 110	 1.834234e+02	 98	 1.642724e+03	 200.00	 383.33	 15.00	 26	 0.59	 
BFE_305	 1	 14	 1102.jpg	 1.644693e+03	 12	 999000	 120	 999000	 999	 1.645711e+03	 200.00	 383.33	 22.00	 2	 0.49	 
BFE_305	 1	 14	 2216.jpg	 1.646695e+03	 22	 7.387997e+02	 220	 3.833771e+02	 98	 1.647713e+03	 200.00	 400.00	 50.00	 37	 0.71	 
BFE_305	 1	 14	 1106.jpg	 1.648697e+03	 12	 999000	 120	 999000	 999	 1.649715e+03	 200.00	 400.00	 21.00	 6	 0.50	 
BFE_305	 1	 14	 1110.jpg	 1.650700e+03	 11	 5.822471e+02	 110	 2.000309e+02	 98	 1.651717e+03	 216.67	 400.00	 18.00	 10	 0.55	 
BFE_305	 1	 14	 1103.jpg	 1.653703e+03	 11	 5.949241e+02	 110	 2.167002e+02	 98	 1.654721e+03	 233.33	 400.00	 10.00	 3	 0.65	 
BFE_305	 1	 14	 1214.jpg	 1.655705e+03	 11	 7.447048e+02	 110	 2.333652e+02	 98	 1.656723e+03	 250.00	 400.00	 7.00	 35	 0.77	 
BFE_305	 1	 14	 1107.jpg	 1.659693e+03	 12	 999000	 120	 999000	 999	 1.660711e+03	 250.00	 400.00	 38.00	 7	 0.16	 
BFE_305	 1	 14	 1212.jpg	 1.661695e+03	 12	 999000	 120	 999000	 999	 1.662713e+03	 250.00	 400.00	 9.00	 33	 0.67	 
BFE_305	 1	 14	 2214.jpg	 1.666701e+03	 24	 999000	 240	 999000	 999	 1.667719e+03	 250.00	 400.00	 48.00	 35	 0.73	 
BFE_305	 1	 14	 1210.jpg	 1.668703e+03	 12	 999000	 120	 999000	 999	 1.669721e+03	 250.00	 400.00	 8.00	 31	 0.69	 
BFE_305	 1	 14	 1121.jpg	 1.672691e+03	 12	 999000	 120	 999000	 999	 1.673709e+03	 250.00	 400.00	 16.00	 21	 0.58	 
BFE_305	 1	 14	 2101.jpg	 1.674693e+03	 24	 999000	 240	 999000	 999	 1.675711e+03	 250.00	 400.00	 60.00	 1	 0.51	 
BFE_305	 1	 14	 2107.jpg	 1.677697e+03	 24	 999000	 240	 999000	 999	 1.678714e+03	 250.00	 400.00	 77.00	 7	 0.26	 
BFE_305	 1	 14	 2205.jpg	 1.682702e+03	 24	 999000	 240	 999000	 999	 1.683720e+03	 250.00	 400.00	 59.00	 26	 0.53	 
BFE_305	 1	 14	 1209.jpg	 1.684704e+03	 12	 999000	 120	 999000	 999	 1.685722e+03	 250.00	 400.00	 20.00	 30	 0.50	 
BFE_305	 1	 14	 1203.jpg	 1.686707e+03	 12	 999000	 120	 999000	 999	 1.687724e+03	 250.00	 400.00	 3.00	 24	 0.85	 
BFE_305	 1	 14	 1219.jpg	 1.690695e+03	 12	 999000	 120	 999000	 999	 1.691712e+03	 250.00	 400.00	 19.00	 40	 0.51	 
BFE_305	 1	 14	 2212.jpg	 1.694699e+03	 22	 9.828976e+02	 220	 4.000305e+02	 98	 1.695717e+03	 250.00	 416.67	 52.00	 33	 0.66	 
BFE_305	 1	 14	 2102.jpg	 1.698703e+03	 22	 8.248235e+01	 2	 4.166956e+02	 104	 1.699721e+03	 250.00	 366.67	 55.00	 2	 0.62	 
BFE_305	 1	 14	 1217.jpg	 1.700706e+03	 12	 999000	 120	 999000	 999	 1.701724e+03	 250.00	 366.67	 17.00	 38	 0.56	 
BFE_305	 1	 14	 2203.jpg	 1.702691e+03	 24	 999000	 240	 999000	 999	 1.703709e+03	 250.00	 366.67	 43.00	 24	 0.81	 
BFE_305	 1	 14	 2113.jpg	 1.704694e+03	 24	 999000	 240	 999000	 999	 1.705711e+03	 250.00	 366.67	 78.00	 13	 0.25	 
BFE_305	 1	 14	 2120.jpg	 1.706696e+03	 22	 8.900758e+02	 220	 3.666934e+02	 98	 1.707714e+03	 250.00	 383.33	 53.00	 20	 0.63	 
BFE_305	 1	 14	 2209.jpg	 1.712703e+03	 24	 9.713283e+02	 24	 999000	 98	 1.713720e+03	 250.00	 383.33	 57.00	 30	 0.59	 
BFE_305	 1	 14	 1101.jpg	 1.715706e+03	 12	 999000	 120	 999000	 999	 1.716724e+03	 250.00	 383.33	 11.00	 1	 0.62	 
BFE_305	 1	 14	 2218.jpg	 1.717691e+03	 22	 9.747082e+02	 220	 3.833606e+02	 98	 1.718709e+03	 250.00	 400.00	 47.00	 39	 0.73	 
BFE_305	 1	 14	 1118.jpg	 1.719694e+03	 12	 999000	 120	 999000	 999	 1.720712e+03	 250.00	 400.00	 37.00	 18	 0.17	 
BFE_305	 1	 14	 1204.jpg	 1.722697e+03	 11	 5.366910e+02	 110	 2.500293e+02	 98	 1.723715e+03	 266.67	 400.00	 13.00	 25	 0.61	 
BFE_305	 1	 14	 2204.jpg	 1.724699e+03	 24	 999000	 240	 999000	 999	 1.725717e+03	 266.67	 400.00	 56.00	 25	 0.59	 
BFE_305	 1	 14	 1206.jpg	 1.726702e+03	 12	 999000	 120	 999000	 999	 1.727719e+03	 266.67	 400.00	 14.00	 27	 0.60	 
BFE_305	 1	 14	 2121.jpg	 1.728704e+03	 24	 999000	 240	 999000	 999	 1.729722e+03	 266.67	 400.00	 54.00	 21	 0.63	 
BFE_305	 1	 14	 2110.jpg	 1.731707e+03	 24	 999000	 240	 999000	 999	 1.732725e+03	 266.67	 400.00	 61.00	 10	 0.48	 
BFE_305	 1	 14	 2201.jpg	 1.733693e+03	 24	 999000	 240	 999000	 999	 1.734711e+03	 266.67	 400.00	 51.00	 22	 0.70	 
BFE_305	 1	 14	 1201.jpg	 1.735695e+03	 12	 999000	 120	 999000	 999	 1.736713e+03	 266.67	 400.00	 4.00	 22	 0.84	 
BFE_305	 1	 14	 1215.jpg	 1.737697e+03	 11	 6.886943e+02	 110	 2.666970e+02	 98	 1.738715e+03	 283.33	 400.00	 12.00	 36	 0.61	 
BFE_305	 1	 14	 2207.jpg	 1.739700e+03	 24	 999000	 240	 999000	 999	 1.740717e+03	 283.33	 400.00	 44.00	 28	 0.77	 
BFE_305	 1	 14	 2211.jpg	 1.745706e+03	 24	 999000	 240	 999000	 999	 1.746724e+03	 283.33	 400.00	 49.00	 32	 0.73	 
BFE_305	 1	 14	 2215.jpg	 1.748693e+03	 22	 9.809576e+02	 220	 4.000287e+02	 98	 1.749711e+03	 283.33	 416.67	 58.00	 36	 0.57	 
BFE_305	 1	 14	 2106.jpg	 1.752698e+03	 24	 999000	 240	 999000	 999	 1.753715e+03	 283.33	 416.67	 62.00	 6	 0.46	 
