subjectID	 order	 runNum	 itemName	 onsetTime	 shuff_trialType	 RT	 respInTime	 AudioTime	 response	 fixationTime	 ladder1	 ladder2	 bidIndex	 itemNameIndex	 bidValue	 
BFE_337	 1	 7	 2219.jpg	 1.336722e+00	 24	 999000	 240	 999000	 999	 2.354211e+00	 750.00	 750.00	 44.00	 40	 0.82	 
BFE_337	 1	 7	 1216.jpg	 3.321975e+00	 12	 5.680530e+02	 12	 999000	 98	 4.339743e+00	 750.00	 750.00	 14.00	 37	 0.61	 
BFE_337	 1	 7	 1109.jpg	 7.326478e+00	 11	 1.019536e+03	 1100	 7.506452e+02	 98	 8.344260e+00	 700.00	 750.00	 7.00	 9	 0.73	 
BFE_337	 1	 7	 1118.jpg	 1.031285e+01	 12	 999000	 120	 999000	 999	 1.133097e+01	 700.00	 750.00	 38.00	 18	 0.19	 
BFE_337	 1	 7	 1213.jpg	 1.231545e+01	 12	 999000	 120	 999000	 999	 1.333320e+01	 700.00	 750.00	 16.00	 34	 0.56	 
BFE_337	 1	 7	 1117.jpg	 1.531880e+01	 12	 999000	 120	 999000	 999	 1.633654e+01	 700.00	 750.00	 11.00	 17	 0.64	 
BFE_337	 1	 7	 1114.jpg	 1.932326e+01	 12	 999000	 120	 999000	 999	 2.034115e+01	 700.00	 750.00	 19.00	 14	 0.52	 
BFE_337	 1	 7	 2106.jpg	 2.332775e+01	 24	 999000	 240	 999000	 999	 2.434550e+01	 700.00	 750.00	 59.00	 6	 0.50	 
BFE_337	 1	 7	 2104.jpg	 2.531301e+01	 24	 999000	 240	 999000	 999	 2.633114e+01	 700.00	 750.00	 61.00	 4	 0.46	 
BFE_337	 1	 7	 2103.jpg	 3.031893e+01	 24	 999000	 240	 999000	 999	 3.133669e+01	 700.00	 750.00	 48.00	 3	 0.73	 
BFE_337	 1	 7	 2209.jpg	 3.232113e+01	 24	 999000	 240	 999000	 999	 3.333901e+01	 700.00	 750.00	 43.00	 30	 0.83	 
BFE_337	 1	 7	 2102.jpg	 3.432353e+01	 22	 1.046500e+03	 2200	 7.506430e+02	 98	 3.534117e+01	 700.00	 700.00	 58.00	 2	 0.51	 
BFE_337	 1	 7	 2114.jpg	 4.031314e+01	 24	 999000	 240	 999000	 999	 4.133126e+01	 700.00	 700.00	 60.00	 14	 0.48	 
BFE_337	 1	 7	 2216.jpg	 4.231566e+01	 22	 9.583635e+02	 220	 7.000510e+02	 98	 4.333348e+01	 700.00	 716.67	 47.00	 37	 0.74	 
BFE_337	 1	 7	 1120.jpg	 4.431805e+01	 12	 999000	 120	 999000	 999	 4.533570e+01	 700.00	 716.67	 37.00	 20	 0.22	 
BFE_337	 1	 7	 2117.jpg	 4.632022e+01	 22	 1.025805e+03	 2200	 7.167143e+02	 98	 4.733794e+01	 700.00	 666.67	 55.00	 17	 0.55	 
BFE_337	 1	 7	 2211.jpg	 5.032473e+01	 22	 9.172969e+02	 220	 6.667161e+02	 98	 5.134252e+01	 700.00	 683.33	 50.00	 32	 0.63	 
BFE_337	 1	 7	 2108.jpg	 5.432914e+01	 24	 999000	 240	 999000	 999	 5.534691e+01	 700.00	 683.33	 77.00	 8	 0.21	 
BFE_337	 1	 7	 2109.jpg	 5.731585e+01	 22	 9.501882e+02	 220	 6.833726e+02	 98	 5.833360e+01	 700.00	 700.00	 52.00	 9	 0.63	 
BFE_337	 1	 7	 2217.jpg	 6.132036e+01	 24	 999000	 240	 999000	 999	 6.233811e+01	 700.00	 700.00	 56.00	 38	 0.52	 
BFE_337	 1	 7	 1102.jpg	 6.432376e+01	 11	 9.742684e+02	 110	 7.000363e+02	 98	 6.534151e+01	 716.67	 700.00	 15.00	 2	 0.59	 
BFE_337	 1	 7	 2204.jpg	 6.632597e+01	 24	 999000	 240	 999000	 999	 6.734381e+01	 716.67	 700.00	 57.00	 25	 0.52	 
BFE_337	 1	 7	 1105.jpg	 7.031396e+01	 11	 9.840877e+02	 110	 7.167150e+02	 98	 7.133156e+01	 733.33	 700.00	 18.00	 5	 0.55	 
BFE_337	 1	 7	 2107.jpg	 7.231603e+01	 24	 999000	 240	 999000	 999	 7.333388e+01	 733.33	 700.00	 78.00	 7	 0.20	 
BFE_337	 1	 7	 1209.jpg	 7.431823e+01	 12	 999000	 120	 999000	 999	 7.533608e+01	 733.33	 700.00	 3.00	 30	 0.79	 
BFE_337	 1	 7	 1121.jpg	 7.832272e+01	 11	 9.593013e+02	 110	 7.333807e+02	 98	 7.934046e+01	 750.00	 700.00	 12.00	 21	 0.64	 
BFE_337	 1	 7	 1112.jpg	 8.032499e+01	 12	 999000	 120	 999000	 999	 8.134291e+01	 750.00	 700.00	 17.00	 12	 0.56	 
BFE_337	 1	 7	 1205.jpg	 8.431250e+01	 12	 999000	 120	 999000	 999	 8.533055e+01	 750.00	 700.00	 9.00	 26	 0.68	 
BFE_337	 1	 7	 2207.jpg	 8.831731e+01	 24	 999000	 240	 999000	 999	 8.933505e+01	 750.00	 700.00	 62.00	 28	 0.46	 
BFE_337	 1	 7	 1217.jpg	 9.132066e+01	 12	 999000	 120	 999000	 999	 9.233840e+01	 750.00	 700.00	 8.00	 38	 0.70	 
BFE_337	 1	 7	 1107.jpg	 9.732745e+01	 12	 999000	 120	 999000	 999	 9.834514e+01	 750.00	 700.00	 20.00	 7	 0.50	 
BFE_337	 1	 7	 2101.jpg	 9.931270e+01	 24	 999000	 240	 999000	 999	 1.003307e+02	 750.00	 700.00	 54.00	 1	 0.59	 
BFE_337	 1	 7	 1106.jpg	 1.033174e+02	 12	 999000	 120	 999000	 999	 1.043351e+02	 750.00	 700.00	 4.00	 6	 0.79	 
BFE_337	 1	 7	 2212.jpg	 1.053197e+02	 22	 9.703375e+02	 220	 7.000361e+02	 98	 1.063374e+02	 750.00	 716.67	 53.00	 33	 0.59	 
BFE_337	 1	 7	 1215.jpg	 1.073221e+02	 12	 999000	 120	 999000	 999	 1.083396e+02	 750.00	 716.67	 22.00	 36	 0.48	 
BFE_337	 1	 7	 2213.jpg	 1.093242e+02	 24	 999000	 240	 999000	 999	 1.103419e+02	 750.00	 716.67	 49.00	 34	 0.70	 
BFE_337	 1	 7	 1206.jpg	 1.143129e+02	 11	 9.851834e+02	 110	 7.500462e+02	 98	 1.153309e+02	 766.67	 716.67	 10.00	 27	 0.65	 
BFE_337	 1	 7	 1212.jpg	 1.163154e+02	 12	 999000	 120	 999000	 999	 1.173331e+02	 766.67	 716.67	 21.00	 33	 0.50	 
BFE_337	 1	 7	 2206.jpg	 1.183176e+02	 24	 999000	 240	 999000	 999	 1.193354e+02	 766.67	 716.67	 51.00	 27	 0.63	 
BFE_337	 1	 7	 1115.jpg	 1.213210e+02	 11	 1.001093e+03	 1100	 7.667093e+02	 98	 1.223387e+02	 716.67	 716.67	 13.00	 15	 0.63	 
