subjectID	 order	 runNum	 itemName	 onsetTime	 shuff_trialType	 RT	 respInTime	 AudioTime	 response	 fixationTime	 ladder1	 ladder2	 bidIndex	 itemNameIndex	 bidValue	 
BFE_308	 2	 2	 1114.jpg	 1.264601e+02	 11	 1.069944e+03	 1100	 6.500501e+02	 98	 1.274779e+02	 600.00	 716.67	 9.00	 14	 0.71	 
BFE_308	 2	 2	 2103.jpg	 1.294468e+02	 22	 9.792551e+02	 220	 7.167163e+02	 98	 1.304646e+02	 600.00	 733.33	 51.00	 3	 0.67	 
BFE_308	 2	 2	 1216.jpg	 1.334513e+02	 12	 999000	 120	 999000	 999	 1.344691e+02	 600.00	 733.33	 10.00	 37	 0.71	 
BFE_308	 2	 2	 1110.jpg	 1.354536e+02	 11	 9.324649e+02	 110	 6.000361e+02	 98	 1.364713e+02	 616.67	 733.33	 14.00	 10	 0.60	 
BFE_308	 2	 2	 2208.jpg	 1.374558e+02	 24	 999000	 240	 999000	 999	 1.384736e+02	 616.67	 733.33	 58.00	 29	 0.56	 
BFE_308	 2	 2	 1211.jpg	 1.414433e+02	 12	 999000	 120	 999000	 999	 1.424614e+02	 616.67	 733.33	 13.00	 32	 0.67	 
BFE_308	 2	 2	 2111.jpg	 1.434458e+02	 24	 999000	 240	 999000	 999	 1.444636e+02	 616.67	 733.33	 78.00	 11	 0.14	 
BFE_308	 2	 2	 2209.jpg	 1.484514e+02	 22	 1.006647e+03	 2200	 7.333655e+02	 98	 1.494710e+02	 616.67	 683.33	 49.00	 30	 0.71	 
BFE_308	 2	 2	 1117.jpg	 1.504537e+02	 12	 999000	 120	 999000	 999	 1.514715e+02	 616.67	 683.33	 37.00	 17	 0.17	 
BFE_308	 2	 2	 2204.jpg	 1.534571e+02	 24	 999000	 240	 999000	 999	 1.544748e+02	 616.67	 683.33	 61.00	 25	 0.51	 
BFE_308	 2	 2	 1208.jpg	 1.564436e+02	 12	 999000	 120	 999000	 999	 1.574616e+02	 616.67	 683.33	 7.00	 29	 0.76	 
BFE_308	 2	 2	 1109.jpg	 1.604482e+02	 12	 999000	 120	 999000	 999	 1.614661e+02	 616.67	 683.33	 18.00	 9	 0.54	 
BFE_308	 2	 2	 1218.jpg	 1.634517e+02	 12	 999000	 120	 999000	 999	 1.644694e+02	 616.67	 683.33	 3.00	 39	 0.85	 
BFE_308	 2	 2	 1113.jpg	 1.654539e+02	 12	 999000	 120	 999000	 999	 1.664716e+02	 616.67	 683.33	 20.00	 13	 0.53	 
BFE_308	 2	 2	 1103.jpg	 1.684573e+02	 11	 8.647830e+02	 110	 6.166961e+02	 98	 1.694750e+02	 633.33	 683.33	 8.00	 3	 0.74	 
BFE_308	 2	 2	 2105.jpg	 1.724447e+02	 24	 999000	 240	 999000	 999	 1.734629e+02	 633.33	 683.33	 50.00	 5	 0.68	 
BFE_308	 2	 2	 1214.jpg	 1.754484e+02	 11	 9.376080e+02	 110	 6.333734e+02	 98	 1.764662e+02	 650.00	 683.33	 11.00	 35	 0.71	 
BFE_308	 2	 2	 2121.jpg	 1.774507e+02	 22	 9.033078e+02	 220	 6.833709e+02	 98	 1.784685e+02	 650.00	 700.00	 48.00	 21	 0.72	 
BFE_308	 2	 2	 1210.jpg	 1.794529e+02	 12	 999000	 120	 999000	 999	 1.804708e+02	 650.00	 700.00	 38.00	 31	 0.15	 
BFE_308	 2	 2	 2215.jpg	 1.844585e+02	 24	 999000	 240	 999000	 999	 1.854763e+02	 650.00	 700.00	 44.00	 36	 0.79	 
BFE_308	 2	 2	 2218.jpg	 1.884464e+02	 22	 1.035738e+03	 2200	 7.000404e+02	 98	 1.894641e+02	 650.00	 650.00	 57.00	 39	 0.58	 
BFE_308	 2	 2	 1203.jpg	 1.924508e+02	 11	 9.352402e+02	 110	 6.500397e+02	 98	 1.934686e+02	 666.67	 650.00	 16.00	 24	 0.58	 
BFE_308	 2	 2	 1202.jpg	 1.984576e+02	 12	 999000	 120	 999000	 999	 1.994754e+02	 666.67	 650.00	 21.00	 23	 0.47	 
BFE_308	 2	 2	 1219.jpg	 2.004429e+02	 12	 999000	 120	 999000	 999	 2.014610e+02	 666.67	 650.00	 19.00	 40	 0.53	 
BFE_308	 2	 2	 1207.jpg	 2.024454e+02	 12	 999000	 120	 999000	 999	 2.034633e+02	 666.67	 650.00	 12.00	 28	 0.67	 
BFE_308	 2	 2	 2102.jpg	 2.044477e+02	 22	 9.064227e+02	 220	 6.500384e+02	 98	 2.054654e+02	 666.67	 666.67	 54.00	 2	 0.60	 
BFE_308	 2	 2	 2110.jpg	 2.064499e+02	 24	 999000	 240	 999000	 999	 2.074677e+02	 666.67	 666.67	 52.00	 10	 0.66	 
BFE_308	 2	 2	 2206.jpg	 2.104544e+02	 24	 999000	 240	 999000	 999	 2.114721e+02	 666.67	 666.67	 60.00	 27	 0.52	 
BFE_308	 2	 2	 1201.jpg	 2.124567e+02	 12	 999000	 120	 999000	 999	 2.134744e+02	 666.67	 666.67	 4.00	 22	 0.80	 
BFE_308	 2	 2	 1215.jpg	 2.164441e+02	 12	 999000	 120	 999000	 999	 2.174623e+02	 666.67	 666.67	 15.00	 36	 0.59	 
BFE_308	 2	 2	 2109.jpg	 2.184467e+02	 22	 9.233546e+02	 220	 6.666936e+02	 98	 2.194645e+02	 666.67	 683.33	 56.00	 9	 0.58	 
BFE_308	 2	 2	 2115.jpg	 2.204489e+02	 24	 999000	 240	 999000	 999	 2.214668e+02	 666.67	 683.33	 55.00	 15	 0.58	 
BFE_308	 2	 2	 2219.jpg	 2.224512e+02	 24	 999000	 240	 999000	 999	 2.234689e+02	 666.67	 683.33	 43.00	 40	 0.83	 
BFE_308	 2	 2	 2116.jpg	 2.274569e+02	 24	 999000	 240	 999000	 999	 2.284746e+02	 666.67	 683.33	 62.00	 16	 0.51	 
BFE_308	 2	 2	 1105.jpg	 2.294591e+02	 11	 9.429279e+02	 110	 6.667060e+02	 98	 2.304768e+02	 683.33	 683.33	 17.00	 5	 0.57	 
BFE_308	 2	 2	 1209.jpg	 2.314447e+02	 12	 999000	 120	 999000	 999	 2.324623e+02	 683.33	 683.33	 22.00	 30	 0.46	 
BFE_308	 2	 2	 2213.jpg	 2.344481e+02	 24	 999000	 240	 999000	 999	 2.354658e+02	 683.33	 683.33	 47.00	 34	 0.76	 
BFE_308	 2	 2	 2210.jpg	 2.414559e+02	 24	 999000	 240	 999000	 999	 2.424736e+02	 683.33	 683.33	 77.00	 31	 0.17	 
BFE_308	 2	 2	 2216.jpg	 2.454434e+02	 24	 999000	 240	 999000	 999	 2.464615e+02	 683.33	 683.33	 53.00	 37	 0.64	 
BFE_308	 2	 2	 2203.jpg	 2.524515e+02	 24	 999000	 240	 999000	 999	 2.534693e+02	 683.33	 683.33	 59.00	 24	 0.53	 
