subjectID	 order	 runNum	 itemName	 onsetTime	 shuff_trialType	 RT	 respInTime	 AudioTime	 response	 fixationTime	 ladder1	 ladder2	 bidIndex	 itemNameIndex	 bidValue	 
BFE_308	 2	 9	 2208.jpg	 1.021598e+03	 24	 999000	 240	 999000	 999	 1.022616e+03	 883.33	 750.00	 58.00	 29	 0.56	 
BFE_308	 2	 9	 1219.jpg	 1.023583e+03	 12	 999000	 120	 999000	 999	 1.024602e+03	 883.33	 750.00	 19.00	 40	 0.53	 
BFE_308	 2	 9	 1211.jpg	 1.027588e+03	 12	 999000	 120	 999000	 999	 1.028606e+03	 883.33	 750.00	 13.00	 32	 0.67	 
BFE_308	 2	 9	 1117.jpg	 1.030592e+03	 12	 999000	 120	 999000	 999	 1.031609e+03	 883.33	 750.00	 37.00	 17	 0.17	 
BFE_308	 2	 9	 1214.jpg	 1.032594e+03	 11	 1.160095e+03	 1100	 8.833804e+02	 98	 1.033612e+03	 833.33	 750.00	 11.00	 35	 0.71	 
BFE_308	 2	 9	 1105.jpg	 1.035597e+03	 11	 9.887997e+02	 110	 8.333671e+02	 98	 1.036615e+03	 850.00	 750.00	 17.00	 5	 0.57	 
BFE_308	 2	 9	 2219.jpg	 1.039585e+03	 24	 999000	 240	 999000	 999	 1.040603e+03	 850.00	 750.00	 43.00	 40	 0.83	 
BFE_308	 2	 9	 2215.jpg	 1.043590e+03	 24	 999000	 240	 999000	 999	 1.044607e+03	 850.00	 750.00	 44.00	 36	 0.79	 
BFE_308	 2	 9	 2116.jpg	 1.045592e+03	 24	 1.030620e+01	 24	 999000	 98	 1.046611e+03	 850.00	 750.00	 62.00	 16	 0.51	 
BFE_308	 2	 9	 1110.jpg	 1.050597e+03	 11	 6.925565e+02	 11	 8.500317e+02	 98	 1.051615e+03	 866.67	 750.00	 14.00	 10	 0.60	 
BFE_308	 2	 9	 2210.jpg	 1.052583e+03	 24	 999000	 240	 999000	 999	 1.053601e+03	 866.67	 750.00	 77.00	 31	 0.17	 
BFE_308	 2	 9	 2105.jpg	 1.054585e+03	 24	 999000	 240	 999000	 999	 1.055603e+03	 866.67	 750.00	 50.00	 5	 0.68	 
BFE_308	 2	 9	 1113.jpg	 1.060592e+03	 12	 999000	 120	 999000	 999	 1.061610e+03	 866.67	 750.00	 20.00	 13	 0.53	 
BFE_308	 2	 9	 2102.jpg	 1.062594e+03	 22	 6.717541e+02	 22	 7.500509e+02	 98	 1.063612e+03	 866.67	 766.67	 54.00	 2	 0.60	 
BFE_308	 2	 9	 2115.jpg	 1.064596e+03	 24	 999000	 240	 999000	 999	 1.065614e+03	 866.67	 766.67	 55.00	 15	 0.58	 
BFE_308	 2	 9	 2206.jpg	 1.066582e+03	 24	 999000	 240	 999000	 999	 1.067600e+03	 866.67	 766.67	 60.00	 27	 0.52	 
BFE_308	 2	 9	 2204.jpg	 1.070587e+03	 24	 999000	 240	 999000	 999	 1.071604e+03	 866.67	 766.67	 61.00	 25	 0.51	 
BFE_308	 2	 9	 1210.jpg	 1.074591e+03	 12	 999000	 120	 999000	 999	 1.075609e+03	 866.67	 766.67	 38.00	 31	 0.15	 
BFE_308	 2	 9	 1215.jpg	 1.077594e+03	 12	 999000	 120	 999000	 999	 1.078612e+03	 866.67	 766.67	 15.00	 36	 0.59	 
BFE_308	 2	 9	 2121.jpg	 1.081582e+03	 22	 6.681970e+02	 22	 7.666961e+02	 98	 1.082600e+03	 866.67	 783.33	 48.00	 21	 0.72	 
BFE_308	 2	 9	 2111.jpg	 1.084586e+03	 24	 999000	 240	 999000	 999	 1.085603e+03	 866.67	 783.33	 78.00	 11	 0.14	 
BFE_308	 2	 9	 1208.jpg	 1.086588e+03	 12	 999000	 120	 999000	 999	 1.087606e+03	 866.67	 783.33	 7.00	 29	 0.76	 
BFE_308	 2	 9	 2213.jpg	 1.090592e+03	 24	 999000	 240	 999000	 999	 1.091610e+03	 866.67	 783.33	 47.00	 34	 0.76	 
BFE_308	 2	 9	 2216.jpg	 1.092595e+03	 24	 999000	 240	 999000	 999	 1.093612e+03	 866.67	 783.33	 53.00	 37	 0.64	 
BFE_308	 2	 9	 1114.jpg	 1.094597e+03	 11	 6.692323e+02	 11	 8.667021e+02	 98	 1.095615e+03	 883.33	 783.33	 9.00	 14	 0.71	 
BFE_308	 2	 9	 2103.jpg	 1.098585e+03	 22	 7.853743e+02	 220	 7.833740e+02	 98	 1.099602e+03	 883.33	 800.00	 51.00	 3	 0.67	 
BFE_308	 2	 9	 1201.jpg	 1.100587e+03	 12	 999000	 120	 999000	 999	 1.101605e+03	 883.33	 800.00	 4.00	 22	 0.80	 
BFE_308	 2	 9	 1203.jpg	 1.104591e+03	 11	 8.427037e+02	 11	 8.833936e+02	 98	 1.105609e+03	 900.00	 800.00	 16.00	 24	 0.58	 
BFE_308	 2	 9	 2203.jpg	 1.108596e+03	 24	 999000	 240	 999000	 999	 1.109614e+03	 900.00	 800.00	 59.00	 24	 0.53	 
BFE_308	 2	 9	 1216.jpg	 1.111583e+03	 12	 999000	 120	 999000	 999	 1.112600e+03	 900.00	 800.00	 10.00	 37	 0.71	 
BFE_308	 2	 9	 1103.jpg	 1.117589e+03	 11	 9.567266e+02	 110	 9.000270e+02	 98	 1.118607e+03	 916.67	 800.00	 8.00	 3	 0.74	 
BFE_308	 2	 9	 2218.jpg	 1.119592e+03	 22	 7.543889e+02	 22	 8.000306e+02	 98	 1.120609e+03	 916.67	 816.67	 57.00	 39	 0.58	 
BFE_308	 2	 9	 2109.jpg	 1.123596e+03	 22	 5.659693e+02	 22	 8.167011e+02	 98	 1.124614e+03	 916.67	 833.33	 56.00	 9	 0.58	 
BFE_308	 2	 9	 1218.jpg	 1.125581e+03	 12	 999000	 120	 999000	 999	 1.126599e+03	 916.67	 833.33	 3.00	 39	 0.85	 
BFE_308	 2	 9	 2110.jpg	 1.127584e+03	 24	 999000	 240	 999000	 999	 1.128602e+03	 916.67	 833.33	 52.00	 10	 0.66	 
BFE_308	 2	 9	 1109.jpg	 1.129586e+03	 12	 6.159416e+02	 12	 999000	 98	 1.130604e+03	 916.67	 833.33	 18.00	 9	 0.54	 
BFE_308	 2	 9	 1207.jpg	 1.134592e+03	 12	 999000	 120	 999000	 999	 1.135610e+03	 916.67	 833.33	 12.00	 28	 0.67	 
BFE_308	 2	 9	 1202.jpg	 1.136594e+03	 12	 999000	 120	 999000	 999	 1.137612e+03	 916.67	 833.33	 21.00	 23	 0.47	 
BFE_308	 2	 9	 2209.jpg	 1.138596e+03	 22	 8.378218e+02	 220	 8.333737e+02	 98	 1.139614e+03	 916.67	 850.00	 49.00	 30	 0.71	 
BFE_308	 2	 9	 1209.jpg	 1.141583e+03	 12	 999000	 120	 999000	 999	 1.142601e+03	 916.67	 850.00	 22.00	 30	 0.46	 
