subjectID	 order	 runNum	 itemName	 onsetTime	 shuff_trialType	 RT	 respInTime	 AudioTime	 response	 fixationTime	 ladder1	 ladder2	 bidIndex	 itemNameIndex	 bidValue	 
BFE_340	 2	 11	 2109.jpg	 5.479184e+02	 22	 6.916801e+02	 22	 7.500717e+02	 98	 5.489362e+02	 750.00	 766.67	 51.00	 9	 0.71	 
BFE_340	 2	 11	 2115.jpg	 5.529074e+02	 22	 9.507150e+02	 220	 7.667103e+02	 98	 5.539252e+02	 750.00	 783.33	 49.00	 15	 0.73	 
BFE_340	 2	 11	 1119.jpg	 5.549096e+02	 12	 999000	 120	 999000	 999	 5.559274e+02	 750.00	 783.33	 37.00	 19	 0.19	 
BFE_340	 2	 11	 1105.jpg	 5.569119e+02	 12	 999000	 120	 999000	 999	 5.579297e+02	 750.00	 783.33	 21.00	 5	 0.49	 
BFE_340	 2	 11	 1213.jpg	 5.629186e+02	 11	 5.554795e+02	 11	 7.500605e+02	 98	 5.639363e+02	 766.67	 783.33	 16.00	 34	 0.56	 
BFE_340	 2	 11	 1204.jpg	 5.649208e+02	 12	 999000	 120	 999000	 999	 5.659387e+02	 766.67	 783.33	 22.00	 25	 0.47	 
BFE_340	 2	 11	 2203.jpg	 5.679076e+02	 24	 999000	 240	 999000	 999	 5.689253e+02	 766.67	 783.33	 61.00	 24	 0.53	 
BFE_340	 2	 11	 2113.jpg	 5.699097e+02	 24	 999000	 240	 999000	 999	 5.709275e+02	 766.67	 783.33	 43.00	 13	 0.88	 
BFE_340	 2	 11	 1217.jpg	 5.739143e+02	 12	 999000	 120	 999000	 999	 5.749320e+02	 766.67	 783.33	 15.00	 38	 0.56	 
BFE_340	 2	 11	 1219.jpg	 5.759165e+02	 11	 1.077546e+03	 1100	 7.667037e+02	 98	 5.769343e+02	 716.67	 783.33	 17.00	 40	 0.55	 
BFE_340	 2	 11	 1218.jpg	 5.809051e+02	 12	 999000	 120	 999000	 999	 5.819233e+02	 716.67	 783.33	 20.00	 39	 0.53	 
BFE_340	 2	 11	 1206.jpg	 5.879133e+02	 12	 999000	 120	 999000	 999	 5.889311e+02	 716.67	 783.33	 7.00	 27	 0.76	 
BFE_340	 2	 11	 2217.jpg	 5.899156e+02	 24	 999000	 240	 999000	 999	 5.909333e+02	 716.67	 783.33	 55.00	 38	 0.61	 
BFE_340	 2	 11	 2102.jpg	 5.929189e+02	 24	 999000	 240	 999000	 999	 5.939367e+02	 716.67	 783.33	 47.00	 2	 0.81	 
BFE_340	 2	 11	 2101.jpg	 5.959053e+02	 24	 999000	 240	 999000	 999	 5.969234e+02	 716.67	 783.33	 78.00	 1	 0.17	 
BFE_340	 2	 11	 1118.jpg	 5.999100e+02	 12	 999000	 120	 999000	 999	 6.009278e+02	 716.67	 783.33	 19.00	 18	 0.54	 
BFE_340	 2	 11	 1106.jpg	 6.039145e+02	 11	 8.955301e+02	 110	 7.167147e+02	 98	 6.049323e+02	 733.33	 783.33	 14.00	 6	 0.63	 
BFE_340	 2	 11	 1208.jpg	 6.079190e+02	 12	 999000	 120	 999000	 999	 6.089368e+02	 733.33	 783.33	 38.00	 29	 0.16	 
BFE_340	 2	 11	 2208.jpg	 6.109058e+02	 24	 999000	 240	 999000	 999	 6.119235e+02	 733.33	 783.33	 77.00	 29	 0.18	 
BFE_340	 2	 11	 2103.jpg	 6.169125e+02	 24	 999000	 240	 999000	 999	 6.179303e+02	 733.33	 783.33	 44.00	 3	 0.85	 
BFE_340	 2	 11	 2111.jpg	 6.189148e+02	 24	 999000	 240	 999000	 999	 6.199324e+02	 733.33	 783.33	 59.00	 11	 0.55	 
BFE_340	 2	 11	 1121.jpg	 6.219181e+02	 12	 999000	 120	 999000	 999	 6.229358e+02	 733.33	 783.33	 10.00	 21	 0.72	 
BFE_340	 2	 11	 2105.jpg	 6.239034e+02	 24	 999000	 240	 999000	 999	 6.249214e+02	 733.33	 783.33	 50.00	 5	 0.73	 
BFE_340	 2	 11	 2213.jpg	 6.259059e+02	 24	 999000	 240	 999000	 999	 6.269236e+02	 733.33	 783.33	 62.00	 34	 0.51	 
BFE_340	 2	 11	 2219.jpg	 6.279082e+02	 22	 8.138967e+02	 220	 7.833860e+02	 98	 6.289259e+02	 733.33	 800.00	 57.00	 40	 0.57	 
BFE_340	 2	 11	 1201.jpg	 6.309115e+02	 11	 6.266199e+02	 11	 7.333801e+02	 98	 6.319293e+02	 750.00	 800.00	 8.00	 22	 0.75	 
BFE_340	 2	 11	 1107.jpg	 6.349160e+02	 12	 999000	 120	 999000	 999	 6.359338e+02	 750.00	 800.00	 13.00	 7	 0.64	 
BFE_340	 2	 11	 2209.jpg	 6.369182e+02	 22	 7.558606e+02	 22	 8.000473e+02	 98	 6.379360e+02	 750.00	 816.67	 54.00	 30	 0.63	 
BFE_340	 2	 11	 1114.jpg	 6.389034e+02	 11	 5.866785e+02	 11	 7.500581e+02	 98	 6.399216e+02	 766.67	 816.67	 9.00	 14	 0.74	 
BFE_340	 2	 11	 1120.jpg	 6.409061e+02	 12	 999000	 120	 999000	 999	 6.419239e+02	 766.67	 816.67	 12.00	 20	 0.67	 
BFE_340	 2	 11	 2114.jpg	 6.429084e+02	 24	 999000	 240	 999000	 999	 6.439261e+02	 766.67	 816.67	 52.00	 14	 0.66	 
BFE_340	 2	 11	 2211.jpg	 6.449105e+02	 22	 7.955597e+02	 22	 8.167110e+02	 98	 6.459283e+02	 766.67	 833.33	 48.00	 32	 0.76	 
BFE_340	 2	 11	 2117.jpg	 6.489151e+02	 22	 7.430104e+02	 22	 8.333845e+02	 98	 6.499329e+02	 766.67	 850.00	 56.00	 17	 0.59	 
BFE_340	 2	 11	 1103.jpg	 6.529195e+02	 12	 999000	 120	 999000	 999	 6.539373e+02	 766.67	 850.00	 4.00	 3	 0.81	 
BFE_340	 2	 11	 2218.jpg	 6.549051e+02	 24	 999000	 240	 999000	 999	 6.559228e+02	 766.67	 850.00	 58.00	 39	 0.57	 
BFE_340	 2	 11	 2116.jpg	 6.569073e+02	 24	 999000	 240	 999000	 999	 6.579250e+02	 766.67	 850.00	 53.00	 16	 0.65	 
BFE_340	 2	 11	 2202.jpg	 6.589095e+02	 24	 999000	 240	 999000	 999	 6.599273e+02	 766.67	 850.00	 60.00	 23	 0.54	 
BFE_340	 2	 11	 1115.jpg	 6.609118e+02	 11	 6.662944e+02	 11	 7.667077e+02	 98	 6.619296e+02	 783.33	 850.00	 11.00	 15	 0.69	 
BFE_340	 2	 11	 1117.jpg	 6.669185e+02	 12	 999000	 120	 999000	 999	 6.679363e+02	 783.33	 850.00	 3.00	 17	 0.85	 
BFE_340	 2	 11	 1109.jpg	 6.689038e+02	 12	 999000	 120	 999000	 999	 6.699219e+02	 783.33	 850.00	 18.00	 9	 0.54	 
