subjectID	 order	 runNum	 itemName	 onsetTime	 shuff_trialType	 RT	 respInTime	 AudioTime	 response	 fixationTime	 ladder1	 ladder2	 bidIndex	 itemNameIndex	 bidValue	 
BFE_204	 2	 3	 2212.jpg	 3.004056e+02	 24	 999000	 240	 999000	 999	 3.014233e+02	 683.33	 550.00	 61.00	 33	 0.50	 
BFE_204	 2	 3	 2215.jpg	 3.023913e+02	 24	 999000	 240	 999000	 999	 3.034089e+02	 683.33	 550.00	 58.00	 36	 0.54	 
BFE_204	 2	 3	 1209.jpg	 3.063956e+02	 11	 5.823789e+02	 11	 6.833832e+02	 98	 3.074134e+02	 700.00	 550.00	 8.00	 30	 0.69	 
BFE_204	 2	 3	 1109.jpg	 3.093990e+02	 12	 999000	 120	 999000	 999	 3.104167e+02	 700.00	 550.00	 19.00	 9	 0.55	 
BFE_204	 2	 3	 2204.jpg	 3.114012e+02	 24	 999000	 240	 999000	 999	 3.124190e+02	 700.00	 550.00	 60.00	 25	 0.51	 
BFE_204	 2	 3	 2106.jpg	 3.144046e+02	 22	 8.693719e+02	 220	 5.500721e+02	 98	 3.154223e+02	 700.00	 566.67	 56.00	 6	 0.56	 
BFE_204	 2	 3	 2206.jpg	 3.183924e+02	 24	 999000	 240	 999000	 999	 3.194102e+02	 700.00	 566.67	 50.00	 27	 0.68	 
BFE_204	 2	 3	 2101.jpg	 3.223969e+02	 22	 9.651302e+02	 220	 5.666970e+02	 98	 3.234146e+02	 700.00	 583.33	 54.00	 1	 0.58	 
BFE_204	 2	 3	 2208.jpg	 3.243991e+02	 22	 1.098890e+03	 2200	 5.833597e+02	 98	 3.254169e+02	 700.00	 533.33	 57.00	 29	 0.55	 
BFE_204	 2	 3	 1101.jpg	 3.294048e+02	 12	 999000	 120	 999000	 999	 3.304225e+02	 700.00	 533.33	 7.00	 1	 0.72	 
BFE_204	 2	 3	 1210.jpg	 3.313900e+02	 12	 999000	 120	 999000	 999	 3.324080e+02	 700.00	 533.33	 22.00	 31	 0.49	 
BFE_204	 2	 3	 1120.jpg	 3.333926e+02	 12	 999000	 120	 999000	 999	 3.344103e+02	 700.00	 533.33	 15.00	 20	 0.59	 
BFE_204	 2	 3	 1206.jpg	 3.393994e+02	 12	 999000	 120	 999000	 999	 3.404171e+02	 700.00	 533.33	 10.00	 27	 0.67	 
BFE_204	 2	 3	 1205.jpg	 3.414015e+02	 11	 1.096515e+03	 1100	 7.000311e+02	 98	 3.424192e+02	 650.00	 533.33	 17.00	 26	 0.56	 
BFE_204	 2	 3	 2117.jpg	 3.434037e+02	 24	 999000	 240	 999000	 999	 3.444215e+02	 650.00	 533.33	 78.00	 17	 0.22	 
BFE_204	 2	 3	 1215.jpg	 3.453892e+02	 11	 1.036754e+03	 1100	 6.500329e+02	 98	 3.464071e+02	 600.00	 533.33	 11.00	 36	 0.66	 
BFE_204	 2	 3	 2103.jpg	 3.493938e+02	 24	 999000	 240	 999000	 999	 3.504116e+02	 600.00	 533.33	 62.00	 3	 0.47	 
BFE_204	 2	 3	 2203.jpg	 3.533982e+02	 24	 999000	 240	 999000	 999	 3.544161e+02	 600.00	 533.33	 53.00	 24	 0.59	 
BFE_204	 2	 3	 2219.jpg	 3.564016e+02	 22	 9.763778e+02	 220	 5.334092e+02	 98	 3.574194e+02	 600.00	 550.00	 51.00	 40	 0.65	 
BFE_204	 2	 3	 2110.jpg	 3.603891e+02	 24	 999000	 240	 999000	 999	 3.614073e+02	 600.00	 550.00	 77.00	 10	 0.23	 
BFE_204	 2	 3	 1108.jpg	 3.633928e+02	 11	 8.331712e+02	 110	 6.000306e+02	 98	 3.644106e+02	 616.67	 550.00	 16.00	 8	 0.59	 
BFE_204	 2	 3	 1207.jpg	 3.653951e+02	 12	 999000	 120	 999000	 999	 3.664129e+02	 616.67	 550.00	 21.00	 28	 0.51	 
BFE_204	 2	 3	 1204.jpg	 3.693995e+02	 11	 9.144947e+02	 110	 6.166948e+02	 98	 3.704173e+02	 633.33	 550.00	 9.00	 25	 0.68	 
BFE_204	 2	 3	 1208.jpg	 3.714018e+02	 11	 9.601318e+02	 110	 6.333752e+02	 98	 3.724196e+02	 650.00	 550.00	 14.00	 29	 0.60	 
BFE_204	 2	 3	 1117.jpg	 3.734041e+02	 12	 999000	 120	 999000	 999	 3.744219e+02	 650.00	 550.00	 38.00	 17	 0.15	 
BFE_204	 2	 3	 2202.jpg	 3.773919e+02	 22	 8.261018e+02	 220	 5.500402e+02	 98	 3.784096e+02	 650.00	 566.67	 48.00	 23	 0.75	 
BFE_204	 2	 3	 1111.jpg	 3.793940e+02	 12	 999000	 120	 999000	 999	 3.804119e+02	 650.00	 566.67	 18.00	 11	 0.56	 
BFE_204	 2	 3	 2108.jpg	 3.833986e+02	 22	 8.114211e+02	 220	 5.667030e+02	 98	 3.844163e+02	 650.00	 583.33	 49.00	 8	 0.72	 
BFE_204	 2	 3	 2209.jpg	 3.874030e+02	 24	 999000	 240	 999000	 999	 3.884209e+02	 650.00	 583.33	 44.00	 30	 0.84	 
BFE_204	 2	 3	 2218.jpg	 3.903895e+02	 24	 999000	 240	 999000	 999	 3.914075e+02	 650.00	 583.33	 43.00	 39	 0.87	 
BFE_204	 2	 3	 2210.jpg	 3.963965e+02	 24	 999000	 240	 999000	 999	 3.974142e+02	 650.00	 583.33	 59.00	 31	 0.53	 
BFE_204	 2	 3	 2216.jpg	 3.983989e+02	 24	 999000	 240	 999000	 999	 3.994165e+02	 650.00	 583.33	 52.00	 37	 0.62	 
BFE_204	 2	 3	 1118.jpg	 4.024033e+02	 12	 999000	 120	 999000	 999	 4.034211e+02	 650.00	 583.33	 37.00	 18	 0.15	 
BFE_204	 2	 3	 1203.jpg	 4.044055e+02	 12	 999000	 120	 999000	 999	 4.054233e+02	 650.00	 583.33	 20.00	 24	 0.52	 
BFE_204	 2	 3	 1219.jpg	 4.063911e+02	 12	 999000	 120	 999000	 999	 4.074088e+02	 650.00	 583.33	 3.00	 40	 0.84	 
BFE_204	 2	 3	 1217.jpg	 4.083934e+02	 12	 999000	 120	 999000	 999	 4.094110e+02	 650.00	 583.33	 13.00	 38	 0.61	 
BFE_204	 2	 3	 1214.jpg	 4.133989e+02	 12	 999000	 120	 999000	 999	 4.144166e+02	 650.00	 583.33	 12.00	 35	 0.64	 
BFE_204	 2	 3	 2214.jpg	 4.154012e+02	 24	 999000	 240	 999000	 999	 4.164189e+02	 650.00	 583.33	 47.00	 35	 0.78	 
BFE_204	 2	 3	 2120.jpg	 4.174034e+02	 24	 999000	 240	 999000	 999	 4.184211e+02	 650.00	 583.33	 55.00	 20	 0.57	 
BFE_204	 2	 3	 1218.jpg	 4.203898e+02	 12	 999000	 120	 999000	 999	 4.214078e+02	 650.00	 583.33	 4.00	 39	 0.77	 
