subjectID	 order	 runNum	 itemName	 onsetTime	 shuff_trialType	 RT	 respInTime	 AudioTime	 response	 fixationTime	 ladder1	 ladder2	 bidIndex	 itemNameIndex	 bidValue	 
BFE_202	 2	 4	 2211.jpg	 3.926673e+02	 24	 999000	 240	 999000	 999	 3.936853e+02	 716.67	 716.67	 43.00	 32	 0.82	 
BFE_202	 2	 4	 1107.jpg	 3.956711e+02	 11	 9.713411e+02	 110	 7.167107e+02	 98	 3.966887e+02	 733.33	 716.67	 16.00	 7	 0.60	 
BFE_202	 2	 4	 2119.jpg	 3.996754e+02	 24	 999000	 240	 999000	 999	 4.006933e+02	 733.33	 716.67	 77.00	 19	 0.24	 
BFE_202	 2	 4	 1210.jpg	 4.016777e+02	 12	 999000	 120	 999000	 999	 4.026954e+02	 733.33	 716.67	 18.00	 31	 0.57	 
BFE_202	 2	 4	 2115.jpg	 4.036629e+02	 24	 999000	 240	 999000	 999	 4.046810e+02	 733.33	 716.67	 50.00	 15	 0.64	 
BFE_202	 2	 4	 2117.jpg	 4.076678e+02	 24	 999000	 240	 999000	 999	 4.086855e+02	 733.33	 716.67	 61.00	 17	 0.47	 
BFE_202	 2	 4	 2219.jpg	 4.096700e+02	 24	 999000	 240	 999000	 999	 4.106877e+02	 733.33	 716.67	 59.00	 40	 0.51	 
BFE_202	 2	 4	 2205.jpg	 4.146755e+02	 22	 9.748777e+02	 220	 7.167098e+02	 98	 4.156934e+02	 733.33	 733.33	 48.00	 26	 0.68	 
BFE_202	 2	 4	 1203.jpg	 4.166778e+02	 12	 999000	 120	 999000	 999	 4.176956e+02	 733.33	 733.33	 10.00	 24	 0.66	 
BFE_202	 2	 4	 2107.jpg	 4.196646e+02	 24	 999000	 240	 999000	 999	 4.206823e+02	 733.33	 733.33	 78.00	 7	 0.24	 
BFE_202	 2	 4	 1120.jpg	 4.226679e+02	 12	 999000	 120	 999000	 999	 4.236857e+02	 733.33	 733.33	 22.00	 20	 0.52	 
BFE_202	 2	 4	 2215.jpg	 4.266724e+02	 24	 999000	 240	 999000	 999	 4.276902e+02	 733.33	 733.33	 44.00	 36	 0.82	 
BFE_202	 2	 4	 2102.jpg	 4.296757e+02	 24	 999000	 240	 999000	 999	 4.306935e+02	 733.33	 733.33	 52.00	 2	 0.62	 
BFE_202	 2	 4	 1209.jpg	 4.316779e+02	 12	 999000	 120	 999000	 999	 4.326958e+02	 733.33	 733.33	 7.00	 30	 0.68	 
BFE_202	 2	 4	 1104.jpg	 4.346647e+02	 12	 999000	 120	 999000	 999	 4.356824e+02	 733.33	 733.33	 12.00	 4	 0.63	 
BFE_202	 2	 4	 1117.jpg	 4.386691e+02	 12	 999000	 120	 999000	 999	 4.396869e+02	 733.33	 733.33	 37.00	 17	 0.23	 
BFE_202	 2	 4	 1204.jpg	 4.416725e+02	 11	 9.778760e+02	 110	 7.333639e+02	 98	 4.426903e+02	 750.00	 733.33	 11.00	 25	 0.65	 
BFE_202	 2	 4	 2202.jpg	 4.436747e+02	 24	 999000	 240	 999000	 999	 4.446925e+02	 750.00	 733.33	 62.00	 23	 0.47	 
BFE_202	 2	 4	 1206.jpg	 4.456769e+02	 12	 999000	 120	 999000	 999	 4.466947e+02	 750.00	 733.33	 21.00	 27	 0.54	 
BFE_202	 2	 4	 2203.jpg	 4.506659e+02	 24	 999000	 240	 999000	 999	 4.516837e+02	 750.00	 733.33	 47.00	 24	 0.69	 
BFE_202	 2	 4	 2216.jpg	 4.546703e+02	 24	 999000	 240	 999000	 999	 4.556882e+02	 750.00	 733.33	 53.00	 37	 0.62	 
BFE_202	 2	 4	 2218.jpg	 4.586749e+02	 22	 9.915696e+02	 220	 7.333672e+02	 98	 4.596927e+02	 750.00	 750.00	 49.00	 39	 0.64	 
BFE_202	 2	 4	 2118.jpg	 4.646650e+02	 22	 1.001489e+03	 2200	 7.500356e+02	 98	 4.656827e+02	 750.00	 700.00	 54.00	 18	 0.61	 
BFE_202	 2	 4	 1207.jpg	 4.666672e+02	 11	 9.831695e+02	 110	 7.500359e+02	 98	 4.676850e+02	 766.67	 700.00	 17.00	 28	 0.58	 
BFE_202	 2	 4	 1106.jpg	 4.686695e+02	 12	 999000	 120	 999000	 999	 4.696872e+02	 766.67	 700.00	 13.00	 6	 0.62	 
BFE_202	 2	 4	 1115.jpg	 4.706717e+02	 11	 1.034730e+03	 1100	 7.667007e+02	 98	 4.716894e+02	 716.67	 700.00	 8.00	 15	 0.67	 
BFE_202	 2	 4	 2210.jpg	 4.726739e+02	 22	 9.365158e+02	 220	 7.000306e+02	 98	 4.736917e+02	 716.67	 716.67	 57.00	 31	 0.59	 
BFE_202	 2	 4	 1214.jpg	 4.766784e+02	 12	 999000	 120	 999000	 999	 4.776962e+02	 716.67	 716.67	 20.00	 35	 0.56	 
BFE_202	 2	 4	 1111.jpg	 4.786640e+02	 12	 999000	 120	 999000	 999	 4.796817e+02	 716.67	 716.67	 19.00	 11	 0.56	 
BFE_202	 2	 4	 2213.jpg	 4.826686e+02	 24	 999000	 240	 999000	 999	 4.836862e+02	 716.67	 716.67	 58.00	 34	 0.54	 
BFE_202	 2	 4	 1215.jpg	 4.846707e+02	 12	 999000	 120	 999000	 999	 4.856885e+02	 716.67	 716.67	 4.00	 36	 0.74	 
BFE_202	 2	 4	 1216.jpg	 4.866730e+02	 12	 999000	 120	 999000	 999	 4.876908e+02	 716.67	 716.67	 3.00	 37	 0.77	 
BFE_202	 2	 4	 1213.jpg	 4.886752e+02	 12	 999000	 120	 999000	 999	 4.896929e+02	 716.67	 716.67	 15.00	 34	 0.60	 
BFE_202	 2	 4	 1119.jpg	 4.936641e+02	 12	 999000	 120	 999000	 999	 4.946819e+02	 716.67	 716.67	 38.00	 19	 0.17	 
BFE_202	 2	 4	 1205.jpg	 4.956664e+02	 11	 1.095979e+03	 1100	 7.166974e+02	 98	 4.966842e+02	 666.67	 716.67	 14.00	 26	 0.62	 
BFE_202	 2	 4	 2101.jpg	 4.976686e+02	 24	 999000	 240	 999000	 999	 4.986863e+02	 666.67	 716.67	 55.00	 1	 0.61	 
BFE_202	 2	 4	 2113.jpg	 5.006720e+02	 22	 1.002440e+03	 2200	 7.167142e+02	 98	 5.016898e+02	 666.67	 666.67	 56.00	 13	 0.60	 
BFE_202	 2	 4	 1219.jpg	 5.076629e+02	 11	 9.075389e+02	 110	 6.667069e+02	 98	 5.086809e+02	 683.33	 666.67	 9.00	 40	 0.66	 
BFE_202	 2	 4	 2103.jpg	 5.116676e+02	 24	 999000	 240	 999000	 999	 5.126854e+02	 683.33	 666.67	 60.00	 3	 0.51	 
BFE_202	 2	 4	 2209.jpg	 5.186755e+02	 22	 9.189738e+02	 220	 6.667077e+02	 98	 5.196932e+02	 683.33	 683.33	 51.00	 30	 0.62	 
