subjectID	 order	 runNum	 itemName	 onsetTime	 shuff_trialType	 RT	 respInTime	 AudioTime	 response	 fixationTime	 ladder1	 ladder2	 bidIndex	 itemNameIndex	 bidValue	 
BFE_109	 1	 7	 2107.jpg	 7.775061e+02	 24	 999000	 240	 999000	 999	 7.785239e+02	 683.33	 750.00	 54.00	 7	 0.61	 
BFE_109	 1	 7	 2215.jpg	 7.794917e+02	 24	 999000	 240	 999000	 999	 7.805094e+02	 683.33	 750.00	 60.00	 36	 0.50	 
BFE_109	 1	 7	 1203.jpg	 7.834962e+02	 11	 9.141112e+02	 110	 6.833746e+02	 98	 7.845140e+02	 700.00	 750.00	 10.00	 24	 0.68	 
BFE_109	 1	 7	 1121.jpg	 7.864995e+02	 12	 999000	 120	 999000	 999	 7.875173e+02	 700.00	 750.00	 21.00	 21	 0.53	 
BFE_109	 1	 7	 2207.jpg	 7.885018e+02	 22	 9.804743e+02	 220	 7.500432e+02	 98	 7.895195e+02	 700.00	 766.67	 50.00	 28	 0.68	 
BFE_109	 1	 7	 1219.jpg	 7.914885e+02	 12	 999000	 120	 999000	 999	 7.925062e+02	 700.00	 766.67	 17.00	 40	 0.55	 
BFE_109	 1	 7	 2211.jpg	 7.954929e+02	 24	 999000	 240	 999000	 999	 7.965107e+02	 700.00	 766.67	 49.00	 32	 0.69	 
BFE_109	 1	 7	 1106.jpg	 7.994974e+02	 11	 9.128575e+02	 110	 7.000400e+02	 98	 8.005152e+02	 716.67	 766.67	 18.00	 6	 0.55	 
BFE_109	 1	 7	 1110.jpg	 8.014997e+02	 12	 999000	 120	 999000	 999	 8.025174e+02	 716.67	 766.67	 20.00	 10	 0.54	 
BFE_109	 1	 7	 2205.jpg	 8.064886e+02	 24	 2.736863e+02	 24	 999000	 98	 8.075064e+02	 716.67	 766.67	 51.00	 26	 0.63	 
BFE_109	 1	 7	 1206.jpg	 8.084908e+02	 11	 1.039402e+03	 1100	 7.166990e+02	 98	 8.095085e+02	 666.67	 766.67	 7.00	 27	 0.74	 
BFE_109	 1	 7	 2209.jpg	 8.104930e+02	 24	 999000	 240	 999000	 999	 8.115109e+02	 666.67	 766.67	 44.00	 30	 0.80	 
BFE_109	 1	 7	 2212.jpg	 8.164998e+02	 22	 9.584543e+02	 220	 7.667036e+02	 98	 8.175175e+02	 666.67	 783.33	 53.00	 33	 0.62	 
BFE_109	 1	 7	 1102.jpg	 8.185020e+02	 12	 999000	 120	 999000	 999	 8.195198e+02	 666.67	 783.33	 16.00	 2	 0.59	 
BFE_109	 1	 7	 2112.jpg	 8.204876e+02	 24	 999000	 240	 999000	 999	 8.215053e+02	 666.67	 783.33	 78.00	 12	 0.20	 
BFE_109	 1	 7	 2208.jpg	 8.224898e+02	 24	 999000	 240	 999000	 999	 8.235076e+02	 666.67	 783.33	 56.00	 29	 0.59	 
BFE_109	 1	 7	 1105.jpg	 8.264944e+02	 12	 999000	 120	 999000	 999	 8.275121e+02	 666.67	 783.33	 37.00	 5	 0.17	 
BFE_109	 1	 7	 1216.jpg	 8.304988e+02	 12	 999000	 120	 999000	 999	 8.315166e+02	 666.67	 783.33	 4.00	 37	 0.81	 
BFE_109	 1	 7	 2204.jpg	 8.334853e+02	 24	 999000	 240	 999000	 999	 8.345032e+02	 666.67	 783.33	 48.00	 25	 0.71	 
BFE_109	 1	 7	 1213.jpg	 8.374899e+02	 12	 999000	 120	 999000	 999	 8.385077e+02	 666.67	 783.33	 14.00	 34	 0.60	 
BFE_109	 1	 7	 2217.jpg	 8.404935e+02	 22	 9.967847e+02	 220	 7.833704e+02	 98	 8.415113e+02	 666.67	 800.00	 52.00	 38	 0.62	 
BFE_109	 1	 7	 1201.jpg	 8.424956e+02	 12	 999000	 120	 999000	 999	 8.435133e+02	 666.67	 800.00	 8.00	 22	 0.68	 
BFE_109	 1	 7	 1103.jpg	 8.465001e+02	 11	 8.541298e+02	 110	 6.667002e+02	 98	 8.475179e+02	 683.33	 800.00	 15.00	 3	 0.60	 
BFE_109	 1	 7	 2201.jpg	 8.484853e+02	 24	 999000	 240	 999000	 999	 8.495034e+02	 683.33	 800.00	 43.00	 22	 0.81	 
BFE_109	 1	 7	 1215.jpg	 8.504879e+02	 12	 999000	 120	 999000	 999	 8.515057e+02	 683.33	 800.00	 9.00	 36	 0.68	 
BFE_109	 1	 7	 2111.jpg	 8.544924e+02	 24	 999000	 240	 999000	 999	 8.555102e+02	 683.33	 800.00	 62.00	 11	 0.47	 
BFE_109	 1	 7	 1211.jpg	 8.564947e+02	 12	 999000	 120	 999000	 999	 8.575124e+02	 683.33	 800.00	 19.00	 32	 0.55	 
BFE_109	 1	 7	 2110.jpg	 8.604991e+02	 24	 999000	 240	 999000	 999	 8.615170e+02	 683.33	 800.00	 57.00	 10	 0.58	 
BFE_109	 1	 7	 2210.jpg	 8.644870e+02	 22	 1.011250e+03	 2200	 8.000382e+02	 98	 8.655049e+02	 683.33	 750.00	 47.00	 31	 0.71	 
BFE_109	 1	 7	 2218.jpg	 8.674903e+02	 24	 999000	 240	 999000	 999	 8.685081e+02	 683.33	 750.00	 59.00	 39	 0.53	 
BFE_109	 1	 7	 2105.jpg	 8.734970e+02	 24	 999000	 240	 999000	 999	 8.745148e+02	 683.33	 750.00	 77.00	 5	 0.20	 
BFE_109	 1	 7	 2203.jpg	 8.754993e+02	 22	 9.189736e+02	 220	 7.500345e+02	 98	 8.765171e+02	 683.33	 766.67	 58.00	 24	 0.58	 
BFE_109	 1	 7	 1214.jpg	 8.794870e+02	 12	 999000	 120	 999000	 999	 8.805048e+02	 683.33	 766.67	 22.00	 35	 0.51	 
BFE_109	 1	 7	 1210.jpg	 8.814893e+02	 12	 999000	 120	 999000	 999	 8.825070e+02	 683.33	 766.67	 3.00	 31	 0.81	 
BFE_109	 1	 7	 1205.jpg	 8.834915e+02	 11	 9.907302e+02	 110	 6.833974e+02	 98	 8.845094e+02	 700.00	 766.67	 13.00	 26	 0.62	 
BFE_109	 1	 7	 1208.jpg	 8.854938e+02	 12	 999000	 120	 999000	 999	 8.865116e+02	 700.00	 766.67	 11.00	 29	 0.67	 
BFE_109	 1	 7	 2213.jpg	 8.904995e+02	 24	 999000	 240	 999000	 999	 8.915172e+02	 700.00	 766.67	 61.00	 34	 0.48	 
BFE_109	 1	 7	 2202.jpg	 8.925016e+02	 22	 9.806136e+02	 220	 7.667039e+02	 98	 8.935195e+02	 700.00	 783.33	 55.00	 23	 0.59	 
BFE_109	 1	 7	 1218.jpg	 8.944872e+02	 11	 9.071166e+02	 110	 7.000358e+02	 98	 8.955050e+02	 716.67	 783.33	 12.00	 39	 0.64	 
BFE_109	 1	 7	 1119.jpg	 8.974906e+02	 12	 999000	 120	 999000	 999	 8.985084e+02	 716.67	 783.33	 38.00	 19	 0.17	 
