subjectID	 order	 runNum	 itemName	 onsetTime	 shuff_trialType	 RT	 respInTime	 AudioTime	 response	 fixationTime	 ladder1	 ladder2	 bidIndex	 itemNameIndex	 bidValue	 
BFE_202	 2	 2	 2213.jpg	 1.261689e+02	 24	 999000	 240	 999000	 999	 1.271866e+02	 716.67	 716.67	 58.00	 34	 0.54	 
BFE_202	 2	 2	 2101.jpg	 1.311578e+02	 24	 999000	 240	 999000	 999	 1.321755e+02	 716.67	 716.67	 55.00	 1	 0.61	 
BFE_202	 2	 2	 1205.jpg	 1.331600e+02	 11	 9.624317e+02	 110	 7.167161e+02	 98	 1.341778e+02	 733.33	 716.67	 14.00	 26	 0.62	 
BFE_202	 2	 2	 1206.jpg	 1.351623e+02	 12	 999000	 120	 999000	 999	 1.361800e+02	 733.33	 716.67	 21.00	 27	 0.54	 
BFE_202	 2	 2	 2107.jpg	 1.411523e+02	 24	 999000	 240	 999000	 999	 1.421701e+02	 733.33	 716.67	 78.00	 7	 0.24	 
BFE_202	 2	 2	 2203.jpg	 1.431545e+02	 24	 999000	 240	 999000	 999	 1.441723e+02	 733.33	 716.67	 47.00	 24	 0.69	 
BFE_202	 2	 2	 1207.jpg	 1.461579e+02	 11	 9.725582e+02	 110	 7.333621e+02	 98	 1.471756e+02	 750.00	 716.67	 17.00	 28	 0.58	 
BFE_202	 2	 2	 1214.jpg	 1.481602e+02	 12	 999000	 120	 999000	 999	 1.491780e+02	 750.00	 716.67	 20.00	 35	 0.56	 
BFE_202	 2	 2	 1117.jpg	 1.521647e+02	 12	 999000	 120	 999000	 999	 1.531824e+02	 750.00	 716.67	 37.00	 17	 0.23	 
BFE_202	 2	 2	 2118.jpg	 1.541499e+02	 22	 9.645198e+02	 220	 7.167122e+02	 98	 1.551681e+02	 750.00	 733.33	 54.00	 18	 0.61	 
BFE_202	 2	 2	 2219.jpg	 1.591560e+02	 24	 999000	 240	 999000	 999	 1.601736e+02	 750.00	 733.33	 59.00	 40	 0.51	 
BFE_202	 2	 2	 1204.jpg	 1.661636e+02	 11	 9.827634e+02	 110	 7.500320e+02	 98	 1.671815e+02	 766.67	 733.33	 11.00	 25	 0.65	 
BFE_202	 2	 2	 2113.jpg	 1.681489e+02	 22	 1.037477e+03	 2200	 7.333705e+02	 98	 1.691672e+02	 766.67	 683.33	 56.00	 13	 0.60	 
BFE_202	 2	 2	 2216.jpg	 1.711526e+02	 24	 999000	 240	 999000	 999	 1.721704e+02	 766.67	 683.33	 53.00	 37	 0.62	 
BFE_202	 2	 2	 1215.jpg	 1.741560e+02	 12	 999000	 120	 999000	 999	 1.751738e+02	 766.67	 683.33	 4.00	 36	 0.74	 
BFE_202	 2	 2	 1213.jpg	 1.781604e+02	 12	 999000	 120	 999000	 999	 1.791782e+02	 766.67	 683.33	 15.00	 34	 0.60	 
BFE_202	 2	 2	 2205.jpg	 1.821649e+02	 22	 9.734804e+02	 220	 6.833604e+02	 98	 1.831827e+02	 766.67	 700.00	 48.00	 26	 0.68	 
BFE_202	 2	 2	 2210.jpg	 1.861527e+02	 22	 9.776723e+02	 220	 7.000381e+02	 98	 1.871705e+02	 766.67	 716.67	 57.00	 31	 0.59	 
BFE_202	 2	 2	 1107.jpg	 1.891561e+02	 11	 9.822681e+02	 110	 7.666960e+02	 98	 1.901739e+02	 783.33	 716.67	 16.00	 7	 0.60	 
BFE_202	 2	 2	 2119.jpg	 1.951629e+02	 24	 999000	 240	 999000	 999	 1.961807e+02	 783.33	 716.67	 77.00	 19	 0.24	 
BFE_202	 2	 2	 2102.jpg	 1.971652e+02	 24	 999000	 240	 999000	 999	 1.981828e+02	 783.33	 716.67	 52.00	 2	 0.62	 
BFE_202	 2	 2	 2117.jpg	 2.001519e+02	 24	 999000	 240	 999000	 999	 2.011695e+02	 783.33	 716.67	 61.00	 17	 0.47	 
BFE_202	 2	 2	 1209.jpg	 2.021540e+02	 12	 999000	 120	 999000	 999	 2.031718e+02	 783.33	 716.67	 7.00	 30	 0.68	 
BFE_202	 2	 2	 1210.jpg	 2.041562e+02	 12	 999000	 120	 999000	 999	 2.051741e+02	 783.33	 716.67	 18.00	 31	 0.57	 
BFE_202	 2	 2	 1111.jpg	 2.061585e+02	 12	 999000	 120	 999000	 999	 2.071762e+02	 783.33	 716.67	 19.00	 11	 0.56	 
BFE_202	 2	 2	 1115.jpg	 2.091619e+02	 11	 1.032590e+03	 1100	 7.833648e+02	 98	 2.101796e+02	 733.33	 716.67	 8.00	 15	 0.67	 
BFE_202	 2	 2	 1104.jpg	 2.131494e+02	 12	 999000	 120	 999000	 999	 2.141675e+02	 733.33	 716.67	 12.00	 4	 0.63	 
BFE_202	 2	 2	 1203.jpg	 2.151520e+02	 12	 999000	 120	 999000	 999	 2.161697e+02	 733.33	 716.67	 10.00	 24	 0.66	 
BFE_202	 2	 2	 2215.jpg	 2.171541e+02	 24	 999000	 240	 999000	 999	 2.181719e+02	 733.33	 716.67	 44.00	 36	 0.82	 
BFE_202	 2	 2	 2218.jpg	 2.191564e+02	 22	 9.660316e+02	 220	 7.166982e+02	 98	 2.201742e+02	 733.33	 733.33	 49.00	 39	 0.64	 
BFE_202	 2	 2	 2202.jpg	 2.211587e+02	 24	 999000	 240	 999000	 999	 2.221764e+02	 733.33	 733.33	 62.00	 23	 0.47	 
BFE_202	 2	 2	 1216.jpg	 2.231609e+02	 12	 999000	 120	 999000	 999	 2.241787e+02	 733.33	 733.33	 3.00	 37	 0.77	 
BFE_202	 2	 2	 1120.jpg	 2.271654e+02	 12	 999000	 120	 999000	 999	 2.281831e+02	 733.33	 733.33	 22.00	 20	 0.52	 
BFE_202	 2	 2	 1106.jpg	 2.311531e+02	 12	 999000	 120	 999000	 999	 2.321709e+02	 733.33	 733.33	 13.00	 6	 0.62	 
BFE_202	 2	 2	 2211.jpg	 2.331554e+02	 24	 999000	 240	 999000	 999	 2.341732e+02	 733.33	 733.33	 43.00	 32	 0.82	 
BFE_202	 2	 2	 1219.jpg	 2.351577e+02	 11	 9.807423e+02	 110	 7.333621e+02	 98	 2.361755e+02	 750.00	 733.33	 9.00	 40	 0.66	 
BFE_202	 2	 2	 2115.jpg	 2.371599e+02	 24	 999000	 240	 999000	 999	 2.381778e+02	 750.00	 733.33	 50.00	 15	 0.64	 
BFE_202	 2	 2	 1119.jpg	 2.391622e+02	 12	 999000	 120	 999000	 999	 2.401799e+02	 750.00	 733.33	 38.00	 19	 0.17	 
BFE_202	 2	 2	 2209.jpg	 2.451523e+02	 22	 9.381289e+02	 220	 7.333722e+02	 98	 2.461699e+02	 750.00	 750.00	 51.00	 30	 0.62	 
BFE_202	 2	 2	 2103.jpg	 2.471545e+02	 24	 999000	 240	 999000	 999	 2.481722e+02	 750.00	 750.00	 60.00	 3	 0.51	 
