subjectID	 order	 runNum	 itemName	 onsetTime	 shuff_trialType	 RT	 respInTime	 AudioTime	 response	 fixationTime	 ladder1	 ladder2	 bidIndex	 itemNameIndex	 bidValue	 
BFE_201	 1	 18	 1116.jpg	 2.119379e+03	 12	 999000	 120	 999000	 999	 2.120397e+03	 650.00	 716.67	 20.00	 16	 0.53	 
BFE_201	 1	 18	 1114.jpg	 2.121364e+03	 11	 9.415706e+02	 110	 6.500654e+02	 98	 2.122382e+03	 666.67	 716.67	 13.00	 14	 0.62	 
BFE_201	 1	 18	 1205.jpg	 2.125369e+03	 12	 999000	 120	 999000	 999	 2.126387e+03	 666.67	 716.67	 3.00	 26	 0.83	 
BFE_201	 1	 18	 1219.jpg	 2.128372e+03	 12	 999000	 120	 999000	 999	 2.129390e+03	 666.67	 716.67	 21.00	 40	 0.52	 
BFE_201	 1	 18	 2206.jpg	 2.130375e+03	 24	 999000	 240	 999000	 999	 2.131392e+03	 666.67	 716.67	 49.00	 27	 0.69	 
BFE_201	 1	 18	 2116.jpg	 2.133361e+03	 24	 999000	 240	 999000	 999	 2.134379e+03	 666.67	 716.67	 56.00	 16	 0.59	 
BFE_201	 1	 18	 1109.jpg	 2.137366e+03	 11	 9.481637e+02	 110	 6.667000e+02	 98	 2.138383e+03	 683.33	 716.67	 10.00	 9	 0.67	 
BFE_201	 1	 18	 2117.jpg	 2.141370e+03	 24	 999000	 240	 999000	 999	 2.142388e+03	 683.33	 716.67	 77.00	 17	 0.19	 
BFE_201	 1	 18	 2205.jpg	 2.143372e+03	 24	 999000	 240	 999000	 999	 2.144390e+03	 683.33	 716.67	 59.00	 26	 0.55	 
BFE_201	 1	 18	 2118.jpg	 2.148361e+03	 24	 999000	 240	 999000	 999	 2.149379e+03	 683.33	 716.67	 78.00	 18	 0.18	 
BFE_201	 1	 18	 2110.jpg	 2.150364e+03	 22	 1.022350e+03	 2200	 7.167165e+02	 98	 2.151381e+03	 683.33	 666.67	 52.00	 10	 0.67	 
BFE_201	 1	 18	 2213.jpg	 2.152366e+03	 24	 999000	 240	 999000	 999	 2.153384e+03	 683.33	 666.67	 44.00	 34	 0.78	 
BFE_201	 1	 18	 1211.jpg	 2.158373e+03	 11	 9.013876e+02	 110	 6.833599e+02	 98	 2.159390e+03	 700.00	 666.67	 12.00	 32	 0.63	 
BFE_201	 1	 18	 2109.jpg	 2.160375e+03	 22	 9.471720e+02	 220	 6.666951e+02	 98	 2.161393e+03	 700.00	 683.33	 53.00	 9	 0.64	 
BFE_201	 1	 18	 2208.jpg	 2.162360e+03	 24	 999000	 240	 999000	 999	 2.163378e+03	 700.00	 683.33	 60.00	 29	 0.52	 
BFE_201	 1	 18	 1108.jpg	 2.164363e+03	 12	 999000	 120	 999000	 999	 2.165380e+03	 700.00	 683.33	 38.00	 8	 0.17	 
BFE_201	 1	 18	 2212.jpg	 2.168367e+03	 24	 999000	 240	 999000	 999	 2.169385e+03	 700.00	 683.33	 61.00	 33	 0.52	 
BFE_201	 1	 18	 2209.jpg	 2.172372e+03	 22	 9.103033e+02	 220	 6.833737e+02	 98	 2.173389e+03	 700.00	 700.00	 50.00	 30	 0.68	 
BFE_201	 1	 18	 1207.jpg	 2.175375e+03	 12	 999000	 120	 999000	 999	 2.176393e+03	 700.00	 700.00	 16.00	 28	 0.59	 
BFE_201	 1	 18	 1208.jpg	 2.179363e+03	 12	 999000	 120	 999000	 999	 2.180381e+03	 700.00	 700.00	 17.00	 29	 0.58	 
BFE_201	 1	 18	 1206.jpg	 2.182366e+03	 12	 999000	 120	 999000	 999	 2.183384e+03	 700.00	 700.00	 11.00	 27	 0.64	 
BFE_201	 1	 18	 2204.jpg	 2.184368e+03	 22	 9.455507e+02	 220	 7.000331e+02	 98	 2.185386e+03	 700.00	 716.67	 55.00	 25	 0.59	 
BFE_201	 1	 18	 1214.jpg	 2.188373e+03	 12	 999000	 120	 999000	 999	 2.189391e+03	 700.00	 716.67	 14.00	 35	 0.62	 
BFE_201	 1	 18	 1102.jpg	 2.190358e+03	 12	 999000	 120	 999000	 999	 2.191376e+03	 700.00	 716.67	 22.00	 2	 0.48	 
BFE_201	 1	 18	 2114.jpg	 2.192361e+03	 24	 999000	 240	 999000	 999	 2.193378e+03	 700.00	 716.67	 54.00	 14	 0.60	 
BFE_201	 1	 18	 2214.jpg	 2.196365e+03	 22	 1.060788e+03	 2200	 7.166935e+02	 98	 2.197383e+03	 700.00	 666.67	 58.00	 35	 0.56	 
BFE_201	 1	 18	 1218.jpg	 2.198367e+03	 11	 9.306181e+02	 110	 7.000394e+02	 98	 2.199385e+03	 716.67	 666.67	 7.00	 39	 0.76	 
BFE_201	 1	 18	 1216.jpg	 2.202372e+03	 12	 999000	 120	 999000	 999	 2.203390e+03	 716.67	 666.67	 8.00	 37	 0.72	 
BFE_201	 1	 18	 1209.jpg	 2.206359e+03	 11	 9.384396e+02	 110	 7.166967e+02	 98	 2.207377e+03	 733.33	 666.67	 15.00	 30	 0.59	 
BFE_201	 1	 18	 2211.jpg	 2.209363e+03	 24	 999000	 240	 999000	 999	 2.210381e+03	 733.33	 666.67	 62.00	 32	 0.49	 
BFE_201	 1	 18	 2103.jpg	 2.215370e+03	 24	 999000	 240	 999000	 999	 2.216388e+03	 733.33	 666.67	 57.00	 3	 0.58	 
BFE_201	 1	 18	 1121.jpg	 2.217372e+03	 12	 999000	 120	 999000	 999	 2.218390e+03	 733.33	 666.67	 4.00	 21	 0.83	 
BFE_201	 1	 18	 1217.jpg	 2.221360e+03	 12	 999000	 120	 999000	 999	 2.222378e+03	 733.33	 666.67	 19.00	 38	 0.53	 
BFE_201	 1	 18	 2120.jpg	 2.223362e+03	 24	 999000	 240	 999000	 999	 2.224380e+03	 733.33	 666.67	 51.00	 20	 0.67	 
BFE_201	 1	 18	 2215.jpg	 2.225364e+03	 24	 999000	 240	 999000	 999	 2.226382e+03	 733.33	 666.67	 43.00	 36	 0.82	 
BFE_201	 1	 18	 1203.jpg	 2.227367e+03	 11	 9.394145e+02	 110	 7.333639e+02	 98	 2.228384e+03	 750.00	 666.67	 18.00	 24	 0.54	 
BFE_201	 1	 18	 2217.jpg	 2.232372e+03	 22	 9.657998e+02	 220	 6.666955e+02	 98	 2.233390e+03	 750.00	 683.33	 47.00	 38	 0.72	 
BFE_201	 1	 18	 1103.jpg	 2.234374e+03	 12	 999000	 120	 999000	 999	 2.235392e+03	 750.00	 683.33	 9.00	 3	 0.70	 
BFE_201	 1	 18	 2218.jpg	 2.236360e+03	 24	 999000	 240	 999000	 999	 2.237378e+03	 750.00	 683.33	 48.00	 39	 0.71	 
BFE_201	 1	 18	 1105.jpg	 2.239363e+03	 12	 999000	 120	 999000	 999	 2.240381e+03	 750.00	 683.33	 37.00	 5	 0.18	 
