subjectID	 order	 runNum	 itemName	 onsetTime	 shuff_trialType	 RT	 respInTime	 AudioTime	 response	 fixationTime	 ladder1	 ladder2	 bidIndex	 itemNameIndex	 bidValue	 
BFE_107	 1	 3	 2109.jpg	 2.681301e+02	 24	 999000	 240	 999000	 999	 2.691479e+02	 750.00	 750.00	 56.00	 9	 0.58	 
BFE_107	 1	 3	 2101.jpg	 2.701156e+02	 24	 999000	 240	 999000	 999	 2.711334e+02	 750.00	 750.00	 77.00	 1	 0.18	 
BFE_107	 1	 3	 1106.jpg	 2.741201e+02	 11	 9.462735e+02	 110	 7.500517e+02	 98	 2.751379e+02	 766.67	 750.00	 7.00	 6	 0.74	 
BFE_107	 1	 3	 1111.jpg	 2.771235e+02	 12	 999000	 120	 999000	 999	 2.781412e+02	 766.67	 750.00	 17.00	 11	 0.57	 
BFE_107	 1	 3	 2218.jpg	 2.791257e+02	 24	 999000	 240	 999000	 999	 2.801437e+02	 766.67	 750.00	 57.00	 39	 0.58	 
BFE_107	 1	 3	 2117.jpg	 2.821126e+02	 24	 999000	 240	 999000	 999	 2.831302e+02	 766.67	 750.00	 78.00	 17	 0.15	 
BFE_107	 1	 3	 2113.jpg	 2.861170e+02	 24	 999000	 240	 999000	 999	 2.871348e+02	 766.67	 750.00	 54.00	 13	 0.60	 
BFE_107	 1	 3	 2201.jpg	 2.901215e+02	 24	 999000	 240	 999000	 999	 2.911394e+02	 766.67	 750.00	 49.00	 22	 0.73	 
BFE_107	 1	 3	 1105.jpg	 2.921236e+02	 12	 999000	 120	 999000	 999	 2.931415e+02	 766.67	 750.00	 3.00	 5	 0.84	 
BFE_107	 1	 3	 2111.jpg	 2.971127e+02	 22	 9.377183e+02	 220	 7.500567e+02	 98	 2.981304e+02	 766.67	 766.67	 52.00	 11	 0.63	 
BFE_107	 1	 3	 2104.jpg	 2.991148e+02	 22	 9.915469e+02	 220	 7.666965e+02	 98	 3.001327e+02	 766.67	 783.33	 50.00	 4	 0.67	 
BFE_107	 1	 3	 2105.jpg	 3.011193e+02	 22	 1.019113e+03	 2200	 7.833666e+02	 98	 3.021349e+02	 766.67	 733.33	 47.00	 5	 0.76	 
BFE_107	 1	 3	 2214.jpg	 3.071240e+02	 24	 999000	 240	 999000	 999	 3.081416e+02	 766.67	 733.33	 44.00	 35	 0.80	 
BFE_107	 1	 3	 1217.jpg	 3.091261e+02	 11	 9.483205e+02	 110	 7.666995e+02	 98	 3.101439e+02	 783.33	 733.33	 12.00	 38	 0.63	 
BFE_107	 1	 3	 2116.jpg	 3.111114e+02	 22	 9.390115e+02	 220	 7.333599e+02	 98	 3.121294e+02	 783.33	 750.00	 58.00	 16	 0.55	 
BFE_107	 1	 3	 1216.jpg	 3.131139e+02	 12	 999000	 120	 999000	 999	 3.141316e+02	 783.33	 750.00	 22.00	 37	 0.46	 
BFE_107	 1	 3	 1214.jpg	 3.171184e+02	 11	 9.800042e+02	 110	 7.833703e+02	 98	 3.181362e+02	 800.00	 750.00	 15.00	 35	 0.59	 
BFE_107	 1	 3	 1209.jpg	 3.211230e+02	 12	 999000	 120	 999000	 999	 3.221408e+02	 800.00	 750.00	 16.00	 30	 0.58	 
BFE_107	 1	 3	 1113.jpg	 3.241263e+02	 12	 999000	 120	 999000	 999	 3.251441e+02	 800.00	 750.00	 8.00	 13	 0.73	 
BFE_107	 1	 3	 2203.jpg	 3.281141e+02	 22	 9.602902e+02	 220	 7.500371e+02	 98	 3.291318e+02	 800.00	 766.67	 53.00	 24	 0.60	 
BFE_107	 1	 3	 1211.jpg	 3.311175e+02	 12	 999000	 120	 999000	 999	 3.321353e+02	 800.00	 766.67	 20.00	 32	 0.46	 
BFE_107	 1	 3	 1202.jpg	 3.331197e+02	 11	 1.026697e+03	 1100	 8.000286e+02	 98	 3.341375e+02	 750.00	 766.67	 10.00	 23	 0.69	 
BFE_107	 1	 3	 1109.jpg	 3.371242e+02	 11	 9.421999e+02	 110	 7.500323e+02	 98	 3.381419e+02	 766.67	 766.67	 13.00	 9	 0.63	 
BFE_107	 1	 3	 2219.jpg	 3.391264e+02	 22	 9.399374e+02	 220	 7.667013e+02	 98	 3.401442e+02	 766.67	 783.33	 55.00	 40	 0.58	 
BFE_107	 1	 3	 2202.jpg	 3.411118e+02	 24	 999000	 240	 999000	 999	 3.421298e+02	 766.67	 783.33	 51.00	 23	 0.64	 
BFE_107	 1	 3	 1118.jpg	 3.451185e+02	 12	 999000	 120	 999000	 999	 3.461343e+02	 766.67	 783.33	 38.00	 18	 0.12	 
BFE_107	 1	 3	 2207.jpg	 3.471187e+02	 24	 999000	 240	 999000	 999	 3.481365e+02	 766.67	 783.33	 62.00	 28	 0.47	 
BFE_107	 1	 3	 2213.jpg	 3.511233e+02	 24	 999000	 240	 999000	 999	 3.521411e+02	 766.67	 783.33	 61.00	 34	 0.49	 
BFE_107	 1	 3	 2121.jpg	 3.551109e+02	 24	 999000	 240	 999000	 999	 3.561288e+02	 766.67	 783.33	 60.00	 21	 0.50	 
BFE_107	 1	 3	 2217.jpg	 3.581144e+02	 24	 999000	 240	 999000	 999	 3.591322e+02	 766.67	 783.33	 43.00	 38	 0.81	 
BFE_107	 1	 3	 2209.jpg	 3.641212e+02	 24	 999000	 240	 999000	 999	 3.651389e+02	 766.67	 783.33	 59.00	 30	 0.51	 
BFE_107	 1	 3	 1110.jpg	 3.661234e+02	 12	 999000	 120	 999000	 999	 3.671412e+02	 766.67	 783.33	 21.00	 10	 0.46	 
BFE_107	 1	 3	 1212.jpg	 3.701113e+02	 12	 999000	 120	 999000	 999	 3.711290e+02	 766.67	 783.33	 37.00	 33	 0.21	 
BFE_107	 1	 3	 1205.jpg	 3.721135e+02	 12	 999000	 120	 999000	 999	 3.731313e+02	 766.67	 783.33	 4.00	 26	 0.82	 
BFE_107	 1	 3	 1213.jpg	 3.741157e+02	 12	 999000	 120	 999000	 999	 3.751336e+02	 766.67	 783.33	 19.00	 34	 0.49	 
BFE_107	 1	 3	 2205.jpg	 3.761180e+02	 24	 999000	 240	 999000	 999	 3.771358e+02	 766.67	 783.33	 48.00	 26	 0.73	 
BFE_107	 1	 3	 1201.jpg	 3.811237e+02	 12	 999000	 120	 999000	 999	 3.821414e+02	 766.67	 783.33	 11.00	 22	 0.66	 
BFE_107	 1	 3	 1115.jpg	 3.831258e+02	 12	 999000	 120	 999000	 999	 3.841437e+02	 766.67	 783.33	 14.00	 15	 0.62	 
BFE_107	 1	 3	 1103.jpg	 3.851112e+02	 12	 999000	 120	 999000	 999	 3.861292e+02	 766.67	 783.33	 9.00	 3	 0.71	 
BFE_107	 1	 3	 1107.jpg	 3.881148e+02	 11	 9.675499e+02	 110	 7.666970e+02	 98	 3.891327e+02	 783.33	 783.33	 18.00	 7	 0.53	 
