subjectID	 order	 runNum	 itemName	 onsetTime	 shuff_trialType	 RT	 respInTime	 AudioTime	 response	 fixationTime	 ladder1	 ladder2	 bidIndex	 itemNameIndex	 bidValue	 
BFE_109	 1	 20	 1218.jpg	 2.575738e+03	 11	 1.103885e+03	 1100	 7.833905e+02	 98	 2.576756e+03	 733.33	 650.00	 12.00	 39	 0.64	 
BFE_109	 1	 20	 1105.jpg	 2.580727e+03	 12	 999000	 120	 999000	 999	 2.581745e+03	 733.33	 650.00	 37.00	 5	 0.17	 
BFE_109	 1	 20	 1201.jpg	 2.582730e+03	 12	 999000	 120	 999000	 999	 2.583747e+03	 733.33	 650.00	 8.00	 22	 0.68	 
BFE_109	 1	 20	 1206.jpg	 2.584732e+03	 11	 1.038381e+03	 1100	 7.333623e+02	 98	 2.585750e+03	 683.33	 650.00	 7.00	 27	 0.74	 
BFE_109	 1	 20	 1205.jpg	 2.590722e+03	 11	 9.446822e+02	 110	 6.833708e+02	 98	 2.591740e+03	 700.00	 650.00	 13.00	 26	 0.62	 
BFE_109	 1	 20	 2110.jpg	 2.592724e+03	 24	 999000	 240	 999000	 999	 2.593742e+03	 700.00	 650.00	 57.00	 10	 0.58	 
BFE_109	 1	 20	 2202.jpg	 2.595727e+03	 22	 1.122836e+03	 2200	 6.500476e+02	 98	 2.596745e+03	 700.00	 600.00	 55.00	 23	 0.59	 
BFE_109	 1	 20	 1203.jpg	 2.597730e+03	 11	 9.445956e+02	 110	 7.000377e+02	 98	 2.598747e+03	 716.67	 600.00	 10.00	 24	 0.68	 
BFE_109	 1	 20	 2207.jpg	 2.601734e+03	 22	 9.319899e+02	 220	 6.000330e+02	 98	 2.602752e+03	 716.67	 616.67	 50.00	 28	 0.68	 
BFE_109	 1	 20	 1110.jpg	 2.603736e+03	 12	 999000	 120	 999000	 999	 2.604754e+03	 716.67	 616.67	 20.00	 10	 0.54	 
BFE_109	 1	 20	 1119.jpg	 2.608725e+03	 12	 999000	 120	 999000	 999	 2.609743e+03	 716.67	 616.67	 38.00	 19	 0.17	 
BFE_109	 1	 20	 1208.jpg	 2.615733e+03	 12	 999000	 120	 999000	 999	 2.616751e+03	 716.67	 616.67	 11.00	 29	 0.67	 
BFE_109	 1	 20	 1121.jpg	 2.617736e+03	 12	 999000	 120	 999000	 999	 2.618753e+03	 716.67	 616.67	 21.00	 21	 0.53	 
BFE_109	 1	 20	 2215.jpg	 2.620722e+03	 24	 999000	 240	 999000	 999	 2.621740e+03	 716.67	 616.67	 60.00	 36	 0.50	 
BFE_109	 1	 20	 1103.jpg	 2.623725e+03	 11	 9.327985e+02	 110	 7.166929e+02	 98	 2.624743e+03	 733.33	 616.67	 15.00	 3	 0.60	 
BFE_109	 1	 20	 2211.jpg	 2.627730e+03	 24	 999000	 240	 999000	 999	 2.628748e+03	 733.33	 616.67	 49.00	 32	 0.69	 
BFE_109	 1	 20	 1210.jpg	 2.631734e+03	 12	 999000	 120	 999000	 999	 2.632752e+03	 733.33	 616.67	 3.00	 31	 0.81	 
BFE_109	 1	 20	 1211.jpg	 2.635722e+03	 12	 999000	 120	 999000	 999	 2.636740e+03	 733.33	 616.67	 19.00	 32	 0.55	 
BFE_109	 1	 20	 1214.jpg	 2.638726e+03	 12	 999000	 120	 999000	 999	 2.639743e+03	 733.33	 616.67	 22.00	 35	 0.51	 
BFE_109	 1	 20	 1216.jpg	 2.644732e+03	 12	 999000	 120	 999000	 999	 2.645750e+03	 733.33	 616.67	 4.00	 37	 0.81	 
BFE_109	 1	 20	 2212.jpg	 2.646735e+03	 22	 9.156217e+02	 220	 6.167002e+02	 98	 2.647752e+03	 733.33	 633.33	 53.00	 33	 0.62	 
BFE_109	 1	 20	 2218.jpg	 2.649721e+03	 24	 999000	 240	 999000	 999	 2.650739e+03	 733.33	 633.33	 59.00	 39	 0.53	 
BFE_109	 1	 20	 2107.jpg	 2.651724e+03	 24	 999000	 240	 999000	 999	 2.652741e+03	 733.33	 633.33	 54.00	 7	 0.61	 
BFE_109	 1	 20	 2205.jpg	 2.653726e+03	 24	 999000	 240	 999000	 999	 2.654744e+03	 733.33	 633.33	 51.00	 26	 0.63	 
BFE_109	 1	 20	 1219.jpg	 2.655728e+03	 12	 999000	 120	 999000	 999	 2.656746e+03	 733.33	 633.33	 17.00	 40	 0.55	 
BFE_109	 1	 20	 2204.jpg	 2.658731e+03	 24	 999000	 240	 999000	 999	 2.659749e+03	 733.33	 633.33	 48.00	 25	 0.71	 
BFE_109	 1	 20	 2203.jpg	 2.662736e+03	 22	 5.942820e+02	 22	 6.333636e+02	 98	 2.663754e+03	 733.33	 650.00	 58.00	 24	 0.58	 
BFE_109	 1	 20	 2210.jpg	 2.664721e+03	 22	 9.770476e+02	 220	 6.500356e+02	 98	 2.665739e+03	 733.33	 666.67	 47.00	 31	 0.71	 
BFE_109	 1	 20	 1215.jpg	 2.666724e+03	 12	 999000	 120	 999000	 999	 2.667742e+03	 733.33	 666.67	 9.00	 36	 0.68	 
BFE_109	 1	 20	 2111.jpg	 2.668726e+03	 24	 999000	 240	 999000	 999	 2.669744e+03	 733.33	 666.67	 62.00	 11	 0.47	 
BFE_109	 1	 20	 1102.jpg	 2.670728e+03	 12	 999000	 120	 999000	 999	 2.671746e+03	 733.33	 666.67	 16.00	 2	 0.59	 
BFE_109	 1	 20	 2105.jpg	 2.672730e+03	 24	 999000	 240	 999000	 999	 2.673748e+03	 733.33	 666.67	 77.00	 5	 0.20	 
BFE_109	 1	 20	 1213.jpg	 2.676735e+03	 12	 999000	 120	 999000	 999	 2.677753e+03	 733.33	 666.67	 14.00	 34	 0.60	 
BFE_109	 1	 20	 1106.jpg	 2.680723e+03	 11	 7.915136e+02	 110	 7.333607e+02	 98	 2.681740e+03	 750.00	 666.67	 18.00	 6	 0.55	 
BFE_109	 1	 20	 2112.jpg	 2.682725e+03	 24	 999000	 240	 999000	 999	 2.683743e+03	 750.00	 666.67	 78.00	 12	 0.20	 
BFE_109	 1	 20	 2213.jpg	 2.684727e+03	 24	 999000	 240	 999000	 999	 2.685745e+03	 750.00	 666.67	 61.00	 34	 0.48	 
BFE_109	 1	 20	 2217.jpg	 2.686730e+03	 22	 6.167575e+02	 22	 6.667048e+02	 98	 2.687747e+03	 750.00	 683.33	 52.00	 38	 0.62	 
BFE_109	 1	 20	 2208.jpg	 2.688732e+03	 24	 999000	 240	 999000	 999	 2.689749e+03	 750.00	 683.33	 56.00	 29	 0.59	 
BFE_109	 1	 20	 2209.jpg	 2.694722e+03	 24	 999000	 240	 999000	 999	 2.695739e+03	 750.00	 683.33	 44.00	 30	 0.80	 
BFE_109	 1	 20	 2201.jpg	 2.696724e+03	 24	 999000	 240	 999000	 999	 2.697742e+03	 750.00	 683.33	 43.00	 22	 0.81	 
