subjectID	 order	 runNum	 itemName	 onsetTime	 shuff_trialType	 RT	 respInTime	 AudioTime	 response	 fixationTime	 ladder1	 ladder2	 bidIndex	 itemNameIndex	 bidValue	 
BFE_202	 2	 20	 2113.jpg	 2.561032e+03	 22	 9.705612e+02	 220	 7.167108e+02	 98	 2.562050e+03	 716.67	 733.33	 56.00	 13	 0.60	 
BFE_202	 2	 20	 1111.jpg	 2.564019e+03	 12	 999000	 120	 999000	 999	 2.565036e+03	 716.67	 733.33	 19.00	 11	 0.56	 
BFE_202	 2	 20	 2211.jpg	 2.568023e+03	 24	 999000	 240	 999000	 999	 2.569041e+03	 716.67	 733.33	 43.00	 32	 0.82	 
BFE_202	 2	 20	 2216.jpg	 2.570025e+03	 24	 999000	 240	 999000	 999	 2.571043e+03	 716.67	 733.33	 53.00	 37	 0.62	 
BFE_202	 2	 20	 2202.jpg	 2.572028e+03	 24	 999000	 240	 999000	 999	 2.573045e+03	 716.67	 733.33	 62.00	 23	 0.47	 
BFE_202	 2	 20	 2219.jpg	 2.576015e+03	 24	 999000	 240	 999000	 999	 2.577033e+03	 716.67	 733.33	 59.00	 40	 0.51	 
BFE_202	 2	 20	 2203.jpg	 2.578018e+03	 24	 999000	 240	 999000	 999	 2.579035e+03	 716.67	 733.33	 47.00	 24	 0.69	 
BFE_202	 2	 20	 2218.jpg	 2.583023e+03	 22	 1.011213e+03	 2200	 7.333625e+02	 98	 2.584041e+03	 716.67	 683.33	 49.00	 39	 0.64	 
BFE_202	 2	 20	 1203.jpg	 2.585025e+03	 12	 999000	 120	 999000	 999	 2.586043e+03	 716.67	 683.33	 10.00	 24	 0.66	 
BFE_202	 2	 20	 1206.jpg	 2.588012e+03	 12	 999000	 120	 999000	 999	 2.589030e+03	 716.67	 683.33	 21.00	 27	 0.54	 
BFE_202	 2	 20	 2103.jpg	 2.591016e+03	 24	 999000	 240	 999000	 999	 2.592033e+03	 716.67	 683.33	 60.00	 3	 0.51	 
BFE_202	 2	 20	 1209.jpg	 2.595020e+03	 12	 999000	 120	 999000	 999	 2.596038e+03	 716.67	 683.33	 7.00	 30	 0.68	 
BFE_202	 2	 20	 2107.jpg	 2.598023e+03	 24	 999000	 240	 999000	 999	 2.599041e+03	 716.67	 683.33	 78.00	 7	 0.24	 
BFE_202	 2	 20	 1107.jpg	 2.600026e+03	 11	 9.368787e+02	 110	 7.167129e+02	 98	 2.601043e+03	 733.33	 683.33	 16.00	 7	 0.60	 
BFE_202	 2	 20	 2119.jpg	 2.603012e+03	 24	 999000	 240	 999000	 999	 2.604030e+03	 733.33	 683.33	 77.00	 19	 0.24	 
BFE_202	 2	 20	 1214.jpg	 2.607017e+03	 12	 999000	 120	 999000	 999	 2.608035e+03	 733.33	 683.33	 20.00	 35	 0.56	 
BFE_202	 2	 20	 2117.jpg	 2.610020e+03	 24	 999000	 240	 999000	 999	 2.611038e+03	 733.33	 683.33	 61.00	 17	 0.47	 
BFE_202	 2	 20	 2213.jpg	 2.612022e+03	 24	 999000	 240	 999000	 999	 2.613040e+03	 733.33	 683.33	 58.00	 34	 0.54	 
BFE_202	 2	 20	 1104.jpg	 2.614025e+03	 12	 999000	 120	 999000	 999	 2.615042e+03	 733.33	 683.33	 12.00	 4	 0.63	 
BFE_202	 2	 20	 2215.jpg	 2.619014e+03	 24	 999000	 240	 999000	 999	 2.620031e+03	 733.33	 683.33	 44.00	 36	 0.82	 
BFE_202	 2	 20	 1115.jpg	 2.623018e+03	 11	 9.763857e+02	 110	 7.333704e+02	 98	 2.624036e+03	 750.00	 683.33	 8.00	 15	 0.67	 
BFE_202	 2	 20	 1219.jpg	 2.627022e+03	 11	 9.639406e+02	 110	 7.500389e+02	 98	 2.628040e+03	 766.67	 683.33	 9.00	 40	 0.66	 
BFE_202	 2	 20	 1119.jpg	 2.633012e+03	 12	 999000	 120	 999000	 999	 2.634030e+03	 766.67	 683.33	 38.00	 19	 0.17	 
BFE_202	 2	 20	 1207.jpg	 2.635015e+03	 11	 1.011684e+03	 1100	 7.666952e+02	 98	 2.636034e+03	 716.67	 683.33	 17.00	 28	 0.58	 
BFE_202	 2	 20	 1204.jpg	 2.637017e+03	 11	 9.213323e+02	 110	 7.166992e+02	 98	 2.638035e+03	 733.33	 683.33	 11.00	 25	 0.65	 
BFE_202	 2	 20	 2205.jpg	 2.639019e+03	 22	 9.110904e+02	 220	 6.833626e+02	 98	 2.640037e+03	 733.33	 700.00	 48.00	 26	 0.68	 
BFE_202	 2	 20	 2102.jpg	 2.641022e+03	 24	 999000	 240	 999000	 999	 2.642039e+03	 733.33	 700.00	 52.00	 2	 0.62	 
BFE_202	 2	 20	 1216.jpg	 2.645026e+03	 12	 999000	 120	 999000	 999	 2.646044e+03	 733.33	 700.00	 3.00	 37	 0.77	 
BFE_202	 2	 20	 2209.jpg	 2.647012e+03	 22	 9.508712e+02	 220	 7.000377e+02	 98	 2.648029e+03	 733.33	 716.67	 51.00	 30	 0.62	 
BFE_202	 2	 20	 1117.jpg	 2.651016e+03	 12	 999000	 120	 999000	 999	 2.652034e+03	 733.33	 716.67	 37.00	 17	 0.23	 
BFE_202	 2	 20	 1205.jpg	 2.653018e+03	 11	 9.761029e+02	 110	 7.333715e+02	 98	 2.654036e+03	 750.00	 716.67	 14.00	 26	 0.62	 
BFE_202	 2	 20	 2210.jpg	 2.655021e+03	 22	 9.658501e+02	 220	 7.167096e+02	 98	 2.656038e+03	 750.00	 733.33	 57.00	 31	 0.59	 
BFE_202	 2	 20	 2118.jpg	 2.657023e+03	 22	 9.716075e+02	 220	 7.333914e+02	 98	 2.658041e+03	 750.00	 750.00	 54.00	 18	 0.61	 
BFE_202	 2	 20	 1106.jpg	 2.662011e+03	 12	 999000	 120	 999000	 999	 2.663030e+03	 750.00	 750.00	 13.00	 6	 0.62	 
BFE_202	 2	 20	 1213.jpg	 2.664014e+03	 12	 999000	 120	 999000	 999	 2.665032e+03	 750.00	 750.00	 15.00	 34	 0.60	 
BFE_202	 2	 20	 2115.jpg	 2.666016e+03	 24	 999000	 240	 999000	 999	 2.667034e+03	 750.00	 750.00	 50.00	 15	 0.64	 
BFE_202	 2	 20	 1215.jpg	 2.669020e+03	 12	 999000	 120	 999000	 999	 2.670037e+03	 750.00	 750.00	 4.00	 36	 0.74	 
BFE_202	 2	 20	 1210.jpg	 2.676027e+03	 12	 999000	 120	 999000	 999	 2.677045e+03	 750.00	 750.00	 18.00	 31	 0.57	 
BFE_202	 2	 20	 2101.jpg	 2.680015e+03	 24	 999000	 240	 999000	 999	 2.681033e+03	 750.00	 750.00	 55.00	 1	 0.61	 
BFE_202	 2	 20	 1120.jpg	 2.687023e+03	 12	 999000	 120	 999000	 999	 2.688041e+03	 750.00	 750.00	 22.00	 20	 0.52	 
