subjectID	 order	 runNum	 itemName	 onsetTime	 shuff_trialType	 RT	 respInTime	 AudioTime	 response	 fixationTime	 ladder1	 ladder2	 bidIndex	 itemNameIndex	 bidValue	 
BFE_101	 1	 16	 1201.jpg	 1.882057e+03	 12	 999000	 120	 999000	 999	 1.883075e+03	 783.33	 783.33	 22.00	 22	 0.50	 
BFE_101	 1	 16	 1214.jpg	 1.887063e+03	 12	 999000	 120	 999000	 999	 1.888081e+03	 783.33	 783.33	 21.00	 35	 0.50	 
BFE_101	 1	 16	 1103.jpg	 1.889065e+03	 12	 999000	 120	 999000	 999	 1.890083e+03	 783.33	 783.33	 9.00	 3	 0.68	 
BFE_101	 1	 16	 2104.jpg	 1.891068e+03	 24	 999000	 240	 999000	 999	 1.892085e+03	 783.33	 783.33	 56.00	 4	 0.55	 
BFE_101	 1	 16	 1106.jpg	 1.897058e+03	 11	 1.151548e+03	 1100	 7.833842e+02	 98	 1.898075e+03	 733.33	 783.33	 12.00	 6	 0.58	 
BFE_101	 1	 16	 1207.jpg	 1.899060e+03	 11	 1.029343e+03	 1100	 7.333640e+02	 98	 1.900078e+03	 683.33	 783.33	 13.00	 28	 0.56	 
BFE_101	 1	 16	 2110.jpg	 1.902063e+03	 22	 1.025863e+03	 2200	 7.833805e+02	 98	 1.903081e+03	 683.33	 733.33	 50.00	 10	 0.65	 
BFE_101	 1	 16	 2102.jpg	 1.904065e+03	 24	 1.255658e+03	 24	 999000	 98	 1.905083e+03	 683.33	 733.33	 61.00	 2	 0.54	 
BFE_101	 1	 16	 2216.jpg	 1.908053e+03	 24	 999000	 240	 999000	 999	 1.909071e+03	 683.33	 733.33	 48.00	 37	 0.66	 
BFE_101	 1	 16	 1208.jpg	 1.910056e+03	 11	 1.041563e+03	 1100	 6.833643e+02	 98	 1.911073e+03	 633.33	 733.33	 18.00	 29	 0.51	 
BFE_101	 1	 16	 1206.jpg	 1.915061e+03	 12	 999000	 120	 999000	 999	 1.916079e+03	 633.33	 733.33	 4.00	 27	 0.74	 
BFE_101	 1	 16	 2217.jpg	 1.922052e+03	 24	 999000	 240	 999000	 999	 1.923070e+03	 633.33	 733.33	 54.00	 38	 0.58	 
BFE_101	 1	 16	 1116.jpg	 1.924054e+03	 12	 999000	 120	 999000	 999	 1.925072e+03	 633.33	 733.33	 19.00	 16	 0.51	 
BFE_101	 1	 16	 2115.jpg	 1.927058e+03	 24	 999000	 240	 999000	 999	 1.928076e+03	 633.33	 733.33	 57.00	 15	 0.55	 
BFE_101	 1	 16	 1202.jpg	 1.930061e+03	 12	 999000	 120	 999000	 999	 1.931079e+03	 633.33	 733.33	 16.00	 23	 0.54	 
BFE_101	 1	 16	 1205.jpg	 1.934066e+03	 12	 999000	 120	 999000	 999	 1.935084e+03	 633.33	 733.33	 11.00	 26	 0.62	 
BFE_101	 1	 16	 2207.jpg	 1.938054e+03	 24	 999000	 240	 999000	 999	 1.939071e+03	 633.33	 733.33	 49.00	 28	 0.66	 
BFE_101	 1	 16	 2211.jpg	 1.942058e+03	 22	 9.830791e+02	 220	 7.333728e+02	 98	 1.943076e+03	 633.33	 750.00	 52.00	 32	 0.62	 
BFE_101	 1	 16	 1102.jpg	 1.945061e+03	 11	 9.477923e+02	 110	 6.333690e+02	 98	 1.946079e+03	 650.00	 750.00	 10.00	 2	 0.66	 
BFE_101	 1	 16	 2114.jpg	 1.951068e+03	 24	 999000	 240	 999000	 999	 1.952086e+03	 650.00	 750.00	 62.00	 14	 0.50	 
BFE_101	 1	 16	 1118.jpg	 1.953054e+03	 12	 999000	 120	 999000	 999	 1.954071e+03	 650.00	 750.00	 3.00	 18	 0.78	 
BFE_101	 1	 16	 2213.jpg	 1.956057e+03	 24	 999000	 240	 999000	 999	 1.957075e+03	 650.00	 750.00	 44.00	 34	 0.71	 
BFE_101	 1	 16	 2214.jpg	 1.958059e+03	 22	 1.085848e+03	 2200	 7.500274e+02	 98	 1.959077e+03	 650.00	 700.00	 53.00	 35	 0.59	 
BFE_101	 1	 16	 1213.jpg	 1.960062e+03	 12	 999000	 120	 999000	 999	 1.961079e+03	 650.00	 700.00	 8.00	 34	 0.68	 
BFE_101	 1	 16	 1216.jpg	 1.962064e+03	 11	 8.653359e+02	 110	 6.500269e+02	 98	 1.963082e+03	 666.67	 700.00	 15.00	 37	 0.55	 
BFE_101	 1	 16	 2209.jpg	 1.965067e+03	 22	 8.939684e+02	 220	 7.000359e+02	 98	 1.966085e+03	 666.67	 716.67	 55.00	 30	 0.56	 
BFE_101	 1	 16	 2103.jpg	 1.969055e+03	 24	 999000	 240	 999000	 999	 1.970073e+03	 666.67	 716.67	 43.00	 3	 0.74	 
BFE_101	 1	 16	 2113.jpg	 1.971057e+03	 24	 999000	 240	 999000	 999	 1.972075e+03	 666.67	 716.67	 60.00	 13	 0.54	 
BFE_101	 1	 16	 1121.jpg	 1.973060e+03	 11	 7.015099e+02	 110	 6.666957e+02	 98	 1.974077e+03	 683.33	 716.67	 7.00	 21	 0.70	 
BFE_101	 1	 16	 1109.jpg	 1.975062e+03	 12	 999000	 120	 999000	 999	 1.976079e+03	 683.33	 716.67	 20.00	 9	 0.50	 
BFE_101	 1	 16	 1204.jpg	 1.977064e+03	 12	 999000	 120	 999000	 999	 1.978082e+03	 683.33	 716.67	 17.00	 25	 0.52	 
BFE_101	 1	 16	 1111.jpg	 1.979066e+03	 12	 999000	 120	 999000	 999	 1.980084e+03	 683.33	 716.67	 14.00	 11	 0.55	 
BFE_101	 1	 16	 2205.jpg	 1.983054e+03	 24	 999000	 240	 999000	 999	 1.984072e+03	 683.33	 716.67	 77.00	 26	 0.21	 
BFE_101	 1	 16	 2117.jpg	 1.987058e+03	 24	 999000	 240	 999000	 999	 1.988076e+03	 683.33	 716.67	 78.00	 17	 0.18	 
BFE_101	 1	 16	 2203.jpg	 1.989061e+03	 24	 999000	 240	 999000	 999	 1.990078e+03	 683.33	 716.67	 59.00	 24	 0.54	 
BFE_101	 1	 16	 2120.jpg	 1.991063e+03	 22	 6.261807e+02	 22	 7.167206e+02	 98	 1.992081e+03	 683.33	 733.33	 58.00	 20	 0.55	 
BFE_101	 1	 16	 1101.jpg	 1.993065e+03	 12	 999000	 120	 999000	 999	 1.994083e+03	 683.33	 733.33	 37.00	 1	 0.27	 
BFE_101	 1	 16	 2118.jpg	 1.995067e+03	 22	 9.337436e+02	 220	 7.333689e+02	 98	 1.996085e+03	 683.33	 750.00	 47.00	 18	 0.67	 
BFE_101	 1	 16	 2208.jpg	 2.001057e+03	 24	 999000	 240	 999000	 999	 2.002075e+03	 683.33	 750.00	 51.00	 29	 0.63	 
BFE_101	 1	 16	 1115.jpg	 2.003060e+03	 12	 999000	 120	 999000	 999	 2.004078e+03	 683.33	 750.00	 38.00	 15	 0.23	 
