subjectID	 order	 runNum	 itemName	 onsetTime	 shuff_trialType	 RT	 respInTime	 AudioTime	 response	 fixationTime	 ladder1	 ladder2	 bidIndex	 itemNameIndex	 bidValue	 
BFE_106	 2	 14	 2106.jpg	 1.799879e+03	 24	 999000	 240	 999000	 999	 1.800897e+03	 916.67	 916.67	 60.00	 6	 0.54	 
BFE_106	 2	 14	 2204.jpg	 1.802866e+03	 24	 999000	 240	 999000	 999	 1.803884e+03	 916.67	 916.67	 61.00	 25	 0.52	 
BFE_106	 2	 14	 2211.jpg	 1.804868e+03	 24	 999000	 240	 999000	 999	 1.805886e+03	 916.67	 916.67	 43.00	 32	 0.87	 
BFE_106	 2	 14	 1106.jpg	 1.806870e+03	 12	 999000	 120	 999000	 999	 1.807888e+03	 916.67	 916.67	 7.00	 6	 0.73	 
BFE_106	 2	 14	 1214.jpg	 1.808873e+03	 11	 5.536999e+02	 11	 9.167247e+02	 98	 1.809890e+03	 916.67	 916.67	 14.00	 35	 0.62	 
BFE_106	 2	 14	 2206.jpg	 1.811876e+03	 22	 5.823999e+02	 22	 9.167131e+02	 98	 1.812894e+03	 916.67	 916.67	 48.00	 27	 0.73	 
BFE_106	 2	 14	 1207.jpg	 1.813861e+03	 12	 999000	 120	 999000	 999	 1.814879e+03	 916.67	 916.67	 21.00	 28	 0.50	 
BFE_106	 2	 14	 1211.jpg	 1.817866e+03	 12	 999000	 120	 999000	 999	 1.818884e+03	 916.67	 916.67	 15.00	 32	 0.58	 
BFE_106	 2	 14	 1109.jpg	 1.819868e+03	 12	 999000	 120	 999000	 999	 1.820886e+03	 916.67	 916.67	 4.00	 9	 0.82	 
BFE_106	 2	 14	 2113.jpg	 1.824874e+03	 24	 999000	 240	 999000	 999	 1.825892e+03	 916.67	 916.67	 50.00	 13	 0.69	 
BFE_106	 2	 14	 2121.jpg	 1.826876e+03	 24	 999000	 240	 999000	 999	 1.827894e+03	 916.67	 916.67	 47.00	 21	 0.75	 
BFE_106	 2	 14	 1101.jpg	 1.830864e+03	 12	 999000	 120	 999000	 999	 1.831882e+03	 916.67	 916.67	 37.00	 1	 0.16	 
BFE_106	 2	 14	 1205.jpg	 1.832866e+03	 12	 999000	 120	 999000	 999	 1.833884e+03	 916.67	 916.67	 3.00	 26	 0.83	 
BFE_106	 2	 14	 2119.jpg	 1.835870e+03	 24	 999000	 240	 999000	 999	 1.836887e+03	 916.67	 916.67	 77.00	 19	 0.21	 
BFE_106	 2	 14	 2103.jpg	 1.840875e+03	 24	 999000	 240	 999000	 999	 1.841893e+03	 916.67	 916.67	 44.00	 3	 0.83	 
BFE_106	 2	 14	 1218.jpg	 1.842860e+03	 12	 999000	 120	 999000	 999	 1.843878e+03	 916.67	 916.67	 19.00	 39	 0.54	 
BFE_106	 2	 14	 1209.jpg	 1.844863e+03	 11	 5.714676e+02	 11	 9.166978e+02	 98	 1.845881e+03	 916.67	 916.67	 11.00	 30	 0.68	 
BFE_106	 2	 14	 2214.jpg	 1.848867e+03	 22	 5.669100e+02	 22	 9.166957e+02	 98	 1.849885e+03	 916.67	 916.67	 54.00	 35	 0.59	 
BFE_106	 2	 14	 2111.jpg	 1.852872e+03	 24	 999000	 240	 999000	 999	 1.853890e+03	 916.67	 916.67	 62.00	 11	 0.52	 
BFE_106	 2	 14	 2207.jpg	 1.856877e+03	 24	 999000	 240	 999000	 999	 1.857894e+03	 916.67	 916.67	 58.00	 28	 0.58	 
BFE_106	 2	 14	 1115.jpg	 1.858862e+03	 11	 6.443157e+02	 11	 9.166962e+02	 98	 1.859880e+03	 916.67	 916.67	 8.00	 15	 0.70	 
BFE_106	 2	 14	 2115.jpg	 1.860864e+03	 22	 5.781356e+02	 22	 9.167050e+02	 98	 1.861882e+03	 916.67	 916.67	 57.00	 15	 0.58	 
BFE_106	 2	 14	 2208.jpg	 1.862866e+03	 22	 8.318894e+02	 22	 9.167056e+02	 98	 1.863884e+03	 916.67	 916.67	 51.00	 29	 0.65	 
BFE_106	 2	 14	 2209.jpg	 1.864869e+03	 22	 4.934841e+02	 22	 9.166982e+02	 98	 1.865887e+03	 916.67	 916.67	 56.00	 30	 0.59	 
BFE_106	 2	 14	 2218.jpg	 1.870875e+03	 24	 999000	 240	 999000	 999	 1.871893e+03	 916.67	 916.67	 52.00	 39	 0.60	 
BFE_106	 2	 14	 1216.jpg	 1.873862e+03	 11	 6.442370e+02	 11	 9.167039e+02	 98	 1.874880e+03	 916.67	 916.67	 17.00	 37	 0.56	 
BFE_106	 2	 14	 1213.jpg	 1.875864e+03	 11	 5.860841e+02	 11	 9.167030e+02	 98	 1.876882e+03	 916.67	 916.67	 9.00	 34	 0.69	 
BFE_106	 2	 14	 1203.jpg	 1.877867e+03	 12	 999000	 120	 999000	 999	 1.878884e+03	 916.67	 916.67	 22.00	 24	 0.50	 
BFE_106	 2	 14	 2109.jpg	 1.880870e+03	 22	 6.763790e+02	 22	 9.167085e+02	 98	 1.881888e+03	 916.67	 916.67	 49.00	 9	 0.73	 
BFE_106	 2	 14	 2105.jpg	 1.882872e+03	 24	 999000	 240	 999000	 999	 1.883890e+03	 916.67	 916.67	 55.00	 5	 0.59	 
BFE_106	 2	 14	 2110.jpg	 1.884874e+03	 24	 999000	 240	 999000	 999	 1.885892e+03	 916.67	 916.67	 53.00	 10	 0.60	 
BFE_106	 2	 14	 1219.jpg	 1.886860e+03	 11	 5.585119e+02	 11	 9.166964e+02	 98	 1.887878e+03	 916.67	 916.67	 16.00	 40	 0.57	 
BFE_106	 2	 14	 1204.jpg	 1.889863e+03	 12	 999000	 120	 999000	 999	 1.890881e+03	 916.67	 916.67	 20.00	 25	 0.51	 
BFE_106	 2	 14	 1119.jpg	 1.891866e+03	 12	 999000	 120	 999000	 999	 1.892883e+03	 916.67	 916.67	 38.00	 19	 0.15	 
BFE_106	 2	 14	 1110.jpg	 1.893868e+03	 12	 999000	 120	 999000	 999	 1.894886e+03	 916.67	 916.67	 10.00	 10	 0.68	 
BFE_106	 2	 14	 2205.jpg	 1.895870e+03	 24	 999000	 240	 999000	 999	 1.896888e+03	 916.67	 916.67	 59.00	 26	 0.57	 
BFE_106	 2	 14	 1208.jpg	 1.897872e+03	 12	 5.219625e+02	 12	 999000	 98	 1.898890e+03	 916.67	 916.67	 13.00	 29	 0.63	 
BFE_106	 2	 14	 1217.jpg	 1.903862e+03	 12	 999000	 120	 999000	 999	 1.904880e+03	 916.67	 916.67	 18.00	 38	 0.54	 
BFE_106	 2	 14	 2107.jpg	 1.906866e+03	 24	 999000	 240	 999000	 999	 1.907884e+03	 916.67	 916.67	 78.00	 7	 0.20	 
BFE_106	 2	 14	 1121.jpg	 1.910870e+03	 12	 999000	 120	 999000	 999	 1.911888e+03	 916.67	 916.67	 12.00	 21	 0.65	 
