subjectID	 order	 runNum	 itemName	 onsetTime	 shuff_trialType	 RT	 respInTime	 AudioTime	 response	 fixationTime	 ladder1	 ladder2	 bidIndex	 itemNameIndex	 bidValue	 
BFE_107	 1	 4	 2217.jpg	 3.919525e+02	 24	 999000	 240	 999000	 999	 3.929703e+02	 783.33	 783.33	 43.00	 38	 0.81	 
BFE_107	 1	 4	 1212.jpg	 3.949392e+02	 12	 999000	 120	 999000	 999	 3.959569e+02	 783.33	 783.33	 37.00	 33	 0.21	 
BFE_107	 1	 4	 1216.jpg	 3.989436e+02	 12	 999000	 120	 999000	 999	 3.999615e+02	 783.33	 783.33	 22.00	 37	 0.46	 
BFE_107	 1	 4	 1202.jpg	 4.009459e+02	 11	 1.040526e+03	 1100	 7.833822e+02	 98	 4.019636e+02	 733.33	 783.33	 10.00	 23	 0.69	 
BFE_107	 1	 4	 1103.jpg	 4.029482e+02	 12	 999000	 120	 999000	 999	 4.039659e+02	 733.33	 783.33	 9.00	 3	 0.71	 
BFE_107	 1	 4	 1109.jpg	 4.069360e+02	 11	 9.943912e+02	 110	 7.333706e+02	 98	 4.079537e+02	 750.00	 783.33	 13.00	 9	 0.63	 
BFE_107	 1	 4	 1106.jpg	 4.089381e+02	 11	 9.522314e+02	 110	 7.500534e+02	 98	 4.099559e+02	 766.67	 783.33	 7.00	 6	 0.74	 
BFE_107	 1	 4	 1107.jpg	 4.139438e+02	 11	 3.945439e+02	 11	 7.666980e+02	 98	 4.149616e+02	 783.33	 783.33	 18.00	 7	 0.53	 
BFE_107	 1	 4	 2218.jpg	 4.159461e+02	 24	 999000	 240	 999000	 999	 4.169638e+02	 783.33	 783.33	 57.00	 39	 0.58	 
BFE_107	 1	 4	 1217.jpg	 4.189324e+02	 11	 1.045951e+03	 1100	 7.833660e+02	 98	 4.199506e+02	 733.33	 783.33	 12.00	 38	 0.63	 
BFE_107	 1	 4	 2104.jpg	 4.219362e+02	 22	 9.701898e+02	 220	 7.833848e+02	 98	 4.229540e+02	 733.33	 800.00	 50.00	 4	 0.67	 
BFE_107	 1	 4	 1214.jpg	 4.259407e+02	 11	 9.737193e+02	 110	 7.333633e+02	 98	 4.269585e+02	 750.00	 800.00	 15.00	 35	 0.59	 
BFE_107	 1	 4	 2214.jpg	 4.289439e+02	 24	 999000	 240	 999000	 999	 4.299619e+02	 750.00	 800.00	 44.00	 35	 0.80	 
BFE_107	 1	 4	 2209.jpg	 4.309463e+02	 24	 999000	 240	 999000	 999	 4.319640e+02	 750.00	 800.00	 59.00	 30	 0.51	 
BFE_107	 1	 4	 2116.jpg	 4.339327e+02	 22	 1.013733e+03	 2200	 8.000386e+02	 98	 4.349535e+02	 750.00	 750.00	 58.00	 16	 0.55	 
BFE_107	 1	 4	 2105.jpg	 4.379374e+02	 22	 9.769965e+02	 220	 7.500279e+02	 98	 4.389552e+02	 750.00	 766.67	 47.00	 5	 0.76	 
BFE_107	 1	 4	 2101.jpg	 4.409409e+02	 24	 999000	 240	 999000	 999	 4.419586e+02	 750.00	 766.67	 77.00	 1	 0.18	 
BFE_107	 1	 4	 1209.jpg	 4.429431e+02	 12	 999000	 120	 999000	 999	 4.439608e+02	 750.00	 766.67	 16.00	 30	 0.58	 
BFE_107	 1	 4	 2109.jpg	 4.449454e+02	 24	 999000	 240	 999000	 999	 4.459631e+02	 750.00	 766.67	 56.00	 9	 0.58	 
BFE_107	 1	 4	 2117.jpg	 4.499339e+02	 24	 999000	 240	 999000	 999	 4.509520e+02	 750.00	 766.67	 78.00	 17	 0.15	 
BFE_107	 1	 4	 2219.jpg	 4.539387e+02	 22	 1.031709e+03	 2200	 7.666978e+02	 98	 4.549565e+02	 750.00	 716.67	 55.00	 40	 0.58	 
BFE_107	 1	 4	 1213.jpg	 4.579433e+02	 12	 999000	 120	 999000	 999	 4.589611e+02	 750.00	 716.67	 19.00	 34	 0.49	 
BFE_107	 1	 4	 2203.jpg	 4.639333e+02	 22	 9.331008e+02	 220	 7.167027e+02	 98	 4.649511e+02	 750.00	 733.33	 53.00	 24	 0.60	 
BFE_107	 1	 4	 1118.jpg	 4.659355e+02	 12	 999000	 120	 999000	 999	 4.669533e+02	 750.00	 733.33	 38.00	 18	 0.12	 
BFE_107	 1	 4	 1110.jpg	 4.679378e+02	 12	 999000	 120	 999000	 999	 4.689557e+02	 750.00	 733.33	 21.00	 10	 0.46	 
BFE_107	 1	 4	 1113.jpg	 4.699402e+02	 12	 999000	 120	 999000	 999	 4.709578e+02	 750.00	 733.33	 8.00	 13	 0.73	 
BFE_107	 1	 4	 2111.jpg	 4.719422e+02	 22	 1.108134e+03	 2200	 7.333720e+02	 98	 4.729601e+02	 750.00	 683.33	 52.00	 11	 0.63	 
BFE_107	 1	 4	 2201.jpg	 4.759467e+02	 24	 999000	 240	 999000	 999	 4.769645e+02	 750.00	 683.33	 49.00	 22	 0.73	 
BFE_107	 1	 4	 1201.jpg	 4.779491e+02	 12	 999000	 120	 999000	 999	 4.789668e+02	 750.00	 683.33	 11.00	 22	 0.66	 
BFE_107	 1	 4	 1111.jpg	 4.819368e+02	 12	 999000	 120	 999000	 999	 4.829546e+02	 750.00	 683.33	 17.00	 11	 0.57	 
BFE_107	 1	 4	 2213.jpg	 4.839391e+02	 24	 999000	 240	 999000	 999	 4.849569e+02	 750.00	 683.33	 61.00	 34	 0.49	 
BFE_107	 1	 4	 2205.jpg	 4.859413e+02	 24	 999000	 240	 999000	 999	 4.869591e+02	 750.00	 683.33	 48.00	 26	 0.73	 
BFE_107	 1	 4	 2202.jpg	 4.879434e+02	 24	 999000	 240	 999000	 999	 4.889614e+02	 750.00	 683.33	 51.00	 23	 0.64	 
BFE_107	 1	 4	 1105.jpg	 4.929492e+02	 12	 999000	 120	 999000	 999	 4.939670e+02	 750.00	 683.33	 3.00	 5	 0.84	 
BFE_107	 1	 4	 1205.jpg	 4.949348e+02	 12	 999000	 120	 999000	 999	 4.959526e+02	 750.00	 683.33	 4.00	 26	 0.82	 
BFE_107	 1	 4	 2207.jpg	 4.969370e+02	 24	 999000	 240	 999000	 999	 4.979548e+02	 750.00	 683.33	 62.00	 28	 0.47	 
BFE_107	 1	 4	 1115.jpg	 4.999404e+02	 12	 999000	 120	 999000	 999	 5.009581e+02	 750.00	 683.33	 14.00	 15	 0.62	 
BFE_107	 1	 4	 2121.jpg	 5.069483e+02	 24	 999000	 240	 999000	 999	 5.079660e+02	 750.00	 683.33	 60.00	 21	 0.50	 
BFE_107	 1	 4	 2113.jpg	 5.109360e+02	 24	 999000	 240	 999000	 999	 5.119538e+02	 750.00	 683.33	 54.00	 13	 0.60	 
BFE_107	 1	 4	 1211.jpg	 5.179439e+02	 12	 999000	 120	 999000	 999	 5.189618e+02	 750.00	 683.33	 20.00	 32	 0.46	 
