subjectID	 order	 runNum	 itemName	 onsetTime	 shuff_trialType	 RT	 respInTime	 AudioTime	 response	 fixationTime	 ladder1	 ladder2	 bidIndex	 itemNameIndex	 bidValue	 
BFE_106	 2	 6	 2205.jpg	 6.890669e+02	 24	 999000	 240	 999000	 999	 6.900850e+02	 850.00	 916.67	 59.00	 26	 0.57	 
BFE_106	 2	 6	 2119.jpg	 6.940561e+02	 24	 999000	 240	 999000	 999	 6.950740e+02	 850.00	 916.67	 77.00	 19	 0.21	 
BFE_106	 2	 6	 2110.jpg	 6.960583e+02	 24	 999000	 240	 999000	 999	 6.970760e+02	 850.00	 916.67	 53.00	 10	 0.60	 
BFE_106	 2	 6	 1115.jpg	 6.980606e+02	 11	 6.777745e+02	 11	 8.500557e+02	 98	 6.990783e+02	 866.67	 916.67	 8.00	 15	 0.70	 
BFE_106	 2	 6	 1216.jpg	 7.040506e+02	 11	 6.396692e+02	 11	 8.666982e+02	 98	 7.050684e+02	 883.33	 916.67	 17.00	 37	 0.56	 
BFE_106	 2	 6	 2107.jpg	 7.060529e+02	 24	 999000	 240	 999000	 999	 7.070707e+02	 883.33	 916.67	 78.00	 7	 0.20	 
BFE_106	 2	 6	 1207.jpg	 7.090562e+02	 12	 999000	 120	 999000	 999	 7.100740e+02	 883.33	 916.67	 21.00	 28	 0.50	 
BFE_106	 2	 6	 1110.jpg	 7.110584e+02	 12	 999000	 120	 999000	 999	 7.120762e+02	 883.33	 916.67	 10.00	 10	 0.68	 
BFE_106	 2	 6	 2208.jpg	 7.150630e+02	 22	 6.193241e+02	 22	 9.167118e+02	 98	 7.160808e+02	 883.33	 916.67	 51.00	 29	 0.65	 
BFE_106	 2	 6	 2211.jpg	 7.170482e+02	 24	 999000	 240	 999000	 999	 7.180663e+02	 883.33	 916.67	 43.00	 32	 0.87	 
BFE_106	 2	 6	 2121.jpg	 7.220541e+02	 24	 999000	 240	 999000	 999	 7.230719e+02	 883.33	 916.67	 47.00	 21	 0.75	 
BFE_106	 2	 6	 2206.jpg	 7.290619e+02	 22	 5.803687e+02	 22	 9.166964e+02	 98	 7.300797e+02	 883.33	 916.67	 48.00	 27	 0.73	 
BFE_106	 2	 6	 2207.jpg	 7.310472e+02	 24	 999000	 240	 999000	 999	 7.320653e+02	 883.33	 916.67	 58.00	 28	 0.58	 
BFE_106	 2	 6	 2214.jpg	 7.340509e+02	 22	 5.513600e+02	 22	 9.166971e+02	 98	 7.350687e+02	 883.33	 916.67	 54.00	 35	 0.59	 
BFE_106	 2	 6	 1214.jpg	 7.370543e+02	 11	 6.120365e+02	 11	 8.833715e+02	 98	 7.380720e+02	 900.00	 916.67	 14.00	 35	 0.62	 
BFE_106	 2	 6	 1121.jpg	 7.410588e+02	 12	 999000	 120	 999000	 999	 7.420765e+02	 900.00	 916.67	 12.00	 21	 0.65	 
BFE_106	 2	 6	 1218.jpg	 7.450633e+02	 12	 999000	 120	 999000	 999	 7.460810e+02	 900.00	 916.67	 19.00	 39	 0.54	 
BFE_106	 2	 6	 1205.jpg	 7.490510e+02	 12	 999000	 120	 999000	 999	 7.500688e+02	 900.00	 916.67	 3.00	 26	 0.83	 
BFE_106	 2	 6	 1213.jpg	 7.520545e+02	 11	 6.518252e+02	 11	 9.000360e+02	 98	 7.530722e+02	 916.67	 916.67	 9.00	 34	 0.69	 
BFE_106	 2	 6	 2204.jpg	 7.580611e+02	 24	 999000	 240	 999000	 999	 7.590789e+02	 916.67	 916.67	 61.00	 25	 0.52	 
BFE_106	 2	 6	 1109.jpg	 7.600634e+02	 12	 6.108617e+02	 12	 999000	 98	 7.610812e+02	 916.67	 916.67	 4.00	 9	 0.82	 
BFE_106	 2	 6	 1217.jpg	 7.630501e+02	 12	 999000	 120	 999000	 999	 7.640678e+02	 916.67	 916.67	 18.00	 38	 0.54	 
BFE_106	 2	 6	 1106.jpg	 7.650523e+02	 12	 999000	 120	 999000	 999	 7.660701e+02	 916.67	 916.67	 7.00	 6	 0.73	 
BFE_106	 2	 6	 2218.jpg	 7.670546e+02	 24	 999000	 240	 999000	 999	 7.680723e+02	 916.67	 916.67	 52.00	 39	 0.60	 
BFE_106	 2	 6	 2115.jpg	 7.690569e+02	 22	 7.294200e+02	 22	 9.167045e+02	 98	 7.700746e+02	 916.67	 916.67	 57.00	 15	 0.58	 
BFE_106	 2	 6	 2113.jpg	 7.720602e+02	 24	 999000	 240	 999000	 999	 7.730780e+02	 916.67	 916.67	 50.00	 13	 0.69	 
BFE_106	 2	 6	 2109.jpg	 7.760481e+02	 22	 999000	 2	 9.167099e+02	 999	 7.770657e+02	 916.67	 866.67	 49.00	 9	 0.73	 
BFE_106	 2	 6	 1219.jpg	 7.780504e+02	 11	 8.399007e+02	 11	 9.167049e+02	 98	 7.790679e+02	 916.67	 866.67	 16.00	 40	 0.57	 
BFE_106	 2	 6	 1211.jpg	 7.800524e+02	 12	 999000	 120	 999000	 999	 7.810703e+02	 916.67	 866.67	 15.00	 32	 0.58	 
BFE_106	 2	 6	 1203.jpg	 7.820548e+02	 12	 999000	 120	 999000	 999	 7.830725e+02	 916.67	 866.67	 22.00	 24	 0.50	 
BFE_106	 2	 6	 1204.jpg	 7.840569e+02	 12	 999000	 120	 999000	 999	 7.850747e+02	 916.67	 866.67	 20.00	 25	 0.51	 
BFE_106	 2	 6	 1101.jpg	 7.860592e+02	 12	 999000	 120	 999000	 999	 7.870770e+02	 916.67	 866.67	 37.00	 1	 0.16	 
BFE_106	 2	 6	 2111.jpg	 7.900637e+02	 24	 999000	 240	 999000	 999	 7.910815e+02	 916.67	 866.67	 62.00	 11	 0.52	 
BFE_106	 2	 6	 2106.jpg	 7.940514e+02	 24	 999000	 240	 999000	 999	 7.950694e+02	 916.67	 866.67	 60.00	 6	 0.54	 
BFE_106	 2	 6	 1119.jpg	 7.960539e+02	 12	 999000	 120	 999000	 999	 7.970715e+02	 916.67	 866.67	 38.00	 19	 0.15	 
BFE_106	 2	 6	 1208.jpg	 7.980560e+02	 12	 6.263357e+02	 12	 999000	 98	 7.990738e+02	 916.67	 866.67	 13.00	 29	 0.63	 
BFE_106	 2	 6	 2209.jpg	 8.000582e+02	 22	 5.681277e+02	 22	 8.666966e+02	 98	 8.010760e+02	 916.67	 883.33	 56.00	 30	 0.59	 
BFE_106	 2	 6	 2103.jpg	 8.020605e+02	 24	 999000	 240	 999000	 999	 8.030784e+02	 916.67	 883.33	 44.00	 3	 0.83	 
BFE_106	 2	 6	 2105.jpg	 8.080505e+02	 24	 999000	 240	 999000	 999	 8.090684e+02	 916.67	 883.33	 55.00	 5	 0.59	 
BFE_106	 2	 6	 1209.jpg	 8.100527e+02	 11	 4.935504e+02	 11	 9.167052e+02	 98	 8.110705e+02	 916.67	 883.33	 11.00	 30	 0.68	 
