subjectID	 order	 runNum	 itemName	 onsetTime	 shuff_trialType	 RT	 respInTime	 AudioTime	 response	 fixationTime	 ladder1	 ladder2	 bidIndex	 itemNameIndex	 bidValue	 
BFE_110	 2	 1	 2120.jpg	 1.312431e+00	 22	 1.305788e+03	 2200	 7.500515e+02	 98	 2.329900e+00	 750.00	 700.00	 51.00	 20	 0.69	 
BFE_110	 2	 1	 1121.jpg	 4.298757e+00	 11	 1.063443e+03	 1100	 7.500471e+02	 98	 5.316693e+00	 700.00	 700.00	 16.00	 21	 0.58	 
BFE_110	 2	 1	 2219.jpg	 6.300973e+00	 24	 999000	 240	 999000	 999	 7.318723e+00	 700.00	 700.00	 50.00	 40	 0.70	 
BFE_110	 2	 1	 2119.jpg	 8.303217e+00	 24	 999000	 240	 999000	 999	 9.320967e+00	 700.00	 700.00	 78.00	 19	 0.22	 
BFE_110	 2	 1	 1117.jpg	 1.030544e+01	 11	 1.184769e+03	 1100	 7.000337e+02	 98	 1.132324e+01	 650.00	 700.00	 14.00	 17	 0.59	 
BFE_110	 2	 1	 2211.jpg	 1.330885e+01	 22	 1.221391e+03	 2200	 7.000314e+02	 98	 1.432657e+01	 650.00	 650.00	 49.00	 32	 0.71	 
BFE_110	 2	 1	 2210.jpg	 1.531113e+01	 24	 999000	 240	 999000	 999	 1.632882e+01	 650.00	 650.00	 77.00	 31	 0.25	 
BFE_110	 2	 1	 2208.jpg	 1.929887e+01	 24	 999000	 240	 999000	 999	 2.031660e+01	 650.00	 650.00	 55.00	 29	 0.63	 
BFE_110	 2	 1	 2214.jpg	 2.130113e+01	 24	 999000	 240	 999000	 999	 2.231886e+01	 650.00	 650.00	 58.00	 35	 0.61	 
BFE_110	 2	 1	 2115.jpg	 2.630679e+01	 22	 1.055439e+03	 2200	 6.500316e+02	 98	 2.732449e+01	 650.00	 600.00	 56.00	 15	 0.63	 
BFE_110	 2	 1	 1105.jpg	 2.830899e+01	 12	 999000	 120	 999000	 999	 2.932673e+01	 650.00	 600.00	 21.00	 5	 0.48	 
BFE_110	 2	 1	 2121.jpg	 3.229693e+01	 24	 999000	 240	 999000	 999	 3.331456e+01	 650.00	 600.00	 52.00	 21	 0.65	 
BFE_110	 2	 1	 1206.jpg	 3.429912e+01	 12	 999000	 120	 999000	 999	 3.531685e+01	 650.00	 600.00	 3.00	 27	 0.83	 
BFE_110	 2	 1	 1216.jpg	 3.730247e+01	 11	 9.637400e+02	 110	 6.500411e+02	 98	 3.832017e+01	 666.67	 600.00	 8.00	 37	 0.74	 
BFE_110	 2	 1	 2202.jpg	 4.230798e+01	 24	 999000	 240	 999000	 999	 4.332579e+01	 666.67	 600.00	 59.00	 23	 0.60	 
BFE_110	 2	 1	 1219.jpg	 4.431025e+01	 12	 999000	 120	 999000	 999	 4.532803e+01	 666.67	 600.00	 15.00	 40	 0.59	 
BFE_110	 2	 1	 2217.jpg	 4.629550e+01	 24	 999000	 240	 999000	 999	 4.731357e+01	 666.67	 600.00	 60.00	 38	 0.59	 
BFE_110	 2	 1	 1102.jpg	 5.030028e+01	 12	 999000	 120	 999000	 999	 5.131815e+01	 666.67	 600.00	 37.00	 2	 0.16	 
BFE_110	 2	 1	 2207.jpg	 5.430481e+01	 24	 999000	 240	 999000	 999	 5.532254e+01	 666.67	 600.00	 53.00	 28	 0.64	 
BFE_110	 2	 1	 1218.jpg	 5.830935e+01	 11	 1.172853e+03	 1100	 6.666990e+02	 98	 5.932703e+01	 616.67	 600.00	 9.00	 39	 0.73	 
BFE_110	 2	 1	 1214.jpg	 6.031158e+01	 12	 999000	 120	 999000	 999	 6.132935e+01	 616.67	 600.00	 12.00	 35	 0.61	 
BFE_110	 2	 1	 2204.jpg	 6.229713e+01	 22	 9.530798e+02	 220	 6.000328e+02	 98	 6.331483e+01	 616.67	 616.67	 48.00	 25	 0.76	 
BFE_110	 2	 1	 1205.jpg	 6.429939e+01	 12	 999000	 120	 999000	 999	 6.531708e+01	 616.67	 616.67	 4.00	 26	 0.78	 
BFE_110	 2	 1	 1115.jpg	 6.630154e+01	 12	 999000	 120	 999000	 999	 6.731937e+01	 616.67	 616.67	 20.00	 15	 0.50	 
BFE_110	 2	 1	 1109.jpg	 7.230840e+01	 12	 999000	 120	 999000	 999	 7.332608e+01	 616.67	 616.67	 19.00	 9	 0.51	 
BFE_110	 2	 1	 2213.jpg	 7.531168e+01	 24	 999000	 240	 999000	 999	 7.632949e+01	 616.67	 616.67	 43.00	 34	 0.84	 
BFE_110	 2	 1	 2104.jpg	 7.729735e+01	 24	 999000	 240	 999000	 999	 7.831497e+01	 616.67	 616.67	 61.00	 4	 0.59	 
BFE_110	 2	 1	 2109.jpg	 7.929952e+01	 22	 9.426867e+02	 220	 6.167219e+02	 98	 8.031728e+01	 616.67	 633.33	 54.00	 9	 0.63	 
BFE_110	 2	 1	 1209.jpg	 8.230288e+01	 12	 999000	 120	 999000	 999	 8.332058e+01	 616.67	 633.33	 7.00	 30	 0.76	 
BFE_110	 2	 1	 1211.jpg	 8.430515e+01	 12	 999000	 120	 999000	 999	 8.532290e+01	 616.67	 633.33	 10.00	 32	 0.70	 
BFE_110	 2	 1	 1120.jpg	 8.630738e+01	 12	 999000	 120	 999000	 999	 8.732526e+01	 616.67	 633.33	 13.00	 20	 0.60	 
BFE_110	 2	 1	 2102.jpg	 8.830964e+01	 24	 999000	 240	 999000	 999	 8.932740e+01	 616.67	 633.33	 62.00	 2	 0.58	 
BFE_110	 2	 1	 2218.jpg	 9.129601e+01	 24	 999000	 240	 999000	 999	 9.231401e+01	 616.67	 633.33	 44.00	 39	 0.81	 
BFE_110	 2	 1	 1204.jpg	 9.329851e+01	 11	 9.036968e+02	 110	 6.167023e+02	 98	 9.431623e+01	 633.33	 633.33	 17.00	 25	 0.54	 
BFE_110	 2	 1	 1119.jpg	 9.530071e+01	 12	 999000	 120	 999000	 999	 9.631858e+01	 633.33	 633.33	 38.00	 19	 0.15	 
BFE_110	 2	 1	 1106.jpg	 9.730305e+01	 12	 999000	 120	 999000	 999	 9.832081e+01	 633.33	 633.33	 18.00	 6	 0.54	 
BFE_110	 2	 1	 1210.jpg	 9.930533e+01	 12	 999000	 120	 999000	 999	 1.003231e+02	 633.33	 633.33	 22.00	 31	 0.47	 
BFE_110	 2	 1	 2205.jpg	 1.052951e+02	 22	 9.550737e+02	 220	 6.333628e+02	 98	 1.063131e+02	 633.33	 650.00	 57.00	 26	 0.62	 
BFE_110	 2	 1	 2206.jpg	 1.082986e+02	 24	 999000	 240	 999000	 999	 1.093164e+02	 633.33	 650.00	 47.00	 27	 0.78	 
BFE_110	 2	 1	 1114.jpg	 1.123032e+02	 11	 5.949922e+02	 11	 6.333665e+02	 98	 1.133210e+02	 650.00	 650.00	 11.00	 14	 0.67	 
