subjectID	 order	 runNum	 itemName	 onsetTime	 shuff_trialType	 RT	 respInTime	 AudioTime	 response	 fixationTime	 ladder1	 ladder2	 bidIndex	 itemNameIndex	 bidValue	 
BFE_103	 1	 14	 2209.jpg	 1.754845e+03	 24	 999000	 240	 999000	 999	 1.755863e+03	 716.67	 716.67	 43.00	 30	 0.78	 
BFE_103	 1	 14	 2211.jpg	 1.759834e+03	 24	 999000	 240	 999000	 999	 1.760852e+03	 716.67	 716.67	 51.00	 32	 0.68	 
BFE_103	 1	 14	 2213.jpg	 1.761836e+03	 22	 8.942948e+02	 220	 7.167261e+02	 98	 1.762854e+03	 716.67	 733.33	 50.00	 34	 0.70	 
BFE_103	 1	 14	 2113.jpg	 1.763838e+03	 24	 999000	 240	 999000	 999	 1.764856e+03	 716.67	 733.33	 44.00	 13	 0.76	 
BFE_103	 1	 14	 2203.jpg	 1.769829e+03	 24	 999000	 240	 999000	 999	 1.770846e+03	 716.67	 733.33	 49.00	 24	 0.70	 
BFE_103	 1	 14	 2219.jpg	 1.771831e+03	 24	 999000	 240	 999000	 999	 1.772849e+03	 716.67	 733.33	 48.00	 40	 0.73	 
BFE_103	 1	 14	 1204.jpg	 1.774834e+03	 11	 9.123711e+02	 110	 7.167170e+02	 98	 1.775852e+03	 733.33	 733.33	 7.00	 25	 0.78	 
BFE_103	 1	 14	 2116.jpg	 1.776836e+03	 24	 999000	 240	 999000	 999	 1.777854e+03	 733.33	 733.33	 61.00	 16	 0.49	 
BFE_103	 1	 14	 2218.jpg	 1.780841e+03	 22	 8.657341e+02	 220	 7.333670e+02	 98	 1.781859e+03	 733.33	 750.00	 55.00	 39	 0.65	 
BFE_103	 1	 14	 1214.jpg	 1.782827e+03	 11	 8.159957e+02	 110	 7.333670e+02	 98	 1.783844e+03	 750.00	 750.00	 18.00	 35	 0.49	 
BFE_103	 1	 14	 1209.jpg	 1.787832e+03	 12	 999000	 120	 999000	 999	 1.788850e+03	 750.00	 750.00	 8.00	 30	 0.74	 
BFE_103	 1	 14	 1217.jpg	 1.794840e+03	 12	 999000	 120	 999000	 999	 1.795858e+03	 750.00	 750.00	 3.00	 38	 0.84	 
BFE_103	 1	 14	 2119.jpg	 1.796825e+03	 24	 999000	 240	 999000	 999	 1.797843e+03	 750.00	 750.00	 77.00	 19	 0.19	 
BFE_103	 1	 14	 2205.jpg	 1.799829e+03	 24	 999000	 240	 999000	 999	 1.800847e+03	 750.00	 750.00	 56.00	 26	 0.64	 
BFE_103	 1	 14	 2121.jpg	 1.802832e+03	 22	 6.263283e+02	 22	 7.500414e+02	 98	 1.803850e+03	 750.00	 766.67	 53.00	 21	 0.67	 
BFE_103	 1	 14	 1113.jpg	 1.806837e+03	 12	 999000	 120	 999000	 999	 1.807855e+03	 750.00	 766.67	 4.00	 13	 0.81	 
BFE_103	 1	 14	 2106.jpg	 1.810841e+03	 24	 999000	 240	 999000	 999	 1.811859e+03	 750.00	 766.67	 62.00	 6	 0.49	 
BFE_103	 1	 14	 1218.jpg	 1.814829e+03	 12	 999000	 120	 999000	 999	 1.815847e+03	 750.00	 766.67	 16.00	 39	 0.53	 
BFE_103	 1	 14	 1109.jpg	 1.817832e+03	 12	 999000	 120	 999000	 999	 1.818850e+03	 750.00	 766.67	 11.00	 9	 0.71	 
BFE_103	 1	 14	 1112.jpg	 1.823839e+03	 12	 999000	 120	 999000	 999	 1.824857e+03	 750.00	 766.67	 37.00	 12	 0.18	 
BFE_103	 1	 14	 1211.jpg	 1.825841e+03	 12	 999000	 120	 999000	 999	 1.826859e+03	 750.00	 766.67	 20.00	 32	 0.47	 
BFE_103	 1	 14	 1102.jpg	 1.828828e+03	 12	 999000	 120	 999000	 999	 1.829846e+03	 750.00	 766.67	 17.00	 2	 0.50	 
BFE_103	 1	 14	 2104.jpg	 1.830830e+03	 24	 999000	 240	 999000	 999	 1.831848e+03	 750.00	 766.67	 59.00	 4	 0.53	 
BFE_103	 1	 14	 1117.jpg	 1.832833e+03	 12	 999000	 120	 999000	 999	 1.833850e+03	 750.00	 766.67	 22.00	 17	 0.46	 
BFE_103	 1	 14	 1104.jpg	 1.834835e+03	 12	 999000	 120	 999000	 999	 1.835853e+03	 750.00	 766.67	 9.00	 4	 0.73	 
BFE_103	 1	 14	 2120.jpg	 1.837838e+03	 24	 999000	 240	 999000	 999	 1.838856e+03	 750.00	 766.67	 78.00	 20	 0.16	 
BFE_103	 1	 14	 1213.jpg	 1.841826e+03	 11	 8.247436e+02	 110	 7.500271e+02	 98	 1.842844e+03	 766.67	 766.67	 12.00	 34	 0.67	 
BFE_103	 1	 14	 2105.jpg	 1.843828e+03	 22	 9.342350e+02	 220	 7.666953e+02	 98	 1.844846e+03	 766.67	 783.33	 47.00	 5	 0.73	 
BFE_103	 1	 14	 1121.jpg	 1.845831e+03	 12	 999000	 120	 999000	 999	 1.846848e+03	 766.67	 783.33	 21.00	 21	 0.46	 
BFE_103	 1	 14	 2217.jpg	 1.847833e+03	 24	 999000	 240	 999000	 999	 1.848851e+03	 766.67	 783.33	 54.00	 38	 0.65	 
BFE_103	 1	 14	 1203.jpg	 1.849835e+03	 12	 999000	 120	 999000	 999	 1.850853e+03	 766.67	 783.33	 19.00	 24	 0.48	 
BFE_103	 1	 14	 1111.jpg	 1.851837e+03	 12	 999000	 120	 999000	 999	 1.852855e+03	 766.67	 783.33	 38.00	 11	 0.16	 
BFE_103	 1	 14	 1114.jpg	 1.855842e+03	 12	 999000	 120	 999000	 999	 1.856860e+03	 766.67	 783.33	 14.00	 14	 0.57	 
BFE_103	 1	 14	 2206.jpg	 1.859830e+03	 24	 999000	 240	 999000	 999	 1.860847e+03	 766.67	 783.33	 60.00	 27	 0.51	 
BFE_103	 1	 14	 1110.jpg	 1.861832e+03	 11	 1.018639e+03	 1100	 7.667039e+02	 98	 1.862850e+03	 716.67	 783.33	 13.00	 10	 0.61	 
BFE_103	 1	 14	 2115.jpg	 1.863834e+03	 24	 999000	 240	 999000	 999	 1.864852e+03	 716.67	 783.33	 57.00	 15	 0.58	 
BFE_103	 1	 14	 1115.jpg	 1.865836e+03	 11	 9.501775e+02	 110	 7.166975e+02	 98	 1.866854e+03	 733.33	 783.33	 10.00	 15	 0.72	 
BFE_103	 1	 14	 2109.jpg	 1.867839e+03	 22	 6.519597e+02	 22	 7.833674e+02	 98	 1.868856e+03	 733.33	 800.00	 58.00	 9	 0.58	 
BFE_103	 1	 14	 1105.jpg	 1.873829e+03	 11	 9.338638e+02	 110	 7.333605e+02	 98	 1.874846e+03	 750.00	 800.00	 15.00	 5	 0.55	 
BFE_103	 1	 14	 2207.jpg	 1.875831e+03	 22	 6.035882e+02	 22	 8.000305e+02	 98	 1.876849e+03	 750.00	 816.67	 52.00	 28	 0.67	 
