subjectID	 order	 runNum	 itemName	 onsetTime	 shuff_trialType	 RT	 respInTime	 AudioTime	 response	 fixationTime	 ladder1	 ladder2	 bidIndex	 itemNameIndex	 bidValue	 
BFE_111	 1	 17	 1114.jpg	 2.700230e+03	 12	 999000	 120	 999000	 999	 2.701248e+03	 683.33	 683.33	 4.00	 14	 0.79	 
BFE_111	 1	 17	 1209.jpg	 2.702216e+03	 12	 999000	 120	 999000	 999	 2.703234e+03	 683.33	 683.33	 8.00	 30	 0.64	 
BFE_111	 1	 17	 2104.jpg	 2.706220e+03	 22	 1.085786e+03	 2200	 6.833879e+02	 98	 2.707238e+03	 683.33	 633.33	 55.00	 4	 0.56	 
BFE_111	 1	 17	 2110.jpg	 2.709224e+03	 24	 999000	 240	 999000	 999	 2.710242e+03	 683.33	 633.33	 62.00	 10	 0.44	 
BFE_111	 1	 17	 1216.jpg	 2.711226e+03	 11	 1.032220e+03	 1100	 6.833833e+02	 98	 2.712244e+03	 633.33	 633.33	 10.00	 37	 0.61	 
BFE_111	 1	 17	 1205.jpg	 2.714229e+03	 11	 8.367942e+02	 110	 6.333634e+02	 98	 2.715247e+03	 650.00	 633.33	 18.00	 26	 0.52	 
BFE_111	 1	 17	 2218.jpg	 2.718217e+03	 24	 999000	 240	 999000	 999	 2.719235e+03	 650.00	 633.33	 61.00	 39	 0.45	 
BFE_111	 1	 17	 2113.jpg	 2.722222e+03	 24	 999000	 240	 999000	 999	 2.723239e+03	 650.00	 633.33	 51.00	 13	 0.64	 
BFE_111	 1	 17	 1218.jpg	 2.724224e+03	 11	 9.942385e+02	 110	 6.500397e+02	 98	 2.725242e+03	 666.67	 633.33	 7.00	 39	 0.66	 
BFE_111	 1	 17	 1113.jpg	 2.729213e+03	 12	 999000	 120	 999000	 999	 2.730231e+03	 666.67	 633.33	 21.00	 13	 0.49	 
BFE_111	 1	 17	 2112.jpg	 2.731215e+03	 24	 999000	 240	 999000	 999	 2.732233e+03	 666.67	 633.33	 60.00	 12	 0.48	 
BFE_111	 1	 17	 1107.jpg	 2.733217e+03	 11	 9.608517e+02	 110	 6.666977e+02	 98	 2.734235e+03	 683.33	 633.33	 12.00	 7	 0.60	 
BFE_111	 1	 17	 2111.jpg	 2.739224e+03	 24	 999000	 240	 999000	 999	 2.740242e+03	 683.33	 633.33	 49.00	 11	 0.66	 
BFE_111	 1	 17	 2209.jpg	 2.741226e+03	 24	 999000	 240	 999000	 999	 2.742244e+03	 683.33	 633.33	 54.00	 30	 0.56	 
BFE_111	 1	 17	 2103.jpg	 2.743229e+03	 24	 999000	 240	 999000	 999	 2.744246e+03	 683.33	 633.33	 57.00	 3	 0.53	 
BFE_111	 1	 17	 2102.jpg	 2.745214e+03	 24	 999000	 240	 999000	 999	 2.746232e+03	 683.33	 633.33	 48.00	 2	 0.67	 
BFE_111	 1	 17	 2205.jpg	 2.749219e+03	 24	 999000	 240	 999000	 999	 2.750236e+03	 683.33	 633.33	 59.00	 26	 0.50	 
BFE_111	 1	 17	 1116.jpg	 2.753223e+03	 12	 999000	 120	 999000	 999	 2.754241e+03	 683.33	 633.33	 38.00	 16	 0.23	 
BFE_111	 1	 17	 1109.jpg	 2.756226e+03	 12	 999000	 120	 999000	 999	 2.757244e+03	 683.33	 633.33	 17.00	 9	 0.54	 
BFE_111	 1	 17	 2116.jpg	 2.760214e+03	 24	 999000	 240	 999000	 999	 2.761232e+03	 683.33	 633.33	 78.00	 16	 0.25	 
BFE_111	 1	 17	 2216.jpg	 2.763218e+03	 24	 999000	 240	 999000	 999	 2.764235e+03	 683.33	 633.33	 56.00	 37	 0.55	 
BFE_111	 1	 17	 2119.jpg	 2.765220e+03	 24	 999000	 240	 999000	 999	 2.766238e+03	 683.33	 633.33	 77.00	 19	 0.30	 
BFE_111	 1	 17	 2207.jpg	 2.769224e+03	 24	 999000	 240	 999000	 999	 2.770242e+03	 683.33	 633.33	 44.00	 28	 0.72	 
BFE_111	 1	 17	 1219.jpg	 2.771227e+03	 11	 9.115748e+02	 110	 6.833602e+02	 98	 2.772244e+03	 700.00	 633.33	 13.00	 40	 0.58	 
BFE_111	 1	 17	 1213.jpg	 2.773229e+03	 12	 999000	 120	 999000	 999	 2.774247e+03	 700.00	 633.33	 37.00	 34	 0.23	 
BFE_111	 1	 17	 1217.jpg	 2.777217e+03	 12	 999000	 120	 999000	 999	 2.778234e+03	 700.00	 633.33	 3.00	 38	 0.87	 
BFE_111	 1	 17	 1102.jpg	 2.779219e+03	 12	 999000	 120	 999000	 999	 2.780237e+03	 700.00	 633.33	 19.00	 2	 0.52	 
BFE_111	 1	 17	 2213.jpg	 2.783223e+03	 22	 1.018722e+03	 2200	 6.333579e+02	 98	 2.784241e+03	 700.00	 583.33	 50.00	 34	 0.65	 
BFE_111	 1	 17	 1120.jpg	 2.787228e+03	 12	 999000	 120	 999000	 999	 2.788246e+03	 700.00	 583.33	 20.00	 20	 0.49	 
BFE_111	 1	 17	 2217.jpg	 2.790215e+03	 24	 999000	 240	 999000	 999	 2.791232e+03	 700.00	 583.33	 43.00	 38	 0.77	 
BFE_111	 1	 17	 1202.jpg	 2.796221e+03	 12	 999000	 120	 999000	 999	 2.797239e+03	 700.00	 583.33	 22.00	 23	 0.46	 
BFE_111	 1	 17	 2211.jpg	 2.798224e+03	 22	 9.466698e+02	 220	 5.833600e+02	 98	 2.799241e+03	 700.00	 600.00	 58.00	 32	 0.51	 
BFE_111	 1	 17	 1210.jpg	 2.802228e+03	 12	 999000	 120	 999000	 999	 2.803246e+03	 700.00	 600.00	 11.00	 31	 0.61	 
BFE_111	 1	 17	 2214.jpg	 2.804214e+03	 22	 1.036594e+03	 2200	 6.000309e+02	 98	 2.805231e+03	 700.00	 550.00	 47.00	 35	 0.68	 
BFE_111	 1	 17	 2120.jpg	 2.806216e+03	 22	 8.023534e+02	 220	 5.500266e+02	 98	 2.807234e+03	 700.00	 566.67	 53.00	 20	 0.60	 
BFE_111	 1	 17	 2210.jpg	 2.808218e+03	 22	 8.401259e+02	 220	 5.667045e+02	 98	 2.809236e+03	 700.00	 583.33	 52.00	 31	 0.61	 
BFE_111	 1	 17	 1215.jpg	 2.813224e+03	 12	 999000	 120	 999000	 999	 2.814242e+03	 700.00	 583.33	 16.00	 36	 0.54	 
BFE_111	 1	 17	 1214.jpg	 2.815226e+03	 12	 999000	 120	 999000	 999	 2.816244e+03	 700.00	 583.33	 9.00	 35	 0.63	 
BFE_111	 1	 17	 1117.jpg	 2.817228e+03	 11	 1.062024e+03	 1100	 7.000333e+02	 98	 2.818246e+03	 650.00	 583.33	 15.00	 17	 0.55	 
BFE_111	 1	 17	 1105.jpg	 2.820215e+03	 12	 999000	 120	 999000	 999	 2.821233e+03	 650.00	 583.33	 14.00	 5	 0.57	 
