subjectID	 order	 runNum	 itemName	 onsetTime	 shuff_trialType	 RT	 respInTime	 AudioTime	 response	 fixationTime	 ladder1	 ladder2	 bidIndex	 itemNameIndex	 bidValue	 
BFE_107	 1	 13	 2207.jpg	 1.784183e+03	 24	 999000	 240	 999000	 999	 1.785200e+03	 750.00	 750.00	 62.00	 28	 0.47	 
BFE_107	 1	 13	 2117.jpg	 1.787169e+03	 24	 999000	 240	 999000	 999	 1.788187e+03	 750.00	 750.00	 78.00	 17	 0.15	 
BFE_107	 1	 13	 2209.jpg	 1.789172e+03	 24	 999000	 240	 999000	 999	 1.790189e+03	 750.00	 750.00	 59.00	 30	 0.51	 
BFE_107	 1	 13	 1213.jpg	 1.791174e+03	 12	 999000	 120	 999000	 999	 1.792192e+03	 750.00	 750.00	 19.00	 34	 0.49	 
BFE_107	 1	 13	 2218.jpg	 1.793176e+03	 24	 999000	 240	 999000	 999	 1.794194e+03	 750.00	 750.00	 57.00	 39	 0.58	 
BFE_107	 1	 13	 2111.jpg	 1.796180e+03	 22	 9.348547e+02	 220	 7.500634e+02	 98	 1.797197e+03	 750.00	 766.67	 52.00	 11	 0.63	 
BFE_107	 1	 13	 2219.jpg	 1.798182e+03	 22	 9.326562e+02	 220	 7.666993e+02	 98	 1.799199e+03	 750.00	 783.33	 55.00	 40	 0.58	 
BFE_107	 1	 13	 1205.jpg	 1.802169e+03	 12	 999000	 120	 999000	 999	 1.803187e+03	 750.00	 783.33	 4.00	 26	 0.82	 
BFE_107	 1	 13	 1209.jpg	 1.804172e+03	 12	 999000	 120	 999000	 999	 1.805190e+03	 750.00	 783.33	 16.00	 30	 0.58	 
BFE_107	 1	 13	 2213.jpg	 1.809177e+03	 24	 999000	 240	 999000	 999	 1.810195e+03	 750.00	 783.33	 61.00	 34	 0.49	 
BFE_107	 1	 13	 2121.jpg	 1.811180e+03	 24	 999000	 240	 999000	 999	 1.812197e+03	 750.00	 783.33	 60.00	 21	 0.50	 
BFE_107	 1	 13	 2202.jpg	 1.815168e+03	 24	 999000	 240	 999000	 999	 1.816185e+03	 750.00	 783.33	 51.00	 23	 0.64	 
BFE_107	 1	 13	 1118.jpg	 1.817170e+03	 12	 999000	 120	 999000	 999	 1.818187e+03	 750.00	 783.33	 38.00	 18	 0.12	 
BFE_107	 1	 13	 1109.jpg	 1.820173e+03	 11	 9.333844e+02	 110	 7.500479e+02	 98	 1.821191e+03	 766.67	 783.33	 13.00	 9	 0.63	 
BFE_107	 1	 13	 1105.jpg	 1.825179e+03	 12	 999000	 120	 999000	 999	 1.826197e+03	 766.67	 783.33	 3.00	 5	 0.84	 
BFE_107	 1	 13	 2116.jpg	 1.827181e+03	 22	 9.654498e+02	 220	 7.833700e+02	 98	 1.828199e+03	 766.67	 800.00	 58.00	 16	 0.55	 
BFE_107	 1	 13	 1106.jpg	 1.829167e+03	 11	 9.158242e+02	 110	 7.667018e+02	 98	 1.830184e+03	 783.33	 800.00	 7.00	 6	 0.74	 
BFE_107	 1	 13	 2203.jpg	 1.833171e+03	 22	 9.834034e+02	 220	 8.000370e+02	 98	 1.834189e+03	 783.33	 816.67	 53.00	 24	 0.60	 
BFE_107	 1	 13	 2217.jpg	 1.837176e+03	 24	 999000	 240	 999000	 999	 1.838193e+03	 783.33	 816.67	 43.00	 38	 0.81	 
BFE_107	 1	 13	 1212.jpg	 1.841180e+03	 12	 999000	 120	 999000	 999	 1.842198e+03	 783.33	 816.67	 37.00	 33	 0.21	 
BFE_107	 1	 13	 1211.jpg	 1.843165e+03	 12	 999000	 120	 999000	 999	 1.844183e+03	 783.33	 816.67	 20.00	 32	 0.46	 
BFE_107	 1	 13	 1103.jpg	 1.845168e+03	 12	 999000	 120	 999000	 999	 1.846186e+03	 783.33	 816.67	 9.00	 3	 0.71	 
BFE_107	 1	 13	 1202.jpg	 1.847170e+03	 11	 6.723421e+02	 11	 7.833670e+02	 98	 1.848188e+03	 800.00	 816.67	 10.00	 23	 0.69	 
BFE_107	 1	 13	 1201.jpg	 1.849172e+03	 12	 999000	 120	 999000	 999	 1.850190e+03	 800.00	 816.67	 11.00	 22	 0.66	 
BFE_107	 1	 13	 2104.jpg	 1.855179e+03	 22	 9.993595e+02	 220	 8.167006e+02	 98	 1.856197e+03	 800.00	 833.33	 50.00	 4	 0.67	 
BFE_107	 1	 13	 2101.jpg	 1.858166e+03	 24	 999000	 240	 999000	 999	 1.859183e+03	 800.00	 833.33	 77.00	 1	 0.18	 
BFE_107	 1	 13	 2214.jpg	 1.860168e+03	 24	 999000	 240	 999000	 999	 1.861186e+03	 800.00	 833.33	 44.00	 35	 0.80	 
BFE_107	 1	 13	 2113.jpg	 1.862170e+03	 24	 999000	 240	 999000	 999	 1.863188e+03	 800.00	 833.33	 54.00	 13	 0.60	 
BFE_107	 1	 13	 1217.jpg	 1.865174e+03	 11	 9.807529e+02	 110	 8.000343e+02	 98	 1.866192e+03	 816.67	 833.33	 12.00	 38	 0.63	 
BFE_107	 1	 13	 2205.jpg	 1.867176e+03	 24	 999000	 240	 999000	 999	 1.868194e+03	 816.67	 833.33	 48.00	 26	 0.73	 
BFE_107	 1	 13	 1216.jpg	 1.869178e+03	 12	 999000	 120	 999000	 999	 1.870196e+03	 816.67	 833.33	 22.00	 37	 0.46	 
BFE_107	 1	 13	 1113.jpg	 1.871180e+03	 12	 999000	 120	 999000	 999	 1.872198e+03	 816.67	 833.33	 8.00	 13	 0.73	 
BFE_107	 1	 13	 1111.jpg	 1.874167e+03	 12	 999000	 120	 999000	 999	 1.875185e+03	 816.67	 833.33	 17.00	 11	 0.57	 
BFE_107	 1	 13	 2109.jpg	 1.876169e+03	 24	 999000	 240	 999000	 999	 1.877187e+03	 816.67	 833.33	 56.00	 9	 0.58	 
BFE_107	 1	 13	 1214.jpg	 1.878172e+03	 11	 9.908070e+02	 110	 8.167032e+02	 98	 1.879189e+03	 833.33	 833.33	 15.00	 35	 0.59	 
BFE_107	 1	 13	 1110.jpg	 1.880175e+03	 12	 999000	 120	 999000	 999	 1.881192e+03	 833.33	 833.33	 21.00	 10	 0.46	 
BFE_107	 1	 13	 2105.jpg	 1.882176e+03	 22	 8.983939e+02	 220	 8.333658e+02	 98	 1.883194e+03	 833.33	 850.00	 47.00	 5	 0.76	 
BFE_107	 1	 13	 1107.jpg	 1.888166e+03	 11	 9.884435e+02	 110	 8.333682e+02	 98	 1.889184e+03	 850.00	 850.00	 18.00	 7	 0.53	 
BFE_107	 1	 13	 1115.jpg	 1.891169e+03	 12	 999000	 120	 999000	 999	 1.892187e+03	 850.00	 850.00	 14.00	 15	 0.62	 
BFE_107	 1	 13	 2201.jpg	 1.895174e+03	 24	 999000	 240	 999000	 999	 1.896192e+03	 850.00	 850.00	 49.00	 22	 0.73	 
