subjectID	 order	 runNum	 itemName	 onsetTime	 shuff_trialType	 RT	 respInTime	 AudioTime	 response	 fixationTime	 ladder1	 ladder2	 bidIndex	 itemNameIndex	 bidValue	 
BFE_202	 2	 11	 2203.jpg	 1.275540e+03	 24	 999000	 240	 999000	 999	 1.276558e+03	 683.33	 683.33	 47.00	 24	 0.69	 
BFE_202	 2	 11	 1111.jpg	 1.278544e+03	 12	 999000	 120	 999000	 999	 1.279562e+03	 683.33	 683.33	 19.00	 11	 0.56	 
BFE_202	 2	 11	 2209.jpg	 1.280546e+03	 22	 9.682462e+02	 220	 6.833962e+02	 98	 1.281564e+03	 683.33	 700.00	 51.00	 30	 0.62	 
BFE_202	 2	 11	 1104.jpg	 1.282548e+03	 12	 999000	 120	 999000	 999	 1.283566e+03	 683.33	 700.00	 12.00	 4	 0.63	 
BFE_202	 2	 11	 1213.jpg	 1.284551e+03	 12	 999000	 120	 999000	 999	 1.285568e+03	 683.33	 700.00	 15.00	 34	 0.60	 
BFE_202	 2	 11	 1219.jpg	 1.287537e+03	 11	 9.211403e+02	 110	 6.833734e+02	 98	 1.288555e+03	 700.00	 700.00	 9.00	 40	 0.66	 
BFE_202	 2	 11	 2219.jpg	 1.289540e+03	 24	 999000	 240	 999000	 999	 1.290557e+03	 700.00	 700.00	 59.00	 40	 0.51	 
BFE_202	 2	 11	 2218.jpg	 1.293544e+03	 22	 9.062958e+02	 220	 7.000365e+02	 98	 1.294562e+03	 700.00	 716.67	 49.00	 39	 0.64	 
BFE_202	 2	 11	 1106.jpg	 1.295546e+03	 12	 999000	 120	 999000	 999	 1.296564e+03	 700.00	 716.67	 13.00	 6	 0.62	 
BFE_202	 2	 11	 1117.jpg	 1.300552e+03	 12	 999000	 120	 999000	 999	 1.301570e+03	 700.00	 716.67	 37.00	 17	 0.23	 
BFE_202	 2	 11	 1115.jpg	 1.302538e+03	 11	 1.024894e+03	 1100	 7.000341e+02	 98	 1.303555e+03	 650.00	 716.67	 8.00	 15	 0.67	 
BFE_202	 2	 11	 2215.jpg	 1.306542e+03	 24	 999000	 240	 999000	 999	 1.307560e+03	 650.00	 716.67	 44.00	 36	 0.82	 
BFE_202	 2	 11	 2211.jpg	 1.308544e+03	 24	 999000	 240	 999000	 999	 1.309562e+03	 650.00	 716.67	 43.00	 32	 0.82	 
BFE_202	 2	 11	 1214.jpg	 1.311548e+03	 12	 999000	 120	 999000	 999	 1.312565e+03	 650.00	 716.67	 20.00	 35	 0.56	 
BFE_202	 2	 11	 1206.jpg	 1.316536e+03	 12	 999000	 120	 999000	 999	 1.317554e+03	 650.00	 716.67	 21.00	 27	 0.54	 
BFE_202	 2	 11	 1216.jpg	 1.318539e+03	 12	 999000	 120	 999000	 999	 1.319556e+03	 650.00	 716.67	 3.00	 37	 0.77	 
BFE_202	 2	 11	 2213.jpg	 1.320541e+03	 24	 999000	 240	 999000	 999	 1.321559e+03	 650.00	 716.67	 58.00	 34	 0.54	 
BFE_202	 2	 11	 1204.jpg	 1.324545e+03	 11	 8.889313e+02	 110	 6.500315e+02	 98	 1.325563e+03	 666.67	 716.67	 11.00	 25	 0.65	 
BFE_202	 2	 11	 1120.jpg	 1.328550e+03	 12	 999000	 120	 999000	 999	 1.329568e+03	 666.67	 716.67	 22.00	 20	 0.52	 
BFE_202	 2	 11	 2115.jpg	 1.332538e+03	 24	 999000	 240	 999000	 999	 1.333555e+03	 666.67	 716.67	 50.00	 15	 0.64	 
BFE_202	 2	 11	 1209.jpg	 1.334540e+03	 12	 999000	 120	 999000	 999	 1.335558e+03	 666.67	 716.67	 7.00	 30	 0.68	 
BFE_202	 2	 11	 2118.jpg	 1.336542e+03	 22	 9.640606e+02	 220	 7.166922e+02	 98	 1.337560e+03	 666.67	 733.33	 54.00	 18	 0.61	 
BFE_202	 2	 11	 1210.jpg	 1.338545e+03	 12	 999000	 120	 999000	 999	 1.339562e+03	 666.67	 733.33	 18.00	 31	 0.57	 
BFE_202	 2	 11	 1107.jpg	 1.340547e+03	 11	 8.637038e+02	 110	 6.666994e+02	 98	 1.341564e+03	 683.33	 733.33	 16.00	 7	 0.60	 
BFE_202	 2	 11	 2205.jpg	 1.346537e+03	 22	 9.454381e+02	 220	 7.333701e+02	 98	 1.347555e+03	 683.33	 750.00	 48.00	 26	 0.68	 
BFE_202	 2	 11	 2117.jpg	 1.349540e+03	 24	 999000	 240	 999000	 999	 1.350558e+03	 683.33	 750.00	 61.00	 17	 0.47	 
BFE_202	 2	 11	 2103.jpg	 1.351542e+03	 24	 999000	 240	 999000	 999	 1.352560e+03	 683.33	 750.00	 60.00	 3	 0.51	 
BFE_202	 2	 11	 2102.jpg	 1.353545e+03	 24	 999000	 240	 999000	 999	 1.354562e+03	 683.33	 750.00	 52.00	 2	 0.62	 
BFE_202	 2	 11	 2210.jpg	 1.356548e+03	 22	 1.022330e+03	 2200	 7.500655e+02	 98	 1.357566e+03	 683.33	 700.00	 57.00	 31	 0.59	 
BFE_202	 2	 11	 1205.jpg	 1.358550e+03	 11	 8.921859e+02	 110	 6.833755e+02	 98	 1.359568e+03	 700.00	 700.00	 14.00	 26	 0.62	 
BFE_202	 2	 11	 1119.jpg	 1.360536e+03	 12	 999000	 120	 999000	 999	 1.361554e+03	 700.00	 700.00	 38.00	 19	 0.17	 
BFE_202	 2	 11	 2202.jpg	 1.362538e+03	 24	 999000	 240	 999000	 999	 1.363556e+03	 700.00	 700.00	 62.00	 23	 0.47	 
BFE_202	 2	 11	 2216.jpg	 1.365542e+03	 24	 999000	 240	 999000	 999	 1.366559e+03	 700.00	 700.00	 53.00	 37	 0.62	 
BFE_202	 2	 11	 1207.jpg	 1.367544e+03	 11	 9.147543e+02	 110	 7.000315e+02	 98	 1.368562e+03	 716.67	 700.00	 17.00	 28	 0.58	 
BFE_202	 2	 11	 2113.jpg	 1.369546e+03	 22	 9.524994e+02	 220	 7.000362e+02	 98	 1.370564e+03	 716.67	 716.67	 56.00	 13	 0.60	 
BFE_202	 2	 11	 1215.jpg	 1.371548e+03	 12	 999000	 120	 999000	 999	 1.372566e+03	 716.67	 716.67	 4.00	 36	 0.74	 
BFE_202	 2	 11	 1203.jpg	 1.373550e+03	 12	 999000	 120	 999000	 999	 1.374568e+03	 716.67	 716.67	 10.00	 24	 0.66	 
BFE_202	 2	 11	 2119.jpg	 1.379540e+03	 24	 999000	 240	 999000	 999	 1.380558e+03	 716.67	 716.67	 77.00	 19	 0.24	 
BFE_202	 2	 11	 2101.jpg	 1.382544e+03	 24	 999000	 240	 999000	 999	 1.383562e+03	 716.67	 716.67	 55.00	 1	 0.61	 
BFE_202	 2	 11	 2107.jpg	 1.386548e+03	 24	 999000	 240	 999000	 999	 1.387566e+03	 716.67	 716.67	 78.00	 7	 0.24	 
