subjectID	 order	 runNum	 itemName	 onsetTime	 shuff_trialType	 RT	 respInTime	 AudioTime	 response	 fixationTime	 ladder1	 ladder2	 bidIndex	 itemNameIndex	 bidValue	 
BFE_110	 2	 8	 1219.jpg	 1.105083e+03	 12	 999000	 120	 999000	 999	 1.106101e+03	 516.67	 516.67	 15.00	 40	 0.59	 
BFE_110	 2	 8	 1102.jpg	 1.108069e+03	 12	 999000	 120	 999000	 999	 1.109087e+03	 516.67	 516.67	 37.00	 2	 0.16	 
BFE_110	 2	 8	 2214.jpg	 1.112074e+03	 24	 999000	 240	 999000	 999	 1.113092e+03	 516.67	 516.67	 58.00	 35	 0.61	 
BFE_110	 2	 8	 2120.jpg	 1.114076e+03	 22	 1.053917e+03	 2200	 5.167155e+02	 98	 1.115094e+03	 516.67	 466.67	 51.00	 20	 0.69	 
BFE_110	 2	 8	 1106.jpg	 1.116078e+03	 12	 999000	 120	 999000	 999	 1.117096e+03	 516.67	 466.67	 18.00	 6	 0.54	 
BFE_110	 2	 8	 2104.jpg	 1.120066e+03	 24	 999000	 240	 999000	 999	 1.121084e+03	 516.67	 466.67	 61.00	 4	 0.59	 
BFE_110	 2	 8	 1209.jpg	 1.122069e+03	 12	 999000	 120	 999000	 999	 1.123086e+03	 516.67	 466.67	 7.00	 30	 0.76	 
BFE_110	 2	 8	 2202.jpg	 1.127074e+03	 24	 999000	 240	 999000	 999	 1.128092e+03	 516.67	 466.67	 59.00	 23	 0.60	 
BFE_110	 2	 8	 2115.jpg	 1.129077e+03	 22	 9.176648e+02	 220	 4.666940e+02	 98	 1.130094e+03	 516.67	 483.33	 56.00	 15	 0.63	 
BFE_110	 2	 8	 1211.jpg	 1.132080e+03	 12	 999000	 120	 999000	 999	 1.133098e+03	 516.67	 483.33	 10.00	 32	 0.70	 
BFE_110	 2	 8	 2211.jpg	 1.135066e+03	 22	 8.877361e+02	 220	 4.833674e+02	 98	 1.136084e+03	 516.67	 500.00	 49.00	 32	 0.71	 
BFE_110	 2	 8	 2206.jpg	 1.139071e+03	 24	 999000	 240	 999000	 999	 1.140089e+03	 516.67	 500.00	 47.00	 27	 0.78	 
BFE_110	 2	 8	 1206.jpg	 1.142074e+03	 12	 999000	 120	 999000	 999	 1.143092e+03	 516.67	 500.00	 3.00	 27	 0.83	 
BFE_110	 2	 8	 2121.jpg	 1.144077e+03	 24	 999000	 240	 999000	 999	 1.145094e+03	 516.67	 500.00	 52.00	 21	 0.65	 
BFE_110	 2	 8	 2219.jpg	 1.147080e+03	 24	 999000	 240	 999000	 999	 1.148098e+03	 516.67	 500.00	 50.00	 40	 0.70	 
BFE_110	 2	 8	 1204.jpg	 1.151068e+03	 11	 8.545625e+02	 110	 5.167092e+02	 98	 1.152086e+03	 533.33	 500.00	 17.00	 25	 0.54	 
BFE_110	 2	 8	 1218.jpg	 1.154071e+03	 11	 8.991110e+02	 110	 5.333635e+02	 98	 1.155089e+03	 550.00	 500.00	 9.00	 39	 0.73	 
BFE_110	 2	 8	 2208.jpg	 1.156073e+03	 24	 999000	 240	 999000	 999	 1.157091e+03	 550.00	 500.00	 55.00	 29	 0.63	 
BFE_110	 2	 8	 2204.jpg	 1.158076e+03	 22	 8.546400e+02	 220	 5.000336e+02	 98	 1.159093e+03	 550.00	 516.67	 48.00	 25	 0.76	 
BFE_110	 2	 8	 1117.jpg	 1.163064e+03	 11	 8.019532e+02	 110	 5.500406e+02	 98	 1.164082e+03	 566.67	 516.67	 14.00	 17	 0.59	 
BFE_110	 2	 8	 1121.jpg	 1.167069e+03	 11	 8.612687e+02	 110	 5.667070e+02	 98	 1.168087e+03	 583.33	 516.67	 16.00	 21	 0.58	 
BFE_110	 2	 8	 1105.jpg	 1.171073e+03	 12	 999000	 120	 999000	 999	 1.172091e+03	 583.33	 516.67	 21.00	 5	 0.48	 
BFE_110	 2	 8	 2207.jpg	 1.177063e+03	 24	 999000	 240	 999000	 999	 1.178081e+03	 583.33	 516.67	 53.00	 28	 0.64	 
BFE_110	 2	 8	 1120.jpg	 1.179066e+03	 12	 999000	 120	 999000	 999	 1.180084e+03	 583.33	 516.67	 13.00	 20	 0.60	 
BFE_110	 2	 8	 2213.jpg	 1.181068e+03	 24	 999000	 240	 999000	 999	 1.182086e+03	 583.33	 516.67	 43.00	 34	 0.84	 
BFE_110	 2	 8	 2217.jpg	 1.183070e+03	 24	 999000	 240	 999000	 999	 1.184088e+03	 583.33	 516.67	 60.00	 38	 0.59	 
BFE_110	 2	 8	 1115.jpg	 1.185073e+03	 12	 999000	 120	 999000	 999	 1.186090e+03	 583.33	 516.67	 20.00	 15	 0.50	 
BFE_110	 2	 8	 1109.jpg	 1.189077e+03	 12	 999000	 120	 999000	 999	 1.190095e+03	 583.33	 516.67	 19.00	 9	 0.51	 
BFE_110	 2	 8	 2119.jpg	 1.191079e+03	 24	 999000	 240	 999000	 999	 1.192097e+03	 583.33	 516.67	 78.00	 19	 0.22	 
BFE_110	 2	 8	 2109.jpg	 1.195067e+03	 22	 1.023160e+03	 2200	 5.167058e+02	 98	 1.196085e+03	 583.33	 466.67	 54.00	 9	 0.63	 
BFE_110	 2	 8	 1214.jpg	 1.197069e+03	 12	 999000	 120	 999000	 999	 1.198087e+03	 583.33	 466.67	 12.00	 35	 0.61	 
BFE_110	 2	 8	 2218.jpg	 1.199072e+03	 24	 999000	 240	 999000	 999	 1.200089e+03	 583.33	 466.67	 44.00	 39	 0.81	 
BFE_110	 2	 8	 1119.jpg	 1.201074e+03	 12	 999000	 120	 999000	 999	 1.202092e+03	 583.33	 466.67	 38.00	 19	 0.15	 
BFE_110	 2	 8	 1205.jpg	 1.206079e+03	 12	 999000	 120	 999000	 999	 1.207097e+03	 583.33	 466.67	 4.00	 26	 0.78	 
BFE_110	 2	 8	 2205.jpg	 1.208065e+03	 22	 8.571950e+02	 220	 4.667067e+02	 98	 1.209083e+03	 583.33	 483.33	 57.00	 26	 0.62	 
BFE_110	 2	 8	 2210.jpg	 1.210067e+03	 24	 999000	 240	 999000	 999	 1.211085e+03	 583.33	 483.33	 77.00	 31	 0.25	 
BFE_110	 2	 8	 2102.jpg	 1.213071e+03	 24	 999000	 240	 999000	 999	 1.214088e+03	 583.33	 483.33	 62.00	 2	 0.58	 
BFE_110	 2	 8	 1216.jpg	 1.220078e+03	 11	 9.877194e+02	 110	 5.833687e+02	 98	 1.221096e+03	 600.00	 483.33	 8.00	 37	 0.74	 
BFE_110	 2	 8	 1210.jpg	 1.224066e+03	 12	 8.400532e+02	 12	 999000	 98	 1.225084e+03	 600.00	 483.33	 22.00	 31	 0.47	 
BFE_110	 2	 8	 1114.jpg	 1.231074e+03	 11	 9.361515e+02	 110	 6.000322e+02	 98	 1.232092e+03	 616.67	 483.33	 11.00	 14	 0.67	 
