subjectID	 order	 runNum	 itemName	 onsetTime	 shuff_trialType	 RT	 respInTime	 AudioTime	 response	 fixationTime	 ladder1	 ladder2	 bidIndex	 itemNameIndex	 bidValue	 
BFE_105	 1	 14	 2109.jpg	 1.779696e+03	 22	 9.937785e+02	 220	 7.167139e+02	 98	 1.780714e+03	 650.00	 733.33	 58.00	 9	 0.56	 
BFE_105	 1	 14	 1121.jpg	 1.784685e+03	 12	 999000	 120	 999000	 999	 1.785703e+03	 650.00	 733.33	 17.00	 21	 0.52	 
BFE_105	 1	 14	 2114.jpg	 1.786687e+03	 24	 999000	 240	 999000	 999	 1.787705e+03	 650.00	 733.33	 44.00	 14	 0.80	 
BFE_105	 1	 14	 1110.jpg	 1.788690e+03	 12	 999000	 120	 999000	 999	 1.789707e+03	 650.00	 733.33	 37.00	 10	 0.20	 
BFE_105	 1	 14	 2211.jpg	 1.794680e+03	 24	 999000	 240	 999000	 999	 1.795698e+03	 650.00	 733.33	 48.00	 32	 0.73	 
BFE_105	 1	 14	 1209.jpg	 1.796682e+03	 11	 9.759842e+02	 110	 6.500457e+02	 98	 1.797700e+03	 666.67	 733.33	 10.00	 30	 0.69	 
BFE_105	 1	 14	 2208.jpg	 1.799685e+03	 24	 999000	 240	 999000	 999	 1.800703e+03	 666.67	 733.33	 60.00	 29	 0.53	 
BFE_105	 1	 14	 2219.jpg	 1.801688e+03	 24	 999000	 240	 999000	 999	 1.802705e+03	 666.67	 733.33	 62.00	 40	 0.51	 
BFE_105	 1	 14	 2218.jpg	 1.805692e+03	 22	 1.021872e+03	 2200	 7.333691e+02	 98	 1.806710e+03	 666.67	 683.33	 55.00	 39	 0.62	 
BFE_105	 1	 14	 1113.jpg	 1.807677e+03	 12	 999000	 120	 999000	 999	 1.808696e+03	 666.67	 683.33	 9.00	 13	 0.70	 
BFE_105	 1	 14	 2215.jpg	 1.812683e+03	 24	 999000	 240	 999000	 999	 1.813701e+03	 666.67	 683.33	 59.00	 36	 0.54	 
BFE_105	 1	 14	 1102.jpg	 1.819691e+03	 11	 1.014877e+03	 1100	 6.667066e+02	 98	 1.820709e+03	 616.67	 683.33	 13.00	 2	 0.62	 
BFE_105	 1	 14	 1119.jpg	 1.821693e+03	 12	 999000	 120	 999000	 999	 1.822711e+03	 616.67	 683.33	 21.00	 19	 0.49	 
BFE_105	 1	 14	 2204.jpg	 1.824680e+03	 24	 999000	 240	 999000	 999	 1.825698e+03	 616.67	 683.33	 57.00	 25	 0.58	 
BFE_105	 1	 14	 2209.jpg	 1.827684e+03	 24	 999000	 240	 999000	 999	 1.828701e+03	 616.67	 683.33	 49.00	 30	 0.73	 
BFE_105	 1	 14	 1201.jpg	 1.831688e+03	 12	 999000	 120	 999000	 999	 1.832706e+03	 616.67	 683.33	 4.00	 22	 0.78	 
BFE_105	 1	 14	 1112.jpg	 1.835693e+03	 12	 999000	 120	 999000	 999	 1.836710e+03	 616.67	 683.33	 38.00	 12	 0.20	 
BFE_105	 1	 14	 2206.jpg	 1.839680e+03	 24	 999000	 240	 999000	 999	 1.840698e+03	 616.67	 683.33	 61.00	 27	 0.52	 
BFE_105	 1	 14	 2214.jpg	 1.842684e+03	 24	 999000	 240	 999000	 999	 1.843701e+03	 616.67	 683.33	 54.00	 35	 0.62	 
BFE_105	 1	 14	 2118.jpg	 1.848690e+03	 24	 999000	 240	 999000	 999	 1.849708e+03	 616.67	 683.33	 78.00	 18	 0.18	 
BFE_105	 1	 14	 2217.jpg	 1.850693e+03	 22	 8.773984e+02	 220	 6.833722e+02	 98	 1.851710e+03	 616.67	 700.00	 53.00	 38	 0.64	 
BFE_105	 1	 14	 1202.jpg	 1.853679e+03	 12	 999000	 120	 999000	 999	 1.854697e+03	 616.67	 700.00	 8.00	 23	 0.75	 
BFE_105	 1	 14	 1106.jpg	 1.855682e+03	 12	 999000	 120	 999000	 999	 1.856699e+03	 616.67	 700.00	 3.00	 6	 0.80	 
BFE_105	 1	 14	 2106.jpg	 1.857684e+03	 22	 9.661501e+02	 220	 7.000589e+02	 98	 1.858702e+03	 616.67	 716.67	 47.00	 6	 0.74	 
BFE_105	 1	 14	 2216.jpg	 1.859686e+03	 22	 9.158945e+02	 220	 7.167036e+02	 98	 1.860704e+03	 616.67	 733.33	 50.00	 37	 0.68	 
BFE_105	 1	 14	 1213.jpg	 1.862689e+03	 12	 999000	 120	 999000	 999	 1.863707e+03	 616.67	 733.33	 11.00	 34	 0.68	 
BFE_105	 1	 14	 2103.jpg	 1.866677e+03	 24	 999000	 240	 999000	 999	 1.867695e+03	 616.67	 733.33	 43.00	 3	 0.82	 
BFE_105	 1	 14	 1216.jpg	 1.868680e+03	 11	 8.024862e+02	 110	 6.166982e+02	 98	 1.869697e+03	 633.33	 733.33	 12.00	 37	 0.64	 
BFE_105	 1	 14	 1219.jpg	 1.870682e+03	 12	 999000	 120	 999000	 999	 1.871700e+03	 633.33	 733.33	 14.00	 40	 0.61	 
BFE_105	 1	 14	 1103.jpg	 1.872684e+03	 11	 8.780039e+02	 110	 6.333626e+02	 98	 1.873702e+03	 650.00	 733.33	 15.00	 3	 0.60	 
BFE_105	 1	 14	 2202.jpg	 1.874686e+03	 24	 999000	 240	 999000	 999	 1.875721e+03	 650.00	 733.33	 56.00	 23	 0.60	 
BFE_105	 1	 14	 2121.jpg	 1.876689e+03	 24	 999000	 240	 999000	 999	 1.877706e+03	 650.00	 733.33	 51.00	 21	 0.66	 
BFE_105	 1	 14	 1215.jpg	 1.880693e+03	 12	 999000	 120	 999000	 999	 1.881711e+03	 650.00	 733.33	 19.00	 36	 0.51	 
BFE_105	 1	 14	 2117.jpg	 1.884681e+03	 24	 999000	 240	 999000	 999	 1.885699e+03	 650.00	 733.33	 77.00	 17	 0.20	 
BFE_105	 1	 14	 1218.jpg	 1.886683e+03	 12	 999000	 120	 999000	 999	 1.887701e+03	 650.00	 733.33	 16.00	 39	 0.60	 
BFE_105	 1	 14	 1203.jpg	 1.888685e+03	 12	 999000	 120	 999000	 999	 1.889703e+03	 650.00	 733.33	 20.00	 24	 0.51	 
BFE_105	 1	 14	 1208.jpg	 1.890688e+03	 11	 1.066509e+03	 1100	 6.500364e+02	 98	 1.891705e+03	 600.00	 733.33	 18.00	 29	 0.52	 
BFE_105	 1	 14	 2213.jpg	 1.892690e+03	 22	 1.168276e+03	 2200	 7.333710e+02	 98	 1.893708e+03	 600.00	 683.33	 52.00	 34	 0.65	 
BFE_105	 1	 14	 1205.jpg	 1.898680e+03	 11	 8.500805e+02	 110	 6.000258e+02	 98	 1.899698e+03	 616.67	 683.33	 7.00	 26	 0.77	 
BFE_105	 1	 14	 1107.jpg	 1.900682e+03	 12	 999000	 120	 999000	 999	 1.901700e+03	 616.67	 683.33	 22.00	 7	 0.45	 
