subjectID	 order	 runNum	 itemName	 onsetTime	 shuff_trialType	 RT	 respInTime	 AudioTime	 response	 fixationTime	 ladder1	 ladder2	 bidIndex	 itemNameIndex	 bidValue	 
BFE_202	 2	 12	 2103.jpg	 1.390369e+03	 24	 999000	 240	 999000	 999	 1.391387e+03	 716.67	 716.67	 60.00	 3	 0.51	 
BFE_202	 2	 12	 2211.jpg	 1.393373e+03	 24	 999000	 240	 999000	 999	 1.394390e+03	 716.67	 716.67	 43.00	 32	 0.82	 
BFE_202	 2	 12	 2213.jpg	 1.395375e+03	 24	 999000	 240	 999000	 999	 1.396393e+03	 716.67	 716.67	 58.00	 34	 0.54	 
BFE_202	 2	 12	 2102.jpg	 1.397377e+03	 24	 999000	 240	 999000	 999	 1.398395e+03	 716.67	 716.67	 52.00	 2	 0.62	 
BFE_202	 2	 12	 2101.jpg	 1.399379e+03	 24	 999000	 240	 999000	 999	 1.400397e+03	 716.67	 716.67	 55.00	 1	 0.61	 
BFE_202	 2	 12	 2216.jpg	 1.402366e+03	 24	 999000	 240	 999000	 999	 1.403384e+03	 716.67	 716.67	 53.00	 37	 0.62	 
BFE_202	 2	 12	 2107.jpg	 1.404368e+03	 24	 999000	 240	 999000	 999	 1.405386e+03	 716.67	 716.67	 78.00	 7	 0.24	 
BFE_202	 2	 12	 1115.jpg	 1.408373e+03	 11	 9.496220e+02	 110	 7.167130e+02	 98	 1.409391e+03	 733.33	 716.67	 8.00	 15	 0.67	 
BFE_202	 2	 12	 1203.jpg	 1.410375e+03	 12	 999000	 120	 999000	 999	 1.411393e+03	 733.33	 716.67	 10.00	 24	 0.66	 
BFE_202	 2	 12	 1107.jpg	 1.415364e+03	 11	 9.348118e+02	 110	 7.333674e+02	 98	 1.416382e+03	 750.00	 716.67	 16.00	 7	 0.60	 
BFE_202	 2	 12	 2210.jpg	 1.417366e+03	 22	 1.084230e+03	 2200	 7.167194e+02	 98	 1.418384e+03	 750.00	 666.67	 57.00	 31	 0.59	 
BFE_202	 2	 12	 2209.jpg	 1.421371e+03	 22	 8.796605e+02	 220	 6.666993e+02	 98	 1.422388e+03	 750.00	 683.33	 51.00	 30	 0.62	 
BFE_202	 2	 12	 1204.jpg	 1.423373e+03	 11	 1.077489e+03	 1100	 7.500283e+02	 98	 1.424391e+03	 700.00	 683.33	 11.00	 25	 0.65	 
BFE_202	 2	 12	 1213.jpg	 1.426376e+03	 12	 999000	 120	 999000	 999	 1.427394e+03	 700.00	 683.33	 15.00	 34	 0.60	 
BFE_202	 2	 12	 1216.jpg	 1.431365e+03	 12	 999000	 120	 999000	 999	 1.432383e+03	 700.00	 683.33	 3.00	 37	 0.77	 
BFE_202	 2	 12	 1119.jpg	 1.433367e+03	 12	 999000	 120	 999000	 999	 1.434385e+03	 700.00	 683.33	 38.00	 19	 0.17	 
BFE_202	 2	 12	 1206.jpg	 1.435370e+03	 12	 999000	 120	 999000	 999	 1.436388e+03	 700.00	 683.33	 21.00	 27	 0.54	 
BFE_202	 2	 12	 1215.jpg	 1.439374e+03	 12	 999000	 120	 999000	 999	 1.440392e+03	 700.00	 683.33	 4.00	 36	 0.74	 
BFE_202	 2	 12	 2219.jpg	 1.443379e+03	 24	 999000	 240	 999000	 999	 1.444396e+03	 700.00	 683.33	 59.00	 40	 0.51	 
BFE_202	 2	 12	 1207.jpg	 1.447367e+03	 11	 9.078455e+02	 110	 7.000392e+02	 98	 1.448384e+03	 716.67	 683.33	 17.00	 28	 0.58	 
BFE_202	 2	 12	 2205.jpg	 1.449369e+03	 22	 9.376889e+02	 220	 6.833605e+02	 98	 1.450387e+03	 716.67	 700.00	 48.00	 26	 0.68	 
BFE_202	 2	 12	 1111.jpg	 1.451371e+03	 12	 999000	 120	 999000	 999	 1.452389e+03	 716.67	 700.00	 19.00	 11	 0.56	 
BFE_202	 2	 12	 1106.jpg	 1.453373e+03	 12	 999000	 120	 999000	 999	 1.454391e+03	 716.67	 700.00	 13.00	 6	 0.62	 
BFE_202	 2	 12	 2215.jpg	 1.455375e+03	 24	 999000	 240	 999000	 999	 1.456393e+03	 716.67	 700.00	 44.00	 36	 0.82	 
BFE_202	 2	 12	 1120.jpg	 1.461366e+03	 12	 999000	 120	 999000	 999	 1.462383e+03	 716.67	 700.00	 22.00	 20	 0.52	 
BFE_202	 2	 12	 1205.jpg	 1.464369e+03	 11	 1.009524e+03	 1100	 7.167021e+02	 98	 1.465387e+03	 666.67	 700.00	 14.00	 26	 0.62	 
BFE_202	 2	 12	 1117.jpg	 1.466371e+03	 12	 999000	 120	 999000	 999	 1.467389e+03	 666.67	 700.00	 37.00	 17	 0.23	 
BFE_202	 2	 12	 2203.jpg	 1.468373e+03	 24	 999000	 240	 999000	 999	 1.469391e+03	 666.67	 700.00	 47.00	 24	 0.69	 
BFE_202	 2	 12	 1104.jpg	 1.471377e+03	 12	 999000	 120	 999000	 999	 1.472395e+03	 666.67	 700.00	 12.00	 4	 0.63	 
BFE_202	 2	 12	 1219.jpg	 1.473379e+03	 11	 8.873936e+02	 110	 6.667026e+02	 98	 1.474397e+03	 683.33	 700.00	 9.00	 40	 0.66	 
BFE_202	 2	 12	 1210.jpg	 1.475364e+03	 12	 999000	 120	 999000	 999	 1.476382e+03	 683.33	 700.00	 18.00	 31	 0.57	 
BFE_202	 2	 12	 2117.jpg	 1.477367e+03	 24	 999000	 240	 999000	 999	 1.478385e+03	 683.33	 700.00	 61.00	 17	 0.47	 
BFE_202	 2	 12	 2218.jpg	 1.480370e+03	 22	 9.762280e+02	 220	 7.000388e+02	 98	 1.481388e+03	 683.33	 716.67	 49.00	 39	 0.64	 
BFE_202	 2	 12	 1209.jpg	 1.482372e+03	 12	 999000	 120	 999000	 999	 1.483390e+03	 683.33	 716.67	 7.00	 30	 0.68	 
BFE_202	 2	 12	 1214.jpg	 1.484375e+03	 12	 999000	 120	 999000	 999	 1.485392e+03	 683.33	 716.67	 20.00	 35	 0.56	 
BFE_202	 2	 12	 2118.jpg	 1.486377e+03	 22	 9.775024e+02	 220	 7.166972e+02	 98	 1.487395e+03	 683.33	 733.33	 54.00	 18	 0.61	 
BFE_202	 2	 12	 2113.jpg	 1.488379e+03	 22	 9.431665e+02	 220	 7.333725e+02	 98	 1.489397e+03	 683.33	 750.00	 56.00	 13	 0.60	 
BFE_202	 2	 12	 2202.jpg	 1.494369e+03	 24	 999000	 240	 999000	 999	 1.495387e+03	 683.33	 750.00	 62.00	 23	 0.47	 
BFE_202	 2	 12	 2119.jpg	 1.497373e+03	 24	 999000	 240	 999000	 999	 1.498390e+03	 683.33	 750.00	 77.00	 19	 0.24	 
BFE_202	 2	 12	 2115.jpg	 1.501377e+03	 24	 999000	 240	 999000	 999	 1.502395e+03	 683.33	 750.00	 50.00	 15	 0.64	 
