subjectID	 order	 runNum	 itemName	 onsetTime	 shuff_trialType	 RT	 respInTime	 AudioTime	 response	 fixationTime	 ladder1	 ladder2	 bidIndex	 itemNameIndex	 bidValue	 
BFE_101	 1	 13	 2110.jpg	 1.524757e+03	 22	 1.052261e+03	 2200	 7.500454e+02	 98	 1.525775e+03	 816.67	 700.00	 50.00	 10	 0.65	 
BFE_101	 1	 13	 2103.jpg	 1.526760e+03	 24	 999000	 240	 999000	 999	 1.527777e+03	 816.67	 700.00	 43.00	 3	 0.74	 
BFE_101	 1	 13	 1103.jpg	 1.530764e+03	 12	 999000	 120	 999000	 999	 1.531782e+03	 816.67	 700.00	 9.00	 3	 0.68	 
BFE_101	 1	 13	 1204.jpg	 1.533767e+03	 12	 999000	 120	 999000	 999	 1.534785e+03	 816.67	 700.00	 17.00	 25	 0.52	 
BFE_101	 1	 13	 2207.jpg	 1.535753e+03	 24	 999000	 240	 999000	 999	 1.536771e+03	 816.67	 700.00	 49.00	 28	 0.66	 
BFE_101	 1	 13	 1208.jpg	 1.538756e+03	 11	 1.100919e+03	 1100	 8.167090e+02	 98	 1.539774e+03	 766.67	 700.00	 18.00	 29	 0.51	 
BFE_101	 1	 13	 1118.jpg	 1.542761e+03	 12	 999000	 120	 999000	 999	 1.543778e+03	 766.67	 700.00	 3.00	 18	 0.78	 
BFE_101	 1	 13	 2115.jpg	 1.546765e+03	 24	 999000	 240	 999000	 999	 1.547783e+03	 766.67	 700.00	 57.00	 15	 0.55	 
BFE_101	 1	 13	 1207.jpg	 1.548750e+03	 11	 1.026673e+03	 1100	 7.667000e+02	 98	 1.549769e+03	 716.67	 700.00	 13.00	 28	 0.56	 
BFE_101	 1	 13	 2217.jpg	 1.553756e+03	 24	 999000	 240	 999000	 999	 1.554774e+03	 716.67	 700.00	 54.00	 38	 0.58	 
BFE_101	 1	 13	 2102.jpg	 1.555759e+03	 24	 999000	 240	 999000	 999	 1.556776e+03	 716.67	 700.00	 61.00	 2	 0.54	 
BFE_101	 1	 13	 2213.jpg	 1.557761e+03	 24	 999000	 240	 999000	 999	 1.558779e+03	 716.67	 700.00	 44.00	 34	 0.71	 
BFE_101	 1	 13	 2203.jpg	 1.563751e+03	 24	 999000	 240	 999000	 999	 1.564769e+03	 716.67	 700.00	 59.00	 24	 0.54	 
BFE_101	 1	 13	 2104.jpg	 1.565753e+03	 24	 999000	 240	 999000	 999	 1.566771e+03	 716.67	 700.00	 56.00	 4	 0.55	 
BFE_101	 1	 13	 1116.jpg	 1.567756e+03	 12	 999000	 120	 999000	 999	 1.568773e+03	 716.67	 700.00	 19.00	 16	 0.51	 
BFE_101	 1	 13	 2208.jpg	 1.569758e+03	 24	 999000	 240	 999000	 999	 1.570775e+03	 716.67	 700.00	 51.00	 29	 0.63	 
BFE_101	 1	 13	 1121.jpg	 1.573762e+03	 11	 8.309861e+02	 110	 7.167030e+02	 98	 1.574780e+03	 733.33	 700.00	 7.00	 21	 0.70	 
BFE_101	 1	 13	 2205.jpg	 1.577767e+03	 24	 999000	 240	 999000	 999	 1.578784e+03	 733.33	 700.00	 77.00	 26	 0.21	 
BFE_101	 1	 13	 1102.jpg	 1.580753e+03	 11	 9.518821e+02	 110	 7.333701e+02	 98	 1.581771e+03	 750.00	 700.00	 10.00	 2	 0.66	 
BFE_101	 1	 13	 1213.jpg	 1.584758e+03	 12	 999000	 120	 999000	 999	 1.585776e+03	 750.00	 700.00	 8.00	 34	 0.68	 
BFE_101	 1	 13	 1216.jpg	 1.587761e+03	 11	 7.680734e+02	 110	 7.500338e+02	 98	 1.588779e+03	 766.67	 700.00	 15.00	 37	 0.55	 
BFE_101	 1	 13	 2113.jpg	 1.589763e+03	 24	 999000	 240	 999000	 999	 1.590781e+03	 766.67	 700.00	 60.00	 13	 0.54	 
BFE_101	 1	 13	 2211.jpg	 1.593751e+03	 22	 8.262217e+02	 220	 7.000284e+02	 98	 1.594769e+03	 766.67	 716.67	 52.00	 32	 0.62	 
BFE_101	 1	 13	 1202.jpg	 1.595753e+03	 12	 999000	 120	 999000	 999	 1.596771e+03	 766.67	 716.67	 16.00	 23	 0.54	 
BFE_101	 1	 13	 2114.jpg	 1.597756e+03	 24	 999000	 240	 999000	 999	 1.598773e+03	 766.67	 716.67	 62.00	 14	 0.50	 
BFE_101	 1	 13	 2120.jpg	 1.601760e+03	 22	 6.889118e+02	 22	 7.167011e+02	 98	 1.602778e+03	 766.67	 733.33	 58.00	 20	 0.55	 
BFE_101	 1	 13	 1206.jpg	 1.603762e+03	 12	 999000	 120	 999000	 999	 1.604780e+03	 766.67	 733.33	 4.00	 27	 0.74	 
BFE_101	 1	 13	 2117.jpg	 1.607767e+03	 24	 999000	 240	 999000	 999	 1.608785e+03	 766.67	 733.33	 78.00	 17	 0.18	 
BFE_101	 1	 13	 1214.jpg	 1.611755e+03	 12	 999000	 120	 999000	 999	 1.612772e+03	 766.67	 733.33	 21.00	 35	 0.50	 
BFE_101	 1	 13	 2118.jpg	 1.614758e+03	 22	 9.311414e+02	 220	 7.333688e+02	 98	 1.615776e+03	 766.67	 750.00	 47.00	 18	 0.67	 
BFE_101	 1	 13	 2209.jpg	 1.620765e+03	 22	 9.563973e+02	 220	 7.500340e+02	 98	 1.621783e+03	 766.67	 766.67	 55.00	 30	 0.56	 
BFE_101	 1	 13	 1109.jpg	 1.622767e+03	 12	 999000	 120	 999000	 999	 1.623785e+03	 766.67	 766.67	 20.00	 9	 0.50	 
BFE_101	 1	 13	 1115.jpg	 1.626755e+03	 12	 999000	 120	 999000	 999	 1.627773e+03	 766.67	 766.67	 38.00	 15	 0.23	 
BFE_101	 1	 13	 1111.jpg	 1.628757e+03	 12	 999000	 120	 999000	 999	 1.629775e+03	 766.67	 766.67	 14.00	 11	 0.55	 
BFE_101	 1	 13	 2214.jpg	 1.630759e+03	 22	 9.457955e+02	 220	 7.667096e+02	 98	 1.631777e+03	 766.67	 783.33	 53.00	 35	 0.59	 
BFE_101	 1	 13	 1101.jpg	 1.632762e+03	 12	 999000	 120	 999000	 999	 1.633779e+03	 766.67	 783.33	 37.00	 1	 0.27	 
BFE_101	 1	 13	 1106.jpg	 1.637767e+03	 11	 6.819976e+02	 11	 7.666995e+02	 98	 1.638785e+03	 783.33	 783.33	 12.00	 6	 0.58	 
BFE_101	 1	 13	 2216.jpg	 1.639753e+03	 24	 8.963626e+02	 24	 999000	 98	 1.640771e+03	 783.33	 783.33	 48.00	 37	 0.66	 
BFE_101	 1	 13	 1205.jpg	 1.641755e+03	 12	 999000	 120	 999000	 999	 1.642773e+03	 783.33	 783.33	 11.00	 26	 0.62	 
BFE_101	 1	 13	 1201.jpg	 1.644758e+03	 12	 999000	 120	 999000	 999	 1.645776e+03	 783.33	 783.33	 22.00	 22	 0.50	 
