subjectID	 order	 runNum	 itemName	 onsetTime	 shuff_trialType	 RT	 respInTime	 AudioTime	 response	 fixationTime	 ladder1	 ladder2	 bidIndex	 itemNameIndex	 bidValue	 
BFE_102	 2	 18	 2211.jpg	 2.294765e+03	 22	 9.569504e+02	 220	 7.833843e+02	 98	 2.295783e+03	 716.67	 800.00	 51.00	 32	 0.75	 
BFE_102	 2	 18	 1218.jpg	 2.297752e+03	 12	 999000	 120	 999000	 999	 2.298770e+03	 716.67	 800.00	 4.00	 39	 0.79	 
BFE_102	 2	 18	 1104.jpg	 2.299754e+03	 12	 999000	 120	 999000	 999	 2.300772e+03	 716.67	 800.00	 15.00	 4	 0.56	 
BFE_102	 2	 18	 2105.jpg	 2.301756e+03	 24	 999000	 240	 999000	 999	 2.302774e+03	 716.67	 800.00	 77.00	 5	 0.32	 
BFE_102	 2	 18	 1209.jpg	 2.303759e+03	 11	 8.914590e+02	 110	 7.167174e+02	 98	 2.304776e+03	 733.33	 800.00	 16.00	 30	 0.55	 
BFE_102	 2	 18	 2118.jpg	 2.306762e+03	 24	 999000	 240	 999000	 999	 2.307780e+03	 733.33	 800.00	 78.00	 18	 0.32	 
BFE_102	 2	 18	 1110.jpg	 2.308748e+03	 12	 999000	 120	 999000	 999	 2.309765e+03	 733.33	 800.00	 20.00	 10	 0.52	 
BFE_102	 2	 18	 2213.jpg	 2.312752e+03	 24	 999000	 240	 999000	 999	 2.313770e+03	 733.33	 800.00	 62.00	 34	 0.52	 
BFE_102	 2	 18	 1204.jpg	 2.314754e+03	 11	 8.958881e+02	 110	 7.333660e+02	 98	 2.315772e+03	 750.00	 800.00	 11.00	 25	 0.65	 
BFE_102	 2	 18	 2104.jpg	 2.319760e+03	 24	 999000	 240	 999000	 999	 2.320778e+03	 750.00	 800.00	 58.00	 4	 0.63	 
BFE_102	 2	 18	 2203.jpg	 2.321762e+03	 22	 1.015975e+03	 2200	 8.000362e+02	 98	 2.322780e+03	 750.00	 750.00	 54.00	 24	 0.72	 
BFE_102	 2	 18	 1201.jpg	 2.325750e+03	 12	 999000	 120	 999000	 999	 2.326768e+03	 750.00	 750.00	 13.00	 22	 0.60	 
BFE_102	 2	 18	 1109.jpg	 2.327752e+03	 12	 999000	 120	 999000	 999	 2.328770e+03	 750.00	 750.00	 21.00	 9	 0.50	 
BFE_102	 2	 18	 1102.jpg	 2.330756e+03	 11	 9.105284e+02	 110	 7.500301e+02	 98	 2.331773e+03	 766.67	 750.00	 14.00	 2	 0.60	 
BFE_102	 2	 18	 2209.jpg	 2.335761e+03	 22	 7.368717e+02	 22	 7.500308e+02	 98	 2.336779e+03	 766.67	 766.67	 56.00	 30	 0.68	 
BFE_102	 2	 18	 2201.jpg	 2.337746e+03	 22	 9.597442e+02	 220	 7.666983e+02	 98	 2.338765e+03	 766.67	 783.33	 57.00	 22	 0.66	 
BFE_102	 2	 18	 2204.jpg	 2.339749e+03	 24	 1.013172e+03	 24	 999000	 98	 2.340767e+03	 766.67	 783.33	 50.00	 25	 0.75	 
BFE_102	 2	 18	 1106.jpg	 2.343753e+03	 12	 999000	 120	 999000	 999	 2.344771e+03	 766.67	 783.33	 18.00	 6	 0.53	 
BFE_102	 2	 18	 2217.jpg	 2.347758e+03	 22	 9.721321e+02	 220	 7.833722e+02	 98	 2.348776e+03	 766.67	 800.00	 49.00	 38	 0.76	 
BFE_102	 2	 18	 2206.jpg	 2.351763e+03	 24	 999000	 240	 999000	 999	 2.352780e+03	 766.67	 800.00	 43.00	 27	 0.87	 
BFE_102	 2	 18	 1203.jpg	 2.353748e+03	 12	 999000	 120	 999000	 999	 2.354766e+03	 766.67	 800.00	 3.00	 24	 0.87	 
BFE_102	 2	 18	 1208.jpg	 2.355750e+03	 12	 999000	 120	 999000	 999	 2.356768e+03	 766.67	 800.00	 12.00	 29	 0.62	 
BFE_102	 2	 18	 1212.jpg	 2.357752e+03	 12	 999000	 120	 999000	 999	 2.358770e+03	 766.67	 800.00	 38.00	 33	 0.20	 
BFE_102	 2	 18	 1108.jpg	 2.359755e+03	 12	 999000	 120	 999000	 999	 2.360772e+03	 766.67	 800.00	 10.00	 8	 0.68	 
BFE_102	 2	 18	 2214.jpg	 2.365761e+03	 24	 999000	 240	 999000	 999	 2.366779e+03	 766.67	 800.00	 60.00	 35	 0.57	 
BFE_102	 2	 18	 1211.jpg	 2.368748e+03	 11	 9.819728e+02	 110	 7.666936e+02	 98	 2.369766e+03	 783.33	 800.00	 9.00	 32	 0.70	 
BFE_102	 2	 18	 2207.jpg	 2.370750e+03	 22	 8.197604e+02	 220	 8.000278e+02	 98	 2.371768e+03	 783.33	 816.67	 48.00	 28	 0.80	 
BFE_102	 2	 18	 2111.jpg	 2.372753e+03	 24	 999000	 240	 999000	 999	 2.373770e+03	 783.33	 816.67	 59.00	 11	 0.62	 
BFE_102	 2	 18	 1121.jpg	 2.375756e+03	 11	 1.070153e+03	 1100	 7.833581e+02	 98	 2.376774e+03	 733.33	 816.67	 17.00	 21	 0.55	 
BFE_102	 2	 18	 2103.jpg	 2.377758e+03	 24	 999000	 240	 999000	 999	 2.378776e+03	 733.33	 816.67	 52.00	 3	 0.75	 
BFE_102	 2	 18	 1115.jpg	 2.379761e+03	 12	 999000	 120	 999000	 999	 2.380778e+03	 733.33	 816.67	 22.00	 15	 0.48	 
BFE_102	 2	 18	 1207.jpg	 2.381763e+03	 11	 8.954368e+02	 110	 7.333737e+02	 98	 2.382780e+03	 750.00	 816.67	 8.00	 28	 0.70	 
BFE_102	 2	 18	 2114.jpg	 2.384749e+03	 24	 999000	 240	 999000	 999	 2.385767e+03	 750.00	 816.67	 47.00	 14	 0.85	 
BFE_102	 2	 18	 1205.jpg	 2.386752e+03	 12	 999000	 120	 999000	 999	 2.387769e+03	 750.00	 816.67	 7.00	 26	 0.71	 
BFE_102	 2	 18	 2101.jpg	 2.388754e+03	 24	 999000	 240	 999000	 999	 2.389772e+03	 750.00	 816.67	 44.00	 1	 0.87	 
BFE_102	 2	 18	 1105.jpg	 2.390756e+03	 12	 999000	 120	 999000	 999	 2.391774e+03	 750.00	 816.67	 19.00	 5	 0.53	 
BFE_102	 2	 18	 1116.jpg	 2.392759e+03	 12	 999000	 120	 999000	 999	 2.393776e+03	 750.00	 816.67	 37.00	 16	 0.20	 
BFE_102	 2	 18	 2218.jpg	 2.398748e+03	 24	 999000	 240	 999000	 999	 2.399766e+03	 750.00	 816.67	 55.00	 39	 0.72	 
BFE_102	 2	 18	 2115.jpg	 2.401752e+03	 24	 999000	 240	 999000	 999	 2.402770e+03	 750.00	 816.67	 61.00	 15	 0.53	 
BFE_102	 2	 18	 2110.jpg	 2.405756e+03	 24	 999000	 240	 999000	 999	 2.406774e+03	 750.00	 816.67	 53.00	 10	 0.73	 
