subjectID	 order	 runNum	 itemName	 onsetTime	 shuff_trialType	 RT	 respInTime	 AudioTime	 response	 fixationTime	 ladder1	 ladder2	 bidIndex	 itemNameIndex	 bidValue	 
BFE_204	 2	 12	 2202.jpg	 2.054439e+03	 22	 8.752600e+02	 220	 5.834250e+02	 98	 2.055456e+03	 583.33	 600.00	 48.00	 23	 0.75	 
BFE_204	 2	 12	 1101.jpg	 2.057425e+03	 12	 999000	 120	 999000	 999	 2.058443e+03	 583.33	 600.00	 7.00	 1	 0.72	 
BFE_204	 2	 12	 2117.jpg	 2.059428e+03	 24	 999000	 240	 999000	 999	 2.060445e+03	 583.33	 600.00	 78.00	 17	 0.22	 
BFE_204	 2	 12	 1208.jpg	 2.061430e+03	 11	 1.012120e+03	 1100	 5.833772e+02	 98	 2.062448e+03	 533.33	 600.00	 14.00	 29	 0.60	 
BFE_204	 2	 12	 1209.jpg	 2.063432e+03	 11	 1.033886e+03	 1100	 5.333640e+02	 98	 2.064450e+03	 483.33	 600.00	 8.00	 30	 0.69	 
BFE_204	 2	 12	 1206.jpg	 2.066436e+03	 12	 999000	 120	 999000	 999	 2.067453e+03	 483.33	 600.00	 10.00	 27	 0.67	 
BFE_204	 2	 12	 2216.jpg	 2.068421e+03	 24	 999000	 240	 999000	 999	 2.069439e+03	 483.33	 600.00	 52.00	 37	 0.62	 
BFE_204	 2	 12	 2108.jpg	 2.072426e+03	 22	 1.072478e+03	 2200	 6.000268e+02	 98	 2.073443e+03	 483.33	 550.00	 49.00	 8	 0.72	 
BFE_204	 2	 12	 2208.jpg	 2.074428e+03	 22	 1.062177e+03	 2200	 5.500351e+02	 98	 2.075446e+03	 483.33	 500.00	 57.00	 29	 0.55	 
BFE_204	 2	 12	 1205.jpg	 2.079433e+03	 11	 999000	 1	 4.833697e+02	 999	 2.080451e+03	 433.33	 500.00	 17.00	 26	 0.56	 
BFE_204	 2	 12	 1109.jpg	 2.081436e+03	 12	 999000	 120	 999000	 999	 2.082453e+03	 433.33	 500.00	 19.00	 9	 0.55	 
BFE_204	 2	 12	 1210.jpg	 2.085423e+03	 12	 999000	 120	 999000	 999	 2.086441e+03	 433.33	 500.00	 22.00	 31	 0.49	 
BFE_204	 2	 12	 1207.jpg	 2.087426e+03	 12	 999000	 120	 999000	 999	 2.088443e+03	 433.33	 500.00	 21.00	 28	 0.51	 
BFE_204	 2	 12	 2218.jpg	 2.090429e+03	 24	 999000	 240	 999000	 999	 2.091447e+03	 433.33	 500.00	 43.00	 39	 0.87	 
BFE_204	 2	 12	 2206.jpg	 2.095435e+03	 24	 999000	 240	 999000	 999	 2.096452e+03	 433.33	 500.00	 50.00	 27	 0.68	 
BFE_204	 2	 12	 2210.jpg	 2.097420e+03	 24	 999000	 240	 999000	 999	 2.098438e+03	 433.33	 500.00	 59.00	 31	 0.53	 
BFE_204	 2	 12	 2101.jpg	 2.099422e+03	 22	 8.995293e+02	 220	 5.000381e+02	 98	 2.100440e+03	 433.33	 516.67	 54.00	 1	 0.58	 
BFE_204	 2	 12	 1111.jpg	 2.103427e+03	 12	 999000	 120	 999000	 999	 2.104445e+03	 433.33	 516.67	 18.00	 11	 0.56	 
BFE_204	 2	 12	 2212.jpg	 2.107431e+03	 24	 999000	 240	 999000	 999	 2.108449e+03	 433.33	 516.67	 61.00	 33	 0.50	 
BFE_204	 2	 12	 1219.jpg	 2.111436e+03	 12	 999000	 120	 999000	 999	 2.112454e+03	 433.33	 516.67	 3.00	 40	 0.84	 
BFE_204	 2	 12	 1214.jpg	 2.113422e+03	 12	 999000	 120	 999000	 999	 2.114439e+03	 433.33	 516.67	 12.00	 35	 0.64	 
BFE_204	 2	 12	 2214.jpg	 2.115424e+03	 24	 999000	 240	 999000	 999	 2.116441e+03	 433.33	 516.67	 47.00	 35	 0.78	 
BFE_204	 2	 12	 2103.jpg	 2.117426e+03	 24	 999000	 240	 999000	 999	 2.118444e+03	 433.33	 516.67	 62.00	 3	 0.47	 
BFE_204	 2	 12	 1108.jpg	 2.119428e+03	 11	 7.897222e+02	 110	 4.333653e+02	 98	 2.120446e+03	 450.00	 516.67	 16.00	 8	 0.59	 
BFE_204	 2	 12	 2110.jpg	 2.125435e+03	 24	 999000	 240	 999000	 999	 2.126453e+03	 450.00	 516.67	 77.00	 10	 0.23	 
BFE_204	 2	 12	 2219.jpg	 2.128422e+03	 22	 9.243466e+02	 220	 5.167044e+02	 98	 2.129440e+03	 450.00	 533.33	 51.00	 40	 0.65	 
BFE_204	 2	 12	 1117.jpg	 2.130424e+03	 12	 999000	 120	 999000	 999	 2.131442e+03	 450.00	 533.33	 38.00	 17	 0.15	 
BFE_204	 2	 12	 1120.jpg	 2.132426e+03	 12	 999000	 120	 999000	 999	 2.133444e+03	 450.00	 533.33	 15.00	 20	 0.59	 
BFE_204	 2	 12	 1203.jpg	 2.135429e+03	 12	 999000	 120	 999000	 999	 2.136447e+03	 450.00	 533.33	 20.00	 24	 0.52	 
BFE_204	 2	 12	 1204.jpg	 2.137432e+03	 11	 8.821356e+02	 110	 4.500371e+02	 98	 2.138449e+03	 466.67	 533.33	 9.00	 25	 0.68	 
BFE_204	 2	 12	 2203.jpg	 2.139434e+03	 24	 999000	 240	 999000	 999	 2.140452e+03	 466.67	 533.33	 53.00	 24	 0.59	 
BFE_204	 2	 12	 2204.jpg	 2.141419e+03	 24	 999000	 240	 999000	 999	 2.142437e+03	 466.67	 533.33	 60.00	 25	 0.51	 
BFE_204	 2	 12	 2106.jpg	 2.144423e+03	 22	 1.011009e+03	 2200	 5.333661e+02	 98	 2.145441e+03	 466.67	 483.33	 56.00	 6	 0.56	 
BFE_204	 2	 12	 2215.jpg	 2.146425e+03	 24	 999000	 240	 999000	 999	 2.147443e+03	 466.67	 483.33	 58.00	 36	 0.54	 
BFE_204	 2	 12	 1215.jpg	 2.148427e+03	 11	 9.345378e+02	 110	 4.667115e+02	 98	 2.149445e+03	 483.33	 483.33	 11.00	 36	 0.66	 
BFE_204	 2	 12	 1218.jpg	 2.150430e+03	 12	 999000	 120	 999000	 999	 2.151448e+03	 483.33	 483.33	 4.00	 39	 0.77	 
BFE_204	 2	 12	 1118.jpg	 2.152432e+03	 12	 999000	 120	 999000	 999	 2.153450e+03	 483.33	 483.33	 37.00	 18	 0.15	 
BFE_204	 2	 12	 2120.jpg	 2.158422e+03	 24	 999000	 240	 999000	 999	 2.159440e+03	 483.33	 483.33	 55.00	 20	 0.57	 
BFE_204	 2	 12	 1217.jpg	 2.161425e+03	 12	 999000	 120	 999000	 999	 2.162443e+03	 483.33	 483.33	 13.00	 38	 0.61	 
BFE_204	 2	 12	 2209.jpg	 2.165430e+03	 24	 999000	 240	 999000	 999	 2.166448e+03	 483.33	 483.33	 44.00	 30	 0.84	 
