subjectID	 order	 runNum	 itemName	 onsetTime	 shuff_trialType	 RT	 respInTime	 AudioTime	 response	 fixationTime	 ladder1	 ladder2	 bidIndex	 itemNameIndex	 bidValue	 
BFE_204	 2	 2	 2103.jpg	 1.311659e+02	 24	 999000	 240	 999000	 999	 1.321837e+02	 583.33	 650.00	 62.00	 3	 0.47	 
BFE_204	 2	 2	 2120.jpg	 1.331514e+02	 24	 999000	 240	 999000	 999	 1.341693e+02	 583.33	 650.00	 55.00	 20	 0.57	 
BFE_204	 2	 2	 1209.jpg	 1.371559e+02	 11	 9.100694e+02	 110	 5.833818e+02	 98	 1.381737e+02	 600.00	 650.00	 8.00	 30	 0.69	 
BFE_204	 2	 2	 2216.jpg	 1.401594e+02	 24	 999000	 240	 999000	 999	 1.411771e+02	 600.00	 650.00	 52.00	 37	 0.62	 
BFE_204	 2	 2	 2204.jpg	 1.421616e+02	 24	 999000	 240	 999000	 999	 1.431794e+02	 600.00	 650.00	 60.00	 25	 0.51	 
BFE_204	 2	 2	 1219.jpg	 1.451649e+02	 12	 999000	 120	 999000	 999	 1.461827e+02	 600.00	 650.00	 3.00	 40	 0.84	 
BFE_204	 2	 2	 2106.jpg	 1.491528e+02	 22	 9.692010e+02	 220	 6.500439e+02	 98	 1.501705e+02	 600.00	 666.67	 56.00	 6	 0.56	 
BFE_204	 2	 2	 1108.jpg	 1.531572e+02	 11	 8.687609e+02	 110	 6.000338e+02	 98	 1.541750e+02	 616.67	 666.67	 16.00	 8	 0.59	 
BFE_204	 2	 2	 1109.jpg	 1.551595e+02	 12	 999000	 120	 999000	 999	 1.561772e+02	 616.67	 666.67	 19.00	 9	 0.55	 
BFE_204	 2	 2	 1217.jpg	 1.601651e+02	 12	 999000	 120	 999000	 999	 1.611829e+02	 616.67	 666.67	 13.00	 38	 0.61	 
BFE_204	 2	 2	 1205.jpg	 1.621507e+02	 11	 9.632369e+02	 110	 6.167008e+02	 98	 1.631684e+02	 633.33	 666.67	 17.00	 26	 0.56	 
BFE_204	 2	 2	 1206.jpg	 1.641529e+02	 12	 999000	 120	 999000	 999	 1.651706e+02	 633.33	 666.67	 10.00	 27	 0.67	 
BFE_204	 2	 2	 2108.jpg	 1.701596e+02	 22	 8.663503e+02	 220	 6.667010e+02	 98	 1.711774e+02	 633.33	 683.33	 49.00	 8	 0.72	 
BFE_204	 2	 2	 1117.jpg	 1.721619e+02	 12	 999000	 120	 999000	 999	 1.731796e+02	 633.33	 683.33	 38.00	 17	 0.15	 
BFE_204	 2	 2	 2117.jpg	 1.741641e+02	 24	 999000	 240	 999000	 999	 1.751819e+02	 633.33	 683.33	 78.00	 17	 0.22	 
BFE_204	 2	 2	 1111.jpg	 1.761494e+02	 12	 999000	 120	 999000	 999	 1.771675e+02	 633.33	 683.33	 18.00	 11	 0.56	 
BFE_204	 2	 2	 2110.jpg	 1.801542e+02	 24	 999000	 240	 999000	 999	 1.811720e+02	 633.33	 683.33	 77.00	 10	 0.23	 
BFE_204	 2	 2	 1208.jpg	 1.841586e+02	 11	 9.473439e+02	 110	 6.333669e+02	 98	 1.851764e+02	 650.00	 683.33	 14.00	 29	 0.60	 
BFE_204	 2	 2	 2206.jpg	 1.871620e+02	 24	 999000	 240	 999000	 999	 1.881798e+02	 650.00	 683.33	 50.00	 27	 0.68	 
BFE_204	 2	 2	 1207.jpg	 1.911495e+02	 12	 999000	 120	 999000	 999	 1.921676e+02	 650.00	 683.33	 21.00	 28	 0.51	 
BFE_204	 2	 2	 2215.jpg	 1.941532e+02	 24	 999000	 240	 999000	 999	 1.951710e+02	 650.00	 683.33	 58.00	 36	 0.54	 
BFE_204	 2	 2	 2208.jpg	 1.961554e+02	 22	 1.054592e+03	 2200	 6.833632e+02	 98	 1.971732e+02	 650.00	 633.33	 57.00	 29	 0.55	 
BFE_204	 2	 2	 2218.jpg	 2.001600e+02	 24	 999000	 240	 999000	 999	 2.011777e+02	 650.00	 633.33	 43.00	 39	 0.87	 
BFE_204	 2	 2	 1204.jpg	 2.021621e+02	 11	 9.198727e+02	 110	 6.500256e+02	 98	 2.031799e+02	 666.67	 633.33	 9.00	 25	 0.68	 
BFE_204	 2	 2	 1214.jpg	 2.041644e+02	 12	 999000	 120	 999000	 999	 2.051821e+02	 666.67	 633.33	 12.00	 35	 0.64	 
BFE_204	 2	 2	 1215.jpg	 2.081522e+02	 11	 9.537580e+02	 110	 6.667002e+02	 98	 2.091700e+02	 683.33	 633.33	 11.00	 36	 0.66	 
BFE_204	 2	 2	 2101.jpg	 2.101544e+02	 22	 9.595760e+02	 220	 6.333675e+02	 98	 2.111722e+02	 683.33	 650.00	 54.00	 1	 0.58	 
BFE_204	 2	 2	 2214.jpg	 2.141590e+02	 24	 999000	 240	 999000	 999	 2.151767e+02	 683.33	 650.00	 47.00	 35	 0.78	 
BFE_204	 2	 2	 2212.jpg	 2.181634e+02	 24	 999000	 240	 999000	 999	 2.191811e+02	 683.33	 650.00	 61.00	 33	 0.50	 
BFE_204	 2	 2	 1120.jpg	 2.211501e+02	 12	 999000	 120	 999000	 999	 2.221678e+02	 683.33	 650.00	 15.00	 20	 0.59	 
BFE_204	 2	 2	 1118.jpg	 2.271568e+02	 12	 999000	 120	 999000	 999	 2.281746e+02	 683.33	 650.00	 37.00	 18	 0.15	 
BFE_204	 2	 2	 2210.jpg	 2.291591e+02	 24	 999000	 240	 999000	 999	 2.301769e+02	 683.33	 650.00	 59.00	 31	 0.53	 
BFE_204	 2	 2	 1210.jpg	 2.331636e+02	 12	 999000	 120	 999000	 999	 2.341814e+02	 683.33	 650.00	 22.00	 31	 0.49	 
BFE_204	 2	 2	 1218.jpg	 2.351488e+02	 12	 999000	 120	 999000	 999	 2.361670e+02	 683.33	 650.00	 4.00	 39	 0.77	 
BFE_204	 2	 2	 2203.jpg	 2.371514e+02	 24	 999000	 240	 999000	 999	 2.381691e+02	 683.33	 650.00	 53.00	 24	 0.59	 
BFE_204	 2	 2	 2202.jpg	 2.391536e+02	 22	 1.040396e+03	 2200	 6.500309e+02	 98	 2.401714e+02	 683.33	 600.00	 48.00	 23	 0.75	 
BFE_204	 2	 2	 1203.jpg	 2.441592e+02	 12	 999000	 120	 999000	 999	 2.451770e+02	 683.33	 600.00	 20.00	 24	 0.52	 
BFE_204	 2	 2	 2219.jpg	 2.461615e+02	 22	 1.024503e+03	 2200	 6.000271e+02	 98	 2.471792e+02	 683.33	 550.00	 51.00	 40	 0.65	 
BFE_204	 2	 2	 2209.jpg	 2.481637e+02	 24	 999000	 240	 999000	 999	 2.491815e+02	 683.33	 550.00	 44.00	 30	 0.84	 
BFE_204	 2	 2	 1101.jpg	 2.511504e+02	 12	 999000	 120	 999000	 999	 2.521682e+02	 683.33	 550.00	 7.00	 1	 0.72	 
