subjectID	 order	 runNum	 itemName	 onsetTime	 shuff_trialType	 RT	 respInTime	 AudioTime	 response	 fixationTime	 ladder1	 ladder2	 bidIndex	 itemNameIndex	 bidValue	 
BFE_203	 1	 9	 1111.jpg	 1.069223e+03	 11	 9.074599e+02	 110	 6.833959e+02	 98	 1.070241e+03	 700.00	 683.33	 18.00	 11	 0.57	 
BFE_203	 1	 9	 1117.jpg	 1.072210e+03	 12	 999000	 120	 999000	 999	 1.073227e+03	 700.00	 683.33	 14.00	 17	 0.64	 
BFE_203	 1	 9	 2103.jpg	 1.074212e+03	 24	 999000	 240	 999000	 999	 1.075230e+03	 700.00	 683.33	 54.00	 3	 0.59	 
BFE_203	 1	 9	 2115.jpg	 1.076214e+03	 22	 9.322584e+02	 220	 6.833911e+02	 98	 1.077232e+03	 700.00	 700.00	 53.00	 15	 0.62	 
BFE_203	 1	 9	 1115.jpg	 1.078216e+03	 11	 9.700035e+02	 110	 7.000328e+02	 98	 1.079234e+03	 716.67	 700.00	 10.00	 15	 0.71	 
BFE_203	 1	 9	 2113.jpg	 1.081220e+03	 22	 9.746860e+02	 220	 7.000377e+02	 98	 1.082238e+03	 716.67	 716.67	 50.00	 13	 0.67	 
BFE_203	 1	 9	 2106.jpg	 1.083222e+03	 24	 999000	 240	 999000	 999	 1.084240e+03	 716.67	 716.67	 43.00	 6	 0.88	 
BFE_203	 1	 9	 1105.jpg	 1.087210e+03	 12	 999000	 120	 999000	 999	 1.088228e+03	 716.67	 716.67	 17.00	 5	 0.57	 
BFE_203	 1	 9	 2108.jpg	 1.089212e+03	 24	 999000	 240	 999000	 999	 1.090230e+03	 716.67	 716.67	 77.00	 8	 0.21	 
BFE_203	 1	 9	 1201.jpg	 1.094218e+03	 11	 9.527781e+02	 110	 7.166957e+02	 98	 1.095235e+03	 733.33	 716.67	 15.00	 22	 0.60	 
BFE_203	 1	 9	 2219.jpg	 1.096220e+03	 24	 999000	 240	 999000	 999	 1.097238e+03	 733.33	 716.67	 56.00	 40	 0.56	 
BFE_203	 1	 9	 2104.jpg	 1.100208e+03	 22	 9.706175e+02	 220	 7.166961e+02	 98	 1.101226e+03	 733.33	 733.33	 58.00	 4	 0.54	 
BFE_203	 1	 9	 1217.jpg	 1.102210e+03	 12	 999000	 120	 999000	 999	 1.103228e+03	 733.33	 733.33	 20.00	 38	 0.53	 
BFE_203	 1	 9	 1110.jpg	 1.105213e+03	 12	 999000	 120	 999000	 999	 1.106231e+03	 733.33	 733.33	 19.00	 10	 0.54	 
BFE_203	 1	 9	 1109.jpg	 1.110219e+03	 11	 9.914388e+02	 110	 7.333638e+02	 98	 1.111237e+03	 750.00	 733.33	 12.00	 9	 0.67	 
BFE_203	 1	 9	 2201.jpg	 1.112221e+03	 24	 999000	 240	 999000	 999	 1.113239e+03	 750.00	 733.33	 57.00	 22	 0.54	 
BFE_203	 1	 9	 2211.jpg	 1.114206e+03	 24	 999000	 240	 999000	 999	 1.115225e+03	 750.00	 733.33	 62.00	 32	 0.47	 
BFE_203	 1	 9	 1102.jpg	 1.118211e+03	 12	 999000	 120	 999000	 999	 1.119229e+03	 750.00	 733.33	 21.00	 2	 0.52	 
BFE_203	 1	 9	 1113.jpg	 1.122216e+03	 11	 1.026684e+03	 1100	 7.500355e+02	 98	 1.123233e+03	 700.00	 733.33	 13.00	 13	 0.66	 
BFE_203	 1	 9	 1209.jpg	 1.126220e+03	 12	 999000	 120	 999000	 999	 1.127238e+03	 700.00	 733.33	 16.00	 30	 0.58	 
BFE_203	 1	 9	 1114.jpg	 1.128206e+03	 12	 999000	 120	 999000	 999	 1.129223e+03	 700.00	 733.33	 8.00	 14	 0.73	 
BFE_203	 1	 9	 1205.jpg	 1.130208e+03	 12	 999000	 120	 999000	 999	 1.131226e+03	 700.00	 733.33	 3.00	 26	 0.80	 
BFE_203	 1	 9	 2205.jpg	 1.132210e+03	 24	 999000	 240	 999000	 999	 1.133228e+03	 700.00	 733.33	 48.00	 26	 0.70	 
BFE_203	 1	 9	 1204.jpg	 1.134213e+03	 12	 999000	 120	 999000	 999	 1.135230e+03	 700.00	 733.33	 9.00	 25	 0.72	 
BFE_203	 1	 9	 2121.jpg	 1.140219e+03	 24	 999000	 240	 999000	 999	 1.141237e+03	 700.00	 733.33	 44.00	 21	 0.85	 
BFE_203	 1	 9	 2203.jpg	 1.143206e+03	 24	 999000	 240	 999000	 999	 1.144224e+03	 700.00	 733.33	 78.00	 24	 0.13	 
BFE_203	 1	 9	 2107.jpg	 1.145208e+03	 22	 1.042257e+03	 2200	 7.333719e+02	 98	 1.146226e+03	 700.00	 683.33	 55.00	 7	 0.57	 
BFE_203	 1	 9	 1104.jpg	 1.147210e+03	 12	 999000	 120	 999000	 999	 1.148228e+03	 700.00	 683.33	 11.00	 4	 0.69	 
BFE_203	 1	 9	 1206.jpg	 1.150214e+03	 11	 9.326811e+02	 110	 7.000322e+02	 98	 1.151232e+03	 716.67	 683.33	 7.00	 27	 0.74	 
BFE_203	 1	 9	 1108.jpg	 1.152216e+03	 12	 999000	 120	 999000	 999	 1.153234e+03	 716.67	 683.33	 37.00	 8	 0.21	 
BFE_203	 1	 9	 2116.jpg	 1.154218e+03	 22	 9.201364e+02	 220	 6.833671e+02	 98	 1.155236e+03	 716.67	 700.00	 52.00	 16	 0.67	 
BFE_203	 1	 9	 2204.jpg	 1.156221e+03	 24	 999000	 240	 999000	 999	 1.157238e+03	 716.67	 700.00	 60.00	 25	 0.50	 
BFE_203	 1	 9	 2109.jpg	 1.159207e+03	 22	 9.471216e+02	 220	 7.000293e+02	 98	 1.160225e+03	 716.67	 716.67	 47.00	 9	 0.74	 
BFE_203	 1	 9	 2217.jpg	 1.161209e+03	 24	 999000	 240	 999000	 999	 1.162227e+03	 716.67	 716.67	 59.00	 38	 0.51	 
BFE_203	 1	 9	 1107.jpg	 1.163212e+03	 12	 999000	 120	 999000	 999	 1.164229e+03	 716.67	 716.67	 4.00	 7	 0.80	 
BFE_203	 1	 9	 1214.jpg	 1.165214e+03	 12	 999000	 120	 999000	 999	 1.166232e+03	 716.67	 716.67	 22.00	 35	 0.49	 
BFE_203	 1	 9	 2202.jpg	 1.167216e+03	 24	 999000	 240	 999000	 999	 1.168234e+03	 716.67	 716.67	 61.00	 23	 0.49	 
BFE_203	 1	 9	 1202.jpg	 1.173206e+03	 12	 999000	 120	 999000	 999	 1.174224e+03	 716.67	 716.67	 38.00	 23	 0.20	 
BFE_203	 1	 9	 2102.jpg	 1.176209e+03	 24	 999000	 240	 999000	 999	 1.177227e+03	 716.67	 716.67	 49.00	 2	 0.68	 
BFE_203	 1	 9	 2216.jpg	 1.180214e+03	 24	 999000	 240	 999000	 999	 1.181232e+03	 716.67	 716.67	 51.00	 37	 0.67	 
