subjectID	 order	 runNum	 itemName	 onsetTime	 shuff_trialType	 RT	 respInTime	 AudioTime	 response	 fixationTime	 ladder1	 ladder2	 bidIndex	 itemNameIndex	 bidValue	 
BFE_101	 1	 18	 2205.jpg	 2.166793e+03	 24	 999000	 240	 999000	 999	 2.167811e+03	 383.33	 450.00	 77.00	 26	 0.21	 
BFE_101	 1	 18	 1109.jpg	 2.169796e+03	 12	 999000	 120	 999000	 999	 2.170814e+03	 383.33	 450.00	 20.00	 9	 0.50	 
BFE_101	 1	 18	 2217.jpg	 2.171799e+03	 24	 999000	 240	 999000	 999	 2.172817e+03	 383.33	 450.00	 54.00	 38	 0.58	 
BFE_101	 1	 18	 1205.jpg	 2.173801e+03	 12	 999000	 120	 999000	 999	 2.174819e+03	 383.33	 450.00	 11.00	 26	 0.62	 
BFE_101	 1	 18	 2118.jpg	 2.175803e+03	 22	 6.138216e+02	 2	 4.500365e+02	 110	 2.176821e+03	 383.33	 400.00	 47.00	 18	 0.67	 
BFE_101	 1	 18	 2207.jpg	 2.178790e+03	 24	 999000	 240	 999000	 999	 2.179808e+03	 383.33	 400.00	 49.00	 28	 0.66	 
BFE_101	 1	 18	 2104.jpg	 2.180792e+03	 24	 999000	 240	 999000	 999	 2.181810e+03	 383.33	 400.00	 56.00	 4	 0.55	 
BFE_101	 1	 18	 2120.jpg	 2.184797e+03	 22	 5.644844e+02	 2	 4.000273e+02	 110	 2.185814e+03	 383.33	 350.00	 58.00	 20	 0.55	 
BFE_101	 1	 18	 1207.jpg	 2.186799e+03	 11	 6.262814e+02	 1	 3.833840e+02	 110	 2.187817e+03	 333.33	 350.00	 13.00	 28	 0.56	 
BFE_101	 1	 18	 2208.jpg	 2.191788e+03	 24	 4.216177e+02	 240	 999000	 110	 2.192806e+03	 333.33	 350.00	 51.00	 29	 0.63	 
BFE_101	 1	 18	 2203.jpg	 2.193790e+03	 24	 999000	 240	 999000	 999	 2.194808e+03	 333.33	 350.00	 59.00	 24	 0.54	 
BFE_101	 1	 18	 1201.jpg	 2.197795e+03	 12	 999000	 120	 999000	 999	 2.198812e+03	 333.33	 350.00	 22.00	 22	 0.50	 
BFE_101	 1	 18	 2103.jpg	 2.199797e+03	 24	 999000	 240	 999000	 999	 2.200815e+03	 333.33	 350.00	 43.00	 3	 0.74	 
BFE_101	 1	 18	 1116.jpg	 2.202800e+03	 12	 999000	 120	 999000	 999	 2.203818e+03	 333.33	 350.00	 19.00	 16	 0.51	 
BFE_101	 1	 18	 2213.jpg	 2.207789e+03	 24	 999000	 240	 999000	 999	 2.208807e+03	 333.33	 350.00	 44.00	 34	 0.71	 
BFE_101	 1	 18	 2117.jpg	 2.209791e+03	 24	 999000	 240	 999000	 999	 2.210809e+03	 333.33	 350.00	 78.00	 17	 0.18	 
BFE_101	 1	 18	 1121.jpg	 2.211794e+03	 11	 5.514618e+02	 1	 3.333602e+02	 110	 2.212811e+03	 283.33	 350.00	 7.00	 21	 0.70	 
BFE_101	 1	 18	 1206.jpg	 2.215798e+03	 12	 999000	 120	 999000	 999	 2.216816e+03	 283.33	 350.00	 4.00	 27	 0.74	 
BFE_101	 1	 18	 1115.jpg	 2.219803e+03	 12	 999000	 120	 999000	 999	 2.220820e+03	 283.33	 350.00	 38.00	 15	 0.23	 
BFE_101	 1	 18	 2214.jpg	 2.223790e+03	 22	 6.427651e+02	 2	 3.500319e+02	 110	 2.224808e+03	 283.33	 300.00	 53.00	 35	 0.59	 
BFE_101	 1	 18	 1202.jpg	 2.225793e+03	 12	 999000	 120	 999000	 999	 2.226810e+03	 283.33	 300.00	 16.00	 23	 0.54	 
BFE_101	 1	 18	 1214.jpg	 2.227795e+03	 12	 999000	 120	 999000	 999	 2.228813e+03	 283.33	 300.00	 21.00	 35	 0.50	 
BFE_101	 1	 18	 1216.jpg	 2.229797e+03	 11	 5.241338e+02	 1	 2.833711e+02	 110	 2.230815e+03	 233.33	 300.00	 15.00	 37	 0.55	 
BFE_101	 1	 18	 1106.jpg	 2.231799e+03	 11	 4.898354e+02	 1	 2.333722e+02	 110	 2.232817e+03	 183.33	 300.00	 12.00	 6	 0.58	 
BFE_101	 1	 18	 2216.jpg	 2.237789e+03	 24	 999000	 240	 999000	 999	 2.238807e+03	 183.33	 300.00	 48.00	 37	 0.66	 
BFE_101	 1	 18	 1208.jpg	 2.240793e+03	 11	 4.084777e+02	 1	 1.833671e+02	 110	 2.241810e+03	 133.33	 300.00	 18.00	 29	 0.51	 
BFE_101	 1	 18	 2209.jpg	 2.242795e+03	 22	 5.341709e+02	 2	 3.000250e+02	 110	 2.243813e+03	 133.33	 250.00	 55.00	 30	 0.56	 
BFE_101	 1	 18	 1111.jpg	 2.244797e+03	 12	 999000	 120	 999000	 999	 2.245815e+03	 133.33	 250.00	 14.00	 11	 0.55	 
BFE_101	 1	 18	 2102.jpg	 2.247801e+03	 24	 999000	 240	 999000	 999	 2.248818e+03	 133.33	 250.00	 61.00	 2	 0.54	 
BFE_101	 1	 18	 1102.jpg	 2.249803e+03	 11	 4.143367e+02	 1	 1.333720e+02	 110	 2.250821e+03	 83.33	 250.00	 10.00	 2	 0.66	 
BFE_101	 1	 18	 1101.jpg	 2.251788e+03	 12	 999000	 120	 999000	 999	 2.252806e+03	 83.33	 250.00	 37.00	 1	 0.27	 
BFE_101	 1	 18	 1204.jpg	 2.253791e+03	 12	 999000	 120	 999000	 999	 2.254808e+03	 83.33	 250.00	 17.00	 25	 0.52	 
BFE_101	 1	 18	 2115.jpg	 2.256794e+03	 24	 999000	 240	 999000	 999	 2.257812e+03	 83.33	 250.00	 57.00	 15	 0.55	 
BFE_101	 1	 18	 2110.jpg	 2.258797e+03	 22	 5.161601e+02	 2	 2.500284e+02	 110	 2.259814e+03	 83.33	 200.00	 50.00	 10	 0.65	 
BFE_101	 1	 18	 1213.jpg	 2.260798e+03	 12	 999000	 120	 999000	 999	 2.261816e+03	 83.33	 200.00	 8.00	 34	 0.68	 
BFE_101	 1	 18	 1103.jpg	 2.262801e+03	 12	 999000	 120	 999000	 999	 2.263818e+03	 83.33	 200.00	 9.00	 3	 0.68	 
BFE_101	 1	 18	 2114.jpg	 2.264803e+03	 24	 999000	 240	 999000	 999	 2.265821e+03	 83.33	 200.00	 62.00	 14	 0.50	 
BFE_101	 1	 18	 2211.jpg	 2.270793e+03	 22	 4.641008e+02	 2	 2.000315e+02	 110	 2.271811e+03	 83.33	 150.00	 52.00	 32	 0.62	 
BFE_101	 1	 18	 2113.jpg	 2.273796e+03	 24	 999000	 240	 999000	 999	 2.274814e+03	 83.33	 150.00	 60.00	 13	 0.54	 
BFE_101	 1	 18	 1118.jpg	 2.277801e+03	 12	 999000	 120	 999000	 999	 2.278819e+03	 83.33	 150.00	 3.00	 18	 0.78	 
