subjectID	 order	 runNum	 itemName	 onsetTime	 shuff_trialType	 RT	 respInTime	 AudioTime	 response	 fixationTime	 ladder1	 ladder2	 bidIndex	 itemNameIndex	 bidValue	 
BFE_109	 1	 11	 1105.jpg	 1.345459e+03	 12	 999000	 120	 999000	 999	 1.346477e+03	 750.00	 750.00	 37.00	 5	 0.17	 
BFE_109	 1	 11	 1110.jpg	 1.350448e+03	 12	 999000	 120	 999000	 999	 1.351466e+03	 750.00	 750.00	 20.00	 10	 0.54	 
BFE_109	 1	 11	 1214.jpg	 1.352450e+03	 12	 999000	 120	 999000	 999	 1.353468e+03	 750.00	 750.00	 22.00	 35	 0.51	 
BFE_109	 1	 11	 2218.jpg	 1.354453e+03	 24	 999000	 240	 999000	 999	 1.355470e+03	 750.00	 750.00	 59.00	 39	 0.53	 
BFE_109	 1	 11	 1102.jpg	 1.360443e+03	 12	 999000	 120	 999000	 999	 1.361461e+03	 750.00	 750.00	 16.00	 2	 0.59	 
BFE_109	 1	 11	 2213.jpg	 1.362445e+03	 24	 999000	 240	 999000	 999	 1.363463e+03	 750.00	 750.00	 61.00	 34	 0.48	 
BFE_109	 1	 11	 1205.jpg	 1.365448e+03	 11	 1.033937e+03	 1100	 7.500457e+02	 98	 1.366466e+03	 700.00	 750.00	 13.00	 26	 0.62	 
BFE_109	 1	 11	 1213.jpg	 1.367451e+03	 12	 999000	 120	 999000	 999	 1.368468e+03	 700.00	 750.00	 14.00	 34	 0.60	 
BFE_109	 1	 11	 2111.jpg	 1.371455e+03	 24	 999000	 240	 999000	 999	 1.372473e+03	 700.00	 750.00	 62.00	 11	 0.47	 
BFE_109	 1	 11	 1103.jpg	 1.373457e+03	 11	 9.049760e+02	 110	 7.000333e+02	 98	 1.374475e+03	 716.67	 750.00	 15.00	 3	 0.60	 
BFE_109	 1	 11	 2205.jpg	 1.378446e+03	 24	 999000	 240	 999000	 999	 1.379464e+03	 716.67	 750.00	 51.00	 26	 0.63	 
BFE_109	 1	 11	 1215.jpg	 1.385454e+03	 12	 999000	 120	 999000	 999	 1.386472e+03	 716.67	 750.00	 9.00	 36	 0.68	 
BFE_109	 1	 11	 2207.jpg	 1.387456e+03	 22	 9.939073e+02	 220	 7.500486e+02	 98	 1.388474e+03	 716.67	 766.67	 50.00	 28	 0.68	 
BFE_109	 1	 11	 2107.jpg	 1.390443e+03	 24	 999000	 240	 999000	 999	 1.391461e+03	 716.67	 766.67	 54.00	 7	 0.61	 
BFE_109	 1	 11	 2112.jpg	 1.393446e+03	 24	 999000	 240	 999000	 999	 1.394464e+03	 716.67	 766.67	 78.00	 12	 0.20	 
BFE_109	 1	 11	 1203.jpg	 1.397451e+03	 11	 9.273814e+02	 110	 7.167110e+02	 98	 1.398469e+03	 733.33	 766.67	 10.00	 24	 0.68	 
BFE_109	 1	 11	 2202.jpg	 1.401455e+03	 22	 9.788808e+02	 220	 7.667031e+02	 98	 1.402473e+03	 733.33	 783.33	 55.00	 23	 0.59	 
BFE_109	 1	 11	 2210.jpg	 1.405443e+03	 22	 9.993328e+02	 220	 7.834033e+02	 98	 1.406461e+03	 733.33	 800.00	 47.00	 31	 0.71	 
BFE_109	 1	 11	 2105.jpg	 1.408446e+03	 24	 999000	 240	 999000	 999	 1.409464e+03	 733.33	 800.00	 77.00	 5	 0.20	 
BFE_109	 1	 11	 2209.jpg	 1.414453e+03	 24	 999000	 240	 999000	 999	 1.415471e+03	 733.33	 800.00	 44.00	 30	 0.80	 
BFE_109	 1	 11	 1208.jpg	 1.416456e+03	 12	 999000	 120	 999000	 999	 1.417473e+03	 733.33	 800.00	 11.00	 29	 0.67	 
BFE_109	 1	 11	 2110.jpg	 1.419459e+03	 24	 999000	 240	 999000	 999	 1.420477e+03	 733.33	 800.00	 57.00	 10	 0.58	 
BFE_109	 1	 11	 2203.jpg	 1.421444e+03	 22	 1.053809e+03	 2200	 8.000408e+02	 98	 1.422462e+03	 733.33	 750.00	 58.00	 24	 0.58	 
BFE_109	 1	 11	 2211.jpg	 1.423447e+03	 24	 999000	 240	 999000	 999	 1.424464e+03	 733.33	 750.00	 49.00	 32	 0.69	 
BFE_109	 1	 11	 1216.jpg	 1.425449e+03	 12	 999000	 120	 999000	 999	 1.426467e+03	 733.33	 750.00	 4.00	 37	 0.81	 
BFE_109	 1	 11	 2212.jpg	 1.428452e+03	 22	 9.578911e+02	 220	 7.500530e+02	 98	 1.429470e+03	 733.33	 766.67	 53.00	 33	 0.62	 
BFE_109	 1	 11	 1121.jpg	 1.432457e+03	 12	 999000	 120	 999000	 999	 1.433475e+03	 733.33	 766.67	 21.00	 21	 0.53	 
BFE_109	 1	 11	 1218.jpg	 1.434459e+03	 11	 9.591653e+02	 110	 7.333610e+02	 98	 1.435477e+03	 750.00	 766.67	 12.00	 39	 0.64	 
BFE_109	 1	 11	 2201.jpg	 1.436445e+03	 24	 999000	 240	 999000	 999	 1.437462e+03	 750.00	 766.67	 43.00	 22	 0.81	 
BFE_109	 1	 11	 1211.jpg	 1.438447e+03	 12	 999000	 120	 999000	 999	 1.439465e+03	 750.00	 766.67	 19.00	 32	 0.55	 
BFE_109	 1	 11	 1210.jpg	 1.440449e+03	 12	 999000	 120	 999000	 999	 1.441467e+03	 750.00	 766.67	 3.00	 31	 0.81	 
BFE_109	 1	 11	 2208.jpg	 1.442451e+03	 24	 999000	 240	 999000	 999	 1.443469e+03	 750.00	 766.67	 56.00	 29	 0.59	 
BFE_109	 1	 11	 1119.jpg	 1.446456e+03	 12	 999000	 120	 999000	 999	 1.447474e+03	 750.00	 766.67	 38.00	 19	 0.17	 
BFE_109	 1	 11	 2204.jpg	 1.450444e+03	 24	 999000	 240	 999000	 999	 1.451461e+03	 750.00	 766.67	 48.00	 25	 0.71	 
BFE_109	 1	 11	 2217.jpg	 1.452446e+03	 22	 9.643893e+02	 220	 7.666998e+02	 98	 1.453464e+03	 750.00	 783.33	 52.00	 38	 0.62	 
BFE_109	 1	 11	 2215.jpg	 1.454448e+03	 24	 999000	 240	 999000	 999	 1.455466e+03	 750.00	 783.33	 60.00	 36	 0.50	 
BFE_109	 1	 11	 1219.jpg	 1.456450e+03	 12	 999000	 120	 999000	 999	 1.457468e+03	 750.00	 783.33	 17.00	 40	 0.55	 
BFE_109	 1	 11	 1201.jpg	 1.458453e+03	 12	 999000	 120	 999000	 999	 1.459470e+03	 750.00	 783.33	 8.00	 22	 0.68	 
BFE_109	 1	 11	 1106.jpg	 1.464443e+03	 11	 9.836299e+02	 110	 7.500387e+02	 98	 1.465460e+03	 766.67	 783.33	 18.00	 6	 0.55	 
BFE_109	 1	 11	 1206.jpg	 1.466445e+03	 11	 9.733522e+02	 110	 7.666964e+02	 98	 1.467463e+03	 783.33	 783.33	 7.00	 27	 0.74	 
