subjectID	 order	 runNum	 itemName	 onsetTime	 shuff_trialType	 RT	 respInTime	 AudioTime	 response	 fixationTime	 ladder1	 ladder2	 bidIndex	 itemNameIndex	 bidValue	 
BFE_104	 2	 18	 2209.jpg	 2.309223e+03	 22	 7.708979e+02	 22	 8.500457e+02	 98	 2.310241e+03	 916.67	 866.67	 49.00	 30	 0.66	 
BFE_104	 2	 18	 2217.jpg	 2.314212e+03	 24	 999000	 240	 999000	 999	 2.315230e+03	 916.67	 866.67	 44.00	 38	 0.75	 
BFE_104	 2	 18	 1112.jpg	 2.316214e+03	 12	 999000	 120	 999000	 999	 2.317232e+03	 916.67	 866.67	 22.00	 12	 0.47	 
BFE_104	 2	 18	 2216.jpg	 2.318216e+03	 24	 999000	 240	 999000	 999	 2.319234e+03	 916.67	 866.67	 47.00	 37	 0.67	 
BFE_104	 2	 18	 1201.jpg	 2.324206e+03	 12	 999000	 120	 999000	 999	 2.325224e+03	 916.67	 866.67	 3.00	 22	 0.73	 
BFE_104	 2	 18	 1103.jpg	 2.326209e+03	 12	 999000	 120	 999000	 999	 2.327226e+03	 916.67	 866.67	 18.00	 3	 0.49	 
BFE_104	 2	 18	 2114.jpg	 2.329212e+03	 22	 6.779088e+02	 22	 8.667344e+02	 98	 2.330230e+03	 916.67	 883.33	 51.00	 14	 0.65	 
BFE_104	 2	 18	 1115.jpg	 2.331214e+03	 12	 999000	 120	 999000	 999	 2.332232e+03	 916.67	 883.33	 13.00	 15	 0.54	 
BFE_104	 2	 18	 1207.jpg	 2.335219e+03	 12	 999000	 120	 999000	 999	 2.336237e+03	 916.67	 883.33	 7.00	 28	 0.63	 
BFE_104	 2	 18	 1213.jpg	 2.337204e+03	 12	 999000	 120	 999000	 999	 2.338222e+03	 916.67	 883.33	 4.00	 34	 0.71	 
BFE_104	 2	 18	 2213.jpg	 2.342210e+03	 24	 999000	 240	 999000	 999	 2.343228e+03	 916.67	 883.33	 62.00	 34	 0.49	 
BFE_104	 2	 18	 1121.jpg	 2.349218e+03	 11	 7.040828e+02	 11	 9.167231e+02	 98	 2.350235e+03	 916.67	 883.33	 8.00	 21	 0.61	 
BFE_104	 2	 18	 2201.jpg	 2.351203e+03	 24	 999000	 240	 999000	 999	 2.352221e+03	 916.67	 883.33	 52.00	 22	 0.60	 
BFE_104	 2	 18	 2113.jpg	 2.354207e+03	 22	 8.111846e+02	 22	 8.833704e+02	 98	 2.355224e+03	 916.67	 900.00	 56.00	 13	 0.54	 
BFE_104	 2	 18	 2119.jpg	 2.357210e+03	 24	 999000	 240	 999000	 999	 2.358228e+03	 916.67	 900.00	 60.00	 19	 0.51	 
BFE_104	 2	 18	 2117.jpg	 2.361214e+03	 24	 999000	 240	 999000	 999	 2.362232e+03	 916.67	 900.00	 78.00	 17	 0.22	 
BFE_104	 2	 18	 2202.jpg	 2.365202e+03	 24	 999000	 240	 999000	 999	 2.366220e+03	 916.67	 900.00	 61.00	 23	 0.50	 
BFE_104	 2	 18	 2205.jpg	 2.369207e+03	 24	 1.243036e+03	 240	 999000	 76	 2.370225e+03	 916.67	 900.00	 50.00	 26	 0.65	 
BFE_104	 2	 18	 1119.jpg	 2.372210e+03	 12	 2.956018e+02	 120	 999000	 76	 2.373228e+03	 916.67	 900.00	 19.00	 19	 0.49	 
BFE_104	 2	 18	 2115.jpg	 2.378217e+03	 24	 999000	 240	 999000	 999	 2.379235e+03	 916.67	 900.00	 55.00	 15	 0.54	 
BFE_104	 2	 18	 2103.jpg	 2.380202e+03	 24	 999000	 240	 999000	 999	 2.381220e+03	 916.67	 900.00	 43.00	 3	 0.80	 
BFE_104	 2	 18	 1114.jpg	 2.383206e+03	 11	 5.400462e+02	 11	 9.167023e+02	 98	 2.384224e+03	 916.67	 900.00	 16.00	 14	 0.53	 
BFE_104	 2	 18	 1204.jpg	 2.385208e+03	 11	 6.257493e+02	 11	 9.166972e+02	 98	 2.386226e+03	 916.67	 900.00	 9.00	 25	 0.58	 
BFE_104	 2	 18	 1116.jpg	 2.387210e+03	 12	 999000	 120	 999000	 999	 2.388228e+03	 916.67	 900.00	 15.00	 16	 0.54	 
BFE_104	 2	 18	 1104.jpg	 2.389213e+03	 11	 7.011089e+02	 11	 9.167124e+02	 98	 2.390230e+03	 916.67	 900.00	 17.00	 4	 0.50	 
BFE_104	 2	 18	 1111.jpg	 2.392216e+03	 12	 999000	 120	 999000	 999	 2.393234e+03	 916.67	 900.00	 12.00	 11	 0.54	 
BFE_104	 2	 18	 2211.jpg	 2.396204e+03	 22	 8.940109e+02	 22	 9.000328e+02	 98	 2.397222e+03	 916.67	 916.67	 54.00	 32	 0.55	 
BFE_104	 2	 18	 1113.jpg	 2.398206e+03	 12	 7.557700e+02	 12	 999000	 98	 2.399224e+03	 916.67	 916.67	 37.00	 13	 0.34	 
BFE_104	 2	 18	 2112.jpg	 2.400208e+03	 24	 999000	 240	 999000	 999	 2.401226e+03	 916.67	 916.67	 53.00	 12	 0.58	 
BFE_104	 2	 18	 1215.jpg	 2.402210e+03	 11	 7.753329e+02	 11	 9.167248e+02	 98	 2.403228e+03	 916.67	 916.67	 11.00	 36	 0.57	 
BFE_104	 2	 18	 1212.jpg	 2.404213e+03	 12	 999000	 120	 999000	 999	 2.405231e+03	 916.67	 916.67	 21.00	 33	 0.47	 
BFE_104	 2	 18	 1118.jpg	 2.406215e+03	 12	 999000	 120	 999000	 999	 2.407233e+03	 916.67	 916.67	 10.00	 18	 0.57	 
BFE_104	 2	 18	 2208.jpg	 2.410203e+03	 22	 1.095234e+03	 2200	 9.166991e+02	 98	 2.411220e+03	 916.67	 866.67	 57.00	 29	 0.52	 
BFE_104	 2	 18	 2206.jpg	 2.414207e+03	 22	 5.865738e+02	 22	 8.667068e+02	 98	 2.415225e+03	 916.67	 883.33	 48.00	 27	 0.66	 
BFE_104	 2	 18	 2110.jpg	 2.416210e+03	 24	 999000	 240	 999000	 999	 2.417227e+03	 916.67	 883.33	 59.00	 10	 0.52	 
BFE_104	 2	 18	 1210.jpg	 2.418212e+03	 12	 999000	 120	 999000	 999	 2.419229e+03	 916.67	 883.33	 38.00	 31	 0.30	 
BFE_104	 2	 18	 1211.jpg	 2.420214e+03	 12	 8.999041e+02	 12	 999000	 98	 2.421232e+03	 916.67	 883.33	 20.00	 32	 0.47	 
BFE_104	 2	 18	 2107.jpg	 2.422216e+03	 24	 999000	 240	 999000	 999	 2.423234e+03	 916.67	 883.33	 77.00	 7	 0.26	 
BFE_104	 2	 18	 1102.jpg	 2.428206e+03	 11	 5.235319e+02	 11	 9.167047e+02	 98	 2.429224e+03	 916.67	 883.33	 14.00	 2	 0.54	 
BFE_104	 2	 18	 2102.jpg	 2.430209e+03	 24	 999000	 240	 999000	 999	 2.431226e+03	 916.67	 883.33	 58.00	 2	 0.52	 
