subjectID	 order	 runNum	 itemName	 onsetTime	 shuff_trialType	 RT	 respInTime	 AudioTime	 response	 fixationTime	 ladder1	 ladder2	 bidIndex	 itemNameIndex	 bidValue	 
BFE_104	 2	 8	 1211.jpg	 9.407052e+02	 12	 6.966497e+02	 12	 999000	 98	 9.417229e+02	 716.67	 783.33	 20.00	 32	 0.47	 
BFE_104	 2	 8	 1213.jpg	 9.436919e+02	 12	 999000	 120	 999000	 999	 9.447096e+02	 716.67	 783.33	 4.00	 34	 0.71	 
BFE_104	 2	 8	 1112.jpg	 9.456942e+02	 12	 999000	 120	 999000	 999	 9.467119e+02	 716.67	 783.33	 22.00	 12	 0.47	 
BFE_104	 2	 8	 1121.jpg	 9.476964e+02	 11	 9.214022e+02	 110	 7.167160e+02	 98	 9.487142e+02	 733.33	 783.33	 8.00	 21	 0.61	 
BFE_104	 2	 8	 2211.jpg	 9.496986e+02	 22	 5.192015e+02	 22	 7.833830e+02	 98	 9.507164e+02	 733.33	 800.00	 54.00	 32	 0.55	 
BFE_104	 2	 8	 1103.jpg	 9.526853e+02	 12	 999000	 120	 999000	 999	 9.537031e+02	 733.33	 800.00	 18.00	 3	 0.49	 
BFE_104	 2	 8	 2107.jpg	 9.546875e+02	 24	 999000	 240	 999000	 999	 9.557054e+02	 733.33	 800.00	 77.00	 7	 0.26	 
BFE_104	 2	 8	 1114.jpg	 9.586920e+02	 11	 6.378052e+02	 11	 7.333681e+02	 98	 9.597098e+02	 750.00	 800.00	 16.00	 14	 0.53	 
BFE_104	 2	 8	 1201.jpg	 9.606942e+02	 12	 999000	 120	 999000	 999	 9.617121e+02	 750.00	 800.00	 3.00	 22	 0.73	 
BFE_104	 2	 8	 2205.jpg	 9.656999e+02	 24	 999000	 240	 999000	 999	 9.667177e+02	 750.00	 800.00	 50.00	 26	 0.65	 
BFE_104	 2	 8	 2202.jpg	 9.676855e+02	 24	 999000	 240	 999000	 999	 9.687032e+02	 750.00	 800.00	 61.00	 23	 0.50	 
BFE_104	 2	 8	 2113.jpg	 9.716900e+02	 22	 1.191865e+03	 2200	 8.000344e+02	 98	 9.727077e+02	 750.00	 750.00	 56.00	 13	 0.54	 
BFE_104	 2	 8	 2216.jpg	 9.736921e+02	 24	 999000	 240	 999000	 999	 9.747099e+02	 750.00	 750.00	 47.00	 37	 0.67	 
BFE_104	 2	 8	 2217.jpg	 9.766956e+02	 24	 999000	 240	 999000	 999	 9.777133e+02	 750.00	 750.00	 44.00	 38	 0.75	 
BFE_104	 2	 8	 2102.jpg	 9.816845e+02	 24	 999000	 240	 999000	 999	 9.827023e+02	 750.00	 750.00	 58.00	 2	 0.52	 
BFE_104	 2	 8	 1118.jpg	 9.836867e+02	 12	 999000	 120	 999000	 999	 9.847044e+02	 750.00	 750.00	 10.00	 18	 0.57	 
BFE_104	 2	 8	 2103.jpg	 9.856889e+02	 24	 999000	 240	 999000	 999	 9.867067e+02	 750.00	 750.00	 43.00	 3	 0.80	 
BFE_104	 2	 8	 2201.jpg	 9.896935e+02	 24	 999000	 240	 999000	 999	 9.907112e+02	 750.00	 750.00	 52.00	 22	 0.60	 
BFE_104	 2	 8	 1113.jpg	 9.936980e+02	 12	 7.358072e+02	 12	 999000	 98	 9.947157e+02	 750.00	 750.00	 37.00	 13	 0.34	 
BFE_104	 2	 8	 1204.jpg	 9.976858e+02	 11	 1.180006e+03	 1100	 7.500303e+02	 98	 9.987035e+02	 700.00	 750.00	 9.00	 25	 0.58	 
BFE_104	 2	 8	 1207.jpg	 9.996880e+02	 12	 999000	 120	 999000	 999	 1.000706e+03	 700.00	 750.00	 7.00	 28	 0.63	 
BFE_104	 2	 8	 1215.jpg	 1.001690e+03	 11	 1.359632e+03	 1100	 7.000336e+02	 98	 1.002708e+03	 650.00	 750.00	 11.00	 36	 0.57	 
BFE_104	 2	 8	 1111.jpg	 1.003693e+03	 12	 999000	 120	 999000	 999	 1.004710e+03	 650.00	 750.00	 12.00	 11	 0.54	 
BFE_104	 2	 8	 1212.jpg	 1.005695e+03	 12	 999000	 120	 999000	 999	 1.006712e+03	 650.00	 750.00	 21.00	 33	 0.47	 
BFE_104	 2	 8	 1115.jpg	 1.011685e+03	 12	 999000	 120	 999000	 999	 1.012703e+03	 650.00	 750.00	 13.00	 15	 0.54	 
BFE_104	 2	 8	 1119.jpg	 1.014688e+03	 12	 999000	 120	 999000	 999	 1.015706e+03	 650.00	 750.00	 19.00	 19	 0.49	 
BFE_104	 2	 8	 2206.jpg	 1.016690e+03	 22	 5.673850e+02	 22	 7.500354e+02	 98	 1.017708e+03	 650.00	 766.67	 48.00	 27	 0.66	 
BFE_104	 2	 8	 2110.jpg	 1.018693e+03	 24	 999000	 240	 999000	 999	 1.019710e+03	 650.00	 766.67	 59.00	 10	 0.52	 
BFE_104	 2	 8	 1210.jpg	 1.021696e+03	 12	 999000	 120	 999000	 999	 1.022714e+03	 650.00	 766.67	 38.00	 31	 0.30	 
BFE_104	 2	 8	 2117.jpg	 1.023698e+03	 24	 999000	 240	 999000	 999	 1.024716e+03	 650.00	 766.67	 78.00	 17	 0.22	 
BFE_104	 2	 8	 2119.jpg	 1.025701e+03	 24	 999000	 240	 999000	 999	 1.026718e+03	 650.00	 766.67	 60.00	 19	 0.51	 
BFE_104	 2	 8	 2208.jpg	 1.027686e+03	 22	 9.717455e+02	 220	 7.667071e+02	 98	 1.028704e+03	 650.00	 783.33	 57.00	 29	 0.52	 
BFE_104	 2	 8	 2112.jpg	 1.030689e+03	 24	 999000	 240	 999000	 999	 1.031707e+03	 650.00	 783.33	 53.00	 12	 0.58	 
BFE_104	 2	 8	 1116.jpg	 1.032691e+03	 12	 999000	 120	 999000	 999	 1.033709e+03	 650.00	 783.33	 15.00	 16	 0.54	 
BFE_104	 2	 8	 1104.jpg	 1.034694e+03	 11	 7.559876e+02	 110	 6.500252e+02	 98	 1.035712e+03	 666.67	 783.33	 17.00	 4	 0.50	 
BFE_104	 2	 8	 2115.jpg	 1.036696e+03	 24	 999000	 240	 999000	 999	 1.037714e+03	 666.67	 783.33	 55.00	 15	 0.54	 
BFE_104	 2	 8	 1102.jpg	 1.038698e+03	 11	 8.713888e+02	 110	 6.667120e+02	 98	 1.039716e+03	 683.33	 783.33	 14.00	 2	 0.54	 
BFE_104	 2	 8	 2209.jpg	 1.044688e+03	 22	 6.813603e+02	 22	 7.833754e+02	 98	 1.045706e+03	 683.33	 800.00	 49.00	 30	 0.66	 
BFE_104	 2	 8	 2114.jpg	 1.047692e+03	 22	 7.660227e+02	 22	 8.000426e+02	 98	 1.048710e+03	 683.33	 816.67	 51.00	 14	 0.65	 
BFE_104	 2	 8	 2213.jpg	 1.051696e+03	 24	 999000	 240	 999000	 999	 1.052714e+03	 683.33	 816.67	 62.00	 34	 0.49	 
