subjectID	 order	 runNum	 itemName	 onsetTime	 shuff_trialType	 RT	 respInTime	 AudioTime	 response	 fixationTime	 ladder1	 ladder2	 bidIndex	 itemNameIndex	 bidValue	 
BFE_111	 1	 3	 2210.jpg	 3.320753e+02	 22	 9.509582e+02	 220	 6.834031e+02	 98	 3.330931e+02	 683.33	 700.00	 52.00	 31	 0.61	 
BFE_111	 1	 3	 1114.jpg	 3.350619e+02	 12	 999000	 120	 999000	 999	 3.360797e+02	 683.33	 700.00	 4.00	 14	 0.79	 
BFE_111	 1	 3	 1113.jpg	 3.370641e+02	 12	 999000	 120	 999000	 999	 3.380819e+02	 683.33	 700.00	 21.00	 13	 0.49	 
BFE_111	 1	 3	 2120.jpg	 3.390664e+02	 22	 1.039784e+03	 2200	 7.000265e+02	 98	 3.400842e+02	 683.33	 650.00	 53.00	 20	 0.60	 
BFE_111	 1	 3	 1217.jpg	 3.410687e+02	 12	 999000	 120	 999000	 999	 3.420865e+02	 683.33	 650.00	 3.00	 38	 0.87	 
BFE_111	 1	 3	 2104.jpg	 3.440721e+02	 22	 9.300830e+02	 220	 6.500286e+02	 98	 3.450898e+02	 683.33	 666.67	 55.00	 4	 0.56	 
BFE_111	 1	 3	 1102.jpg	 3.460742e+02	 12	 999000	 120	 999000	 999	 3.470920e+02	 683.33	 666.67	 19.00	 2	 0.52	 
BFE_111	 1	 3	 2110.jpg	 3.500621e+02	 24	 999000	 240	 999000	 999	 3.510799e+02	 683.33	 666.67	 62.00	 10	 0.44	 
BFE_111	 1	 3	 1219.jpg	 3.520644e+02	 11	 9.298177e+02	 110	 6.833776e+02	 98	 3.530821e+02	 700.00	 666.67	 13.00	 40	 0.58	 
BFE_111	 1	 3	 2112.jpg	 3.570700e+02	 24	 999000	 240	 999000	 999	 3.580877e+02	 700.00	 666.67	 60.00	 12	 0.48	 
BFE_111	 1	 3	 2113.jpg	 3.590722e+02	 24	 999000	 240	 999000	 999	 3.600900e+02	 700.00	 666.67	 51.00	 13	 0.64	 
BFE_111	 1	 3	 2213.jpg	 3.630597e+02	 22	 1.014540e+03	 2200	 6.667018e+02	 98	 3.640779e+02	 700.00	 616.67	 50.00	 34	 0.65	 
BFE_111	 1	 3	 1105.jpg	 3.650623e+02	 12	 999000	 120	 999000	 999	 3.660800e+02	 700.00	 616.67	 14.00	 5	 0.57	 
BFE_111	 1	 3	 2217.jpg	 3.680656e+02	 24	 999000	 240	 999000	 999	 3.690834e+02	 700.00	 616.67	 43.00	 38	 0.77	 
BFE_111	 1	 3	 1117.jpg	 3.730712e+02	 11	 1.018990e+03	 1100	 7.000384e+02	 98	 3.740890e+02	 650.00	 616.67	 15.00	 17	 0.55	 
BFE_111	 1	 3	 1202.jpg	 3.750735e+02	 12	 999000	 120	 999000	 999	 3.760913e+02	 650.00	 616.67	 22.00	 23	 0.46	 
BFE_111	 1	 3	 2102.jpg	 3.770758e+02	 24	 999000	 240	 999000	 999	 3.780936e+02	 650.00	 616.67	 48.00	 2	 0.67	 
BFE_111	 1	 3	 1107.jpg	 3.810636e+02	 11	 8.666455e+02	 110	 6.500323e+02	 98	 3.820814e+02	 666.67	 616.67	 12.00	 7	 0.60	 
BFE_111	 1	 3	 1218.jpg	 3.850680e+02	 11	 1.070198e+03	 1100	 6.667169e+02	 98	 3.860858e+02	 616.67	 616.67	 7.00	 39	 0.66	 
BFE_111	 1	 3	 2205.jpg	 3.890726e+02	 24	 999000	 240	 999000	 999	 3.900903e+02	 616.67	 616.67	 59.00	 26	 0.50	 
BFE_111	 1	 3	 2119.jpg	 3.910747e+02	 24	 999000	 240	 999000	 999	 3.920926e+02	 616.67	 616.67	 77.00	 19	 0.30	 
BFE_111	 1	 3	 1116.jpg	 3.930601e+02	 12	 999000	 120	 999000	 999	 3.940781e+02	 616.67	 616.67	 38.00	 16	 0.23	 
BFE_111	 1	 3	 2214.jpg	 3.950625e+02	 22	 1.027679e+03	 2200	 6.167050e+02	 98	 3.960803e+02	 616.67	 566.67	 47.00	 35	 0.68	 
BFE_111	 1	 3	 1109.jpg	 3.970649e+02	 12	 999000	 120	 999000	 999	 3.980826e+02	 616.67	 566.67	 17.00	 9	 0.54	 
BFE_111	 1	 3	 2211.jpg	 4.030716e+02	 22	 8.986539e+02	 220	 5.667034e+02	 98	 4.040893e+02	 616.67	 583.33	 58.00	 32	 0.51	 
BFE_111	 1	 3	 1209.jpg	 4.060749e+02	 12	 999000	 120	 999000	 999	 4.070927e+02	 616.67	 583.33	 8.00	 30	 0.64	 
BFE_111	 1	 3	 1210.jpg	 4.080602e+02	 12	 999000	 120	 999000	 999	 4.090783e+02	 616.67	 583.33	 11.00	 31	 0.61	 
BFE_111	 1	 3	 2116.jpg	 4.100627e+02	 24	 999000	 240	 999000	 999	 4.110804e+02	 616.67	 583.33	 78.00	 16	 0.25	 
BFE_111	 1	 3	 2209.jpg	 4.130661e+02	 24	 999000	 240	 999000	 999	 4.140838e+02	 616.67	 583.33	 54.00	 30	 0.56	 
BFE_111	 1	 3	 1120.jpg	 4.150683e+02	 12	 999000	 120	 999000	 999	 4.160861e+02	 616.67	 583.33	 20.00	 20	 0.49	 
BFE_111	 1	 3	 1216.jpg	 4.170706e+02	 11	 9.555968e+02	 110	 6.166960e+02	 98	 4.180883e+02	 633.33	 583.33	 10.00	 37	 0.61	 
BFE_111	 1	 3	 1205.jpg	 4.190728e+02	 11	 9.453970e+02	 110	 6.333688e+02	 98	 4.200905e+02	 650.00	 583.33	 18.00	 26	 0.52	 
BFE_111	 1	 3	 2216.jpg	 4.220592e+02	 24	 999000	 240	 999000	 999	 4.230773e+02	 650.00	 583.33	 56.00	 37	 0.55	 
BFE_111	 1	 3	 2103.jpg	 4.240618e+02	 24	 999000	 240	 999000	 999	 4.250795e+02	 650.00	 583.33	 57.00	 3	 0.53	 
BFE_111	 1	 3	 1213.jpg	 4.260641e+02	 12	 999000	 120	 999000	 999	 4.270818e+02	 650.00	 583.33	 37.00	 34	 0.23	 
BFE_111	 1	 3	 2111.jpg	 4.280662e+02	 24	 999000	 240	 999000	 999	 4.290840e+02	 650.00	 583.33	 49.00	 11	 0.66	 
BFE_111	 1	 3	 2218.jpg	 4.300684e+02	 24	 999000	 240	 999000	 999	 4.310863e+02	 650.00	 583.33	 61.00	 39	 0.45	 
BFE_111	 1	 3	 1215.jpg	 4.360751e+02	 12	 999000	 120	 999000	 999	 4.370930e+02	 650.00	 583.33	 16.00	 36	 0.54	 
BFE_111	 1	 3	 2207.jpg	 4.390619e+02	 24	 999000	 240	 999000	 999	 4.400796e+02	 650.00	 583.33	 44.00	 28	 0.72	 
BFE_111	 1	 3	 1214.jpg	 4.430663e+02	 12	 999000	 120	 999000	 999	 4.440842e+02	 650.00	 583.33	 9.00	 35	 0.63	 
