subjectID	 order	 runNum	 itemName	 onsetTime	 shuff_trialType	 RT	 respInTime	 AudioTime	 response	 fixationTime	 ladder1	 ladder2	 bidIndex	 itemNameIndex	 bidValue	 
BFE_108	 2	 11	 2106.jpg	 1.259878e+03	 22	 9.964546e+02	 220	 7.500565e+02	 98	 1.260896e+03	 683.33	 766.67	 54.00	 6	 0.61	 
BFE_108	 2	 11	 1213.jpg	 1.261864e+03	 11	 9.148366e+02	 110	 6.833761e+02	 98	 1.262881e+03	 700.00	 766.67	 9.00	 34	 0.71	 
BFE_108	 2	 11	 1215.jpg	 1.265868e+03	 12	 999000	 120	 999000	 999	 1.266886e+03	 700.00	 766.67	 22.00	 36	 0.47	 
BFE_108	 2	 11	 2209.jpg	 1.268871e+03	 24	 999000	 240	 999000	 999	 1.269889e+03	 700.00	 766.67	 53.00	 30	 0.61	 
BFE_108	 2	 11	 1216.jpg	 1.270874e+03	 12	 999000	 120	 999000	 999	 1.271892e+03	 700.00	 766.67	 38.00	 37	 0.20	 
BFE_108	 2	 11	 2212.jpg	 1.273877e+03	 24	 999000	 240	 999000	 999	 1.274895e+03	 700.00	 766.67	 78.00	 33	 0.21	 
BFE_108	 2	 11	 1113.jpg	 1.277865e+03	 12	 999000	 120	 999000	 999	 1.278883e+03	 700.00	 766.67	 20.00	 13	 0.50	 
BFE_108	 2	 11	 1115.jpg	 1.281869e+03	 12	 999000	 120	 999000	 999	 1.282887e+03	 700.00	 766.67	 15.00	 15	 0.54	 
BFE_108	 2	 11	 1114.jpg	 1.283872e+03	 12	 999000	 120	 999000	 999	 1.284889e+03	 700.00	 766.67	 10.00	 14	 0.65	 
BFE_108	 2	 11	 1218.jpg	 1.288860e+03	 12	 999000	 120	 999000	 999	 1.289878e+03	 700.00	 766.67	 12.00	 39	 0.62	 
BFE_108	 2	 11	 2218.jpg	 1.290863e+03	 22	 1.011671e+03	 2200	 7.667066e+02	 98	 1.291881e+03	 700.00	 716.67	 57.00	 39	 0.57	 
BFE_108	 2	 11	 1117.jpg	 1.292865e+03	 12	 999000	 120	 999000	 999	 1.293883e+03	 700.00	 716.67	 21.00	 17	 0.50	 
BFE_108	 2	 11	 2102.jpg	 1.298872e+03	 24	 999000	 240	 999000	 999	 1.299890e+03	 700.00	 716.67	 59.00	 2	 0.52	 
BFE_108	 2	 11	 2204.jpg	 1.300874e+03	 24	 999000	 240	 999000	 999	 1.301892e+03	 700.00	 716.67	 61.00	 25	 0.48	 
BFE_108	 2	 11	 1121.jpg	 1.302876e+03	 12	 999000	 120	 999000	 999	 1.303894e+03	 700.00	 716.67	 7.00	 21	 0.71	 
BFE_108	 2	 11	 2112.jpg	 1.304862e+03	 24	 999000	 240	 999000	 999	 1.305880e+03	 700.00	 716.67	 77.00	 12	 0.22	 
BFE_108	 2	 11	 1214.jpg	 1.308866e+03	 12	 999000	 120	 999000	 999	 1.309884e+03	 700.00	 716.67	 18.00	 35	 0.52	 
BFE_108	 2	 11	 2103.jpg	 1.312871e+03	 24	 999000	 240	 999000	 999	 1.313889e+03	 700.00	 716.67	 43.00	 3	 0.83	 
BFE_108	 2	 11	 2219.jpg	 1.315874e+03	 24	 999000	 240	 999000	 999	 1.316892e+03	 700.00	 716.67	 50.00	 40	 0.67	 
BFE_108	 2	 11	 1102.jpg	 1.319862e+03	 11	 9.483895e+02	 110	 7.000426e+02	 98	 1.320880e+03	 716.67	 716.67	 16.00	 2	 0.53	 
BFE_108	 2	 11	 2117.jpg	 1.322865e+03	 24	 999000	 240	 999000	 999	 1.323883e+03	 716.67	 716.67	 47.00	 17	 0.74	 
BFE_108	 2	 11	 1106.jpg	 1.324868e+03	 11	 9.429646e+02	 110	 7.167023e+02	 98	 1.325885e+03	 733.33	 716.67	 8.00	 6	 0.71	 
BFE_108	 2	 11	 1203.jpg	 1.328872e+03	 11	 9.944685e+02	 110	 7.333602e+02	 98	 1.329890e+03	 750.00	 716.67	 11.00	 24	 0.63	 
BFE_108	 2	 11	 2101.jpg	 1.330874e+03	 24	 999000	 240	 999000	 999	 1.331892e+03	 750.00	 716.67	 55.00	 1	 0.58	 
BFE_108	 2	 11	 1210.jpg	 1.332877e+03	 12	 999000	 120	 999000	 999	 1.333894e+03	 750.00	 716.67	 37.00	 31	 0.21	 
BFE_108	 2	 11	 1111.jpg	 1.336864e+03	 12	 999000	 120	 999000	 999	 1.337882e+03	 750.00	 716.67	 19.00	 11	 0.51	 
BFE_108	 2	 11	 2111.jpg	 1.338867e+03	 22	 9.679547e+02	 220	 7.166941e+02	 98	 1.339885e+03	 750.00	 733.33	 51.00	 11	 0.65	 
BFE_108	 2	 11	 1211.jpg	 1.342871e+03	 11	 1.019327e+03	 1100	 7.500603e+02	 98	 1.343889e+03	 700.00	 733.33	 14.00	 32	 0.54	 
BFE_108	 2	 11	 2205.jpg	 1.346876e+03	 24	 999000	 240	 999000	 999	 1.347893e+03	 700.00	 733.33	 58.00	 26	 0.54	 
BFE_108	 2	 11	 2208.jpg	 1.349862e+03	 24	 999000	 240	 999000	 999	 1.350880e+03	 700.00	 733.33	 62.00	 29	 0.46	 
BFE_108	 2	 11	 1219.jpg	 1.355869e+03	 12	 999000	 120	 999000	 999	 1.356887e+03	 700.00	 733.33	 4.00	 40	 0.78	 
BFE_108	 2	 11	 2121.jpg	 1.357871e+03	 22	 9.713345e+02	 220	 7.333621e+02	 98	 1.358889e+03	 700.00	 750.00	 49.00	 21	 0.69	 
BFE_108	 2	 11	 2217.jpg	 1.361876e+03	 24	 999000	 240	 999000	 999	 1.362894e+03	 700.00	 750.00	 44.00	 38	 0.81	 
BFE_108	 2	 11	 2210.jpg	 1.363861e+03	 22	 1.005131e+03	 2200	 7.500263e+02	 98	 1.364879e+03	 700.00	 700.00	 48.00	 31	 0.73	 
BFE_108	 2	 11	 1201.jpg	 1.365864e+03	 12	 999000	 120	 999000	 999	 1.366881e+03	 700.00	 700.00	 3.00	 22	 0.88	 
BFE_108	 2	 11	 2113.jpg	 1.367866e+03	 24	 999000	 240	 999000	 999	 1.368884e+03	 700.00	 700.00	 60.00	 13	 0.51	 
BFE_108	 2	 11	 1202.jpg	 1.372871e+03	 11	 9.230848e+02	 110	 7.000351e+02	 98	 1.373889e+03	 716.67	 700.00	 17.00	 23	 0.53	 
BFE_108	 2	 11	 1105.jpg	 1.374874e+03	 12	 999000	 120	 999000	 999	 1.375891e+03	 716.67	 700.00	 13.00	 5	 0.55	 
BFE_108	 2	 11	 2213.jpg	 1.376876e+03	 24	 999000	 240	 999000	 999	 1.377894e+03	 716.67	 700.00	 52.00	 34	 0.62	 
BFE_108	 2	 11	 2109.jpg	 1.379863e+03	 22	 9.320453e+02	 220	 7.000283e+02	 98	 1.380880e+03	 716.67	 716.67	 56.00	 9	 0.57	 
