subjectID	 order	 runNum	 itemName	 onsetTime	 shuff_trialType	 RT	 respInTime	 AudioTime	 response	 fixationTime	 ladder1	 ladder2	 bidIndex	 itemNameIndex	 bidValue	 
BFE_110	 2	 3	 2217.jpg	 2.962427e+02	 24	 999000	 240	 999000	 999	 2.972605e+02	 683.33	 683.33	 60.00	 38	 0.59	 
BFE_110	 2	 3	 1117.jpg	 2.992293e+02	 11	 9.968771e+02	 110	 6.833728e+02	 98	 3.002472e+02	 700.00	 683.33	 14.00	 17	 0.59	 
BFE_110	 2	 3	 2104.jpg	 3.032339e+02	 24	 999000	 240	 999000	 999	 3.042517e+02	 700.00	 683.33	 61.00	 4	 0.59	 
BFE_110	 2	 3	 1105.jpg	 3.052361e+02	 12	 999000	 120	 999000	 999	 3.062539e+02	 700.00	 683.33	 21.00	 5	 0.48	 
BFE_110	 2	 3	 1121.jpg	 3.072384e+02	 11	 1.075820e+03	 1100	 7.000343e+02	 98	 3.082561e+02	 650.00	 683.33	 16.00	 21	 0.58	 
BFE_110	 2	 3	 2102.jpg	 3.112262e+02	 24	 999000	 240	 999000	 999	 3.122439e+02	 650.00	 683.33	 62.00	 2	 0.58	 
BFE_110	 2	 3	 2120.jpg	 3.132285e+02	 22	 1.029685e+03	 2200	 6.833853e+02	 98	 3.142462e+02	 650.00	 633.33	 51.00	 20	 0.69	 
BFE_110	 2	 3	 2205.jpg	 3.182340e+02	 22	 8.962442e+02	 220	 6.333720e+02	 98	 3.192517e+02	 650.00	 650.00	 57.00	 26	 0.62	 
BFE_110	 2	 3	 1206.jpg	 3.202363e+02	 12	 999000	 120	 999000	 999	 3.212541e+02	 650.00	 650.00	 3.00	 27	 0.83	 
BFE_110	 2	 3	 1102.jpg	 3.232226e+02	 12	 999000	 120	 999000	 999	 3.242407e+02	 650.00	 650.00	 37.00	 2	 0.16	 
BFE_110	 2	 3	 2207.jpg	 3.262263e+02	 24	 999000	 240	 999000	 999	 3.272443e+02	 650.00	 650.00	 53.00	 28	 0.64	 
BFE_110	 2	 3	 2211.jpg	 3.302308e+02	 22	 9.074154e+02	 220	 6.500280e+02	 98	 3.312486e+02	 650.00	 666.67	 49.00	 32	 0.71	 
BFE_110	 2	 3	 2121.jpg	 3.332341e+02	 24	 999000	 240	 999000	 999	 3.342519e+02	 650.00	 666.67	 52.00	 21	 0.65	 
BFE_110	 2	 3	 1219.jpg	 3.352364e+02	 12	 999000	 120	 999000	 999	 3.362542e+02	 650.00	 666.67	 15.00	 40	 0.59	 
BFE_110	 2	 3	 1209.jpg	 3.382228e+02	 12	 999000	 120	 999000	 999	 3.392408e+02	 650.00	 666.67	 7.00	 30	 0.76	 
BFE_110	 2	 3	 1114.jpg	 3.422276e+02	 11	 1.046649e+03	 1100	 6.500291e+02	 98	 3.432453e+02	 600.00	 666.67	 11.00	 14	 0.67	 
BFE_110	 2	 3	 2119.jpg	 3.452309e+02	 24	 999000	 240	 999000	 999	 3.462487e+02	 600.00	 666.67	 78.00	 19	 0.22	 
BFE_110	 2	 3	 1106.jpg	 3.472332e+02	 12	 999000	 120	 999000	 999	 3.482510e+02	 600.00	 666.67	 18.00	 6	 0.54	 
BFE_110	 2	 3	 2218.jpg	 3.492354e+02	 24	 999000	 240	 999000	 999	 3.502532e+02	 600.00	 666.67	 44.00	 39	 0.81	 
BFE_110	 2	 3	 2214.jpg	 3.542244e+02	 24	 999000	 240	 999000	 999	 3.552422e+02	 600.00	 666.67	 58.00	 35	 0.61	 
BFE_110	 2	 3	 1205.jpg	 3.582288e+02	 12	 999000	 120	 999000	 999	 3.592466e+02	 600.00	 666.67	 4.00	 26	 0.78	 
BFE_110	 2	 3	 2219.jpg	 3.622333e+02	 24	 999000	 240	 999000	 999	 3.632511e+02	 600.00	 666.67	 50.00	 40	 0.70	 
BFE_110	 2	 3	 1218.jpg	 3.682234e+02	 11	 8.828376e+02	 110	 6.000340e+02	 98	 3.692412e+02	 616.67	 666.67	 9.00	 39	 0.73	 
BFE_110	 2	 3	 1216.jpg	 3.702257e+02	 11	 1.088516e+03	 1100	 6.166995e+02	 98	 3.712434e+02	 566.67	 666.67	 8.00	 37	 0.74	 
BFE_110	 2	 3	 2213.jpg	 3.722279e+02	 24	 999000	 240	 999000	 999	 3.732456e+02	 566.67	 666.67	 43.00	 34	 0.84	 
BFE_110	 2	 3	 1115.jpg	 3.742301e+02	 12	 999000	 120	 999000	 999	 3.752480e+02	 566.67	 666.67	 20.00	 15	 0.50	 
BFE_110	 2	 3	 2208.jpg	 3.762323e+02	 24	 999000	 240	 999000	 999	 3.772501e+02	 566.67	 666.67	 55.00	 29	 0.63	 
BFE_110	 2	 3	 2206.jpg	 3.802369e+02	 24	 999000	 240	 999000	 999	 3.812546e+02	 566.67	 666.67	 47.00	 27	 0.78	 
BFE_110	 2	 3	 1119.jpg	 3.822392e+02	 12	 999000	 120	 999000	 999	 3.832569e+02	 566.67	 666.67	 38.00	 19	 0.15	 
BFE_110	 2	 3	 1120.jpg	 3.862269e+02	 12	 999000	 120	 999000	 999	 3.872447e+02	 566.67	 666.67	 13.00	 20	 0.60	 
BFE_110	 2	 3	 2202.jpg	 3.882292e+02	 24	 999000	 240	 999000	 999	 3.892470e+02	 566.67	 666.67	 59.00	 23	 0.60	 
BFE_110	 2	 3	 1211.jpg	 3.902313e+02	 12	 999000	 120	 999000	 999	 3.912491e+02	 566.67	 666.67	 10.00	 32	 0.70	 
BFE_110	 2	 3	 1210.jpg	 3.922336e+02	 12	 999000	 120	 999000	 999	 3.932513e+02	 566.67	 666.67	 22.00	 31	 0.47	 
BFE_110	 2	 3	 1109.jpg	 3.972393e+02	 12	 999000	 120	 999000	 999	 3.982572e+02	 566.67	 666.67	 19.00	 9	 0.51	 
BFE_110	 2	 3	 1204.jpg	 3.992248e+02	 11	 9.773932e+02	 110	 5.667413e+02	 98	 4.002426e+02	 583.33	 666.67	 17.00	 25	 0.54	 
BFE_110	 2	 3	 2210.jpg	 4.012270e+02	 24	 999000	 240	 999000	 999	 4.022448e+02	 583.33	 666.67	 77.00	 31	 0.25	 
BFE_110	 2	 3	 2115.jpg	 4.042305e+02	 22	 1.067740e+03	 2200	 6.666946e+02	 98	 4.052482e+02	 583.33	 616.67	 56.00	 15	 0.63	 
BFE_110	 2	 3	 2109.jpg	 4.112383e+02	 22	 9.318696e+02	 220	 6.166997e+02	 98	 4.122560e+02	 583.33	 633.33	 54.00	 9	 0.63	 
BFE_110	 2	 3	 2204.jpg	 4.152262e+02	 22	 9.040456e+02	 220	 6.333602e+02	 98	 4.162440e+02	 583.33	 650.00	 48.00	 25	 0.76	 
BFE_110	 2	 3	 1214.jpg	 4.222340e+02	 12	 999000	 120	 999000	 999	 4.232517e+02	 583.33	 650.00	 12.00	 35	 0.61	 
