subjectID	 order	 runNum	 itemName	 onsetTime	 shuff_trialType	 RT	 respInTime	 AudioTime	 response	 fixationTime	 ladder1	 ladder2	 bidIndex	 itemNameIndex	 bidValue	 
BFE_105	 1	 17	 1112.jpg	 2.242816e+03	 12	 999000	 120	 999000	 999	 2.243834e+03	 616.67	 483.33	 38.00	 12	 0.20	 
BFE_105	 1	 17	 1215.jpg	 2.247805e+03	 12	 999000	 120	 999000	 999	 2.248823e+03	 616.67	 483.33	 19.00	 36	 0.51	 
BFE_105	 1	 17	 1203.jpg	 2.249808e+03	 12	 999000	 120	 999000	 999	 2.250825e+03	 616.67	 483.33	 20.00	 24	 0.51	 
BFE_105	 1	 17	 2211.jpg	 2.251810e+03	 24	 999000	 240	 999000	 999	 2.252828e+03	 616.67	 483.33	 48.00	 32	 0.73	 
BFE_105	 1	 17	 1218.jpg	 2.257800e+03	 12	 999000	 120	 999000	 999	 2.258818e+03	 616.67	 483.33	 16.00	 39	 0.60	 
BFE_105	 1	 17	 1208.jpg	 2.259802e+03	 11	 9.119660e+02	 110	 6.167114e+02	 98	 2.260820e+03	 633.33	 483.33	 18.00	 29	 0.52	 
BFE_105	 1	 17	 2214.jpg	 2.262806e+03	 24	 999000	 240	 999000	 999	 2.263823e+03	 633.33	 483.33	 54.00	 35	 0.62	 
BFE_105	 1	 17	 1205.jpg	 2.264808e+03	 11	 8.982783e+02	 110	 6.333636e+02	 98	 2.265825e+03	 650.00	 483.33	 7.00	 26	 0.77	 
BFE_105	 1	 17	 2121.jpg	 2.268812e+03	 24	 999000	 240	 999000	 999	 2.269830e+03	 650.00	 483.33	 51.00	 21	 0.66	 
BFE_105	 1	 17	 1113.jpg	 2.270798e+03	 12	 999000	 120	 999000	 999	 2.271816e+03	 650.00	 483.33	 9.00	 13	 0.70	 
BFE_105	 1	 17	 2209.jpg	 2.275803e+03	 24	 999000	 240	 999000	 999	 2.276821e+03	 650.00	 483.33	 49.00	 30	 0.73	 
BFE_105	 1	 17	 2215.jpg	 2.282811e+03	 24	 999000	 240	 999000	 999	 2.283829e+03	 650.00	 483.33	 59.00	 36	 0.54	 
BFE_105	 1	 17	 2206.jpg	 2.284797e+03	 24	 999000	 240	 999000	 999	 2.285815e+03	 650.00	 483.33	 61.00	 27	 0.52	 
BFE_105	 1	 17	 1106.jpg	 2.287800e+03	 12	 999000	 120	 999000	 999	 2.288818e+03	 650.00	 483.33	 3.00	 6	 0.80	 
BFE_105	 1	 17	 2213.jpg	 2.290804e+03	 22	 7.504074e+02	 220	 4.833705e+02	 98	 2.291821e+03	 650.00	 500.00	 52.00	 34	 0.65	 
BFE_105	 1	 17	 1103.jpg	 2.294808e+03	 11	 1.017998e+03	 1100	 6.500370e+02	 98	 2.295826e+03	 600.00	 500.00	 15.00	 3	 0.60	 
BFE_105	 1	 17	 2218.jpg	 2.298813e+03	 22	 7.334405e+02	 220	 5.000301e+02	 98	 2.299830e+03	 600.00	 516.67	 55.00	 39	 0.62	 
BFE_105	 1	 17	 1202.jpg	 2.302800e+03	 12	 999000	 120	 999000	 999	 2.303818e+03	 600.00	 516.67	 8.00	 23	 0.75	 
BFE_105	 1	 17	 1102.jpg	 2.305804e+03	 11	 8.222126e+02	 110	 6.000318e+02	 98	 2.306822e+03	 616.67	 516.67	 13.00	 2	 0.62	 
BFE_105	 1	 17	 2103.jpg	 2.311810e+03	 24	 999000	 240	 999000	 999	 2.312828e+03	 616.67	 516.67	 43.00	 3	 0.82	 
BFE_105	 1	 17	 1219.jpg	 2.313813e+03	 12	 999000	 120	 999000	 999	 2.314831e+03	 616.67	 516.67	 14.00	 40	 0.61	 
BFE_105	 1	 17	 2117.jpg	 2.316799e+03	 24	 999000	 240	 999000	 999	 2.317817e+03	 616.67	 516.67	 77.00	 17	 0.20	 
BFE_105	 1	 17	 2109.jpg	 2.318802e+03	 22	 7.523687e+02	 220	 5.166964e+02	 98	 2.319819e+03	 616.67	 533.33	 58.00	 9	 0.56	 
BFE_105	 1	 17	 1110.jpg	 2.320804e+03	 12	 999000	 120	 999000	 999	 2.321822e+03	 616.67	 533.33	 37.00	 10	 0.20	 
BFE_105	 1	 17	 1119.jpg	 2.322806e+03	 12	 999000	 120	 999000	 999	 2.323824e+03	 616.67	 533.33	 21.00	 19	 0.49	 
BFE_105	 1	 17	 2114.jpg	 2.325810e+03	 24	 999000	 240	 999000	 999	 2.326827e+03	 616.67	 533.33	 44.00	 14	 0.80	 
BFE_105	 1	 17	 1107.jpg	 2.329797e+03	 12	 999000	 120	 999000	 999	 2.330815e+03	 616.67	 533.33	 22.00	 7	 0.45	 
BFE_105	 1	 17	 2217.jpg	 2.331800e+03	 22	 7.464863e+02	 220	 5.333694e+02	 98	 2.332817e+03	 616.67	 550.00	 53.00	 38	 0.64	 
BFE_105	 1	 17	 1201.jpg	 2.333802e+03	 12	 999000	 120	 999000	 999	 2.334820e+03	 616.67	 550.00	 4.00	 22	 0.78	 
BFE_105	 1	 17	 2202.jpg	 2.335804e+03	 24	 999000	 240	 999000	 999	 2.336822e+03	 616.67	 550.00	 56.00	 23	 0.60	 
BFE_105	 1	 17	 1121.jpg	 2.337806e+03	 12	 999000	 120	 999000	 999	 2.338824e+03	 616.67	 550.00	 17.00	 21	 0.52	 
BFE_105	 1	 17	 1213.jpg	 2.339809e+03	 12	 999000	 120	 999000	 999	 2.340826e+03	 616.67	 550.00	 11.00	 34	 0.68	 
BFE_105	 1	 17	 1216.jpg	 2.343813e+03	 11	 8.369105e+02	 110	 6.167395e+02	 98	 2.344831e+03	 633.33	 550.00	 12.00	 37	 0.64	 
BFE_105	 1	 17	 2219.jpg	 2.347801e+03	 24	 999000	 240	 999000	 999	 2.348819e+03	 633.33	 550.00	 62.00	 40	 0.51	 
BFE_105	 1	 17	 2208.jpg	 2.349803e+03	 24	 999000	 240	 999000	 999	 2.350821e+03	 633.33	 550.00	 60.00	 29	 0.53	 
BFE_105	 1	 17	 2204.jpg	 2.351805e+03	 24	 999000	 240	 999000	 999	 2.352823e+03	 633.33	 550.00	 57.00	 25	 0.58	 
BFE_105	 1	 17	 2106.jpg	 2.353808e+03	 22	 8.264268e+02	 220	 5.500364e+02	 98	 2.354825e+03	 633.33	 566.67	 47.00	 6	 0.74	 
BFE_105	 1	 17	 1209.jpg	 2.355810e+03	 11	 8.721676e+02	 110	 6.333778e+02	 98	 2.356828e+03	 650.00	 566.67	 10.00	 30	 0.69	 
BFE_105	 1	 17	 2118.jpg	 2.361800e+03	 24	 999000	 240	 999000	 999	 2.362818e+03	 650.00	 566.67	 78.00	 18	 0.18	 
BFE_105	 1	 17	 2216.jpg	 2.363802e+03	 22	 7.757663e+02	 220	 5.666935e+02	 98	 2.364820e+03	 650.00	 583.33	 50.00	 37	 0.68	 
