subjectID	 order	 runNum	 itemName	 onsetTime	 shuff_trialType	 RT	 respInTime	 AudioTime	 response	 fixationTime	 ladder1	 ladder2	 bidIndex	 itemNameIndex	 bidValue	 
BFE_202	 2	 8	 2117.jpg	 9.148863e+02	 24	 999000	 240	 999000	 999	 9.159041e+02	 716.67	 716.67	 61.00	 17	 0.47	 
BFE_202	 2	 8	 1115.jpg	 9.198751e+02	 11	 9.272772e+02	 110	 7.167170e+02	 98	 9.208929e+02	 733.33	 716.67	 8.00	 15	 0.67	 
BFE_202	 2	 8	 1216.jpg	 9.218775e+02	 12	 999000	 120	 999000	 999	 9.228951e+02	 733.33	 716.67	 3.00	 37	 0.77	 
BFE_202	 2	 8	 2219.jpg	 9.238796e+02	 24	 999000	 240	 999000	 999	 9.248974e+02	 733.33	 716.67	 59.00	 40	 0.51	 
BFE_202	 2	 8	 1120.jpg	 9.298697e+02	 12	 999000	 120	 999000	 999	 9.308875e+02	 733.33	 716.67	 22.00	 20	 0.52	 
BFE_202	 2	 8	 2101.jpg	 9.318720e+02	 24	 999000	 240	 999000	 999	 9.328898e+02	 733.33	 716.67	 55.00	 1	 0.61	 
BFE_202	 2	 8	 2215.jpg	 9.348753e+02	 24	 999000	 240	 999000	 999	 9.358930e+02	 733.33	 716.67	 44.00	 36	 0.82	 
BFE_202	 2	 8	 1210.jpg	 9.368776e+02	 12	 999000	 120	 999000	 999	 9.378953e+02	 733.33	 716.67	 18.00	 31	 0.57	 
BFE_202	 2	 8	 1213.jpg	 9.408652e+02	 12	 999000	 120	 999000	 999	 9.418831e+02	 733.33	 716.67	 15.00	 34	 0.60	 
BFE_202	 2	 8	 1219.jpg	 9.428676e+02	 11	 9.508251e+02	 110	 7.333675e+02	 98	 9.438854e+02	 750.00	 716.67	 9.00	 40	 0.66	 
BFE_202	 2	 8	 2210.jpg	 9.478732e+02	 22	 9.611899e+02	 220	 7.167092e+02	 98	 9.488910e+02	 750.00	 733.33	 57.00	 31	 0.59	 
BFE_202	 2	 8	 2113.jpg	 9.548810e+02	 22	 9.373634e+02	 220	 7.333599e+02	 98	 9.558988e+02	 750.00	 750.00	 56.00	 13	 0.60	 
BFE_202	 2	 8	 2218.jpg	 9.568664e+02	 22	 9.840374e+02	 220	 7.500302e+02	 98	 9.578845e+02	 750.00	 766.67	 49.00	 39	 0.64	 
BFE_202	 2	 8	 1119.jpg	 9.598699e+02	 12	 999000	 120	 999000	 999	 9.608878e+02	 750.00	 766.67	 38.00	 19	 0.17	 
BFE_202	 2	 8	 1214.jpg	 9.628734e+02	 12	 999000	 120	 999000	 999	 9.638911e+02	 750.00	 766.67	 20.00	 35	 0.56	 
BFE_202	 2	 8	 1209.jpg	 9.668778e+02	 12	 999000	 120	 999000	 999	 9.678958e+02	 750.00	 766.67	 7.00	 30	 0.68	 
BFE_202	 2	 8	 2107.jpg	 9.708654e+02	 24	 999000	 240	 999000	 999	 9.718834e+02	 750.00	 766.67	 78.00	 7	 0.24	 
BFE_202	 2	 8	 1207.jpg	 9.748702e+02	 11	 9.721881e+02	 110	 7.500408e+02	 98	 9.758879e+02	 766.67	 766.67	 17.00	 28	 0.58	 
BFE_202	 2	 8	 2115.jpg	 9.778735e+02	 24	 999000	 240	 999000	 999	 9.788913e+02	 766.67	 766.67	 50.00	 15	 0.64	 
BFE_202	 2	 8	 1107.jpg	 9.838803e+02	 11	 9.941038e+02	 110	 7.667017e+02	 98	 9.848980e+02	 783.33	 766.67	 16.00	 7	 0.60	 
BFE_202	 2	 8	 2211.jpg	 9.858656e+02	 24	 999000	 240	 999000	 999	 9.868836e+02	 783.33	 766.67	 43.00	 32	 0.82	 
BFE_202	 2	 8	 1117.jpg	 9.888693e+02	 12	 999000	 120	 999000	 999	 9.898870e+02	 783.33	 766.67	 37.00	 17	 0.23	 
BFE_202	 2	 8	 1203.jpg	 9.908714e+02	 12	 999000	 120	 999000	 999	 9.918893e+02	 783.33	 766.67	 10.00	 24	 0.66	 
BFE_202	 2	 8	 2102.jpg	 9.928737e+02	 24	 999000	 240	 999000	 999	 9.938914e+02	 783.33	 766.67	 52.00	 2	 0.62	 
BFE_202	 2	 8	 2202.jpg	 9.948760e+02	 24	 999000	 240	 999000	 999	 9.958937e+02	 783.33	 766.67	 62.00	 23	 0.47	 
BFE_202	 2	 8	 2216.jpg	 9.978792e+02	 24	 999000	 240	 999000	 999	 9.988971e+02	 783.33	 766.67	 53.00	 37	 0.62	 
BFE_202	 2	 8	 1106.jpg	 1.001867e+03	 12	 999000	 120	 999000	 999	 1.002885e+03	 783.33	 766.67	 13.00	 6	 0.62	 
BFE_202	 2	 8	 1204.jpg	 1.003869e+03	 11	 1.045065e+03	 1100	 7.833714e+02	 98	 1.004887e+03	 733.33	 766.67	 11.00	 25	 0.65	 
BFE_202	 2	 8	 2213.jpg	 1.005872e+03	 24	 999000	 240	 999000	 999	 1.006889e+03	 733.33	 766.67	 58.00	 34	 0.54	 
BFE_202	 2	 8	 1111.jpg	 1.007874e+03	 12	 999000	 120	 999000	 999	 1.008892e+03	 733.33	 766.67	 19.00	 11	 0.56	 
BFE_202	 2	 8	 2118.jpg	 1.009876e+03	 22	 1.046347e+03	 2200	 7.666966e+02	 98	 1.010894e+03	 733.33	 716.67	 54.00	 18	 0.61	 
BFE_202	 2	 8	 1104.jpg	 1.011878e+03	 12	 999000	 120	 999000	 999	 1.012896e+03	 733.33	 716.67	 12.00	 4	 0.63	 
BFE_202	 2	 8	 1205.jpg	 1.015866e+03	 11	 9.765338e+02	 110	 7.333607e+02	 98	 1.016884e+03	 750.00	 716.67	 14.00	 26	 0.62	 
BFE_202	 2	 8	 2119.jpg	 1.019871e+03	 24	 999000	 240	 999000	 999	 1.020888e+03	 750.00	 716.67	 77.00	 19	 0.24	 
BFE_202	 2	 8	 1215.jpg	 1.021873e+03	 12	 999000	 120	 999000	 999	 1.022891e+03	 750.00	 716.67	 4.00	 36	 0.74	 
BFE_202	 2	 8	 2205.jpg	 1.023875e+03	 22	 9.833441e+02	 220	 7.167008e+02	 98	 1.024893e+03	 750.00	 733.33	 48.00	 26	 0.68	 
BFE_202	 2	 8	 1206.jpg	 1.025877e+03	 12	 999000	 120	 999000	 999	 1.026895e+03	 750.00	 733.33	 21.00	 27	 0.54	 
BFE_202	 2	 8	 2103.jpg	 1.027880e+03	 24	 999000	 240	 999000	 999	 1.028897e+03	 750.00	 733.33	 60.00	 3	 0.51	 
BFE_202	 2	 8	 2203.jpg	 1.033870e+03	 24	 999000	 240	 999000	 999	 1.034887e+03	 750.00	 733.33	 47.00	 24	 0.69	 
BFE_202	 2	 8	 2209.jpg	 1.035872e+03	 22	 1.034527e+03	 2200	 7.333611e+02	 98	 1.036890e+03	 750.00	 683.33	 51.00	 30	 0.62	 
