subjectID	 order	 runNum	 itemName	 onsetTime	 shuff_trialType	 RT	 respInTime	 AudioTime	 response	 fixationTime	 ladder1	 ladder2	 bidIndex	 itemNameIndex	 bidValue	 
BFE_102	 2	 19	 1116.jpg	 2.457748e+03	 12	 9.502607e+02	 12	 999000	 98	 2.458766e+03	 750.00	 816.67	 37.00	 16	 0.20	 
BFE_102	 2	 19	 2206.jpg	 2.462737e+03	 24	 999000	 240	 999000	 999	 2.463755e+03	 750.00	 816.67	 43.00	 27	 0.87	 
BFE_102	 2	 19	 2209.jpg	 2.464739e+03	 22	 1.055032e+03	 2200	 8.167119e+02	 98	 2.465757e+03	 750.00	 766.67	 56.00	 30	 0.68	 
BFE_102	 2	 19	 1105.jpg	 2.466741e+03	 12	 999000	 120	 999000	 999	 2.467759e+03	 750.00	 766.67	 19.00	 5	 0.53	 
BFE_102	 2	 19	 2104.jpg	 2.472731e+03	 24	 999000	 240	 999000	 999	 2.473749e+03	 750.00	 766.67	 58.00	 4	 0.63	 
BFE_102	 2	 19	 2101.jpg	 2.474734e+03	 24	 999000	 240	 999000	 999	 2.475751e+03	 750.00	 766.67	 44.00	 1	 0.87	 
BFE_102	 2	 19	 1201.jpg	 2.477737e+03	 12	 999000	 120	 999000	 999	 2.478755e+03	 750.00	 766.67	 13.00	 22	 0.60	 
BFE_102	 2	 19	 1204.jpg	 2.479739e+03	 11	 9.189531e+02	 110	 7.500393e+02	 98	 2.480757e+03	 766.67	 766.67	 11.00	 25	 0.65	 
BFE_102	 2	 19	 2111.jpg	 2.483744e+03	 24	 999000	 240	 999000	 999	 2.484761e+03	 766.67	 766.67	 59.00	 11	 0.62	 
BFE_102	 2	 19	 1104.jpg	 2.485746e+03	 12	 999000	 120	 999000	 999	 2.486764e+03	 766.67	 766.67	 15.00	 4	 0.56	 
BFE_102	 2	 19	 1212.jpg	 2.490735e+03	 12	 999000	 120	 999000	 999	 2.491753e+03	 766.67	 766.67	 38.00	 33	 0.20	 
BFE_102	 2	 19	 2105.jpg	 2.497743e+03	 24	 999000	 240	 999000	 999	 2.498760e+03	 766.67	 766.67	 77.00	 5	 0.32	 
BFE_102	 2	 19	 2114.jpg	 2.499745e+03	 24	 999000	 240	 999000	 999	 2.500763e+03	 766.67	 766.67	 47.00	 14	 0.85	 
BFE_102	 2	 19	 1209.jpg	 2.502732e+03	 11	 1.126527e+03	 1100	 7.667065e+02	 98	 2.503749e+03	 716.67	 766.67	 16.00	 30	 0.55	 
BFE_102	 2	 19	 2213.jpg	 2.505735e+03	 24	 999000	 240	 999000	 999	 2.506753e+03	 716.67	 766.67	 62.00	 34	 0.52	 
BFE_102	 2	 19	 2211.jpg	 2.509740e+03	 22	 1.078604e+03	 2200	 7.667044e+02	 98	 2.510757e+03	 716.67	 716.67	 51.00	 32	 0.75	 
BFE_102	 2	 19	 2103.jpg	 2.513744e+03	 24	 999000	 240	 999000	 999	 2.514762e+03	 716.67	 716.67	 52.00	 3	 0.75	 
BFE_102	 2	 19	 2115.jpg	 2.517732e+03	 24	 999000	 240	 999000	 999	 2.518749e+03	 716.67	 716.67	 61.00	 15	 0.53	 
BFE_102	 2	 19	 1207.jpg	 2.520735e+03	 11	 8.750369e+02	 110	 7.167005e+02	 98	 2.521753e+03	 733.33	 716.67	 8.00	 28	 0.70	 
BFE_102	 2	 19	 1208.jpg	 2.526742e+03	 12	 999000	 120	 999000	 999	 2.527760e+03	 733.33	 716.67	 12.00	 29	 0.62	 
BFE_102	 2	 19	 2217.jpg	 2.528744e+03	 22	 8.180502e+02	 220	 7.166996e+02	 98	 2.529762e+03	 733.33	 733.33	 49.00	 38	 0.76	 
BFE_102	 2	 19	 1203.jpg	 2.531731e+03	 12	 999000	 120	 999000	 999	 2.532749e+03	 733.33	 733.33	 3.00	 24	 0.87	 
BFE_102	 2	 19	 1102.jpg	 2.533733e+03	 11	 8.930876e+02	 110	 7.333673e+02	 98	 2.534751e+03	 750.00	 733.33	 14.00	 2	 0.60	 
BFE_102	 2	 19	 2207.jpg	 2.535735e+03	 22	 9.227131e+02	 220	 7.333683e+02	 98	 2.536753e+03	 750.00	 750.00	 48.00	 28	 0.80	 
BFE_102	 2	 19	 1205.jpg	 2.537737e+03	 12	 999000	 120	 999000	 999	 2.538755e+03	 750.00	 750.00	 7.00	 26	 0.71	 
BFE_102	 2	 19	 1106.jpg	 2.540741e+03	 12	 999000	 120	 999000	 999	 2.541759e+03	 750.00	 750.00	 18.00	 6	 0.53	 
BFE_102	 2	 19	 2118.jpg	 2.544745e+03	 24	 999000	 240	 999000	 999	 2.545763e+03	 750.00	 750.00	 78.00	 18	 0.32	 
BFE_102	 2	 19	 2201.jpg	 2.546731e+03	 22	 8.953960e+02	 220	 7.500277e+02	 98	 2.547749e+03	 750.00	 766.67	 57.00	 22	 0.66	 
BFE_102	 2	 19	 1218.jpg	 2.548733e+03	 12	 999000	 120	 999000	 999	 2.549751e+03	 750.00	 766.67	 4.00	 39	 0.79	 
BFE_102	 2	 19	 2203.jpg	 2.550735e+03	 22	 9.706330e+02	 220	 7.666938e+02	 98	 2.551753e+03	 750.00	 783.33	 54.00	 24	 0.72	 
BFE_102	 2	 19	 1109.jpg	 2.552738e+03	 12	 999000	 120	 999000	 999	 2.553755e+03	 750.00	 783.33	 21.00	 9	 0.50	 
BFE_102	 2	 19	 1108.jpg	 2.554740e+03	 12	 999000	 120	 999000	 999	 2.555758e+03	 750.00	 783.33	 10.00	 8	 0.68	 
BFE_102	 2	 19	 2214.jpg	 2.558744e+03	 24	 999000	 240	 999000	 999	 2.559762e+03	 750.00	 783.33	 60.00	 35	 0.57	 
BFE_102	 2	 19	 1115.jpg	 2.562732e+03	 12	 999000	 120	 999000	 999	 2.563750e+03	 750.00	 783.33	 22.00	 15	 0.48	 
BFE_102	 2	 19	 1121.jpg	 2.564734e+03	 11	 1.075664e+03	 1100	 7.500620e+02	 98	 2.565752e+03	 700.00	 783.33	 17.00	 21	 0.55	 
BFE_102	 2	 19	 2110.jpg	 2.566737e+03	 24	 999000	 240	 999000	 999	 2.567754e+03	 700.00	 783.33	 53.00	 10	 0.73	 
BFE_102	 2	 19	 2218.jpg	 2.568739e+03	 24	 999000	 240	 999000	 999	 2.569757e+03	 700.00	 783.33	 55.00	 39	 0.72	 
BFE_102	 2	 19	 1211.jpg	 2.570741e+03	 11	 9.648791e+02	 110	 7.000354e+02	 98	 2.571759e+03	 716.67	 783.33	 9.00	 32	 0.70	 
BFE_102	 2	 19	 2204.jpg	 2.576731e+03	 24	 999000	 240	 999000	 999	 2.577749e+03	 716.67	 783.33	 50.00	 25	 0.75	 
BFE_102	 2	 19	 1110.jpg	 2.578733e+03	 12	 999000	 120	 999000	 999	 2.579751e+03	 716.67	 783.33	 20.00	 10	 0.52	 
