subjectID	 order	 runNum	 itemName	 onsetTime	 shuff_trialType	 RT	 respInTime	 AudioTime	 response	 fixationTime	 ladder1	 ladder2	 bidIndex	 itemNameIndex	 bidValue	 
BFE_111	 1	 9	 2209.jpg	 1.400440e+03	 24	 999000	 240	 999000	 999	 1.401458e+03	 616.67	 616.67	 54.00	 30	 0.56	 
BFE_111	 1	 9	 1214.jpg	 1.405429e+03	 12	 999000	 120	 999000	 999	 1.406447e+03	 616.67	 616.67	 9.00	 35	 0.63	 
BFE_111	 1	 9	 2111.jpg	 1.407431e+03	 24	 999000	 240	 999000	 999	 1.408449e+03	 616.67	 616.67	 49.00	 11	 0.66	 
BFE_111	 1	 9	 2205.jpg	 1.409433e+03	 24	 999000	 240	 999000	 999	 1.410451e+03	 616.67	 616.67	 59.00	 26	 0.50	 
BFE_111	 1	 9	 1219.jpg	 1.415440e+03	 11	 8.823645e+02	 110	 6.167621e+02	 98	 1.416458e+03	 633.33	 616.67	 13.00	 40	 0.58	 
BFE_111	 1	 9	 1117.jpg	 1.417426e+03	 11	 1.000758e+03	 1100	 6.333756e+02	 98	 1.418443e+03	 583.33	 616.67	 15.00	 17	 0.55	 
BFE_111	 1	 9	 2110.jpg	 1.420429e+03	 24	 999000	 240	 999000	 999	 1.421447e+03	 583.33	 616.67	 62.00	 10	 0.44	 
BFE_111	 1	 9	 1113.jpg	 1.422431e+03	 12	 999000	 120	 999000	 999	 1.423449e+03	 583.33	 616.67	 21.00	 13	 0.49	 
BFE_111	 1	 9	 1205.jpg	 1.426436e+03	 11	 8.306364e+02	 110	 5.833712e+02	 98	 1.427453e+03	 600.00	 616.67	 18.00	 26	 0.52	 
BFE_111	 1	 9	 2218.jpg	 1.428438e+03	 24	 999000	 240	 999000	 999	 1.429456e+03	 600.00	 616.67	 61.00	 39	 0.45	 
BFE_111	 1	 9	 2119.jpg	 1.433427e+03	 24	 999000	 240	 999000	 999	 1.434444e+03	 600.00	 616.67	 77.00	 19	 0.30	 
BFE_111	 1	 9	 2210.jpg	 1.440435e+03	 22	 9.196364e+02	 220	 6.167049e+02	 98	 1.441452e+03	 600.00	 633.33	 52.00	 31	 0.61	 
BFE_111	 1	 9	 2112.jpg	 1.442437e+03	 24	 999000	 240	 999000	 999	 1.443455e+03	 600.00	 633.33	 60.00	 12	 0.48	 
BFE_111	 1	 9	 2214.jpg	 1.445440e+03	 22	 9.059267e+02	 220	 6.333611e+02	 98	 1.446458e+03	 600.00	 650.00	 47.00	 35	 0.68	 
BFE_111	 1	 9	 2113.jpg	 1.448427e+03	 24	 999000	 240	 999000	 999	 1.449445e+03	 600.00	 650.00	 51.00	 13	 0.64	 
BFE_111	 1	 9	 1209.jpg	 1.452431e+03	 12	 999000	 120	 999000	 999	 1.453449e+03	 600.00	 650.00	 8.00	 30	 0.64	 
BFE_111	 1	 9	 1217.jpg	 1.456436e+03	 12	 999000	 120	 999000	 999	 1.457454e+03	 600.00	 650.00	 3.00	 38	 0.87	 
BFE_111	 1	 9	 1215.jpg	 1.460423e+03	 12	 999000	 120	 999000	 999	 1.461441e+03	 600.00	 650.00	 16.00	 36	 0.54	 
BFE_111	 1	 9	 2103.jpg	 1.463427e+03	 24	 999000	 240	 999000	 999	 1.464445e+03	 600.00	 650.00	 57.00	 3	 0.53	 
BFE_111	 1	 9	 1120.jpg	 1.469434e+03	 12	 999000	 120	 999000	 999	 1.470452e+03	 600.00	 650.00	 20.00	 20	 0.49	 
BFE_111	 1	 9	 1210.jpg	 1.471436e+03	 12	 999000	 120	 999000	 999	 1.472454e+03	 600.00	 650.00	 11.00	 31	 0.61	 
BFE_111	 1	 9	 1218.jpg	 1.474423e+03	 11	 8.516981e+02	 110	 6.000349e+02	 98	 1.475440e+03	 616.67	 650.00	 7.00	 39	 0.66	 
BFE_111	 1	 9	 2120.jpg	 1.476425e+03	 22	 9.294964e+02	 220	 6.500290e+02	 98	 1.477443e+03	 616.67	 666.67	 53.00	 20	 0.60	 
BFE_111	 1	 9	 1213.jpg	 1.478427e+03	 12	 999000	 120	 999000	 999	 1.479445e+03	 616.67	 666.67	 37.00	 34	 0.23	 
BFE_111	 1	 9	 2104.jpg	 1.480429e+03	 22	 8.607738e+02	 220	 6.667068e+02	 98	 1.481447e+03	 616.67	 683.33	 55.00	 4	 0.56	 
BFE_111	 1	 9	 2211.jpg	 1.483433e+03	 22	 1.001491e+03	 2200	 6.833677e+02	 98	 1.484451e+03	 616.67	 633.33	 58.00	 32	 0.51	 
BFE_111	 1	 9	 1109.jpg	 1.487437e+03	 12	 999000	 120	 999000	 999	 1.488455e+03	 616.67	 633.33	 17.00	 9	 0.54	 
BFE_111	 1	 9	 2116.jpg	 1.489422e+03	 24	 999000	 240	 999000	 999	 1.490441e+03	 616.67	 633.33	 78.00	 16	 0.25	 
BFE_111	 1	 9	 2213.jpg	 1.491425e+03	 22	 8.971241e+02	 220	 6.333610e+02	 98	 1.492443e+03	 616.67	 650.00	 50.00	 34	 0.65	 
BFE_111	 1	 9	 2217.jpg	 1.493427e+03	 24	 999000	 240	 999000	 999	 1.494445e+03	 616.67	 650.00	 43.00	 38	 0.77	 
BFE_111	 1	 9	 2207.jpg	 1.495430e+03	 24	 999000	 240	 999000	 999	 1.496447e+03	 616.67	 650.00	 44.00	 28	 0.72	 
BFE_111	 1	 9	 1114.jpg	 1.497432e+03	 12	 999000	 120	 999000	 999	 1.498450e+03	 616.67	 650.00	 4.00	 14	 0.79	 
BFE_111	 1	 9	 1105.jpg	 1.501436e+03	 12	 999000	 120	 999000	 999	 1.502454e+03	 616.67	 650.00	 14.00	 5	 0.57	 
BFE_111	 1	 9	 1216.jpg	 1.505424e+03	 11	 8.819549e+02	 110	 6.166991e+02	 98	 1.506442e+03	 633.33	 650.00	 10.00	 37	 0.61	 
BFE_111	 1	 9	 1202.jpg	 1.507426e+03	 12	 999000	 120	 999000	 999	 1.508444e+03	 633.33	 650.00	 22.00	 23	 0.46	 
BFE_111	 1	 9	 2102.jpg	 1.509429e+03	 24	 999000	 240	 999000	 999	 1.510446e+03	 633.33	 650.00	 48.00	 2	 0.67	 
BFE_111	 1	 9	 1107.jpg	 1.511431e+03	 11	 5.313765e+02	 11	 6.333747e+02	 98	 1.512449e+03	 650.00	 650.00	 12.00	 7	 0.60	 
BFE_111	 1	 9	 1102.jpg	 1.513433e+03	 12	 999000	 120	 999000	 999	 1.514451e+03	 650.00	 650.00	 19.00	 2	 0.52	 
BFE_111	 1	 9	 2216.jpg	 1.519423e+03	 24	 999000	 240	 999000	 999	 1.520441e+03	 650.00	 650.00	 56.00	 37	 0.55	 
BFE_111	 1	 9	 1116.jpg	 1.521425e+03	 12	 999000	 120	 999000	 999	 1.522443e+03	 650.00	 650.00	 38.00	 16	 0.23	 
