subjectID	 order	 runNum	 itemName	 onsetTime	 shuff_trialType	 RT	 respInTime	 AudioTime	 response	 fixationTime	 ladder1	 ladder2	 bidIndex	 itemNameIndex	 bidValue	 
BFE_103	 1	 4	 2109.jpg	 4.138054e+02	 22	 9.411618e+02	 220	 7.167193e+02	 98	 4.148234e+02	 716.67	 733.33	 58.00	 9	 0.58	 
BFE_103	 1	 4	 2219.jpg	 4.188113e+02	 24	 999000	 240	 999000	 999	 4.198291e+02	 716.67	 733.33	 48.00	 40	 0.73	 
BFE_103	 1	 4	 2211.jpg	 4.208136e+02	 24	 999000	 240	 999000	 999	 4.218313e+02	 716.67	 733.33	 51.00	 32	 0.68	 
BFE_103	 1	 4	 1109.jpg	 4.228158e+02	 12	 999000	 120	 999000	 999	 4.238336e+02	 716.67	 733.33	 11.00	 9	 0.71	 
BFE_103	 1	 4	 2209.jpg	 4.288059e+02	 24	 999000	 240	 999000	 999	 4.298236e+02	 716.67	 733.33	 43.00	 30	 0.78	 
BFE_103	 1	 4	 2217.jpg	 4.308081e+02	 24	 999000	 240	 999000	 999	 4.318258e+02	 716.67	 733.33	 54.00	 38	 0.65	 
BFE_103	 1	 4	 2115.jpg	 4.338115e+02	 24	 999000	 240	 999000	 999	 4.348292e+02	 716.67	 733.33	 57.00	 15	 0.58	 
BFE_103	 1	 4	 2213.jpg	 4.358138e+02	 22	 9.648008e+02	 220	 7.333657e+02	 98	 4.368314e+02	 716.67	 750.00	 50.00	 34	 0.70	 
BFE_103	 1	 4	 1204.jpg	 4.398016e+02	 11	 9.368759e+02	 110	 7.167080e+02	 98	 4.408193e+02	 733.33	 750.00	 7.00	 25	 0.78	 
BFE_103	 1	 4	 1104.jpg	 4.418038e+02	 12	 999000	 120	 999000	 999	 4.428215e+02	 733.33	 750.00	 9.00	 4	 0.73	 
BFE_103	 1	 4	 2121.jpg	 4.468094e+02	 22	 9.851382e+02	 220	 7.500318e+02	 98	 4.478272e+02	 733.33	 766.67	 53.00	 21	 0.67	 
BFE_103	 1	 4	 2105.jpg	 4.538003e+02	 22	 9.942593e+02	 220	 7.667027e+02	 98	 4.548184e+02	 733.33	 783.33	 47.00	 5	 0.73	 
BFE_103	 1	 4	 1110.jpg	 4.558028e+02	 11	 9.676913e+02	 110	 7.333919e+02	 98	 4.568207e+02	 750.00	 783.33	 13.00	 10	 0.61	 
BFE_103	 1	 4	 1115.jpg	 4.588062e+02	 11	 9.643321e+02	 110	 7.500618e+02	 98	 4.598239e+02	 766.67	 783.33	 10.00	 15	 0.72	 
BFE_103	 1	 4	 1218.jpg	 4.618096e+02	 12	 999000	 120	 999000	 999	 4.628273e+02	 766.67	 783.33	 16.00	 39	 0.53	 
BFE_103	 1	 4	 1203.jpg	 4.658141e+02	 12	 999000	 120	 999000	 999	 4.668319e+02	 766.67	 783.33	 19.00	 24	 0.48	 
BFE_103	 1	 4	 1114.jpg	 4.698020e+02	 12	 999000	 120	 999000	 999	 4.708196e+02	 766.67	 783.33	 14.00	 14	 0.57	 
BFE_103	 1	 4	 1102.jpg	 4.738065e+02	 12	 999000	 120	 999000	 999	 4.748242e+02	 766.67	 783.33	 17.00	 2	 0.50	 
BFE_103	 1	 4	 2106.jpg	 4.768098e+02	 24	 999000	 240	 999000	 999	 4.778275e+02	 766.67	 783.33	 62.00	 6	 0.49	 
BFE_103	 1	 4	 1105.jpg	 4.827995e+02	 11	 9.949744e+02	 110	 7.667008e+02	 98	 4.838177e+02	 783.33	 783.33	 15.00	 5	 0.55	 
BFE_103	 1	 4	 1112.jpg	 4.848022e+02	 12	 999000	 120	 999000	 999	 4.858199e+02	 783.33	 783.33	 37.00	 12	 0.18	 
BFE_103	 1	 4	 2207.jpg	 4.878054e+02	 22	 1.021071e+03	 2200	 7.833616e+02	 98	 4.888232e+02	 783.33	 733.33	 52.00	 28	 0.67	 
BFE_103	 1	 4	 1121.jpg	 4.898077e+02	 12	 999000	 120	 999000	 999	 4.908254e+02	 783.33	 733.33	 21.00	 21	 0.46	 
BFE_103	 1	 4	 2206.jpg	 4.918099e+02	 24	 999000	 240	 999000	 999	 4.928277e+02	 783.33	 733.33	 60.00	 27	 0.51	 
BFE_103	 1	 4	 1213.jpg	 4.938121e+02	 11	 1.014388e+03	 1100	 7.833729e+02	 98	 4.948300e+02	 733.33	 733.33	 12.00	 34	 0.67	 
BFE_103	 1	 4	 1214.jpg	 4.968156e+02	 11	 9.869415e+02	 110	 7.333647e+02	 98	 4.978333e+02	 750.00	 733.33	 18.00	 35	 0.49	 
BFE_103	 1	 4	 2104.jpg	 5.008034e+02	 24	 999000	 240	 999000	 999	 5.018212e+02	 750.00	 733.33	 59.00	 4	 0.53	 
BFE_103	 1	 4	 1209.jpg	 5.028057e+02	 12	 999000	 120	 999000	 999	 5.038234e+02	 750.00	 733.33	 8.00	 30	 0.74	 
BFE_103	 1	 4	 1117.jpg	 5.048079e+02	 12	 999000	 120	 999000	 999	 5.058257e+02	 750.00	 733.33	 22.00	 17	 0.46	 
BFE_103	 1	 4	 2119.jpg	 5.068101e+02	 24	 999000	 240	 999000	 999	 5.078280e+02	 750.00	 733.33	 77.00	 19	 0.19	 
BFE_103	 1	 4	 2203.jpg	 5.088123e+02	 24	 999000	 240	 999000	 999	 5.098301e+02	 750.00	 733.33	 49.00	 24	 0.70	 
BFE_103	 1	 4	 1111.jpg	 5.108146e+02	 12	 999000	 120	 999000	 999	 5.118325e+02	 750.00	 733.33	 38.00	 11	 0.16	 
BFE_103	 1	 4	 2218.jpg	 5.148024e+02	 22	 9.680808e+02	 220	 7.333715e+02	 98	 5.158202e+02	 750.00	 750.00	 55.00	 39	 0.65	 
BFE_103	 1	 4	 1217.jpg	 5.188069e+02	 12	 999000	 120	 999000	 999	 5.198247e+02	 750.00	 750.00	 3.00	 38	 0.84	 
BFE_103	 1	 4	 2113.jpg	 5.208092e+02	 24	 999000	 240	 999000	 999	 5.218269e+02	 750.00	 750.00	 44.00	 13	 0.76	 
BFE_103	 1	 4	 2116.jpg	 5.228114e+02	 24	 999000	 240	 999000	 999	 5.238292e+02	 750.00	 750.00	 61.00	 16	 0.49	 
BFE_103	 1	 4	 2205.jpg	 5.248137e+02	 24	 999000	 240	 999000	 999	 5.258314e+02	 750.00	 750.00	 56.00	 26	 0.64	 
BFE_103	 1	 4	 1211.jpg	 5.268159e+02	 12	 999000	 120	 999000	 999	 5.278337e+02	 750.00	 750.00	 20.00	 32	 0.47	 
BFE_103	 1	 4	 2120.jpg	 5.328060e+02	 24	 999000	 240	 999000	 999	 5.338237e+02	 750.00	 750.00	 78.00	 20	 0.16	 
BFE_103	 1	 4	 1113.jpg	 5.348083e+02	 12	 999000	 120	 999000	 999	 5.358260e+02	 750.00	 750.00	 4.00	 13	 0.81	 
