subjectID	 order	 runNum	 itemName	 onsetTime	 shuff_trialType	 RT	 respInTime	 AudioTime	 response	 fixationTime	 ladder1	 ladder2	 bidIndex	 itemNameIndex	 bidValue	 
BFE_107	 1	 16	 2116.jpg	 2.140082e+03	 22	 7.679870e+02	 22	 7.833879e+02	 98	 2.141100e+03	 916.67	 800.00	 58.00	 16	 0.55	 
BFE_107	 1	 16	 1202.jpg	 2.142068e+03	 11	 5.824360e+02	 11	 9.167151e+02	 98	 2.143086e+03	 916.67	 800.00	 10.00	 23	 0.69	 
BFE_107	 1	 16	 1106.jpg	 2.146072e+03	 11	 4.900447e+02	 11	 9.166986e+02	 98	 2.147090e+03	 916.67	 800.00	 7.00	 6	 0.74	 
BFE_107	 1	 16	 2117.jpg	 2.149076e+03	 24	 999000	 240	 999000	 999	 2.150094e+03	 916.67	 800.00	 78.00	 17	 0.15	 
BFE_107	 1	 16	 1103.jpg	 2.151061e+03	 12	 999000	 120	 999000	 999	 2.152079e+03	 916.67	 800.00	 9.00	 3	 0.71	 
BFE_107	 1	 16	 1110.jpg	 2.154065e+03	 12	 999000	 120	 999000	 999	 2.155082e+03	 916.67	 800.00	 21.00	 10	 0.46	 
BFE_107	 1	 16	 2111.jpg	 2.158069e+03	 22	 6.131956e+02	 22	 8.000529e+02	 98	 2.159087e+03	 916.67	 816.67	 52.00	 11	 0.63	 
BFE_107	 1	 16	 1113.jpg	 2.162074e+03	 12	 999000	 120	 999000	 999	 2.163091e+03	 916.67	 816.67	 8.00	 13	 0.73	 
BFE_107	 1	 16	 1115.jpg	 2.164078e+03	 12	 999000	 120	 999000	 999	 2.165094e+03	 916.67	 816.67	 14.00	 15	 0.62	 
BFE_107	 1	 16	 2214.jpg	 2.169065e+03	 24	 999000	 240	 999000	 999	 2.170083e+03	 916.67	 816.67	 44.00	 35	 0.80	 
BFE_107	 1	 16	 1211.jpg	 2.171067e+03	 12	 999000	 120	 999000	 999	 2.172085e+03	 916.67	 816.67	 20.00	 32	 0.46	 
BFE_107	 1	 16	 1111.jpg	 2.173069e+03	 12	 4.929461e+02	 12	 999000	 98	 2.174087e+03	 916.67	 816.67	 17.00	 11	 0.57	 
BFE_107	 1	 16	 2113.jpg	 2.179076e+03	 24	 999000	 240	 999000	 999	 2.180094e+03	 916.67	 816.67	 54.00	 13	 0.60	 
BFE_107	 1	 16	 2201.jpg	 2.181078e+03	 24	 999000	 240	 999000	 999	 2.182096e+03	 916.67	 816.67	 49.00	 22	 0.73	 
BFE_107	 1	 16	 1201.jpg	 2.183064e+03	 12	 999000	 120	 999000	 999	 2.184082e+03	 916.67	 816.67	 11.00	 22	 0.66	 
BFE_107	 1	 16	 2121.jpg	 2.185066e+03	 24	 999000	 240	 999000	 999	 2.186084e+03	 916.67	 816.67	 60.00	 21	 0.50	 
BFE_107	 1	 16	 1109.jpg	 2.189071e+03	 11	 1.155786e+03	 1100	 9.167302e+02	 98	 2.190088e+03	 866.67	 816.67	 13.00	 9	 0.63	 
BFE_107	 1	 16	 1105.jpg	 2.193075e+03	 12	 999000	 120	 999000	 999	 2.194093e+03	 866.67	 816.67	 3.00	 5	 0.84	 
BFE_107	 1	 16	 2207.jpg	 2.196079e+03	 24	 999000	 240	 999000	 999	 2.197096e+03	 866.67	 816.67	 62.00	 28	 0.47	 
BFE_107	 1	 16	 2217.jpg	 2.200066e+03	 24	 999000	 240	 999000	 999	 2.201084e+03	 866.67	 816.67	 43.00	 38	 0.81	 
BFE_107	 1	 16	 2104.jpg	 2.203070e+03	 22	 5.886535e+02	 22	 8.166970e+02	 98	 2.204087e+03	 866.67	 833.33	 50.00	 4	 0.67	 
BFE_107	 1	 16	 1205.jpg	 2.205072e+03	 12	 999000	 120	 999000	 999	 2.206090e+03	 866.67	 833.33	 4.00	 26	 0.82	 
BFE_107	 1	 16	 1118.jpg	 2.209076e+03	 12	 999000	 120	 999000	 999	 2.210094e+03	 866.67	 833.33	 38.00	 18	 0.12	 
BFE_107	 1	 16	 2218.jpg	 2.211079e+03	 24	 999000	 240	 999000	 999	 2.212097e+03	 866.67	 833.33	 57.00	 39	 0.58	 
BFE_107	 1	 16	 2101.jpg	 2.213064e+03	 24	 999000	 240	 999000	 999	 2.214082e+03	 866.67	 833.33	 77.00	 1	 0.18	 
BFE_107	 1	 16	 2219.jpg	 2.217069e+03	 22	 9.256361e+02	 220	 8.333713e+02	 98	 2.218087e+03	 866.67	 850.00	 55.00	 40	 0.58	 
BFE_107	 1	 16	 1209.jpg	 2.219071e+03	 12	 999000	 120	 999000	 999	 2.220089e+03	 866.67	 850.00	 16.00	 30	 0.58	 
BFE_107	 1	 16	 2109.jpg	 2.223075e+03	 24	 999000	 240	 999000	 999	 2.224093e+03	 866.67	 850.00	 56.00	 9	 0.58	 
BFE_107	 1	 16	 2203.jpg	 2.227063e+03	 22	 5.629463e+02	 22	 8.500290e+02	 98	 2.228081e+03	 866.67	 866.67	 53.00	 24	 0.60	 
BFE_107	 1	 16	 1216.jpg	 2.230067e+03	 12	 999000	 120	 999000	 999	 2.231084e+03	 866.67	 866.67	 22.00	 37	 0.46	 
BFE_107	 1	 16	 1214.jpg	 2.236073e+03	 11	 8.809286e+02	 110	 8.666982e+02	 98	 2.237091e+03	 883.33	 866.67	 15.00	 35	 0.59	 
BFE_107	 1	 16	 1213.jpg	 2.238076e+03	 12	 999000	 120	 999000	 999	 2.239093e+03	 883.33	 866.67	 19.00	 34	 0.49	 
BFE_107	 1	 16	 2202.jpg	 2.242063e+03	 24	 999000	 240	 999000	 999	 2.243081e+03	 883.33	 866.67	 51.00	 23	 0.64	 
BFE_107	 1	 16	 2209.jpg	 2.244066e+03	 24	 999000	 240	 999000	 999	 2.245084e+03	 883.33	 866.67	 59.00	 30	 0.51	 
BFE_107	 1	 16	 2213.jpg	 2.246068e+03	 24	 999000	 240	 999000	 999	 2.247086e+03	 883.33	 866.67	 61.00	 34	 0.49	 
BFE_107	 1	 16	 2205.jpg	 2.248070e+03	 24	 999000	 240	 999000	 999	 2.249088e+03	 883.33	 866.67	 48.00	 26	 0.73	 
BFE_107	 1	 16	 2105.jpg	 2.253076e+03	 22	 5.585592e+02	 22	 8.667071e+02	 98	 2.254094e+03	 883.33	 883.33	 47.00	 5	 0.76	 
BFE_107	 1	 16	 1212.jpg	 2.255078e+03	 12	 999000	 120	 999000	 999	 2.256096e+03	 883.33	 883.33	 37.00	 33	 0.21	 
BFE_107	 1	 16	 1107.jpg	 2.257064e+03	 11	 5.067164e+02	 11	 8.833696e+02	 98	 2.258081e+03	 900.00	 883.33	 18.00	 7	 0.53	 
BFE_107	 1	 16	 1217.jpg	 2.260067e+03	 11	 8.552875e+02	 11	 9.000329e+02	 98	 2.261085e+03	 916.67	 883.33	 12.00	 38	 0.63	 
