subjectID	 order	 runNum	 itemName	 onsetTime	 shuff_trialType	 RT	 respInTime	 AudioTime	 response	 fixationTime	 ladder1	 ladder2	 bidIndex	 itemNameIndex	 bidValue	 
BFE_101	 1	 3	 1205.jpg	 2.472928e+02	 12	 999000	 120	 999000	 999	 2.483105e+02	 750.00	 750.00	 11.00	 26	 0.62	 
BFE_101	 1	 3	 1118.jpg	 2.492783e+02	 12	 999000	 120	 999000	 999	 2.502962e+02	 750.00	 750.00	 3.00	 18	 0.78	 
BFE_101	 1	 3	 1101.jpg	 2.532829e+02	 12	 999000	 120	 999000	 999	 2.543006e+02	 750.00	 750.00	 37.00	 1	 0.27	 
BFE_101	 1	 3	 1207.jpg	 2.562862e+02	 11	 1.042935e+03	 1100	 7.500464e+02	 98	 2.573040e+02	 700.00	 750.00	 13.00	 28	 0.56	 
BFE_101	 1	 3	 1206.jpg	 2.582884e+02	 12	 999000	 120	 999000	 999	 2.593063e+02	 700.00	 750.00	 4.00	 27	 0.74	 
BFE_101	 1	 3	 1103.jpg	 2.612749e+02	 12	 999000	 120	 999000	 999	 2.622929e+02	 700.00	 750.00	 9.00	 3	 0.68	 
BFE_101	 1	 3	 1111.jpg	 2.652797e+02	 12	 999000	 120	 999000	 999	 2.662973e+02	 700.00	 750.00	 14.00	 11	 0.55	 
BFE_101	 1	 3	 1106.jpg	 2.692841e+02	 11	 9.409973e+02	 110	 7.000287e+02	 98	 2.703019e+02	 716.67	 750.00	 12.00	 6	 0.58	 
BFE_101	 1	 3	 2104.jpg	 2.712864e+02	 24	 999000	 240	 999000	 999	 2.723041e+02	 716.67	 750.00	 56.00	 4	 0.55	 
BFE_101	 1	 3	 1201.jpg	 2.762750e+02	 12	 999000	 120	 999000	 999	 2.772930e+02	 716.67	 750.00	 22.00	 22	 0.50	 
BFE_101	 1	 3	 1109.jpg	 2.782775e+02	 12	 999000	 120	 999000	 999	 2.792952e+02	 716.67	 750.00	 20.00	 9	 0.50	 
BFE_101	 1	 3	 2110.jpg	 2.802798e+02	 22	 9.853551e+02	 220	 7.500453e+02	 98	 2.812976e+02	 716.67	 766.67	 50.00	 10	 0.65	 
BFE_101	 1	 3	 2203.jpg	 2.862864e+02	 24	 999000	 240	 999000	 999	 2.873042e+02	 716.67	 766.67	 59.00	 24	 0.54	 
BFE_101	 1	 3	 2102.jpg	 2.882888e+02	 24	 999000	 240	 999000	 999	 2.893065e+02	 716.67	 766.67	 61.00	 2	 0.54	 
BFE_101	 1	 3	 2115.jpg	 2.902909e+02	 24	 999000	 240	 999000	 999	 2.913087e+02	 716.67	 766.67	 57.00	 15	 0.55	 
BFE_101	 1	 3	 2216.jpg	 2.922765e+02	 24	 999000	 240	 999000	 999	 2.932944e+02	 716.67	 766.67	 48.00	 37	 0.66	 
BFE_101	 1	 3	 2103.jpg	 2.962810e+02	 24	 999000	 240	 999000	 999	 2.972988e+02	 716.67	 766.67	 43.00	 3	 0.74	 
BFE_101	 1	 3	 1204.jpg	 3.002855e+02	 12	 999000	 120	 999000	 999	 3.013033e+02	 716.67	 766.67	 17.00	 25	 0.52	 
BFE_101	 1	 3	 1102.jpg	 3.032889e+02	 11	 9.762608e+02	 110	 7.166992e+02	 98	 3.043066e+02	 733.33	 766.67	 10.00	 2	 0.66	 
BFE_101	 1	 3	 2113.jpg	 3.072766e+02	 24	 999000	 240	 999000	 999	 3.082944e+02	 733.33	 766.67	 60.00	 13	 0.54	 
BFE_101	 1	 3	 1216.jpg	 3.102801e+02	 11	 9.770933e+02	 110	 7.333707e+02	 98	 3.112978e+02	 750.00	 766.67	 15.00	 37	 0.55	 
BFE_101	 1	 3	 2211.jpg	 3.122822e+02	 22	 1.038894e+03	 2200	 7.666978e+02	 98	 3.133000e+02	 750.00	 716.67	 52.00	 32	 0.62	 
BFE_101	 1	 3	 2214.jpg	 3.162868e+02	 22	 9.863752e+02	 220	 7.167007e+02	 98	 3.173046e+02	 750.00	 733.33	 53.00	 35	 0.59	 
BFE_101	 1	 3	 2213.jpg	 3.182890e+02	 24	 999000	 240	 999000	 999	 3.193068e+02	 750.00	 733.33	 44.00	 34	 0.71	 
BFE_101	 1	 3	 2114.jpg	 3.202743e+02	 24	 999000	 240	 999000	 999	 3.212923e+02	 750.00	 733.33	 62.00	 14	 0.50	 
BFE_101	 1	 3	 2120.jpg	 3.242791e+02	 22	 1.034091e+03	 2200	 7.333679e+02	 98	 3.252968e+02	 750.00	 683.33	 58.00	 20	 0.55	 
BFE_101	 1	 3	 2207.jpg	 3.262812e+02	 24	 999000	 240	 999000	 999	 3.272990e+02	 750.00	 683.33	 49.00	 28	 0.66	 
BFE_101	 1	 3	 1208.jpg	 3.302858e+02	 11	 1.035357e+03	 1100	 7.500332e+02	 98	 3.313035e+02	 700.00	 683.33	 18.00	 29	 0.51	 
BFE_101	 1	 3	 2117.jpg	 3.342903e+02	 24	 999000	 240	 999000	 999	 3.353081e+02	 700.00	 683.33	 78.00	 17	 0.18	 
BFE_101	 1	 3	 1213.jpg	 3.372770e+02	 12	 999000	 120	 999000	 999	 3.382947e+02	 700.00	 683.33	 8.00	 34	 0.68	 
BFE_101	 1	 3	 2209.jpg	 3.432837e+02	 22	 9.814810e+02	 220	 6.833725e+02	 98	 3.443015e+02	 700.00	 700.00	 55.00	 30	 0.56	 
BFE_101	 1	 3	 2217.jpg	 3.452859e+02	 24	 999000	 240	 999000	 999	 3.463039e+02	 700.00	 700.00	 54.00	 38	 0.58	 
BFE_101	 1	 3	 2118.jpg	 3.492904e+02	 22	 9.027768e+02	 220	 7.000361e+02	 98	 3.503081e+02	 700.00	 716.67	 47.00	 18	 0.67	 
BFE_101	 1	 3	 1115.jpg	 3.512760e+02	 12	 999000	 120	 999000	 999	 3.522937e+02	 700.00	 716.67	 38.00	 15	 0.23	 
BFE_101	 1	 3	 2208.jpg	 3.532782e+02	 24	 999000	 240	 999000	 999	 3.542960e+02	 700.00	 716.67	 51.00	 29	 0.63	 
BFE_101	 1	 3	 1202.jpg	 3.552804e+02	 12	 999000	 120	 999000	 999	 3.562983e+02	 700.00	 716.67	 16.00	 23	 0.54	 
BFE_101	 1	 3	 1121.jpg	 3.602861e+02	 11	 9.150849e+02	 110	 7.000343e+02	 98	 3.613038e+02	 716.67	 716.67	 7.00	 21	 0.70	 
BFE_101	 1	 3	 1116.jpg	 3.622883e+02	 12	 999000	 120	 999000	 999	 3.633060e+02	 716.67	 716.67	 19.00	 16	 0.51	 
BFE_101	 1	 3	 1214.jpg	 3.642737e+02	 12	 999000	 120	 999000	 999	 3.652917e+02	 716.67	 716.67	 21.00	 35	 0.50	 
BFE_101	 1	 3	 2205.jpg	 3.672773e+02	 24	 999000	 240	 999000	 999	 3.682951e+02	 716.67	 716.67	 77.00	 26	 0.21	 
