subjectID	 order	 runNum	 itemName	 onsetTime	 shuff_trialType	 RT	 respInTime	 AudioTime	 response	 fixationTime	 ladder1	 ladder2	 bidIndex	 itemNameIndex	 bidValue	 
BFE_204	 2	 9	 1108.jpg	 1.521775e+03	 11	 8.511661e+02	 110	 5.500475e+02	 98	 1.522793e+03	 566.67	 616.67	 16.00	 8	 0.59	 
BFE_204	 2	 9	 2209.jpg	 1.524761e+03	 24	 999000	 240	 999000	 999	 1.525779e+03	 566.67	 616.67	 44.00	 30	 0.84	 
BFE_204	 2	 9	 2203.jpg	 1.528766e+03	 24	 999000	 240	 999000	 999	 1.529784e+03	 566.67	 616.67	 53.00	 24	 0.59	 
BFE_204	 2	 9	 2216.jpg	 1.530768e+03	 24	 999000	 240	 999000	 999	 1.531786e+03	 566.67	 616.67	 52.00	 37	 0.62	 
BFE_204	 2	 9	 1215.jpg	 1.532770e+03	 11	 7.914963e+02	 110	 5.666968e+02	 98	 1.533788e+03	 583.33	 616.67	 11.00	 36	 0.66	 
BFE_204	 2	 9	 2212.jpg	 1.536758e+03	 24	 999000	 240	 999000	 999	 1.537776e+03	 583.33	 616.67	 61.00	 33	 0.50	 
BFE_204	 2	 9	 2110.jpg	 1.538761e+03	 24	 999000	 240	 999000	 999	 1.539778e+03	 583.33	 616.67	 77.00	 10	 0.23	 
BFE_204	 2	 9	 2218.jpg	 1.543766e+03	 24	 999000	 240	 999000	 999	 1.544784e+03	 583.33	 616.67	 43.00	 39	 0.87	 
BFE_204	 2	 9	 1118.jpg	 1.545768e+03	 12	 999000	 120	 999000	 999	 1.546786e+03	 583.33	 616.67	 37.00	 18	 0.15	 
BFE_204	 2	 9	 1205.jpg	 1.548772e+03	 11	 9.582277e+02	 110	 5.833691e+02	 98	 1.549790e+03	 600.00	 616.67	 17.00	 26	 0.56	 
BFE_204	 2	 9	 1206.jpg	 1.551758e+03	 12	 999000	 120	 999000	 999	 1.552776e+03	 600.00	 616.67	 10.00	 27	 0.67	 
BFE_204	 2	 9	 1109.jpg	 1.555763e+03	 12	 999000	 120	 999000	 999	 1.556781e+03	 600.00	 616.67	 19.00	 9	 0.55	 
BFE_204	 2	 9	 2210.jpg	 1.558766e+03	 24	 999000	 240	 999000	 999	 1.559784e+03	 600.00	 616.67	 59.00	 31	 0.53	 
BFE_204	 2	 9	 2117.jpg	 1.560768e+03	 24	 999000	 240	 999000	 999	 1.561786e+03	 600.00	 616.67	 78.00	 17	 0.22	 
BFE_204	 2	 9	 2214.jpg	 1.563772e+03	 24	 999000	 240	 999000	 999	 1.564790e+03	 600.00	 616.67	 47.00	 35	 0.78	 
BFE_204	 2	 9	 2208.jpg	 1.567760e+03	 22	 8.983236e+02	 220	 6.167164e+02	 98	 1.568777e+03	 600.00	 633.33	 57.00	 29	 0.55	 
BFE_204	 2	 9	 1204.jpg	 1.570763e+03	 11	 9.189598e+02	 110	 6.000407e+02	 98	 1.571781e+03	 616.67	 633.33	 9.00	 25	 0.68	 
BFE_204	 2	 9	 2219.jpg	 1.572765e+03	 22	 9.567236e+02	 220	 6.333713e+02	 98	 1.573783e+03	 616.67	 650.00	 51.00	 40	 0.65	 
BFE_204	 2	 9	 1111.jpg	 1.574768e+03	 12	 999000	 120	 999000	 999	 1.575785e+03	 616.67	 650.00	 18.00	 11	 0.56	 
BFE_204	 2	 9	 1208.jpg	 1.579756e+03	 11	 9.977736e+02	 110	 6.167307e+02	 98	 1.580774e+03	 633.33	 650.00	 14.00	 29	 0.60	 
BFE_204	 2	 9	 2103.jpg	 1.583761e+03	 24	 999000	 240	 999000	 999	 1.584779e+03	 633.33	 650.00	 62.00	 3	 0.47	 
BFE_204	 2	 9	 2101.jpg	 1.587766e+03	 22	 9.644268e+02	 220	 6.500322e+02	 98	 1.588783e+03	 633.33	 666.67	 54.00	 1	 0.58	 
BFE_204	 2	 9	 1214.jpg	 1.593772e+03	 12	 999000	 120	 999000	 999	 1.594790e+03	 633.33	 666.67	 12.00	 35	 0.64	 
BFE_204	 2	 9	 2106.jpg	 1.595758e+03	 22	 1.068241e+03	 2200	 6.667026e+02	 98	 1.596775e+03	 633.33	 616.67	 56.00	 6	 0.56	 
BFE_204	 2	 9	 1218.jpg	 1.597760e+03	 12	 999000	 120	 999000	 999	 1.598778e+03	 633.33	 616.67	 4.00	 39	 0.77	 
BFE_204	 2	 9	 1219.jpg	 1.599762e+03	 12	 999000	 120	 999000	 999	 1.600780e+03	 633.33	 616.67	 3.00	 40	 0.84	 
BFE_204	 2	 9	 2215.jpg	 1.601764e+03	 24	 999000	 240	 999000	 999	 1.602782e+03	 633.33	 616.67	 58.00	 36	 0.54	 
BFE_204	 2	 9	 1203.jpg	 1.605769e+03	 12	 999000	 120	 999000	 999	 1.606787e+03	 633.33	 616.67	 20.00	 24	 0.52	 
BFE_204	 2	 9	 2204.jpg	 1.607771e+03	 24	 999000	 240	 999000	 999	 1.608789e+03	 633.33	 616.67	 60.00	 25	 0.51	 
BFE_204	 2	 9	 1117.jpg	 1.611759e+03	 12	 999000	 120	 999000	 999	 1.612777e+03	 633.33	 616.67	 38.00	 17	 0.15	 
BFE_204	 2	 9	 1217.jpg	 1.613761e+03	 12	 999000	 120	 999000	 999	 1.614779e+03	 633.33	 616.67	 13.00	 38	 0.61	 
BFE_204	 2	 9	 2202.jpg	 1.615764e+03	 22	 1.190474e+03	 2200	 6.167033e+02	 98	 1.616781e+03	 633.33	 566.67	 48.00	 23	 0.75	 
BFE_204	 2	 9	 2108.jpg	 1.617766e+03	 22	 9.161950e+02	 220	 5.666988e+02	 98	 1.618783e+03	 633.33	 583.33	 49.00	 8	 0.72	 
BFE_204	 2	 9	 1207.jpg	 1.622771e+03	 12	 999000	 120	 999000	 999	 1.623789e+03	 633.33	 583.33	 21.00	 28	 0.51	 
BFE_204	 2	 9	 2206.jpg	 1.624757e+03	 24	 999000	 240	 999000	 999	 1.625775e+03	 633.33	 583.33	 50.00	 27	 0.68	 
BFE_204	 2	 9	 1120.jpg	 1.626759e+03	 12	 999000	 120	 999000	 999	 1.627777e+03	 633.33	 583.33	 15.00	 20	 0.59	 
BFE_204	 2	 9	 1209.jpg	 1.629762e+03	 11	 1.191492e+03	 1100	 6.333759e+02	 98	 1.630780e+03	 583.33	 583.33	 8.00	 30	 0.69	 
BFE_204	 2	 9	 1101.jpg	 1.636770e+03	 12	 999000	 120	 999000	 999	 1.637788e+03	 583.33	 583.33	 7.00	 1	 0.72	 
BFE_204	 2	 9	 1210.jpg	 1.640758e+03	 12	 999000	 120	 999000	 999	 1.641776e+03	 583.33	 583.33	 22.00	 31	 0.49	 
BFE_204	 2	 9	 2120.jpg	 1.647766e+03	 24	 999000	 240	 999000	 999	 1.648784e+03	 583.33	 583.33	 55.00	 20	 0.57	 
