subjectID	 order	 runNum	 itemName	 onsetTime	 shuff_trialType	 RT	 respInTime	 AudioTime	 response	 fixationTime	 ladder1	 ladder2	 bidIndex	 itemNameIndex	 bidValue	 
BFE_201	 1	 7	 1108.jpg	 7.524973e+02	 12	 999000	 120	 999000	 999	 7.535151e+02	 616.67	 550.00	 38.00	 8	 0.17	 
BFE_201	 1	 7	 1211.jpg	 7.554840e+02	 11	 9.499866e+02	 110	 6.167195e+02	 98	 7.565018e+02	 633.33	 550.00	 12.00	 32	 0.63	 
BFE_201	 1	 7	 1121.jpg	 7.594885e+02	 12	 999000	 120	 999000	 999	 7.605062e+02	 633.33	 550.00	 4.00	 21	 0.83	 
BFE_201	 1	 7	 1103.jpg	 7.614908e+02	 12	 999000	 120	 999000	 999	 7.625086e+02	 633.33	 550.00	 9.00	 3	 0.70	 
BFE_201	 1	 7	 2117.jpg	 7.634931e+02	 24	 999000	 240	 999000	 999	 7.645107e+02	 633.33	 550.00	 77.00	 17	 0.19	 
BFE_201	 1	 7	 1208.jpg	 7.674808e+02	 12	 999000	 120	 999000	 999	 7.684985e+02	 633.33	 550.00	 17.00	 29	 0.58	 
BFE_201	 1	 7	 2103.jpg	 7.694830e+02	 24	 999000	 240	 999000	 999	 7.705009e+02	 633.33	 550.00	 57.00	 3	 0.58	 
BFE_201	 1	 7	 2206.jpg	 7.744886e+02	 24	 999000	 240	 999000	 999	 7.755064e+02	 633.33	 550.00	 49.00	 27	 0.69	 
BFE_201	 1	 7	 1207.jpg	 7.764908e+02	 12	 999000	 120	 999000	 999	 7.775086e+02	 633.33	 550.00	 16.00	 28	 0.59	 
BFE_201	 1	 7	 2209.jpg	 7.794773e+02	 22	 1.004745e+03	 2200	 5.500395e+02	 98	 7.804953e+02	 633.33	 500.00	 50.00	 30	 0.68	 
BFE_201	 1	 7	 1219.jpg	 7.824809e+02	 12	 999000	 120	 999000	 999	 7.834987e+02	 633.33	 500.00	 21.00	 40	 0.52	 
BFE_201	 1	 7	 2213.jpg	 7.864854e+02	 24	 999000	 240	 999000	 999	 7.875032e+02	 633.33	 500.00	 44.00	 34	 0.78	 
BFE_201	 1	 7	 2214.jpg	 7.894887e+02	 22	 7.692330e+02	 220	 5.000325e+02	 98	 7.905066e+02	 633.33	 516.67	 58.00	 35	 0.56	 
BFE_201	 1	 7	 1203.jpg	 7.914910e+02	 11	 1.063007e+03	 1100	 6.333616e+02	 98	 7.925088e+02	 583.33	 516.67	 18.00	 24	 0.54	 
BFE_201	 1	 7	 1116.jpg	 7.944774e+02	 12	 999000	 120	 999000	 999	 7.954954e+02	 583.33	 516.67	 20.00	 16	 0.53	 
BFE_201	 1	 7	 2218.jpg	 7.984822e+02	 24	 999000	 240	 999000	 999	 7.995000e+02	 583.33	 516.67	 48.00	 39	 0.71	 
BFE_201	 1	 7	 1216.jpg	 8.014856e+02	 12	 999000	 120	 999000	 999	 8.025033e+02	 583.33	 516.67	 8.00	 37	 0.72	 
BFE_201	 1	 7	 2212.jpg	 8.034878e+02	 24	 999000	 240	 999000	 999	 8.045056e+02	 583.33	 516.67	 61.00	 33	 0.52	 
BFE_201	 1	 7	 1114.jpg	 8.054900e+02	 11	 1.039916e+03	 1100	 5.833693e+02	 98	 8.065078e+02	 533.33	 516.67	 13.00	 14	 0.62	 
BFE_201	 1	 7	 1218.jpg	 8.104790e+02	 11	 9.309781e+02	 110	 5.333629e+02	 98	 8.114968e+02	 550.00	 516.67	 7.00	 39	 0.76	 
BFE_201	 1	 7	 1205.jpg	 8.144836e+02	 12	 999000	 120	 999000	 999	 8.155012e+02	 550.00	 516.67	 3.00	 26	 0.83	 
BFE_201	 1	 7	 1105.jpg	 8.184880e+02	 12	 999000	 120	 999000	 999	 8.195058e+02	 550.00	 516.67	 37.00	 5	 0.18	 
BFE_201	 1	 7	 1214.jpg	 8.244777e+02	 12	 999000	 120	 999000	 999	 8.254957e+02	 550.00	 516.67	 14.00	 35	 0.62	 
BFE_201	 1	 7	 2217.jpg	 8.264802e+02	 22	 9.216910e+02	 220	 5.167012e+02	 98	 8.274980e+02	 550.00	 533.33	 47.00	 38	 0.72	 
BFE_201	 1	 7	 2118.jpg	 8.284824e+02	 24	 999000	 240	 999000	 999	 8.295003e+02	 550.00	 533.33	 78.00	 18	 0.18	 
BFE_201	 1	 7	 2204.jpg	 8.304848e+02	 22	 9.011734e+02	 220	 5.333767e+02	 98	 8.315026e+02	 550.00	 550.00	 55.00	 25	 0.59	 
BFE_201	 1	 7	 2205.jpg	 8.324869e+02	 24	 999000	 240	 999000	 999	 8.335047e+02	 550.00	 550.00	 59.00	 26	 0.55	 
BFE_201	 1	 7	 2110.jpg	 8.364915e+02	 22	 9.344431e+02	 220	 5.500349e+02	 98	 8.375092e+02	 550.00	 566.67	 52.00	 10	 0.67	 
BFE_201	 1	 7	 1109.jpg	 8.384937e+02	 11	 8.682691e+02	 110	 5.500322e+02	 98	 8.395115e+02	 566.67	 566.67	 10.00	 9	 0.67	 
BFE_201	 1	 7	 2120.jpg	 8.424816e+02	 24	 999000	 240	 999000	 999	 8.434992e+02	 566.67	 566.67	 51.00	 20	 0.67	 
BFE_201	 1	 7	 1102.jpg	 8.444837e+02	 12	 999000	 120	 999000	 999	 8.455015e+02	 566.67	 566.67	 22.00	 2	 0.48	 
BFE_201	 1	 7	 2215.jpg	 8.464859e+02	 24	 999000	 240	 999000	 999	 8.475038e+02	 566.67	 566.67	 43.00	 36	 0.82	 
BFE_201	 1	 7	 2109.jpg	 8.484883e+02	 22	 9.376606e+02	 220	 5.666969e+02	 98	 8.495060e+02	 566.67	 583.33	 53.00	 9	 0.64	 
BFE_201	 1	 7	 1209.jpg	 8.534939e+02	 11	 9.560444e+02	 110	 5.667140e+02	 98	 8.545116e+02	 583.33	 583.33	 15.00	 30	 0.59	 
BFE_201	 1	 7	 2208.jpg	 8.554794e+02	 24	 999000	 240	 999000	 999	 8.564973e+02	 583.33	 583.33	 60.00	 29	 0.52	 
BFE_201	 1	 7	 2211.jpg	 8.574816e+02	 24	 999000	 240	 999000	 999	 8.584994e+02	 583.33	 583.33	 62.00	 32	 0.49	 
BFE_201	 1	 7	 1217.jpg	 8.604849e+02	 12	 999000	 120	 999000	 999	 8.615028e+02	 583.33	 583.33	 19.00	 38	 0.53	 
BFE_201	 1	 7	 2114.jpg	 8.674929e+02	 24	 999000	 240	 999000	 999	 8.685106e+02	 583.33	 583.33	 54.00	 14	 0.60	 
BFE_201	 1	 7	 1206.jpg	 8.714806e+02	 12	 999000	 120	 999000	 999	 8.724984e+02	 583.33	 583.33	 11.00	 27	 0.64	 
BFE_201	 1	 7	 2116.jpg	 8.784885e+02	 24	 999000	 240	 999000	 999	 8.795063e+02	 583.33	 583.33	 56.00	 16	 0.59	 
