subjectID	 order	 runNum	 itemName	 onsetTime	 shuff_trialType	 RT	 respInTime	 AudioTime	 response	 fixationTime	 ladder1	 ladder2	 bidIndex	 itemNameIndex	 bidValue	 
BFE_108	 2	 15	 1114.jpg	 1.773554e+03	 12	 999000	 120	 999000	 999	 1.774572e+03	 750.00	 750.00	 10.00	 14	 0.65	 
BFE_108	 2	 15	 2217.jpg	 1.778543e+03	 24	 999000	 240	 999000	 999	 1.779560e+03	 750.00	 750.00	 44.00	 38	 0.81	 
BFE_108	 2	 15	 1211.jpg	 1.780545e+03	 11	 9.775975e+02	 110	 7.500553e+02	 98	 1.781563e+03	 766.67	 750.00	 14.00	 32	 0.54	 
BFE_108	 2	 15	 2117.jpg	 1.782547e+03	 24	 999000	 240	 999000	 999	 1.783565e+03	 766.67	 750.00	 47.00	 17	 0.74	 
BFE_108	 2	 15	 2204.jpg	 1.788537e+03	 24	 999000	 240	 999000	 999	 1.789555e+03	 766.67	 750.00	 61.00	 25	 0.48	 
BFE_108	 2	 15	 1218.jpg	 1.790540e+03	 12	 999000	 120	 999000	 999	 1.791557e+03	 766.67	 750.00	 12.00	 39	 0.62	 
BFE_108	 2	 15	 1216.jpg	 1.793543e+03	 12	 999000	 120	 999000	 999	 1.794561e+03	 766.67	 750.00	 38.00	 37	 0.20	 
BFE_108	 2	 15	 1111.jpg	 1.795545e+03	 12	 999000	 120	 999000	 999	 1.796563e+03	 766.67	 750.00	 19.00	 11	 0.51	 
BFE_108	 2	 15	 1201.jpg	 1.799533e+03	 12	 999000	 120	 999000	 999	 1.800551e+03	 766.67	 750.00	 3.00	 22	 0.88	 
BFE_108	 2	 15	 2218.jpg	 1.801535e+03	 22	 9.793572e+02	 220	 7.500521e+02	 98	 1.802553e+03	 766.67	 766.67	 57.00	 39	 0.57	 
BFE_108	 2	 15	 1117.jpg	 1.806541e+03	 12	 999000	 120	 999000	 999	 1.807558e+03	 766.67	 766.67	 21.00	 17	 0.50	 
BFE_108	 2	 15	 2106.jpg	 1.813532e+03	 22	 1.006902e+03	 2200	 7.666928e+02	 98	 1.814550e+03	 766.67	 716.67	 54.00	 6	 0.61	 
BFE_108	 2	 15	 2205.jpg	 1.815534e+03	 24	 999000	 240	 999000	 999	 1.816552e+03	 766.67	 716.67	 58.00	 26	 0.54	 
BFE_108	 2	 15	 2102.jpg	 1.818538e+03	 24	 999000	 240	 999000	 999	 1.819555e+03	 766.67	 716.67	 59.00	 2	 0.52	 
BFE_108	 2	 15	 1106.jpg	 1.821541e+03	 11	 9.976626e+02	 110	 7.666921e+02	 98	 1.822559e+03	 783.33	 716.67	 8.00	 6	 0.71	 
BFE_108	 2	 15	 1115.jpg	 1.825545e+03	 12	 999000	 120	 999000	 999	 1.826563e+03	 783.33	 716.67	 15.00	 15	 0.54	 
BFE_108	 2	 15	 2121.jpg	 1.829533e+03	 22	 9.816125e+02	 220	 7.166999e+02	 98	 1.830551e+03	 783.33	 733.33	 49.00	 21	 0.69	 
BFE_108	 2	 15	 2111.jpg	 1.833538e+03	 22	 9.529082e+02	 2	 7.333658e+02	 114	 1.834555e+03	 783.33	 683.33	 51.00	 11	 0.65	 
BFE_108	 2	 15	 2113.jpg	 1.836541e+03	 24	 999000	 240	 999000	 999	 1.837559e+03	 783.33	 683.33	 60.00	 13	 0.51	 
BFE_108	 2	 15	 2208.jpg	 1.842548e+03	 24	 999000	 240	 999000	 999	 1.843566e+03	 783.33	 683.33	 62.00	 29	 0.46	 
BFE_108	 2	 15	 1121.jpg	 1.844533e+03	 12	 999000	 120	 999000	 999	 1.845551e+03	 783.33	 683.33	 7.00	 21	 0.71	 
BFE_108	 2	 15	 1113.jpg	 1.847537e+03	 12	 999000	 120	 999000	 999	 1.848554e+03	 783.33	 683.33	 20.00	 13	 0.50	 
BFE_108	 2	 15	 2103.jpg	 1.849539e+03	 24	 999000	 240	 999000	 999	 1.850557e+03	 783.33	 683.33	 43.00	 3	 0.83	 
BFE_108	 2	 15	 1213.jpg	 1.851541e+03	 11	 1.021428e+03	 1100	 7.833718e+02	 98	 1.852559e+03	 733.33	 683.33	 9.00	 34	 0.71	 
BFE_108	 2	 15	 1214.jpg	 1.853543e+03	 12	 999000	 120	 999000	 999	 1.854561e+03	 733.33	 683.33	 18.00	 35	 0.52	 
BFE_108	 2	 15	 2109.jpg	 1.856547e+03	 22	 9.277829e+02	 220	 6.833744e+02	 98	 1.857565e+03	 733.33	 700.00	 56.00	 9	 0.57	 
BFE_108	 2	 15	 1202.jpg	 1.860535e+03	 11	 9.480208e+02	 110	 7.333594e+02	 98	 1.861552e+03	 750.00	 700.00	 17.00	 23	 0.53	 
BFE_108	 2	 15	 2112.jpg	 1.862537e+03	 24	 999000	 240	 999000	 999	 1.863555e+03	 750.00	 700.00	 77.00	 12	 0.22	 
BFE_108	 2	 15	 1210.jpg	 1.864539e+03	 12	 999000	 120	 999000	 999	 1.865557e+03	 750.00	 700.00	 37.00	 31	 0.21	 
BFE_108	 2	 15	 2210.jpg	 1.866541e+03	 22	 9.252254e+02	 220	 7.000442e+02	 98	 1.867559e+03	 750.00	 716.67	 48.00	 31	 0.73	 
BFE_108	 2	 15	 2209.jpg	 1.868544e+03	 24	 999000	 240	 999000	 999	 1.869561e+03	 750.00	 716.67	 53.00	 30	 0.61	 
BFE_108	 2	 15	 2101.jpg	 1.870546e+03	 24	 999000	 240	 999000	 999	 1.871564e+03	 750.00	 716.67	 55.00	 1	 0.58	 
BFE_108	 2	 15	 1105.jpg	 1.874534e+03	 12	 999000	 120	 999000	 999	 1.875551e+03	 750.00	 716.67	 13.00	 5	 0.55	 
BFE_108	 2	 15	 1203.jpg	 1.878538e+03	 11	 1.008437e+03	 1100	 7.500283e+02	 98	 1.879556e+03	 700.00	 716.67	 11.00	 24	 0.63	 
BFE_108	 2	 15	 1215.jpg	 1.880540e+03	 12	 999000	 120	 999000	 999	 1.881558e+03	 700.00	 716.67	 22.00	 36	 0.47	 
BFE_108	 2	 15	 2219.jpg	 1.882543e+03	 24	 999000	 240	 999000	 999	 1.883560e+03	 700.00	 716.67	 50.00	 40	 0.67	 
BFE_108	 2	 15	 2212.jpg	 1.884545e+03	 24	 999000	 240	 999000	 999	 1.885563e+03	 700.00	 716.67	 78.00	 33	 0.21	 
BFE_108	 2	 15	 1102.jpg	 1.886547e+03	 11	 9.195028e+02	 110	 7.000298e+02	 98	 1.887565e+03	 716.67	 716.67	 16.00	 2	 0.53	 
BFE_108	 2	 15	 2213.jpg	 1.892537e+03	 24	 999000	 240	 999000	 999	 1.893555e+03	 716.67	 716.67	 52.00	 34	 0.62	 
BFE_108	 2	 15	 1219.jpg	 1.894539e+03	 12	 999000	 120	 999000	 999	 1.895557e+03	 716.67	 716.67	 4.00	 40	 0.78	 
