subjectID	 order	 runNum	 itemName	 onsetTime	 shuff_trialType	 RT	 respInTime	 AudioTime	 response	 fixationTime	 ladder1	 ladder2	 bidIndex	 itemNameIndex	 bidValue	 
BFE_202	 2	 18	 1215.jpg	 2.247747e+03	 12	 999000	 120	 999000	 999	 2.248765e+03	 716.67	 716.67	 4.00	 36	 0.74	 
BFE_202	 2	 18	 1216.jpg	 2.249733e+03	 12	 999000	 120	 999000	 999	 2.250751e+03	 716.67	 716.67	 3.00	 37	 0.77	 
BFE_202	 2	 18	 2213.jpg	 2.253737e+03	 24	 999000	 240	 999000	 999	 2.254755e+03	 716.67	 716.67	 58.00	 34	 0.54	 
BFE_202	 2	 18	 1115.jpg	 2.256741e+03	 11	 9.097737e+02	 110	 7.167393e+02	 98	 2.257758e+03	 733.33	 716.67	 8.00	 15	 0.67	 
BFE_202	 2	 18	 1203.jpg	 2.258743e+03	 12	 999000	 120	 999000	 999	 2.259761e+03	 733.33	 716.67	 10.00	 24	 0.66	 
BFE_202	 2	 18	 2119.jpg	 2.261730e+03	 24	 999000	 240	 999000	 999	 2.262747e+03	 733.33	 716.67	 77.00	 19	 0.24	 
BFE_202	 2	 18	 2210.jpg	 2.265734e+03	 22	 9.403256e+02	 220	 7.167386e+02	 98	 2.266752e+03	 733.33	 733.33	 57.00	 31	 0.59	 
BFE_202	 2	 18	 2117.jpg	 2.269739e+03	 24	 999000	 240	 999000	 999	 2.270756e+03	 733.33	 733.33	 61.00	 17	 0.47	 
BFE_202	 2	 18	 1206.jpg	 2.271741e+03	 12	 999000	 120	 999000	 999	 2.272759e+03	 733.33	 733.33	 21.00	 27	 0.54	 
BFE_202	 2	 18	 1104.jpg	 2.276730e+03	 12	 999000	 120	 999000	 999	 2.277748e+03	 733.33	 733.33	 12.00	 4	 0.63	 
BFE_202	 2	 18	 2209.jpg	 2.278732e+03	 22	 1.054489e+03	 2200	 7.333645e+02	 98	 2.279750e+03	 733.33	 683.33	 51.00	 30	 0.62	 
BFE_202	 2	 18	 1120.jpg	 2.280734e+03	 12	 999000	 120	 999000	 999	 2.281752e+03	 733.33	 683.33	 22.00	 20	 0.52	 
BFE_202	 2	 18	 2215.jpg	 2.286741e+03	 24	 999000	 240	 999000	 999	 2.287759e+03	 733.33	 683.33	 44.00	 36	 0.82	 
BFE_202	 2	 18	 2107.jpg	 2.288743e+03	 24	 999000	 240	 999000	 999	 2.289761e+03	 733.33	 683.33	 78.00	 7	 0.24	 
BFE_202	 2	 18	 1210.jpg	 2.290729e+03	 12	 999000	 120	 999000	 999	 2.291747e+03	 733.33	 683.33	 18.00	 31	 0.57	 
BFE_202	 2	 18	 2102.jpg	 2.292731e+03	 24	 999000	 240	 999000	 999	 2.293749e+03	 733.33	 683.33	 52.00	 2	 0.62	 
BFE_202	 2	 18	 2103.jpg	 2.296735e+03	 24	 999000	 240	 999000	 999	 2.297753e+03	 733.33	 683.33	 60.00	 3	 0.51	 
BFE_202	 2	 18	 1107.jpg	 2.300740e+03	 11	 9.502693e+02	 110	 7.333602e+02	 98	 2.301758e+03	 750.00	 683.33	 16.00	 7	 0.60	 
BFE_202	 2	 18	 1106.jpg	 2.303743e+03	 12	 999000	 120	 999000	 999	 2.304761e+03	 750.00	 683.33	 13.00	 6	 0.62	 
BFE_202	 2	 18	 2113.jpg	 2.307731e+03	 22	 9.592527e+02	 220	 6.833730e+02	 98	 2.308749e+03	 750.00	 700.00	 56.00	 13	 0.60	 
BFE_202	 2	 18	 2216.jpg	 2.310735e+03	 24	 999000	 240	 999000	 999	 2.311752e+03	 750.00	 700.00	 53.00	 37	 0.62	 
BFE_202	 2	 18	 2202.jpg	 2.312737e+03	 24	 999000	 240	 999000	 999	 2.313754e+03	 750.00	 700.00	 62.00	 23	 0.47	 
BFE_202	 2	 18	 1214.jpg	 2.316741e+03	 12	 999000	 120	 999000	 999	 2.317759e+03	 750.00	 700.00	 20.00	 35	 0.56	 
BFE_202	 2	 18	 1207.jpg	 2.318743e+03	 11	 9.629715e+02	 110	 7.500373e+02	 98	 2.319761e+03	 766.67	 700.00	 17.00	 28	 0.58	 
BFE_202	 2	 18	 2219.jpg	 2.320729e+03	 24	 999000	 240	 999000	 999	 2.321747e+03	 766.67	 700.00	 59.00	 40	 0.51	 
BFE_202	 2	 18	 1219.jpg	 2.324734e+03	 11	 9.729024e+02	 110	 7.667013e+02	 98	 2.325751e+03	 783.33	 700.00	 9.00	 40	 0.66	 
BFE_202	 2	 18	 1204.jpg	 2.326736e+03	 11	 1.010608e+03	 1100	 7.833630e+02	 98	 2.327754e+03	 733.33	 700.00	 11.00	 25	 0.65	 
BFE_202	 2	 18	 1111.jpg	 2.330740e+03	 12	 999000	 120	 999000	 999	 2.331758e+03	 733.33	 700.00	 19.00	 11	 0.56	 
BFE_202	 2	 18	 1209.jpg	 2.334728e+03	 12	 999000	 120	 999000	 999	 2.335746e+03	 733.33	 700.00	 7.00	 30	 0.68	 
BFE_202	 2	 18	 1119.jpg	 2.337731e+03	 12	 999000	 120	 999000	 999	 2.338749e+03	 733.33	 700.00	 38.00	 19	 0.17	 
BFE_202	 2	 18	 1213.jpg	 2.343738e+03	 12	 999000	 120	 999000	 999	 2.344756e+03	 733.33	 700.00	 15.00	 34	 0.60	 
BFE_202	 2	 18	 2203.jpg	 2.345740e+03	 24	 999000	 240	 999000	 999	 2.346758e+03	 733.33	 700.00	 47.00	 24	 0.69	 
BFE_202	 2	 18	 2101.jpg	 2.349728e+03	 24	 999000	 240	 999000	 999	 2.350746e+03	 733.33	 700.00	 55.00	 1	 0.61	 
BFE_202	 2	 18	 2115.jpg	 2.351731e+03	 24	 999000	 240	 999000	 999	 2.352748e+03	 733.33	 700.00	 50.00	 15	 0.64	 
BFE_202	 2	 18	 2205.jpg	 2.353733e+03	 22	 9.897613e+02	 220	 7.000283e+02	 98	 2.354751e+03	 733.33	 716.67	 48.00	 26	 0.68	 
BFE_202	 2	 18	 2118.jpg	 2.355735e+03	 22	 9.475556e+02	 220	 7.166962e+02	 98	 2.356753e+03	 733.33	 733.33	 54.00	 18	 0.61	 
BFE_202	 2	 18	 2211.jpg	 2.360741e+03	 24	 999000	 240	 999000	 999	 2.361758e+03	 733.33	 733.33	 43.00	 32	 0.82	 
BFE_202	 2	 18	 1117.jpg	 2.362743e+03	 12	 999000	 120	 999000	 999	 2.363761e+03	 733.33	 733.33	 37.00	 17	 0.23	 
BFE_202	 2	 18	 2218.jpg	 2.364728e+03	 22	 1.002338e+03	 2200	 7.333712e+02	 98	 2.365746e+03	 733.33	 683.33	 49.00	 39	 0.64	 
BFE_202	 2	 18	 1205.jpg	 2.367732e+03	 11	 9.586493e+02	 110	 7.333615e+02	 98	 2.368750e+03	 750.00	 683.33	 14.00	 26	 0.62	 
