subjectID	 order	 runNum	 itemName	 onsetTime	 shuff_trialType	 RT	 respInTime	 AudioTime	 response	 fixationTime	 ladder1	 ladder2	 bidIndex	 itemNameIndex	 bidValue	 
BFE_201	 1	 5	 1105.jpg	 5.091079e+02	 12	 999000	 120	 999000	 999	 5.101258e+02	 550.00	 616.67	 37.00	 5	 0.18	 
BFE_201	 1	 5	 2110.jpg	 5.140969e+02	 22	 1.177064e+03	 2200	 6.167100e+02	 98	 5.151146e+02	 550.00	 566.67	 52.00	 10	 0.67	 
BFE_201	 1	 5	 1207.jpg	 5.160991e+02	 12	 999000	 120	 999000	 999	 5.171170e+02	 550.00	 566.67	 16.00	 28	 0.59	 
BFE_201	 1	 5	 1116.jpg	 5.181015e+02	 12	 999000	 120	 999000	 999	 5.191192e+02	 550.00	 566.67	 20.00	 16	 0.53	 
BFE_201	 1	 5	 1211.jpg	 5.240915e+02	 11	 8.384610e+02	 110	 5.500469e+02	 98	 5.251092e+02	 566.67	 566.67	 12.00	 32	 0.63	 
BFE_201	 1	 5	 2217.jpg	 5.260936e+02	 22	 8.923181e+02	 220	 5.667052e+02	 98	 5.271114e+02	 566.67	 583.33	 47.00	 38	 0.72	 
BFE_201	 1	 5	 2204.jpg	 5.290970e+02	 22	 9.129165e+02	 220	 5.833652e+02	 98	 5.301148e+02	 566.67	 600.00	 55.00	 25	 0.59	 
BFE_201	 1	 5	 1214.jpg	 5.310993e+02	 12	 999000	 120	 999000	 999	 5.321171e+02	 566.67	 600.00	 14.00	 35	 0.62	 
BFE_201	 1	 5	 2214.jpg	 5.351038e+02	 22	 9.141783e+02	 220	 6.000330e+02	 98	 5.361215e+02	 566.67	 616.67	 58.00	 35	 0.56	 
BFE_201	 1	 5	 2120.jpg	 5.370893e+02	 24	 999000	 240	 999000	 999	 5.381070e+02	 566.67	 616.67	 51.00	 20	 0.67	 
BFE_201	 1	 5	 2215.jpg	 5.420949e+02	 24	 999000	 240	 999000	 999	 5.431126e+02	 566.67	 616.67	 43.00	 36	 0.82	 
BFE_201	 1	 5	 1219.jpg	 5.491028e+02	 12	 999000	 120	 999000	 999	 5.501206e+02	 566.67	 616.67	 21.00	 40	 0.52	 
BFE_201	 1	 5	 2114.jpg	 5.510880e+02	 24	 999000	 240	 999000	 999	 5.521062e+02	 566.67	 616.67	 54.00	 14	 0.60	 
BFE_201	 1	 5	 2109.jpg	 5.540917e+02	 22	 9.501914e+02	 220	 6.167024e+02	 98	 5.551095e+02	 566.67	 633.33	 53.00	 9	 0.64	 
BFE_201	 1	 5	 2211.jpg	 5.570951e+02	 24	 999000	 240	 999000	 999	 5.581129e+02	 566.67	 633.33	 62.00	 32	 0.49	 
BFE_201	 1	 5	 2117.jpg	 5.610995e+02	 24	 999000	 240	 999000	 999	 5.621174e+02	 566.67	 633.33	 77.00	 17	 0.19	 
BFE_201	 1	 5	 1205.jpg	 5.651040e+02	 12	 999000	 120	 999000	 999	 5.661218e+02	 566.67	 633.33	 3.00	 26	 0.83	 
BFE_201	 1	 5	 1203.jpg	 5.690918e+02	 11	 9.420883e+02	 110	 5.667394e+02	 98	 5.701096e+02	 583.33	 633.33	 18.00	 24	 0.54	 
BFE_201	 1	 5	 2103.jpg	 5.720953e+02	 24	 999000	 240	 999000	 999	 5.731130e+02	 583.33	 633.33	 57.00	 3	 0.58	 
BFE_201	 1	 5	 1216.jpg	 5.781020e+02	 12	 6.199726e+02	 12	 999000	 98	 5.791198e+02	 583.33	 633.33	 8.00	 37	 0.72	 
BFE_201	 1	 5	 1206.jpg	 5.800874e+02	 12	 999000	 120	 999000	 999	 5.811052e+02	 583.33	 633.33	 11.00	 27	 0.64	 
BFE_201	 1	 5	 1102.jpg	 5.830909e+02	 12	 999000	 120	 999000	 999	 5.841086e+02	 583.33	 633.33	 22.00	 2	 0.48	 
BFE_201	 1	 5	 1218.jpg	 5.850931e+02	 11	 8.448748e+02	 110	 5.833684e+02	 98	 5.861109e+02	 600.00	 633.33	 7.00	 39	 0.76	 
BFE_201	 1	 5	 1121.jpg	 5.870954e+02	 12	 999000	 120	 999000	 999	 5.881131e+02	 600.00	 633.33	 4.00	 21	 0.83	 
BFE_201	 1	 5	 2205.jpg	 5.890976e+02	 24	 999000	 240	 999000	 999	 5.901154e+02	 600.00	 633.33	 59.00	 26	 0.55	 
BFE_201	 1	 5	 2218.jpg	 5.921010e+02	 24	 999000	 240	 999000	 999	 5.931187e+02	 600.00	 633.33	 48.00	 39	 0.71	 
BFE_201	 1	 5	 2213.jpg	 5.960884e+02	 24	 999000	 240	 999000	 999	 5.971065e+02	 600.00	 633.33	 44.00	 34	 0.78	 
BFE_201	 1	 5	 1209.jpg	 5.980910e+02	 11	 9.829262e+02	 110	 6.000394e+02	 98	 5.991087e+02	 616.67	 633.33	 15.00	 30	 0.59	 
BFE_201	 1	 5	 2206.jpg	 6.000932e+02	 24	 999000	 240	 999000	 999	 6.011110e+02	 616.67	 633.33	 49.00	 27	 0.69	 
BFE_201	 1	 5	 2209.jpg	 6.020955e+02	 22	 1.042445e+03	 2200	 6.333675e+02	 98	 6.031132e+02	 616.67	 583.33	 50.00	 30	 0.68	 
BFE_201	 1	 5	 1108.jpg	 6.040978e+02	 12	 999000	 120	 999000	 999	 6.051155e+02	 616.67	 583.33	 38.00	 8	 0.17	 
BFE_201	 1	 5	 1109.jpg	 6.061000e+02	 11	 9.819722e+02	 110	 6.166933e+02	 98	 6.071178e+02	 633.33	 583.33	 10.00	 9	 0.67	 
BFE_201	 1	 5	 1208.jpg	 6.100875e+02	 12	 999000	 120	 999000	 999	 6.111055e+02	 633.33	 583.33	 17.00	 29	 0.58	 
BFE_201	 1	 5	 1217.jpg	 6.140923e+02	 12	 999000	 120	 999000	 999	 6.151100e+02	 633.33	 583.33	 19.00	 38	 0.53	 
BFE_201	 1	 5	 2208.jpg	 6.160945e+02	 24	 999000	 240	 999000	 999	 6.171123e+02	 633.33	 583.33	 60.00	 29	 0.52	 
BFE_201	 1	 5	 2212.jpg	 6.180968e+02	 24	 999000	 240	 999000	 999	 6.191145e+02	 633.33	 583.33	 61.00	 33	 0.52	 
BFE_201	 1	 5	 2118.jpg	 6.200990e+02	 24	 999000	 240	 999000	 999	 6.211168e+02	 633.33	 583.33	 78.00	 18	 0.18	 
BFE_201	 1	 5	 1103.jpg	 6.221013e+02	 12	 999000	 120	 999000	 999	 6.231190e+02	 633.33	 583.33	 9.00	 3	 0.70	 
BFE_201	 1	 5	 2116.jpg	 6.280913e+02	 24	 999000	 240	 999000	 999	 6.291091e+02	 633.33	 583.33	 56.00	 16	 0.59	 
BFE_201	 1	 5	 1114.jpg	 6.300935e+02	 11	 1.108445e+03	 1100	 6.333638e+02	 98	 6.311112e+02	 583.33	 583.33	 13.00	 14	 0.62	 
