subjectID	 order	 runNum	 itemName	 onsetTime	 shuff_trialType	 RT	 respInTime	 AudioTime	 response	 fixationTime	 ladder1	 ladder2	 bidIndex	 itemNameIndex	 bidValue	 
BFE_102	 2	 20	 1121.jpg	 2.582571e+03	 11	 9.270006e+02	 110	 7.167154e+02	 98	 2.583589e+03	 733.33	 783.33	 17.00	 21	 0.55	 
BFE_102	 2	 20	 1203.jpg	 2.587560e+03	 12	 999000	 120	 999000	 999	 2.588578e+03	 733.33	 783.33	 3.00	 24	 0.87	 
BFE_102	 2	 20	 1102.jpg	 2.589562e+03	 11	 9.038029e+02	 110	 7.333711e+02	 98	 2.590580e+03	 750.00	 783.33	 14.00	 2	 0.60	 
BFE_102	 2	 20	 2214.jpg	 2.591564e+03	 24	 999000	 240	 999000	 999	 2.592582e+03	 750.00	 783.33	 60.00	 35	 0.57	 
BFE_102	 2	 20	 1212.jpg	 2.597555e+03	 12	 999000	 120	 999000	 999	 2.598572e+03	 750.00	 783.33	 38.00	 33	 0.20	 
BFE_102	 2	 20	 2203.jpg	 2.599557e+03	 22	 9.573718e+02	 220	 7.833743e+02	 98	 2.600575e+03	 750.00	 800.00	 54.00	 24	 0.72	 
BFE_102	 2	 20	 2101.jpg	 2.602560e+03	 24	 999000	 240	 999000	 999	 2.603578e+03	 750.00	 800.00	 44.00	 1	 0.87	 
BFE_102	 2	 20	 2211.jpg	 2.604562e+03	 22	 1.031757e+03	 2200	 8.000358e+02	 98	 2.605580e+03	 750.00	 750.00	 51.00	 32	 0.75	 
BFE_102	 2	 20	 1106.jpg	 2.608567e+03	 12	 999000	 120	 999000	 999	 2.609585e+03	 750.00	 750.00	 18.00	 6	 0.53	 
BFE_102	 2	 20	 1105.jpg	 2.610569e+03	 12	 999000	 120	 999000	 999	 2.611587e+03	 750.00	 750.00	 19.00	 5	 0.53	 
BFE_102	 2	 20	 2103.jpg	 2.615558e+03	 24	 999000	 240	 999000	 999	 2.616576e+03	 750.00	 750.00	 52.00	 3	 0.75	 
BFE_102	 2	 20	 2104.jpg	 2.622566e+03	 24	 999000	 240	 999000	 999	 2.623584e+03	 750.00	 750.00	 58.00	 4	 0.63	 
BFE_102	 2	 20	 1116.jpg	 2.624568e+03	 12	 999000	 120	 999000	 999	 2.625586e+03	 750.00	 750.00	 37.00	 16	 0.20	 
BFE_102	 2	 20	 1205.jpg	 2.627555e+03	 12	 999000	 120	 999000	 999	 2.628573e+03	 750.00	 750.00	 7.00	 26	 0.71	 
BFE_102	 2	 20	 2105.jpg	 2.630558e+03	 24	 999000	 240	 999000	 999	 2.631576e+03	 750.00	 750.00	 77.00	 5	 0.32	 
BFE_102	 2	 20	 2204.jpg	 2.634563e+03	 24	 999000	 240	 999000	 999	 2.635580e+03	 750.00	 750.00	 50.00	 25	 0.75	 
BFE_102	 2	 20	 2213.jpg	 2.638567e+03	 24	 999000	 240	 999000	 999	 2.639585e+03	 750.00	 750.00	 62.00	 34	 0.52	 
BFE_102	 2	 20	 2114.jpg	 2.642555e+03	 24	 999000	 240	 999000	 999	 2.643573e+03	 750.00	 750.00	 47.00	 14	 0.85	 
BFE_102	 2	 20	 1108.jpg	 2.645558e+03	 12	 999000	 120	 999000	 999	 2.646576e+03	 750.00	 750.00	 10.00	 8	 0.68	 
BFE_102	 2	 20	 2115.jpg	 2.651565e+03	 24	 999000	 240	 999000	 999	 2.652583e+03	 750.00	 750.00	 61.00	 15	 0.53	 
BFE_102	 2	 20	 2207.jpg	 2.653567e+03	 22	 9.067745e+02	 220	 7.500323e+02	 98	 2.654585e+03	 750.00	 766.67	 48.00	 28	 0.80	 
BFE_102	 2	 20	 2118.jpg	 2.656554e+03	 24	 999000	 240	 999000	 999	 2.657572e+03	 750.00	 766.67	 78.00	 18	 0.32	 
BFE_102	 2	 20	 1115.jpg	 2.658556e+03	 12	 999000	 120	 999000	 999	 2.659574e+03	 750.00	 766.67	 22.00	 15	 0.48	 
BFE_102	 2	 20	 1207.jpg	 2.660558e+03	 11	 8.276287e+02	 110	 7.500456e+02	 98	 2.661576e+03	 766.67	 766.67	 8.00	 28	 0.70	 
BFE_102	 2	 20	 2209.jpg	 2.662561e+03	 22	 9.453848e+02	 220	 7.666914e+02	 98	 2.663579e+03	 766.67	 783.33	 56.00	 30	 0.68	 
BFE_102	 2	 20	 1204.jpg	 2.665564e+03	 11	 9.979766e+02	 110	 7.667057e+02	 98	 2.666582e+03	 783.33	 783.33	 11.00	 25	 0.65	 
BFE_102	 2	 20	 1209.jpg	 2.669569e+03	 11	 7.695393e+02	 11	 7.833752e+02	 98	 2.670586e+03	 800.00	 783.33	 16.00	 30	 0.55	 
BFE_102	 2	 20	 1218.jpg	 2.671554e+03	 12	 999000	 120	 999000	 999	 2.672572e+03	 800.00	 783.33	 4.00	 39	 0.79	 
BFE_102	 2	 20	 1211.jpg	 2.673556e+03	 11	 1.165768e+03	 1100	 8.000378e+02	 98	 2.674574e+03	 750.00	 783.33	 9.00	 32	 0.70	 
BFE_102	 2	 20	 1104.jpg	 2.675559e+03	 12	 999000	 120	 999000	 999	 2.676576e+03	 750.00	 783.33	 15.00	 4	 0.56	 
BFE_102	 2	 20	 1201.jpg	 2.677561e+03	 12	 9.930680e+02	 120	 999000	 103	 2.678579e+03	 750.00	 783.33	 13.00	 22	 0.60	 
BFE_102	 2	 20	 2206.jpg	 2.679563e+03	 24	 999000	 240	 999000	 999	 2.680581e+03	 750.00	 783.33	 43.00	 27	 0.87	 
BFE_102	 2	 20	 1110.jpg	 2.683568e+03	 12	 999000	 120	 999000	 999	 2.684585e+03	 750.00	 783.33	 20.00	 10	 0.52	 
BFE_102	 2	 20	 2111.jpg	 2.687555e+03	 24	 1.326714e+03	 24	 999000	 98	 2.688573e+03	 750.00	 783.33	 59.00	 11	 0.62	 
BFE_102	 2	 20	 1208.jpg	 2.689558e+03	 12	 999000	 120	 999000	 999	 2.690575e+03	 750.00	 783.33	 12.00	 29	 0.62	 
BFE_102	 2	 20	 1109.jpg	 2.691560e+03	 12	 999000	 120	 999000	 999	 2.692578e+03	 750.00	 783.33	 21.00	 9	 0.50	 
BFE_102	 2	 20	 2218.jpg	 2.693562e+03	 24	 999000	 240	 999000	 999	 2.694580e+03	 750.00	 783.33	 55.00	 39	 0.72	 
BFE_102	 2	 20	 2217.jpg	 2.695564e+03	 22	 7.497379e+02	 22	 7.833651e+02	 98	 2.696582e+03	 750.00	 800.00	 49.00	 38	 0.76	 
BFE_102	 2	 20	 2201.jpg	 2.701554e+03	 22	 8.400193e+02	 220	 8.000460e+02	 98	 2.702572e+03	 750.00	 816.67	 57.00	 22	 0.66	 
BFE_102	 2	 20	 2110.jpg	 2.703557e+03	 24	 999000	 240	 999000	 999	 2.704574e+03	 750.00	 816.67	 53.00	 10	 0.73	 
