subjectID	 order	 runNum	 itemName	 onsetTime	 shuff_trialType	 RT	 respInTime	 AudioTime	 response	 fixationTime	 ladder1	 ladder2	 bidIndex	 itemNameIndex	 bidValue	 
BFE_203	 1	 14	 1204.jpg	 1.688083e+03	 12	 999000	 120	 999000	 999	 1.689101e+03	 650.00	 716.67	 9.00	 25	 0.72	 
BFE_203	 1	 14	 1102.jpg	 1.691070e+03	 12	 999000	 120	 999000	 999	 1.692088e+03	 650.00	 716.67	 21.00	 2	 0.52	 
BFE_203	 1	 14	 1111.jpg	 1.695074e+03	 11	 8.801309e+02	 110	 6.500385e+02	 98	 1.696092e+03	 666.67	 716.67	 18.00	 11	 0.57	 
BFE_203	 1	 14	 1201.jpg	 1.697077e+03	 11	 9.178039e+02	 110	 6.667353e+02	 98	 1.698094e+03	 683.33	 716.67	 15.00	 22	 0.60	 
BFE_203	 1	 14	 2108.jpg	 1.699079e+03	 24	 999000	 240	 999000	 999	 1.700097e+03	 683.33	 716.67	 77.00	 8	 0.21	 
BFE_203	 1	 14	 2115.jpg	 1.703067e+03	 22	 9.437824e+02	 220	 7.167149e+02	 98	 1.704084e+03	 683.33	 733.33	 53.00	 15	 0.62	 
BFE_203	 1	 14	 1107.jpg	 1.705069e+03	 12	 999000	 120	 999000	 999	 1.706087e+03	 683.33	 733.33	 4.00	 7	 0.80	 
BFE_203	 1	 14	 1206.jpg	 1.710074e+03	 11	 9.199639e+02	 110	 6.833630e+02	 98	 1.711092e+03	 700.00	 733.33	 7.00	 27	 0.74	 
BFE_203	 1	 14	 1110.jpg	 1.712077e+03	 12	 999000	 120	 999000	 999	 1.713094e+03	 700.00	 733.33	 19.00	 10	 0.54	 
BFE_203	 1	 14	 2203.jpg	 1.715080e+03	 24	 999000	 240	 999000	 999	 1.716098e+03	 700.00	 733.33	 78.00	 24	 0.13	 
BFE_203	 1	 14	 2202.jpg	 1.718067e+03	 24	 999000	 240	 999000	 999	 1.719085e+03	 700.00	 733.33	 61.00	 23	 0.49	 
BFE_203	 1	 14	 2103.jpg	 1.722071e+03	 24	 999000	 240	 999000	 999	 1.723089e+03	 700.00	 733.33	 54.00	 3	 0.59	 
BFE_203	 1	 14	 2121.jpg	 1.725075e+03	 24	 999000	 240	 999000	 999	 1.726092e+03	 700.00	 733.33	 44.00	 21	 0.85	 
BFE_203	 1	 14	 1217.jpg	 1.727077e+03	 12	 999000	 120	 999000	 999	 1.728095e+03	 700.00	 733.33	 20.00	 38	 0.53	 
BFE_203	 1	 14	 1202.jpg	 1.730080e+03	 12	 999000	 120	 999000	 999	 1.731098e+03	 700.00	 733.33	 38.00	 23	 0.20	 
BFE_203	 1	 14	 1104.jpg	 1.734068e+03	 12	 999000	 120	 999000	 999	 1.735086e+03	 700.00	 733.33	 11.00	 4	 0.69	 
BFE_203	 1	 14	 2104.jpg	 1.737071e+03	 22	 1.051016e+03	 2200	 7.333687e+02	 98	 1.738089e+03	 700.00	 683.33	 58.00	 4	 0.54	 
BFE_203	 1	 14	 2217.jpg	 1.739074e+03	 24	 999000	 240	 999000	 999	 1.740091e+03	 700.00	 683.33	 59.00	 38	 0.51	 
BFE_203	 1	 14	 2113.jpg	 1.741076e+03	 22	 9.905427e+02	 220	 6.833600e+02	 98	 1.742094e+03	 700.00	 700.00	 50.00	 13	 0.67	 
BFE_203	 1	 14	 2107.jpg	 1.746064e+03	 22	 9.299345e+02	 220	 7.000310e+02	 98	 1.747083e+03	 700.00	 716.67	 55.00	 7	 0.57	 
BFE_203	 1	 14	 1205.jpg	 1.750069e+03	 12	 999000	 120	 999000	 999	 1.751087e+03	 700.00	 716.67	 3.00	 26	 0.80	 
BFE_203	 1	 14	 1109.jpg	 1.754074e+03	 11	 9.284650e+02	 110	 7.000306e+02	 98	 1.755092e+03	 716.67	 716.67	 12.00	 9	 0.67	 
BFE_203	 1	 14	 1117.jpg	 1.760080e+03	 12	 999000	 120	 999000	 999	 1.761098e+03	 716.67	 716.67	 14.00	 17	 0.64	 
BFE_203	 1	 14	 2102.jpg	 1.762066e+03	 24	 999000	 240	 999000	 999	 1.763084e+03	 716.67	 716.67	 49.00	 2	 0.68	 
BFE_203	 1	 14	 1115.jpg	 1.764068e+03	 11	 9.661110e+02	 110	 7.167018e+02	 98	 1.765086e+03	 733.33	 716.67	 10.00	 15	 0.71	 
BFE_203	 1	 14	 1214.jpg	 1.766071e+03	 12	 999000	 120	 999000	 999	 1.767088e+03	 733.33	 716.67	 22.00	 35	 0.49	 
BFE_203	 1	 14	 1113.jpg	 1.768073e+03	 11	 1.073530e+03	 1100	 7.333762e+02	 98	 1.769091e+03	 683.33	 716.67	 13.00	 13	 0.66	 
BFE_203	 1	 14	 2201.jpg	 1.772077e+03	 24	 999000	 240	 999000	 999	 1.773095e+03	 683.33	 716.67	 57.00	 22	 0.54	 
BFE_203	 1	 14	 2205.jpg	 1.774080e+03	 24	 999000	 240	 999000	 999	 1.775097e+03	 683.33	 716.67	 48.00	 26	 0.70	 
BFE_203	 1	 14	 2219.jpg	 1.778067e+03	 24	 999000	 240	 999000	 999	 1.779085e+03	 683.33	 716.67	 56.00	 40	 0.56	 
BFE_203	 1	 14	 2106.jpg	 1.780070e+03	 24	 999000	 240	 999000	 999	 1.781087e+03	 683.33	 716.67	 43.00	 6	 0.88	 
BFE_203	 1	 14	 2204.jpg	 1.782072e+03	 24	 999000	 240	 999000	 999	 1.783090e+03	 683.33	 716.67	 60.00	 25	 0.50	 
BFE_203	 1	 14	 1114.jpg	 1.784074e+03	 12	 999000	 120	 999000	 999	 1.785092e+03	 683.33	 716.67	 8.00	 14	 0.73	 
BFE_203	 1	 14	 1209.jpg	 1.789080e+03	 12	 999000	 120	 999000	 999	 1.790097e+03	 683.33	 716.67	 16.00	 30	 0.58	 
BFE_203	 1	 14	 2216.jpg	 1.791065e+03	 24	 999000	 240	 999000	 999	 1.792083e+03	 683.33	 716.67	 51.00	 37	 0.67	 
BFE_203	 1	 14	 2109.jpg	 1.793067e+03	 22	 9.509135e+02	 220	 7.166986e+02	 98	 1.794085e+03	 683.33	 733.33	 47.00	 9	 0.74	 
BFE_203	 1	 14	 2211.jpg	 1.796071e+03	 24	 999000	 240	 999000	 999	 1.797089e+03	 683.33	 733.33	 62.00	 32	 0.47	 
BFE_203	 1	 14	 1108.jpg	 1.803079e+03	 12	 999000	 120	 999000	 999	 1.804096e+03	 683.33	 733.33	 37.00	 8	 0.21	 
BFE_203	 1	 14	 1105.jpg	 1.807066e+03	 12	 999000	 120	 999000	 999	 1.808084e+03	 683.33	 733.33	 17.00	 5	 0.57	 
BFE_203	 1	 14	 2116.jpg	 1.814074e+03	 22	 1.096040e+03	 2200	 7.333696e+02	 98	 1.815092e+03	 683.33	 683.33	 52.00	 16	 0.67	 
