subjectID	 order	 runNum	 itemName	 onsetTime	 shuff_trialType	 RT	 respInTime	 AudioTime	 response	 fixationTime	 ladder1	 ladder2	 bidIndex	 itemNameIndex	 bidValue	 
BFE_203	 1	 1	 1110.jpg	 1.326663e+00	 12	 999000	 120	 999000	 999	 2.343963e+00	 750.00	 750.00	 19.00	 10	 0.54	 
BFE_203	 1	 1	 1205.jpg	 3.311795e+00	 12	 999000	 120	 999000	 999	 4.329551e+00	 750.00	 750.00	 3.00	 26	 0.80	 
BFE_203	 1	 1	 1204.jpg	 7.316272e+00	 12	 999000	 120	 999000	 999	 8.334085e+00	 750.00	 750.00	 9.00	 25	 0.72	 
BFE_203	 1	 1	 2107.jpg	 1.030267e+01	 22	 1.011699e+03	 2200	 7.500691e+02	 98	 1.132105e+01	 750.00	 700.00	 55.00	 7	 0.57	 
BFE_203	 1	 1	 1105.jpg	 1.230528e+01	 12	 999000	 120	 999000	 999	 1.332292e+01	 750.00	 700.00	 17.00	 5	 0.57	 
BFE_203	 1	 1	 2202.jpg	 1.530857e+01	 24	 999000	 240	 999000	 999	 1.632637e+01	 750.00	 700.00	 61.00	 23	 0.49	 
BFE_203	 1	 1	 2116.jpg	 1.931310e+01	 22	 9.292832e+02	 220	 7.000275e+02	 98	 2.033078e+01	 750.00	 716.67	 52.00	 16	 0.67	 
BFE_203	 1	 1	 2108.jpg	 2.331758e+01	 24	 999000	 240	 999000	 999	 2.433535e+01	 750.00	 716.67	 77.00	 8	 0.21	 
BFE_203	 1	 1	 1201.jpg	 2.530291e+01	 11	 1.083517e+03	 1100	 7.500442e+02	 98	 2.632094e+01	 700.00	 716.67	 15.00	 22	 0.60	 
BFE_203	 1	 1	 1102.jpg	 3.030878e+01	 12	 9.416102e+02	 12	 999000	 98	 3.132657e+01	 700.00	 716.67	 21.00	 2	 0.52	 
BFE_203	 1	 1	 1206.jpg	 3.231101e+01	 11	 1.067395e+03	 1100	 7.000374e+02	 98	 3.332871e+01	 650.00	 716.67	 7.00	 27	 0.74	 
BFE_203	 1	 1	 2205.jpg	 3.431327e+01	 24	 999000	 240	 999000	 999	 3.533101e+01	 650.00	 716.67	 48.00	 26	 0.70	 
BFE_203	 1	 1	 1111.jpg	 4.030300e+01	 11	 9.393853e+02	 110	 6.500344e+02	 98	 4.132098e+01	 666.67	 716.67	 18.00	 11	 0.57	 
BFE_203	 1	 1	 1202.jpg	 4.230558e+01	 12	 999000	 120	 999000	 999	 4.332326e+01	 666.67	 716.67	 38.00	 23	 0.20	 
BFE_203	 1	 1	 1114.jpg	 4.430773e+01	 12	 999000	 120	 999000	 999	 4.532550e+01	 666.67	 716.67	 8.00	 14	 0.73	 
BFE_203	 1	 1	 2217.jpg	 4.630998e+01	 24	 999000	 240	 999000	 999	 4.732777e+01	 666.67	 716.67	 59.00	 38	 0.51	 
BFE_203	 1	 1	 2203.jpg	 5.031456e+01	 24	 999000	 240	 999000	 999	 5.133227e+01	 666.67	 716.67	 78.00	 24	 0.13	 
BFE_203	 1	 1	 1108.jpg	 5.431903e+01	 12	 999000	 120	 999000	 999	 5.533671e+01	 666.67	 716.67	 37.00	 8	 0.21	 
BFE_203	 1	 1	 1214.jpg	 5.730567e+01	 12	 999000	 120	 999000	 999	 5.832343e+01	 666.67	 716.67	 22.00	 35	 0.49	 
BFE_203	 1	 1	 1113.jpg	 6.131012e+01	 11	 8.682854e+02	 110	 6.666941e+02	 98	 6.232788e+01	 683.33	 716.67	 13.00	 13	 0.66	 
BFE_203	 1	 1	 1117.jpg	 6.431356e+01	 12	 999000	 120	 999000	 999	 6.533127e+01	 683.33	 716.67	 14.00	 17	 0.64	 
BFE_203	 1	 1	 2104.jpg	 6.631570e+01	 22	 1.006739e+03	 2200	 7.167021e+02	 98	 6.733353e+01	 683.33	 666.67	 58.00	 4	 0.54	 
BFE_203	 1	 1	 1104.jpg	 7.030335e+01	 12	 999000	 120	 999000	 999	 7.132129e+01	 683.33	 666.67	 11.00	 4	 0.69	 
BFE_203	 1	 1	 2216.jpg	 7.230584e+01	 24	 999000	 240	 999000	 999	 7.332353e+01	 683.33	 666.67	 51.00	 37	 0.67	 
BFE_203	 1	 1	 2102.jpg	 7.430808e+01	 24	 999000	 240	 999000	 999	 7.532577e+01	 683.33	 666.67	 49.00	 2	 0.68	 
BFE_203	 1	 1	 1115.jpg	 7.831261e+01	 11	 9.857692e+02	 110	 6.833684e+02	 98	 7.933037e+01	 700.00	 666.67	 10.00	 15	 0.71	 
BFE_203	 1	 1	 1107.jpg	 8.031473e+01	 12	 999000	 120	 999000	 999	 8.133251e+01	 700.00	 666.67	 4.00	 7	 0.80	 
BFE_203	 1	 1	 2115.jpg	 8.431926e+01	 22	 9.791452e+02	 220	 6.666948e+02	 98	 8.533712e+01	 700.00	 683.33	 53.00	 15	 0.62	 
BFE_203	 1	 1	 2219.jpg	 8.830713e+01	 24	 999000	 240	 999000	 999	 8.932480e+01	 700.00	 683.33	 56.00	 40	 0.56	 
BFE_203	 1	 1	 1217.jpg	 9.131041e+01	 12	 999000	 120	 999000	 999	 9.232821e+01	 700.00	 683.33	 20.00	 38	 0.53	 
BFE_203	 1	 1	 1209.jpg	 9.731718e+01	 12	 999000	 120	 999000	 999	 9.833490e+01	 700.00	 683.33	 16.00	 30	 0.58	 
BFE_203	 1	 1	 2204.jpg	 9.930254e+01	 24	 999000	 240	 999000	 999	 1.003205e+02	 700.00	 683.33	 60.00	 25	 0.50	 
BFE_203	 1	 1	 2109.jpg	 1.033072e+02	 22	 8.952331e+02	 220	 6.833684e+02	 98	 1.043251e+02	 700.00	 700.00	 47.00	 9	 0.74	 
BFE_203	 1	 1	 2103.jpg	 1.053094e+02	 24	 999000	 240	 999000	 999	 1.063273e+02	 700.00	 700.00	 54.00	 3	 0.59	 
BFE_203	 1	 1	 2211.jpg	 1.073117e+02	 24	 999000	 240	 999000	 999	 1.083295e+02	 700.00	 700.00	 62.00	 32	 0.47	 
BFE_203	 1	 1	 2106.jpg	 1.093139e+02	 24	 999000	 240	 999000	 999	 1.103317e+02	 700.00	 700.00	 43.00	 6	 0.88	 
BFE_203	 1	 1	 2113.jpg	 1.143027e+02	 22	 9.317099e+02	 220	 7.000576e+02	 98	 1.153206e+02	 700.00	 716.67	 50.00	 13	 0.67	 
BFE_203	 1	 1	 2121.jpg	 1.163051e+02	 24	 999000	 240	 999000	 999	 1.173230e+02	 700.00	 716.67	 44.00	 21	 0.85	 
BFE_203	 1	 1	 1109.jpg	 1.183075e+02	 11	 9.829117e+02	 110	 7.000270e+02	 98	 1.193253e+02	 716.67	 716.67	 12.00	 9	 0.67	 
BFE_203	 1	 1	 2201.jpg	 1.213109e+02	 24	 999000	 240	 999000	 999	 1.223285e+02	 716.67	 716.67	 57.00	 22	 0.54	 
