subjectID	 order	 runNum	 itemName	 onsetTime	 shuff_trialType	 RT	 respInTime	 AudioTime	 response	 fixationTime	 ladder1	 ladder2	 bidIndex	 itemNameIndex	 bidValue	 
BFE_104	 2	 7	 1207.jpg	 8.168830e+02	 12	 999000	 120	 999000	 999	 8.179009e+02	 816.67	 816.67	 7.00	 28	 0.63	 
BFE_104	 2	 7	 1121.jpg	 8.188687e+02	 11	 6.771330e+02	 11	 8.167225e+02	 98	 8.198864e+02	 833.33	 816.67	 8.00	 21	 0.61	 
BFE_104	 2	 7	 2211.jpg	 8.228731e+02	 22	 7.127614e+02	 22	 8.167177e+02	 98	 8.238909e+02	 833.33	 833.33	 54.00	 32	 0.55	 
BFE_104	 2	 7	 2206.jpg	 8.258764e+02	 22	 5.253981e+02	 22	 8.333877e+02	 98	 8.268943e+02	 833.33	 850.00	 48.00	 27	 0.66	 
BFE_104	 2	 7	 1116.jpg	 8.278788e+02	 12	 999000	 120	 999000	 999	 8.288964e+02	 833.33	 850.00	 15.00	 16	 0.54	 
BFE_104	 2	 7	 2112.jpg	 8.308821e+02	 24	 999000	 240	 999000	 999	 8.318999e+02	 833.33	 850.00	 53.00	 12	 0.58	 
BFE_104	 2	 7	 2107.jpg	 8.348699e+02	 24	 999000	 240	 999000	 999	 8.358877e+02	 833.33	 850.00	 77.00	 7	 0.26	 
BFE_104	 2	 7	 2110.jpg	 8.388744e+02	 24	 999000	 240	 999000	 999	 8.398922e+02	 833.33	 850.00	 59.00	 10	 0.52	 
BFE_104	 2	 7	 2209.jpg	 8.408766e+02	 22	 9.412216e+02	 220	 8.500285e+02	 98	 8.418944e+02	 833.33	 866.67	 49.00	 30	 0.66	 
BFE_104	 2	 7	 1113.jpg	 8.458822e+02	 12	 999000	 120	 999000	 999	 8.469000e+02	 833.33	 866.67	 37.00	 13	 0.34	 
BFE_104	 2	 7	 1115.jpg	 8.478678e+02	 12	 999000	 120	 999000	 999	 8.488856e+02	 833.33	 866.67	 13.00	 15	 0.54	 
BFE_104	 2	 7	 2115.jpg	 8.498700e+02	 24	 999000	 240	 999000	 999	 8.508878e+02	 833.33	 866.67	 55.00	 15	 0.54	 
BFE_104	 2	 7	 2216.jpg	 8.558768e+02	 24	 999000	 240	 999000	 999	 8.568945e+02	 833.33	 866.67	 47.00	 37	 0.67	 
BFE_104	 2	 7	 1102.jpg	 8.578790e+02	 11	 1.034788e+03	 1100	 8.333634e+02	 98	 8.588969e+02	 783.33	 866.67	 14.00	 2	 0.54	 
BFE_104	 2	 7	 2102.jpg	 8.598813e+02	 24	 999000	 240	 999000	 999	 8.608990e+02	 783.33	 866.67	 58.00	 2	 0.52	 
BFE_104	 2	 7	 1211.jpg	 8.618665e+02	 12	 7.353436e+02	 12	 999000	 98	 8.628845e+02	 783.33	 866.67	 20.00	 32	 0.47	 
BFE_104	 2	 7	 1112.jpg	 8.658713e+02	 12	 999000	 120	 999000	 999	 8.668891e+02	 783.33	 866.67	 22.00	 12	 0.47	 
BFE_104	 2	 7	 1104.jpg	 8.698758e+02	 11	 9.660663e+02	 110	 7.833781e+02	 98	 8.708936e+02	 800.00	 866.67	 17.00	 4	 0.50	 
BFE_104	 2	 7	 2103.jpg	 8.728792e+02	 24	 3.386586e+02	 24	 999000	 98	 8.738969e+02	 800.00	 866.67	 43.00	 3	 0.80	 
BFE_104	 2	 7	 2119.jpg	 8.768668e+02	 24	 999000	 240	 999000	 999	 8.778847e+02	 800.00	 866.67	 60.00	 19	 0.51	 
BFE_104	 2	 7	 1103.jpg	 8.798704e+02	 12	 999000	 120	 999000	 999	 8.808881e+02	 800.00	 866.67	 18.00	 3	 0.49	 
BFE_104	 2	 7	 2117.jpg	 8.818727e+02	 24	 999000	 240	 999000	 999	 8.828903e+02	 800.00	 866.67	 78.00	 17	 0.22	 
BFE_104	 2	 7	 1213.jpg	 8.858771e+02	 12	 999000	 120	 999000	 999	 8.868948e+02	 800.00	 866.67	 4.00	 34	 0.71	 
BFE_104	 2	 7	 2208.jpg	 8.878793e+02	 22	 1.066573e+03	 2200	 8.667008e+02	 98	 8.888971e+02	 800.00	 816.67	 57.00	 29	 0.52	 
BFE_104	 2	 7	 1201.jpg	 8.898816e+02	 12	 999000	 120	 999000	 999	 8.908994e+02	 800.00	 816.67	 3.00	 22	 0.73	 
BFE_104	 2	 7	 1212.jpg	 8.938694e+02	 12	 999000	 120	 999000	 999	 8.948871e+02	 800.00	 816.67	 21.00	 33	 0.47	 
BFE_104	 2	 7	 2201.jpg	 8.958716e+02	 24	 999000	 240	 999000	 999	 8.968893e+02	 800.00	 816.67	 52.00	 22	 0.60	 
BFE_104	 2	 7	 1114.jpg	 8.998761e+02	 11	 8.457172e+02	 110	 8.000313e+02	 98	 9.008939e+02	 816.67	 816.67	 16.00	 14	 0.53	 
BFE_104	 2	 7	 1210.jpg	 9.038806e+02	 12	 999000	 120	 999000	 999	 9.048984e+02	 816.67	 816.67	 38.00	 31	 0.30	 
BFE_104	 2	 7	 1215.jpg	 9.068670e+02	 11	 1.126824e+03	 1100	 8.167248e+02	 98	 9.078850e+02	 766.67	 816.67	 11.00	 36	 0.57	 
BFE_104	 2	 7	 2205.jpg	 9.128740e+02	 24	 999000	 240	 999000	 999	 9.138917e+02	 766.67	 816.67	 50.00	 26	 0.65	 
BFE_104	 2	 7	 2114.jpg	 9.148762e+02	 22	 1.213612e+03	 2200	 8.166985e+02	 98	 9.158940e+02	 766.67	 766.67	 51.00	 14	 0.65	 
BFE_104	 2	 7	 2213.jpg	 9.188808e+02	 24	 999000	 240	 999000	 999	 9.198985e+02	 766.67	 766.67	 62.00	 34	 0.49	 
BFE_104	 2	 7	 2217.jpg	 9.208660e+02	 24	 999000	 240	 999000	 999	 9.218840e+02	 766.67	 766.67	 44.00	 38	 0.75	 
BFE_104	 2	 7	 1111.jpg	 9.228686e+02	 12	 999000	 120	 999000	 999	 9.238863e+02	 766.67	 766.67	 12.00	 11	 0.54	 
BFE_104	 2	 7	 2113.jpg	 9.248706e+02	 22	 7.472583e+02	 22	 7.667084e+02	 98	 9.258885e+02	 766.67	 783.33	 56.00	 13	 0.54	 
BFE_104	 2	 7	 2202.jpg	 9.298764e+02	 24	 999000	 240	 999000	 999	 9.308941e+02	 766.67	 783.33	 61.00	 23	 0.50	 
BFE_104	 2	 7	 1204.jpg	 9.318787e+02	 11	 1.051153e+03	 1100	 7.667054e+02	 98	 9.328964e+02	 716.67	 783.33	 9.00	 25	 0.58	 
BFE_104	 2	 7	 1119.jpg	 9.338807e+02	 12	 999000	 120	 999000	 999	 9.348986e+02	 716.67	 783.33	 19.00	 19	 0.49	 
BFE_104	 2	 7	 1118.jpg	 9.368676e+02	 12	 999000	 120	 999000	 999	 9.378854e+02	 716.67	 783.33	 10.00	 18	 0.57	 
