subjectID	 order	 runNum	 itemName	 onsetTime	 shuff_trialType	 RT	 respInTime	 AudioTime	 response	 fixationTime	 ladder1	 ladder2	 bidIndex	 itemNameIndex	 bidValue	 
BFE_105	 1	 11	 1110.jpg	 1.364263e+03	 12	 999000	 120	 999000	 999	 1.365281e+03	 616.67	 683.33	 37.00	 10	 0.20	 
BFE_105	 1	 11	 1216.jpg	 1.366249e+03	 11	 8.013241e+02	 110	 6.167567e+02	 98	 1.367266e+03	 633.33	 683.33	 12.00	 37	 0.64	 
BFE_105	 1	 11	 1215.jpg	 1.370253e+03	 12	 999000	 120	 999000	 999	 1.371271e+03	 633.33	 683.33	 19.00	 36	 0.51	 
BFE_105	 1	 11	 2202.jpg	 1.373257e+03	 24	 999000	 240	 999000	 999	 1.374274e+03	 633.33	 683.33	 56.00	 23	 0.60	 
BFE_105	 1	 11	 2117.jpg	 1.375259e+03	 24	 999000	 240	 999000	 999	 1.376277e+03	 633.33	 683.33	 77.00	 17	 0.20	 
BFE_105	 1	 11	 1219.jpg	 1.378245e+03	 12	 999000	 120	 999000	 999	 1.379263e+03	 633.33	 683.33	 14.00	 40	 0.61	 
BFE_105	 1	 11	 2213.jpg	 1.382250e+03	 22	 8.720582e+02	 220	 6.833781e+02	 98	 1.383268e+03	 633.33	 700.00	 52.00	 34	 0.65	 
BFE_105	 1	 11	 1119.jpg	 1.386255e+03	 12	 999000	 120	 999000	 999	 1.387272e+03	 633.33	 700.00	 21.00	 19	 0.49	 
BFE_105	 1	 11	 2109.jpg	 1.388257e+03	 22	 9.773068e+02	 220	 7.000372e+02	 98	 1.389274e+03	 633.33	 716.67	 58.00	 9	 0.56	 
BFE_105	 1	 11	 2209.jpg	 1.393245e+03	 24	 999000	 240	 999000	 999	 1.394263e+03	 633.33	 716.67	 49.00	 30	 0.73	 
BFE_105	 1	 11	 1121.jpg	 1.395248e+03	 12	 999000	 120	 999000	 999	 1.396266e+03	 633.33	 716.67	 17.00	 21	 0.52	 
BFE_105	 1	 11	 1201.jpg	 1.397250e+03	 12	 999000	 120	 999000	 999	 1.398268e+03	 633.33	 716.67	 4.00	 22	 0.78	 
BFE_105	 1	 11	 2218.jpg	 1.403257e+03	 22	 9.130887e+02	 220	 7.167211e+02	 98	 1.404275e+03	 633.33	 733.33	 55.00	 39	 0.62	 
BFE_105	 1	 11	 1103.jpg	 1.405259e+03	 11	 9.188924e+02	 110	 6.333750e+02	 98	 1.406277e+03	 650.00	 733.33	 15.00	 3	 0.60	 
BFE_105	 1	 11	 2215.jpg	 1.407244e+03	 24	 999000	 240	 999000	 999	 1.408262e+03	 650.00	 733.33	 59.00	 36	 0.54	 
BFE_105	 1	 11	 1213.jpg	 1.409247e+03	 12	 999000	 120	 999000	 999	 1.410265e+03	 650.00	 733.33	 11.00	 34	 0.68	 
BFE_105	 1	 11	 2106.jpg	 1.413251e+03	 22	 1.022807e+03	 2200	 7.333704e+02	 98	 1.414269e+03	 650.00	 683.33	 47.00	 6	 0.74	 
BFE_105	 1	 11	 2114.jpg	 1.417256e+03	 24	 999000	 240	 999000	 999	 1.418274e+03	 650.00	 683.33	 44.00	 14	 0.80	 
BFE_105	 1	 11	 1102.jpg	 1.420259e+03	 11	 9.347011e+02	 110	 6.500360e+02	 98	 1.421277e+03	 666.67	 683.33	 13.00	 2	 0.62	 
BFE_105	 1	 11	 2214.jpg	 1.424247e+03	 24	 999000	 240	 999000	 999	 1.425265e+03	 666.67	 683.33	 54.00	 35	 0.62	 
BFE_105	 1	 11	 2219.jpg	 1.427251e+03	 24	 999000	 240	 999000	 999	 1.428268e+03	 666.67	 683.33	 62.00	 40	 0.51	 
BFE_105	 1	 11	 2118.jpg	 1.429253e+03	 24	 999000	 240	 999000	 999	 1.430271e+03	 666.67	 683.33	 78.00	 18	 0.18	 
BFE_105	 1	 11	 2103.jpg	 1.433257e+03	 24	 999000	 240	 999000	 999	 1.434275e+03	 666.67	 683.33	 43.00	 3	 0.82	 
BFE_105	 1	 11	 1112.jpg	 1.435260e+03	 12	 999000	 120	 999000	 999	 1.436277e+03	 666.67	 683.33	 38.00	 12	 0.20	 
BFE_105	 1	 11	 2217.jpg	 1.437245e+03	 22	 1.005357e+03	 2200	 6.833697e+02	 98	 1.438265e+03	 666.67	 633.33	 53.00	 38	 0.64	 
BFE_105	 1	 11	 1209.jpg	 1.441250e+03	 11	 1.088511e+03	 1100	 6.667051e+02	 98	 1.442267e+03	 616.67	 633.33	 10.00	 30	 0.69	 
BFE_105	 1	 11	 1202.jpg	 1.443252e+03	 12	 999000	 120	 999000	 999	 1.444270e+03	 616.67	 633.33	 8.00	 23	 0.75	 
BFE_105	 1	 11	 1107.jpg	 1.447256e+03	 12	 999000	 120	 999000	 999	 1.448274e+03	 616.67	 633.33	 22.00	 7	 0.45	 
BFE_105	 1	 11	 1208.jpg	 1.451261e+03	 11	 1.037184e+03	 1100	 6.166961e+02	 98	 1.452279e+03	 566.67	 633.33	 18.00	 29	 0.52	 
BFE_105	 1	 11	 1205.jpg	 1.454248e+03	 11	 8.904931e+02	 110	 5.666962e+02	 98	 1.455265e+03	 583.33	 633.33	 7.00	 26	 0.77	 
BFE_105	 1	 11	 2206.jpg	 1.460254e+03	 24	 999000	 240	 999000	 999	 1.461272e+03	 583.33	 633.33	 61.00	 27	 0.52	 
BFE_105	 1	 11	 2204.jpg	 1.462256e+03	 24	 999000	 240	 999000	 999	 1.463274e+03	 583.33	 633.33	 57.00	 25	 0.58	 
BFE_105	 1	 11	 2216.jpg	 1.466244e+03	 22	 9.255991e+02	 220	 6.333587e+02	 98	 1.467262e+03	 583.33	 650.00	 50.00	 37	 0.68	 
BFE_105	 1	 11	 2208.jpg	 1.468247e+03	 24	 999000	 240	 999000	 999	 1.469264e+03	 583.33	 650.00	 60.00	 29	 0.53	 
BFE_105	 1	 11	 1218.jpg	 1.470249e+03	 12	 999000	 120	 999000	 999	 1.471267e+03	 583.33	 650.00	 16.00	 39	 0.60	 
BFE_105	 1	 11	 1106.jpg	 1.472251e+03	 12	 999000	 120	 999000	 999	 1.473269e+03	 583.33	 650.00	 3.00	 6	 0.80	 
BFE_105	 1	 11	 1203.jpg	 1.477257e+03	 12	 999000	 120	 999000	 999	 1.478274e+03	 583.33	 650.00	 20.00	 24	 0.51	 
BFE_105	 1	 11	 1113.jpg	 1.479259e+03	 12	 999000	 120	 999000	 999	 1.480277e+03	 583.33	 650.00	 9.00	 13	 0.70	 
BFE_105	 1	 11	 2211.jpg	 1.481244e+03	 24	 999000	 240	 999000	 999	 1.482262e+03	 583.33	 650.00	 48.00	 32	 0.73	 
BFE_105	 1	 11	 2121.jpg	 1.484248e+03	 24	 999000	 240	 999000	 999	 1.485266e+03	 583.33	 650.00	 51.00	 21	 0.66	 
