subjectID	 order	 runNum	 itemName	 onsetTime	 shuff_trialType	 RT	 respInTime	 AudioTime	 response	 fixationTime	 ladder1	 ladder2	 bidIndex	 itemNameIndex	 bidValue	 
BFE_111	 1	 10	 2110.jpg	 1.525263e+03	 24	 999000	 240	 999000	 999	 1.526281e+03	 650.00	 650.00	 62.00	 10	 0.44	 
BFE_111	 1	 10	 2217.jpg	 1.528250e+03	 24	 999000	 240	 999000	 999	 1.529268e+03	 650.00	 650.00	 43.00	 38	 0.77	 
BFE_111	 1	 10	 1214.jpg	 1.532254e+03	 12	 999000	 120	 999000	 999	 1.533272e+03	 650.00	 650.00	 9.00	 35	 0.63	 
BFE_111	 1	 10	 1116.jpg	 1.534256e+03	 12	 999000	 120	 999000	 999	 1.535274e+03	 650.00	 650.00	 38.00	 16	 0.23	 
BFE_111	 1	 10	 2119.jpg	 1.536259e+03	 24	 999000	 240	 999000	 999	 1.537276e+03	 650.00	 650.00	 77.00	 19	 0.30	 
BFE_111	 1	 10	 1209.jpg	 1.540263e+03	 12	 999000	 120	 999000	 999	 1.541281e+03	 650.00	 650.00	 8.00	 30	 0.64	 
BFE_111	 1	 10	 2111.jpg	 1.542248e+03	 24	 999000	 240	 999000	 999	 1.543267e+03	 650.00	 650.00	 49.00	 11	 0.66	 
BFE_111	 1	 10	 2113.jpg	 1.547254e+03	 24	 999000	 240	 999000	 999	 1.548272e+03	 650.00	 650.00	 51.00	 13	 0.64	 
BFE_111	 1	 10	 2218.jpg	 1.549257e+03	 24	 999000	 240	 999000	 999	 1.550274e+03	 650.00	 650.00	 61.00	 39	 0.45	 
BFE_111	 1	 10	 1213.jpg	 1.552260e+03	 12	 999000	 120	 999000	 999	 1.553278e+03	 650.00	 650.00	 37.00	 34	 0.23	 
BFE_111	 1	 10	 2103.jpg	 1.555263e+03	 24	 999000	 240	 999000	 999	 1.556281e+03	 650.00	 650.00	 57.00	 3	 0.53	 
BFE_111	 1	 10	 1114.jpg	 1.559251e+03	 12	 999000	 120	 999000	 999	 1.560269e+03	 650.00	 650.00	 4.00	 14	 0.79	 
BFE_111	 1	 10	 1210.jpg	 1.562254e+03	 12	 999000	 120	 999000	 999	 1.563272e+03	 650.00	 650.00	 11.00	 31	 0.61	 
BFE_111	 1	 10	 1107.jpg	 1.564257e+03	 11	 9.134187e+02	 110	 6.500567e+02	 98	 1.565275e+03	 666.67	 650.00	 12.00	 7	 0.60	 
BFE_111	 1	 10	 2120.jpg	 1.567260e+03	 22	 1.062093e+03	 2200	 6.500519e+02	 98	 1.568278e+03	 666.67	 600.00	 53.00	 20	 0.60	 
BFE_111	 1	 10	 2207.jpg	 1.571248e+03	 24	 999000	 240	 999000	 999	 1.572266e+03	 666.67	 600.00	 44.00	 28	 0.72	 
BFE_111	 1	 10	 1109.jpg	 1.574251e+03	 12	 999000	 120	 999000	 999	 1.575269e+03	 666.67	 600.00	 17.00	 9	 0.54	 
BFE_111	 1	 10	 2104.jpg	 1.576254e+03	 22	 8.446618e+02	 220	 6.000271e+02	 98	 1.577271e+03	 666.67	 616.67	 55.00	 4	 0.56	 
BFE_111	 1	 10	 1205.jpg	 1.578256e+03	 11	 9.464305e+02	 110	 6.667069e+02	 98	 1.579274e+03	 683.33	 616.67	 18.00	 26	 0.52	 
BFE_111	 1	 10	 2210.jpg	 1.583261e+03	 22	 9.247973e+02	 220	 6.166953e+02	 98	 1.584279e+03	 683.33	 633.33	 52.00	 31	 0.61	 
BFE_111	 1	 10	 1117.jpg	 1.587249e+03	 11	 8.810937e+02	 110	 6.833622e+02	 98	 1.588267e+03	 700.00	 633.33	 15.00	 17	 0.55	 
BFE_111	 1	 10	 1217.jpg	 1.591254e+03	 12	 999000	 120	 999000	 999	 1.592271e+03	 700.00	 633.33	 3.00	 38	 0.87	 
BFE_111	 1	 10	 1102.jpg	 1.597260e+03	 12	 999000	 120	 999000	 999	 1.598278e+03	 700.00	 633.33	 19.00	 2	 0.52	 
BFE_111	 1	 10	 2211.jpg	 1.599263e+03	 22	 9.874821e+02	 220	 6.333633e+02	 98	 1.600280e+03	 700.00	 650.00	 58.00	 32	 0.51	 
BFE_111	 1	 10	 1202.jpg	 1.601248e+03	 12	 999000	 120	 999000	 999	 1.602266e+03	 700.00	 650.00	 22.00	 23	 0.46	 
BFE_111	 1	 10	 1120.jpg	 1.603250e+03	 12	 999000	 120	 999000	 999	 1.604268e+03	 700.00	 650.00	 20.00	 20	 0.49	 
BFE_111	 1	 10	 1219.jpg	 1.605253e+03	 11	 1.045548e+03	 1100	 7.000411e+02	 98	 1.606270e+03	 650.00	 650.00	 13.00	 40	 0.58	 
BFE_111	 1	 10	 1105.jpg	 1.609257e+03	 12	 999000	 120	 999000	 999	 1.610275e+03	 650.00	 650.00	 14.00	 5	 0.57	 
BFE_111	 1	 10	 2112.jpg	 1.611259e+03	 24	 999000	 240	 999000	 999	 1.612277e+03	 650.00	 650.00	 60.00	 12	 0.48	 
BFE_111	 1	 10	 2214.jpg	 1.615247e+03	 22	 9.950728e+02	 220	 6.500361e+02	 98	 1.616265e+03	 650.00	 666.67	 47.00	 35	 0.68	 
BFE_111	 1	 10	 1113.jpg	 1.617249e+03	 12	 999000	 120	 999000	 999	 1.618267e+03	 650.00	 666.67	 21.00	 13	 0.49	 
BFE_111	 1	 10	 2213.jpg	 1.619252e+03	 22	 9.585383e+02	 220	 6.666991e+02	 98	 1.620269e+03	 650.00	 683.33	 50.00	 34	 0.65	 
BFE_111	 1	 10	 1215.jpg	 1.621254e+03	 12	 999000	 120	 999000	 999	 1.622272e+03	 650.00	 683.33	 16.00	 36	 0.54	 
BFE_111	 1	 10	 2216.jpg	 1.626260e+03	 24	 999000	 240	 999000	 999	 1.627277e+03	 650.00	 683.33	 56.00	 37	 0.55	 
BFE_111	 1	 10	 1216.jpg	 1.628262e+03	 11	 8.364583e+02	 110	 6.500318e+02	 98	 1.629280e+03	 666.67	 683.33	 10.00	 37	 0.61	 
BFE_111	 1	 10	 2209.jpg	 1.630247e+03	 24	 999000	 240	 999000	 999	 1.631265e+03	 666.67	 683.33	 54.00	 30	 0.56	 
BFE_111	 1	 10	 2205.jpg	 1.633251e+03	 24	 999000	 240	 999000	 999	 1.634269e+03	 666.67	 683.33	 59.00	 26	 0.50	 
BFE_111	 1	 10	 2116.jpg	 1.640259e+03	 24	 999000	 240	 999000	 999	 1.641276e+03	 666.67	 683.33	 78.00	 16	 0.25	 
BFE_111	 1	 10	 2102.jpg	 1.644263e+03	 24	 999000	 240	 999000	 999	 1.645281e+03	 666.67	 683.33	 48.00	 2	 0.67	 
BFE_111	 1	 10	 1218.jpg	 1.651254e+03	 11	 1.091828e+03	 1100	 6.666961e+02	 98	 1.652272e+03	 616.67	 683.33	 7.00	 39	 0.66	 
