subjectID	 order	 runNum	 itemName	 onsetTime	 shuff_trialType	 RT	 respInTime	 AudioTime	 response	 fixationTime	 ladder1	 ladder2	 bidIndex	 itemNameIndex	 bidValue	 
BFE_104	 2	 1	 2114.jpg	 1.319063e+00	 22	 9.707449e+02	 220	 7.500536e+02	 98	 2.336506e+00	 750.00	 766.67	 51.00	 14	 0.65	 
BFE_104	 2	 1	 1114.jpg	 3.304284e+00	 11	 4.575468e+02	 11	 7.500509e+02	 98	 4.322061e+00	 766.67	 766.67	 16.00	 14	 0.53	 
BFE_104	 2	 1	 1210.jpg	 7.308764e+00	 12	 999000	 120	 999000	 999	 8.326628e+00	 766.67	 766.67	 38.00	 31	 0.30	 
BFE_104	 2	 1	 1207.jpg	 1.031217e+01	 12	 999000	 120	 999000	 999	 1.132997e+01	 766.67	 766.67	 7.00	 28	 0.63	 
BFE_104	 2	 1	 1112.jpg	 1.231441e+01	 12	 999000	 120	 999000	 999	 1.333224e+01	 766.67	 766.67	 22.00	 12	 0.47	 
BFE_104	 2	 1	 1115.jpg	 1.531776e+01	 12	 999000	 120	 999000	 999	 1.633556e+01	 766.67	 766.67	 13.00	 15	 0.54	 
BFE_104	 2	 1	 1201.jpg	 1.930559e+01	 12	 999000	 120	 999000	 999	 2.032338e+01	 766.67	 766.67	 3.00	 22	 0.73	 
BFE_104	 2	 1	 1211.jpg	 2.331009e+01	 12	 999000	 120	 999000	 999	 2.432788e+01	 766.67	 766.67	 20.00	 32	 0.47	 
BFE_104	 2	 1	 1103.jpg	 2.531236e+01	 12	 999000	 120	 999000	 999	 2.633009e+01	 766.67	 766.67	 18.00	 3	 0.49	 
BFE_104	 2	 1	 2216.jpg	 3.031796e+01	 24	 999000	 240	 999000	 999	 3.133575e+01	 766.67	 766.67	 47.00	 37	 0.67	 
BFE_104	 2	 1	 1215.jpg	 3.230324e+01	 11	 1.018577e+03	 1100	 7.666957e+02	 98	 3.332130e+01	 716.67	 766.67	 11.00	 36	 0.57	 
BFE_104	 2	 1	 1213.jpg	 3.430579e+01	 12	 999000	 120	 999000	 999	 3.532345e+01	 716.67	 766.67	 4.00	 34	 0.71	 
BFE_104	 2	 1	 2206.jpg	 4.031250e+01	 22	 9.933518e+02	 220	 7.667022e+02	 98	 4.133022e+01	 716.67	 783.33	 48.00	 27	 0.66	 
BFE_104	 2	 1	 1102.jpg	 4.231465e+01	 11	 9.911808e+02	 110	 7.167038e+02	 98	 4.333251e+01	 733.33	 783.33	 14.00	 2	 0.54	 
BFE_104	 2	 1	 2217.jpg	 4.431701e+01	 24	 999000	 240	 999000	 999	 4.533475e+01	 733.33	 783.33	 44.00	 38	 0.75	 
BFE_104	 2	 1	 1121.jpg	 4.630216e+01	 11	 9.476620e+02	 110	 7.333603e+02	 98	 4.732024e+01	 750.00	 783.33	 8.00	 21	 0.61	 
BFE_104	 2	 1	 1116.jpg	 5.030697e+01	 12	 999000	 120	 999000	 999	 5.132474e+01	 750.00	 783.33	 15.00	 16	 0.54	 
BFE_104	 2	 1	 2102.jpg	 5.431150e+01	 24	 999000	 240	 999000	 999	 5.532937e+01	 750.00	 783.33	 58.00	 2	 0.52	 
BFE_104	 2	 1	 1113.jpg	 5.731486e+01	 12	 999000	 120	 999000	 999	 5.833261e+01	 750.00	 783.33	 37.00	 13	 0.34	 
BFE_104	 2	 1	 2202.jpg	 6.130246e+01	 24	 999000	 240	 999000	 999	 6.232047e+01	 750.00	 783.33	 61.00	 23	 0.50	 
BFE_104	 2	 1	 1111.jpg	 6.430606e+01	 12	 999000	 120	 999000	 999	 6.532385e+01	 750.00	 783.33	 12.00	 11	 0.54	 
BFE_104	 2	 1	 2201.jpg	 6.630834e+01	 24	 999000	 240	 999000	 999	 6.732601e+01	 750.00	 783.33	 52.00	 22	 0.60	 
BFE_104	 2	 1	 2211.jpg	 7.031274e+01	 22	 9.770858e+02	 220	 7.833717e+02	 98	 7.133052e+01	 750.00	 800.00	 54.00	 32	 0.55	 
BFE_104	 2	 1	 2209.jpg	 7.231495e+01	 22	 1.166904e+03	 2200	 8.000287e+02	 98	 7.333274e+01	 750.00	 750.00	 49.00	 30	 0.66	 
BFE_104	 2	 1	 1204.jpg	 7.431722e+01	 11	 9.806019e+02	 110	 7.500460e+02	 98	 7.533500e+01	 766.67	 750.00	 9.00	 25	 0.58	 
BFE_104	 2	 1	 2110.jpg	 7.830502e+01	 24	 3.128080e+02	 24	 999000	 98	 7.932285e+01	 766.67	 750.00	 59.00	 10	 0.52	 
BFE_104	 2	 1	 1212.jpg	 8.030726e+01	 12	 999000	 120	 999000	 999	 8.132508e+01	 766.67	 750.00	 21.00	 33	 0.47	 
BFE_104	 2	 1	 2115.jpg	 8.431185e+01	 24	 999000	 240	 999000	 999	 8.532967e+01	 766.67	 750.00	 55.00	 15	 0.54	 
BFE_104	 2	 1	 2113.jpg	 8.831623e+01	 22	 9.495981e+02	 220	 7.500569e+02	 98	 8.933410e+01	 766.67	 766.67	 56.00	 13	 0.54	 
BFE_104	 2	 1	 1104.jpg	 9.130301e+01	 11	 9.548207e+02	 110	 7.666950e+02	 98	 9.232072e+01	 783.33	 766.67	 17.00	 4	 0.50	 
BFE_104	 2	 1	 2117.jpg	 9.730965e+01	 24	 999000	 240	 999000	 999	 9.832752e+01	 783.33	 766.67	 78.00	 17	 0.22	 
BFE_104	 2	 1	 2103.jpg	 9.931199e+01	 24	 9.938320e+02	 24	 999000	 98	 1.003298e+02	 783.33	 766.67	 43.00	 3	 0.80	 
BFE_104	 2	 1	 2208.jpg	 1.033165e+02	 22	 1.069391e+03	 2200	 7.666998e+02	 98	 1.043342e+02	 783.33	 716.67	 57.00	 29	 0.52	 
BFE_104	 2	 1	 2213.jpg	 1.053017e+02	 24	 999000	 240	 999000	 999	 1.063199e+02	 783.33	 716.67	 62.00	 34	 0.49	 
BFE_104	 2	 1	 2107.jpg	 1.073042e+02	 24	 999000	 240	 999000	 999	 1.083220e+02	 783.33	 716.67	 77.00	 7	 0.26	 
BFE_104	 2	 1	 1119.jpg	 1.093066e+02	 12	 999000	 120	 999000	 999	 1.103242e+02	 783.33	 716.67	 19.00	 19	 0.49	 
BFE_104	 2	 1	 1118.jpg	 1.143121e+02	 12	 999000	 120	 999000	 999	 1.153300e+02	 783.33	 716.67	 10.00	 18	 0.57	 
BFE_104	 2	 1	 2205.jpg	 1.163143e+02	 24	 999000	 240	 999000	 999	 1.173320e+02	 783.33	 716.67	 50.00	 26	 0.65	 
BFE_104	 2	 1	 2119.jpg	 1.183166e+02	 24	 999000	 240	 999000	 999	 1.193344e+02	 783.33	 716.67	 60.00	 19	 0.51	 
BFE_104	 2	 1	 2112.jpg	 1.213033e+02	 24	 999000	 240	 999000	 999	 1.223210e+02	 783.33	 716.67	 53.00	 12	 0.58	 
