subjectID	 order	 runNum	 itemName	 onsetTime	 shuff_trialType	 RT	 respInTime	 AudioTime	 response	 fixationTime	 ladder1	 ladder2	 bidIndex	 itemNameIndex	 bidValue	 
BFE_104	 2	 10	 1207.jpg	 1.189117e+03	 12	 999000	 120	 999000	 999	 1.190135e+03	 716.67	 783.33	 7.00	 28	 0.63	 
BFE_104	 2	 10	 1210.jpg	 1.194106e+03	 12	 999000	 120	 999000	 999	 1.195124e+03	 716.67	 783.33	 38.00	 31	 0.30	 
BFE_104	 2	 10	 1116.jpg	 1.196108e+03	 12	 999000	 120	 999000	 999	 1.197126e+03	 716.67	 783.33	 15.00	 16	 0.54	 
BFE_104	 2	 10	 2202.jpg	 1.198110e+03	 24	 999000	 240	 999000	 999	 1.199128e+03	 716.67	 783.33	 61.00	 23	 0.50	 
BFE_104	 2	 10	 2117.jpg	 1.204101e+03	 24	 999000	 240	 999000	 999	 1.205118e+03	 716.67	 783.33	 78.00	 17	 0.22	 
BFE_104	 2	 10	 1201.jpg	 1.206103e+03	 12	 999000	 120	 999000	 999	 1.207121e+03	 716.67	 783.33	 3.00	 22	 0.73	 
BFE_104	 2	 10	 2209.jpg	 1.209106e+03	 22	 7.357556e+02	 22	 7.833854e+02	 98	 1.210124e+03	 716.67	 800.00	 49.00	 30	 0.66	 
BFE_104	 2	 10	 1213.jpg	 1.211108e+03	 12	 999000	 120	 999000	 999	 1.212126e+03	 716.67	 800.00	 4.00	 34	 0.71	 
BFE_104	 2	 10	 2103.jpg	 1.215113e+03	 24	 999000	 240	 999000	 999	 1.216131e+03	 716.67	 800.00	 43.00	 3	 0.80	 
BFE_104	 2	 10	 2114.jpg	 1.217098e+03	 22	 9.516838e+02	 220	 8.000294e+02	 98	 1.218116e+03	 716.67	 816.67	 51.00	 14	 0.65	 
BFE_104	 2	 10	 1104.jpg	 1.222104e+03	 11	 5.057852e+02	 11	 7.167181e+02	 98	 1.223122e+03	 733.33	 816.67	 17.00	 4	 0.50	 
BFE_104	 2	 10	 1102.jpg	 1.229112e+03	 11	 3.938818e+02	 11	 7.333682e+02	 98	 1.230130e+03	 750.00	 816.67	 14.00	 2	 0.54	 
BFE_104	 2	 10	 2102.jpg	 1.231114e+03	 24	 999000	 240	 999000	 999	 1.232132e+03	 750.00	 816.67	 58.00	 2	 0.52	 
BFE_104	 2	 10	 1212.jpg	 1.234101e+03	 12	 999000	 120	 999000	 999	 1.235119e+03	 750.00	 816.67	 21.00	 33	 0.47	 
BFE_104	 2	 10	 2113.jpg	 1.237104e+03	 22	 9.937301e+02	 220	 8.167228e+02	 98	 1.238122e+03	 750.00	 833.33	 56.00	 13	 0.54	 
BFE_104	 2	 10	 1211.jpg	 1.241109e+03	 12	 999000	 120	 999000	 999	 1.242126e+03	 750.00	 833.33	 20.00	 32	 0.47	 
BFE_104	 2	 10	 1119.jpg	 1.245113e+03	 12	 999000	 120	 999000	 999	 1.246131e+03	 750.00	 833.33	 19.00	 19	 0.49	 
BFE_104	 2	 10	 1204.jpg	 1.249101e+03	 11	 7.728982e+02	 110	 7.500342e+02	 98	 1.250119e+03	 766.67	 833.33	 9.00	 25	 0.58	 
BFE_104	 2	 10	 2213.jpg	 1.252104e+03	 24	 999000	 240	 999000	 999	 1.253122e+03	 766.67	 833.33	 62.00	 34	 0.49	 
BFE_104	 2	 10	 2205.jpg	 1.258111e+03	 24	 999000	 240	 999000	 999	 1.259129e+03	 766.67	 833.33	 50.00	 26	 0.65	 
BFE_104	 2	 10	 2115.jpg	 1.260113e+03	 24	 999000	 240	 999000	 999	 1.261131e+03	 766.67	 833.33	 55.00	 15	 0.54	 
BFE_104	 2	 10	 2110.jpg	 1.263100e+03	 24	 999000	 240	 999000	 999	 1.264118e+03	 766.67	 833.33	 59.00	 10	 0.52	 
BFE_104	 2	 10	 1121.jpg	 1.265102e+03	 11	 9.155981e+02	 110	 7.667160e+02	 98	 1.266120e+03	 783.33	 833.33	 8.00	 21	 0.61	 
BFE_104	 2	 10	 2206.jpg	 1.267104e+03	 22	 4.093769e+02	 22	 8.333657e+02	 98	 1.268122e+03	 783.33	 850.00	 48.00	 27	 0.66	 
BFE_104	 2	 10	 2216.jpg	 1.269107e+03	 24	 999000	 240	 999000	 999	 1.270125e+03	 783.33	 850.00	 47.00	 37	 0.67	 
BFE_104	 2	 10	 2211.jpg	 1.272110e+03	 22	 1.059749e+03	 2200	 8.500394e+02	 98	 1.273128e+03	 783.33	 800.00	 54.00	 32	 0.55	 
BFE_104	 2	 10	 1118.jpg	 1.276115e+03	 12	 999000	 120	 999000	 999	 1.277132e+03	 783.33	 800.00	 10.00	 18	 0.57	 
BFE_104	 2	 10	 2201.jpg	 1.278100e+03	 24	 999000	 240	 999000	 999	 1.279118e+03	 783.33	 800.00	 52.00	 22	 0.60	 
BFE_104	 2	 10	 1111.jpg	 1.280102e+03	 12	 999000	 120	 999000	 999	 1.281120e+03	 783.33	 800.00	 12.00	 11	 0.54	 
BFE_104	 2	 10	 2208.jpg	 1.282105e+03	 22	 6.411916e+02	 22	 8.000378e+02	 98	 1.283122e+03	 783.33	 816.67	 57.00	 29	 0.52	 
BFE_104	 2	 10	 2112.jpg	 1.284107e+03	 24	 999000	 240	 999000	 999	 1.285125e+03	 783.33	 816.67	 53.00	 12	 0.58	 
BFE_104	 2	 10	 1115.jpg	 1.286109e+03	 12	 999000	 120	 999000	 999	 1.287127e+03	 783.33	 816.67	 13.00	 15	 0.54	 
BFE_104	 2	 10	 1215.jpg	 1.290114e+03	 11	 5.361594e+02	 11	 7.833634e+02	 98	 1.291131e+03	 800.00	 816.67	 11.00	 36	 0.57	 
BFE_104	 2	 10	 1112.jpg	 1.294101e+03	 12	 999000	 120	 999000	 999	 1.295119e+03	 800.00	 816.67	 22.00	 12	 0.47	 
BFE_104	 2	 10	 2119.jpg	 1.296104e+03	 24	 999000	 240	 999000	 999	 1.297121e+03	 800.00	 816.67	 60.00	 19	 0.51	 
BFE_104	 2	 10	 1113.jpg	 1.298106e+03	 12	 7.678904e+02	 12	 999000	 98	 1.299124e+03	 800.00	 816.67	 37.00	 13	 0.34	 
BFE_104	 2	 10	 1114.jpg	 1.300108e+03	 11	 6.456030e+02	 11	 8.000415e+02	 98	 1.301126e+03	 816.67	 816.67	 16.00	 14	 0.53	 
BFE_104	 2	 10	 2107.jpg	 1.302110e+03	 24	 999000	 240	 999000	 999	 1.303128e+03	 816.67	 816.67	 77.00	 7	 0.26	 
BFE_104	 2	 10	 2217.jpg	 1.308101e+03	 24	 999000	 240	 999000	 999	 1.309118e+03	 816.67	 816.67	 44.00	 38	 0.75	 
BFE_104	 2	 10	 1103.jpg	 1.310103e+03	 12	 999000	 120	 999000	 999	 1.311120e+03	 816.67	 816.67	 18.00	 3	 0.49	 
