subjectID	 order	 runNum	 itemName	 onsetTime	 shuff_trialType	 RT	 respInTime	 AudioTime	 response	 fixationTime	 ladder1	 ladder2	 bidIndex	 itemNameIndex	 bidValue	 
BFE_201	 1	 9	 1209.jpg	 1.009485e+03	 11	 8.287479e+02	 110	 5.500697e+02	 98	 1.010503e+03	 566.67	 550.00	 15.00	 30	 0.59	 
BFE_201	 1	 9	 2217.jpg	 1.012472e+03	 22	 9.139753e+02	 220	 5.500504e+02	 98	 1.013490e+03	 566.67	 566.67	 47.00	 38	 0.72	 
BFE_201	 1	 9	 2109.jpg	 1.014474e+03	 22	 8.236948e+02	 220	 5.666972e+02	 98	 1.015492e+03	 566.67	 583.33	 53.00	 9	 0.64	 
BFE_201	 1	 9	 2116.jpg	 1.016476e+03	 24	 999000	 240	 999000	 999	 1.017494e+03	 566.67	 583.33	 56.00	 16	 0.59	 
BFE_201	 1	 9	 2209.jpg	 1.018479e+03	 22	 8.992044e+02	 220	 5.833743e+02	 98	 1.019496e+03	 566.67	 600.00	 50.00	 30	 0.68	 
BFE_201	 1	 9	 1121.jpg	 1.021482e+03	 12	 999000	 120	 999000	 999	 1.022500e+03	 566.67	 600.00	 4.00	 21	 0.83	 
BFE_201	 1	 9	 1218.jpg	 1.023468e+03	 11	 9.263026e+02	 110	 5.666966e+02	 98	 1.024485e+03	 583.33	 600.00	 7.00	 39	 0.76	 
BFE_201	 1	 9	 1102.jpg	 1.027472e+03	 12	 999000	 120	 999000	 999	 1.028490e+03	 583.33	 600.00	 22.00	 2	 0.48	 
BFE_201	 1	 9	 2218.jpg	 1.029474e+03	 24	 999000	 240	 999000	 999	 1.030492e+03	 583.33	 600.00	 48.00	 39	 0.71	 
BFE_201	 1	 9	 2204.jpg	 1.034480e+03	 22	 1.002012e+03	 2200	 6.000367e+02	 98	 1.035498e+03	 583.33	 550.00	 55.00	 25	 0.59	 
BFE_201	 1	 9	 2206.jpg	 1.036482e+03	 24	 999000	 240	 999000	 999	 1.037501e+03	 583.33	 550.00	 49.00	 27	 0.69	 
BFE_201	 1	 9	 1214.jpg	 1.040470e+03	 12	 999000	 120	 999000	 999	 1.041488e+03	 583.33	 550.00	 14.00	 35	 0.62	 
BFE_201	 1	 9	 2215.jpg	 1.042472e+03	 24	 999000	 240	 999000	 999	 1.043490e+03	 583.33	 550.00	 43.00	 36	 0.82	 
BFE_201	 1	 9	 2208.jpg	 1.045476e+03	 24	 999000	 240	 999000	 999	 1.046493e+03	 583.33	 550.00	 60.00	 29	 0.52	 
BFE_201	 1	 9	 2118.jpg	 1.050481e+03	 24	 999000	 240	 999000	 999	 1.051499e+03	 583.33	 550.00	 78.00	 18	 0.18	 
BFE_201	 1	 9	 1108.jpg	 1.052466e+03	 12	 999000	 120	 999000	 999	 1.053485e+03	 583.33	 550.00	 38.00	 8	 0.17	 
BFE_201	 1	 9	 1207.jpg	 1.054469e+03	 12	 999000	 120	 999000	 999	 1.055487e+03	 583.33	 550.00	 16.00	 28	 0.59	 
BFE_201	 1	 9	 2211.jpg	 1.058473e+03	 24	 999000	 240	 999000	 999	 1.059491e+03	 583.33	 550.00	 62.00	 32	 0.49	 
BFE_201	 1	 9	 1116.jpg	 1.062478e+03	 12	 999000	 120	 999000	 999	 1.063496e+03	 583.33	 550.00	 20.00	 16	 0.53	 
BFE_201	 1	 9	 1105.jpg	 1.066482e+03	 12	 999000	 120	 999000	 999	 1.067500e+03	 583.33	 550.00	 37.00	 5	 0.18	 
BFE_201	 1	 9	 1216.jpg	 1.068468e+03	 12	 999000	 120	 999000	 999	 1.069486e+03	 583.33	 550.00	 8.00	 37	 0.72	 
BFE_201	 1	 9	 2214.jpg	 1.070470e+03	 22	 9.156406e+02	 220	 5.500328e+02	 98	 1.071488e+03	 583.33	 566.67	 58.00	 35	 0.56	 
BFE_201	 1	 9	 1205.jpg	 1.072473e+03	 12	 999000	 120	 999000	 999	 1.073490e+03	 583.33	 566.67	 3.00	 26	 0.83	 
BFE_201	 1	 9	 1109.jpg	 1.074475e+03	 11	 9.431480e+02	 110	 5.833576e+02	 98	 1.075492e+03	 600.00	 566.67	 10.00	 9	 0.67	 
BFE_201	 1	 9	 2114.jpg	 1.080481e+03	 24	 999000	 240	 999000	 999	 1.081499e+03	 600.00	 566.67	 54.00	 14	 0.60	 
BFE_201	 1	 9	 2110.jpg	 1.083468e+03	 22	 8.937711e+02	 220	 5.666983e+02	 98	 1.084486e+03	 600.00	 583.33	 52.00	 10	 0.67	 
BFE_201	 1	 9	 1211.jpg	 1.085470e+03	 11	 8.835091e+02	 110	 6.000602e+02	 98	 1.086488e+03	 616.67	 583.33	 12.00	 32	 0.63	 
BFE_201	 1	 9	 2103.jpg	 1.087473e+03	 24	 999000	 240	 999000	 999	 1.088490e+03	 616.67	 583.33	 57.00	 3	 0.58	 
BFE_201	 1	 9	 1203.jpg	 1.090476e+03	 11	 9.339770e+02	 110	 6.167002e+02	 98	 1.091494e+03	 633.33	 583.33	 18.00	 24	 0.54	 
BFE_201	 1	 9	 1219.jpg	 1.092478e+03	 12	 999000	 120	 999000	 999	 1.093496e+03	 633.33	 583.33	 21.00	 40	 0.52	 
BFE_201	 1	 9	 2212.jpg	 1.094481e+03	 24	 999000	 240	 999000	 999	 1.095498e+03	 633.33	 583.33	 61.00	 33	 0.52	 
BFE_201	 1	 9	 1114.jpg	 1.096466e+03	 11	 9.597164e+02	 110	 6.333762e+02	 98	 1.097484e+03	 650.00	 583.33	 13.00	 14	 0.62	 
BFE_201	 1	 9	 2120.jpg	 1.099469e+03	 24	 999000	 240	 999000	 999	 1.100487e+03	 650.00	 583.33	 51.00	 20	 0.67	 
BFE_201	 1	 9	 2213.jpg	 1.101472e+03	 24	 999000	 240	 999000	 999	 1.102489e+03	 650.00	 583.33	 44.00	 34	 0.78	 
BFE_201	 1	 9	 1103.jpg	 1.103474e+03	 12	 999000	 120	 999000	 999	 1.104492e+03	 650.00	 583.33	 9.00	 3	 0.70	 
BFE_201	 1	 9	 1217.jpg	 1.105476e+03	 12	 999000	 120	 999000	 999	 1.106494e+03	 650.00	 583.33	 19.00	 38	 0.53	 
BFE_201	 1	 9	 1206.jpg	 1.107478e+03	 12	 999000	 120	 999000	 999	 1.108496e+03	 650.00	 583.33	 11.00	 27	 0.64	 
BFE_201	 1	 9	 2117.jpg	 1.113468e+03	 24	 999000	 240	 999000	 999	 1.114486e+03	 650.00	 583.33	 77.00	 17	 0.19	 
BFE_201	 1	 9	 1208.jpg	 1.116472e+03	 12	 999000	 120	 999000	 999	 1.117490e+03	 650.00	 583.33	 17.00	 29	 0.58	 
BFE_201	 1	 9	 2205.jpg	 1.120476e+03	 24	 999000	 240	 999000	 999	 1.121494e+03	 650.00	 583.33	 59.00	 26	 0.55	 
