subjectID	 order	 runNum	 itemName	 onsetTime	 shuff_trialType	 RT	 respInTime	 AudioTime	 response	 fixationTime	 ladder1	 ladder2	 bidIndex	 itemNameIndex	 bidValue	 
BFE_203	 1	 8	 2217.jpg	 9.373585e+02	 24	 999000	 240	 999000	 999	 9.383763e+02	 650.00	 650.00	 59.00	 38	 0.51	 
BFE_203	 1	 8	 1214.jpg	 9.393441e+02	 12	 999000	 120	 999000	 999	 9.403618e+02	 650.00	 650.00	 22.00	 35	 0.49	 
BFE_203	 1	 8	 2204.jpg	 9.433485e+02	 24	 999000	 240	 999000	 999	 9.443663e+02	 650.00	 650.00	 60.00	 25	 0.50	 
BFE_203	 1	 8	 2109.jpg	 9.463520e+02	 22	 8.904696e+02	 220	 6.500418e+02	 98	 9.473697e+02	 650.00	 666.67	 47.00	 9	 0.74	 
BFE_203	 1	 8	 1217.jpg	 9.483542e+02	 12	 999000	 120	 999000	 999	 9.493720e+02	 650.00	 666.67	 20.00	 38	 0.53	 
BFE_203	 1	 8	 2113.jpg	 9.513409e+02	 22	 9.015014e+02	 220	 6.666935e+02	 98	 9.523587e+02	 650.00	 683.33	 50.00	 13	 0.67	 
BFE_203	 1	 8	 1108.jpg	 9.553453e+02	 12	 999000	 120	 999000	 999	 9.563631e+02	 650.00	 683.33	 37.00	 8	 0.21	 
BFE_203	 1	 8	 2102.jpg	 9.593498e+02	 24	 999000	 240	 999000	 999	 9.603677e+02	 650.00	 683.33	 49.00	 2	 0.68	 
BFE_203	 1	 8	 2115.jpg	 9.613521e+02	 22	 9.703207e+02	 220	 6.833683e+02	 98	 9.623698e+02	 650.00	 700.00	 53.00	 15	 0.62	 
BFE_203	 1	 8	 2106.jpg	 9.663410e+02	 24	 999000	 240	 999000	 999	 9.673589e+02	 650.00	 700.00	 43.00	 6	 0.88	 
BFE_203	 1	 8	 1114.jpg	 9.683432e+02	 12	 999000	 120	 999000	 999	 9.693610e+02	 650.00	 700.00	 8.00	 14	 0.73	 
BFE_203	 1	 8	 1105.jpg	 9.703457e+02	 12	 999000	 120	 999000	 999	 9.713633e+02	 650.00	 700.00	 17.00	 5	 0.57	 
BFE_203	 1	 8	 1201.jpg	 9.763522e+02	 11	 8.661792e+02	 110	 6.500439e+02	 98	 9.773700e+02	 666.67	 700.00	 15.00	 22	 0.60	 
BFE_203	 1	 8	 1117.jpg	 9.783544e+02	 12	 999000	 120	 999000	 999	 9.793722e+02	 666.67	 700.00	 14.00	 17	 0.64	 
BFE_203	 1	 8	 2104.jpg	 9.803401e+02	 22	 9.503186e+02	 220	 7.000398e+02	 98	 9.813578e+02	 666.67	 716.67	 58.00	 4	 0.54	 
BFE_203	 1	 8	 1110.jpg	 9.823423e+02	 12	 999000	 120	 999000	 999	 9.833601e+02	 666.67	 716.67	 19.00	 10	 0.54	 
BFE_203	 1	 8	 2121.jpg	 9.863467e+02	 24	 999000	 240	 999000	 999	 9.873646e+02	 666.67	 716.67	 44.00	 21	 0.85	 
BFE_203	 1	 8	 2211.jpg	 9.903513e+02	 24	 999000	 240	 999000	 999	 9.913691e+02	 666.67	 716.67	 62.00	 32	 0.47	 
BFE_203	 1	 8	 2201.jpg	 9.933546e+02	 24	 999000	 240	 999000	 999	 9.943724e+02	 666.67	 716.67	 57.00	 22	 0.54	 
BFE_203	 1	 8	 1115.jpg	 9.973425e+02	 11	 9.159053e+02	 110	 6.666975e+02	 98	 9.983602e+02	 683.33	 716.67	 10.00	 15	 0.71	 
BFE_203	 1	 8	 1102.jpg	 1.000346e+03	 12	 999000	 120	 999000	 999	 1.001364e+03	 683.33	 716.67	 21.00	 2	 0.52	 
BFE_203	 1	 8	 1111.jpg	 1.002348e+03	 11	 9.983468e+02	 110	 6.833639e+02	 98	 1.003366e+03	 700.00	 716.67	 18.00	 11	 0.57	 
BFE_203	 1	 8	 1204.jpg	 1.006353e+03	 12	 999000	 120	 999000	 999	 1.007370e+03	 700.00	 716.67	 9.00	 25	 0.72	 
BFE_203	 1	 8	 2203.jpg	 1.008355e+03	 24	 999000	 240	 999000	 999	 1.009373e+03	 700.00	 716.67	 78.00	 24	 0.13	 
BFE_203	 1	 8	 2219.jpg	 1.010340e+03	 24	 999000	 240	 999000	 999	 1.011358e+03	 700.00	 716.67	 56.00	 40	 0.56	 
BFE_203	 1	 8	 1206.jpg	 1.014345e+03	 11	 9.376147e+02	 110	 7.000330e+02	 98	 1.015363e+03	 716.67	 716.67	 7.00	 27	 0.74	 
BFE_203	 1	 8	 1205.jpg	 1.016347e+03	 12	 999000	 120	 999000	 999	 1.017365e+03	 716.67	 716.67	 3.00	 26	 0.80	 
BFE_203	 1	 8	 1209.jpg	 1.020352e+03	 12	 999000	 120	 999000	 999	 1.021369e+03	 716.67	 716.67	 16.00	 30	 0.58	 
BFE_203	 1	 8	 1104.jpg	 1.024339e+03	 12	 999000	 120	 999000	 999	 1.025357e+03	 716.67	 716.67	 11.00	 4	 0.69	 
BFE_203	 1	 8	 1109.jpg	 1.027343e+03	 11	 9.556311e+02	 110	 7.166929e+02	 98	 1.028360e+03	 733.33	 716.67	 12.00	 9	 0.67	 
BFE_203	 1	 8	 1113.jpg	 1.033350e+03	 11	 1.004879e+03	 1100	 7.333660e+02	 98	 1.034367e+03	 683.33	 716.67	 13.00	 13	 0.66	 
BFE_203	 1	 8	 1107.jpg	 1.035352e+03	 12	 999000	 120	 999000	 999	 1.036369e+03	 683.33	 716.67	 4.00	 7	 0.80	 
BFE_203	 1	 8	 2103.jpg	 1.039339e+03	 24	 999000	 240	 999000	 999	 1.040357e+03	 683.33	 716.67	 54.00	 3	 0.59	 
BFE_203	 1	 8	 2107.jpg	 1.041342e+03	 22	 1.060691e+03	 2200	 7.166963e+02	 98	 1.042360e+03	 683.33	 666.67	 55.00	 7	 0.57	 
BFE_203	 1	 8	 2116.jpg	 1.043344e+03	 22	 9.303471e+02	 220	 6.666990e+02	 98	 1.044362e+03	 683.33	 683.33	 52.00	 16	 0.67	 
BFE_203	 1	 8	 2205.jpg	 1.045346e+03	 24	 999000	 240	 999000	 999	 1.046364e+03	 683.33	 683.33	 48.00	 26	 0.70	 
BFE_203	 1	 8	 2202.jpg	 1.050352e+03	 24	 999000	 240	 999000	 999	 1.051370e+03	 683.33	 683.33	 61.00	 23	 0.49	 
BFE_203	 1	 8	 1202.jpg	 1.052354e+03	 12	 999000	 120	 999000	 999	 1.053372e+03	 683.33	 683.33	 38.00	 23	 0.20	 
BFE_203	 1	 8	 2216.jpg	 1.054339e+03	 24	 999000	 240	 999000	 999	 1.055357e+03	 683.33	 683.33	 51.00	 37	 0.67	 
BFE_203	 1	 8	 2108.jpg	 1.057343e+03	 24	 999000	 240	 999000	 999	 1.058361e+03	 683.33	 683.33	 77.00	 8	 0.21	 
