subjectID	 order	 runNum	 itemName	 onsetTime	 shuff_trialType	 RT	 respInTime	 AudioTime	 response	 fixationTime	 ladder1	 ladder2	 bidIndex	 itemNameIndex	 bidValue	 
BFE_106	 2	 19	 2119.jpg	 2.553457e+03	 24	 999000	 240	 999000	 999	 2.554475e+03	 916.67	 916.67	 77.00	 19	 0.21	 
BFE_106	 2	 19	 1101.jpg	 2.558446e+03	 12	 999000	 120	 999000	 999	 2.559464e+03	 916.67	 916.67	 37.00	 1	 0.16	 
BFE_106	 2	 19	 2109.jpg	 2.560449e+03	 22	 6.577781e+02	 22	 9.167188e+02	 98	 2.561466e+03	 916.67	 916.67	 49.00	 9	 0.73	 
BFE_106	 2	 19	 1217.jpg	 2.562451e+03	 12	 999000	 120	 999000	 999	 2.563469e+03	 916.67	 916.67	 18.00	 38	 0.54	 
BFE_106	 2	 19	 2208.jpg	 2.568441e+03	 22	 6.094178e+02	 22	 9.166955e+02	 98	 2.569459e+03	 916.67	 916.67	 51.00	 29	 0.65	 
BFE_106	 2	 19	 1121.jpg	 2.570443e+03	 12	 999000	 120	 999000	 999	 2.571461e+03	 916.67	 916.67	 12.00	 21	 0.65	 
BFE_106	 2	 19	 2103.jpg	 2.573446e+03	 24	 999000	 240	 999000	 999	 2.574464e+03	 916.67	 916.67	 44.00	 3	 0.83	 
BFE_106	 2	 19	 2107.jpg	 2.575449e+03	 24	 999000	 240	 999000	 999	 2.576467e+03	 916.67	 916.67	 78.00	 7	 0.20	 
BFE_106	 2	 19	 2211.jpg	 2.579453e+03	 24	 999000	 240	 999000	 999	 2.580471e+03	 916.67	 916.67	 43.00	 32	 0.87	 
BFE_106	 2	 19	 1205.jpg	 2.581438e+03	 12	 999000	 120	 999000	 999	 2.582457e+03	 916.67	 916.67	 3.00	 26	 0.83	 
BFE_106	 2	 19	 2209.jpg	 2.586444e+03	 22	 5.579143e+02	 22	 9.166931e+02	 98	 2.587462e+03	 916.67	 916.67	 56.00	 30	 0.59	 
BFE_106	 2	 19	 1216.jpg	 2.593452e+03	 11	 5.180021e+02	 11	 9.167104e+02	 98	 2.594470e+03	 916.67	 916.67	 17.00	 37	 0.56	 
BFE_106	 2	 19	 2106.jpg	 2.595438e+03	 24	 999000	 240	 999000	 999	 2.596456e+03	 916.67	 916.67	 60.00	 6	 0.54	 
BFE_106	 2	 19	 1213.jpg	 2.598441e+03	 11	 5.370859e+02	 11	 9.167058e+02	 98	 2.599459e+03	 916.67	 916.67	 9.00	 34	 0.69	 
BFE_106	 2	 19	 1203.jpg	 2.601445e+03	 12	 999000	 120	 999000	 999	 2.602462e+03	 916.67	 916.67	 22.00	 24	 0.50	 
BFE_106	 2	 19	 2115.jpg	 2.605449e+03	 22	 5.692540e+02	 22	 9.167017e+02	 98	 2.606467e+03	 916.67	 916.67	 57.00	 15	 0.58	 
BFE_106	 2	 19	 1211.jpg	 2.609454e+03	 12	 999000	 120	 999000	 999	 2.610471e+03	 916.67	 916.67	 15.00	 32	 0.58	 
BFE_106	 2	 19	 2105.jpg	 2.613441e+03	 24	 999000	 240	 999000	 999	 2.614459e+03	 916.67	 916.67	 55.00	 5	 0.59	 
BFE_106	 2	 19	 1115.jpg	 2.616445e+03	 11	 5.736256e+02	 11	 9.167361e+02	 98	 2.617462e+03	 916.67	 916.67	 8.00	 15	 0.70	 
BFE_106	 2	 19	 2113.jpg	 2.622451e+03	 24	 999000	 240	 999000	 999	 2.623469e+03	 916.67	 916.67	 50.00	 13	 0.69	 
BFE_106	 2	 19	 1109.jpg	 2.624454e+03	 12	 999000	 120	 999000	 999	 2.625471e+03	 916.67	 916.67	 4.00	 9	 0.82	 
BFE_106	 2	 19	 1209.jpg	 2.627440e+03	 11	 5.859367e+02	 11	 9.166975e+02	 98	 2.628458e+03	 916.67	 916.67	 11.00	 30	 0.68	 
BFE_106	 2	 19	 1218.jpg	 2.629443e+03	 12	 999000	 120	 999000	 999	 2.630460e+03	 916.67	 916.67	 19.00	 39	 0.54	 
BFE_106	 2	 19	 1219.jpg	 2.631445e+03	 11	 7.015235e+02	 11	 9.166954e+02	 98	 2.632463e+03	 916.67	 916.67	 16.00	 40	 0.57	 
BFE_106	 2	 19	 2206.jpg	 2.633447e+03	 22	 5.231992e+02	 22	 9.167075e+02	 98	 2.634465e+03	 916.67	 916.67	 48.00	 27	 0.73	 
BFE_106	 2	 19	 2111.jpg	 2.636450e+03	 24	 999000	 240	 999000	 999	 2.637468e+03	 916.67	 916.67	 62.00	 11	 0.52	 
BFE_106	 2	 19	 2214.jpg	 2.640438e+03	 22	 5.882596e+02	 22	 9.166968e+02	 98	 2.641456e+03	 916.67	 916.67	 54.00	 35	 0.59	 
BFE_106	 2	 19	 2218.jpg	 2.642440e+03	 24	 999000	 240	 999000	 999	 2.643458e+03	 916.67	 916.67	 52.00	 39	 0.60	 
BFE_106	 2	 19	 2205.jpg	 2.644443e+03	 24	 999000	 240	 999000	 999	 2.645461e+03	 916.67	 916.67	 59.00	 26	 0.57	 
BFE_106	 2	 19	 2121.jpg	 2.646445e+03	 24	 999000	 240	 999000	 999	 2.647463e+03	 916.67	 916.67	 47.00	 21	 0.75	 
BFE_106	 2	 19	 2204.jpg	 2.648447e+03	 24	 999000	 240	 999000	 999	 2.649465e+03	 916.67	 916.67	 61.00	 25	 0.52	 
BFE_106	 2	 19	 2110.jpg	 2.650450e+03	 24	 999000	 240	 999000	 999	 2.651467e+03	 916.67	 916.67	 53.00	 10	 0.60	 
BFE_106	 2	 19	 2207.jpg	 2.654454e+03	 24	 999000	 240	 999000	 999	 2.655472e+03	 916.67	 916.67	 58.00	 28	 0.58	 
BFE_106	 2	 19	 1204.jpg	 2.658442e+03	 12	 999000	 120	 999000	 999	 2.659460e+03	 916.67	 916.67	 20.00	 25	 0.51	 
BFE_106	 2	 19	 1208.jpg	 2.660444e+03	 12	 999000	 120	 999000	 999	 2.661462e+03	 916.67	 916.67	 13.00	 29	 0.63	 
BFE_106	 2	 19	 1207.jpg	 2.662446e+03	 12	 999000	 120	 999000	 999	 2.663464e+03	 916.67	 916.67	 21.00	 28	 0.50	 
BFE_106	 2	 19	 1214.jpg	 2.664449e+03	 11	 6.176995e+02	 11	 9.167065e+02	 98	 2.665466e+03	 916.67	 916.67	 14.00	 35	 0.62	 
BFE_106	 2	 19	 1119.jpg	 2.666451e+03	 12	 999000	 120	 999000	 999	 2.667469e+03	 916.67	 916.67	 38.00	 19	 0.15	 
BFE_106	 2	 19	 1106.jpg	 2.672441e+03	 12	 999000	 120	 999000	 999	 2.673459e+03	 916.67	 916.67	 7.00	 6	 0.73	 
BFE_106	 2	 19	 1110.jpg	 2.674443e+03	 12	 999000	 120	 999000	 999	 2.675461e+03	 916.67	 916.67	 10.00	 10	 0.68	 
