subjectID	 order	 runNum	 itemName	 onsetTime	 shuff_trialType	 RT	 respInTime	 AudioTime	 response	 fixationTime	 ladder1	 ladder2	 bidIndex	 itemNameIndex	 bidValue	 
BFE_107	 1	 7	 2105.jpg	 8.921809e+02	 22	 9.414439e+02	 220	 7.500588e+02	 98	 8.931986e+02	 750.00	 766.67	 47.00	 5	 0.76	 
BFE_107	 1	 7	 1216.jpg	 8.951677e+02	 12	 999000	 120	 999000	 999	 8.961853e+02	 750.00	 766.67	 22.00	 37	 0.46	 
BFE_107	 1	 7	 1205.jpg	 8.991720e+02	 12	 999000	 120	 999000	 999	 9.001898e+02	 750.00	 766.67	 4.00	 26	 0.82	 
BFE_107	 1	 7	 2201.jpg	 9.011743e+02	 24	 999000	 240	 999000	 999	 9.021920e+02	 750.00	 766.67	 49.00	 22	 0.73	 
BFE_107	 1	 7	 1109.jpg	 9.031766e+02	 11	 9.858171e+02	 110	 7.500502e+02	 98	 9.041943e+02	 766.67	 766.67	 13.00	 9	 0.63	 
BFE_107	 1	 7	 1103.jpg	 9.071811e+02	 12	 999000	 120	 999000	 999	 9.081988e+02	 766.67	 766.67	 9.00	 3	 0.71	 
BFE_107	 1	 7	 2207.jpg	 9.091667e+02	 24	 999000	 240	 999000	 999	 9.101844e+02	 766.67	 766.67	 62.00	 28	 0.47	 
BFE_107	 1	 7	 2218.jpg	 9.141722e+02	 24	 999000	 240	 999000	 999	 9.151900e+02	 766.67	 766.67	 57.00	 39	 0.58	 
BFE_107	 1	 7	 1118.jpg	 9.161745e+02	 12	 999000	 120	 999000	 999	 9.171922e+02	 766.67	 766.67	 38.00	 18	 0.12	 
BFE_107	 1	 7	 2117.jpg	 9.191778e+02	 24	 999000	 240	 999000	 999	 9.201957e+02	 766.67	 766.67	 78.00	 17	 0.15	 
BFE_107	 1	 7	 1212.jpg	 9.221812e+02	 12	 999000	 120	 999000	 999	 9.231990e+02	 766.67	 766.67	 37.00	 33	 0.21	 
BFE_107	 1	 7	 2217.jpg	 9.261691e+02	 24	 999000	 240	 999000	 999	 9.271867e+02	 766.67	 766.67	 43.00	 38	 0.81	 
BFE_107	 1	 7	 1113.jpg	 9.291725e+02	 12	 999000	 120	 999000	 999	 9.301902e+02	 766.67	 766.67	 8.00	 13	 0.73	 
BFE_107	 1	 7	 2116.jpg	 9.311747e+02	 22	 1.011737e+03	 2200	 7.667056e+02	 98	 9.321941e+02	 766.67	 716.67	 58.00	 16	 0.55	 
BFE_107	 1	 7	 2113.jpg	 9.341780e+02	 24	 999000	 240	 999000	 999	 9.351958e+02	 766.67	 716.67	 54.00	 13	 0.60	 
BFE_107	 1	 7	 1209.jpg	 9.381656e+02	 12	 999000	 120	 999000	 999	 9.391836e+02	 766.67	 716.67	 16.00	 30	 0.58	 
BFE_107	 1	 7	 2213.jpg	 9.411693e+02	 24	 999000	 240	 999000	 999	 9.421871e+02	 766.67	 716.67	 61.00	 34	 0.49	 
BFE_107	 1	 7	 1214.jpg	 9.431715e+02	 11	 9.749225e+02	 110	 7.666978e+02	 98	 9.441893e+02	 783.33	 716.67	 15.00	 35	 0.59	 
BFE_107	 1	 7	 1115.jpg	 9.451737e+02	 12	 999000	 120	 999000	 999	 9.461916e+02	 783.33	 716.67	 14.00	 15	 0.62	 
BFE_107	 1	 7	 1106.jpg	 9.501794e+02	 11	 9.750419e+02	 110	 7.833586e+02	 98	 9.511971e+02	 800.00	 716.67	 7.00	 6	 0.74	 
BFE_107	 1	 7	 2109.jpg	 9.541673e+02	 24	 999000	 240	 999000	 999	 9.551849e+02	 800.00	 716.67	 56.00	 9	 0.58	 
BFE_107	 1	 7	 1110.jpg	 9.581716e+02	 12	 999000	 120	 999000	 999	 9.591896e+02	 800.00	 716.67	 21.00	 10	 0.46	 
BFE_107	 1	 7	 1211.jpg	 9.641783e+02	 12	 999000	 120	 999000	 999	 9.651961e+02	 800.00	 716.67	 20.00	 32	 0.46	 
BFE_107	 1	 7	 2202.jpg	 9.661807e+02	 24	 999000	 240	 999000	 999	 9.671984e+02	 800.00	 716.67	 51.00	 23	 0.64	 
BFE_107	 1	 7	 2203.jpg	 9.681661e+02	 22	 9.482320e+02	 220	 7.167296e+02	 98	 9.691840e+02	 800.00	 733.33	 53.00	 24	 0.60	 
BFE_107	 1	 7	 1105.jpg	 9.701684e+02	 12	 999000	 120	 999000	 999	 9.711862e+02	 800.00	 733.33	 3.00	 5	 0.84	 
BFE_107	 1	 7	 1201.jpg	 9.721707e+02	 12	 999000	 120	 999000	 999	 9.731885e+02	 800.00	 733.33	 11.00	 22	 0.66	 
BFE_107	 1	 7	 1111.jpg	 9.761752e+02	 12	 999000	 120	 999000	 999	 9.771930e+02	 800.00	 733.33	 17.00	 11	 0.57	 
BFE_107	 1	 7	 1202.jpg	 9.781775e+02	 11	 1.000906e+03	 1100	 8.000357e+02	 98	 9.791953e+02	 750.00	 733.33	 10.00	 23	 0.69	 
BFE_107	 1	 7	 1213.jpg	 9.821819e+02	 12	 999000	 120	 999000	 999	 9.831997e+02	 750.00	 733.33	 19.00	 34	 0.49	 
BFE_107	 1	 7	 2111.jpg	 9.841676e+02	 22	 9.068398e+02	 220	 7.333691e+02	 98	 9.851853e+02	 750.00	 750.00	 52.00	 11	 0.63	 
BFE_107	 1	 7	 2104.jpg	 9.861697e+02	 22	 9.606703e+02	 220	 7.500309e+02	 98	 9.871875e+02	 750.00	 766.67	 50.00	 4	 0.67	 
BFE_107	 1	 7	 2205.jpg	 9.881719e+02	 24	 999000	 240	 999000	 999	 9.891898e+02	 750.00	 766.67	 48.00	 26	 0.73	 
BFE_107	 1	 7	 2209.jpg	 9.931776e+02	 24	 999000	 240	 999000	 999	 9.941955e+02	 750.00	 766.67	 59.00	 30	 0.51	 
BFE_107	 1	 7	 2214.jpg	 9.951799e+02	 24	 999000	 240	 999000	 999	 9.961976e+02	 750.00	 766.67	 44.00	 35	 0.80	 
BFE_107	 1	 7	 2121.jpg	 9.971651e+02	 24	 999000	 240	 999000	 999	 9.981832e+02	 750.00	 766.67	 60.00	 21	 0.50	 
BFE_107	 1	 7	 1217.jpg	 1.000169e+03	 11	 9.455180e+02	 110	 7.500381e+02	 98	 1.001187e+03	 766.67	 766.67	 12.00	 38	 0.63	 
BFE_107	 1	 7	 2101.jpg	 1.007177e+03	 24	 999000	 240	 999000	 999	 1.008195e+03	 766.67	 766.67	 77.00	 1	 0.18	 
BFE_107	 1	 7	 1107.jpg	 1.011181e+03	 11	 1.053269e+03	 1100	 7.666949e+02	 98	 1.012199e+03	 716.67	 766.67	 18.00	 7	 0.53	 
BFE_107	 1	 7	 2219.jpg	 1.018172e+03	 22	 9.660011e+02	 220	 7.666978e+02	 98	 1.019190e+03	 716.67	 783.33	 55.00	 40	 0.58	 
