subjectID	 order	 runNum	 itemName	 onsetTime	 shuff_trialType	 RT	 respInTime	 AudioTime	 response	 fixationTime	 ladder1	 ladder2	 bidIndex	 itemNameIndex	 bidValue	 
BFE_108	 2	 8	 2210.jpg	 8.816877e+02	 22	 9.468515e+02	 220	 7.167151e+02	 98	 8.827054e+02	 716.67	 733.33	 48.00	 31	 0.73	 
BFE_108	 2	 8	 2111.jpg	 8.846744e+02	 22	 9.681142e+02	 220	 7.333734e+02	 98	 8.856921e+02	 716.67	 750.00	 51.00	 11	 0.65	 
BFE_108	 2	 8	 2205.jpg	 8.866766e+02	 24	 999000	 240	 999000	 999	 8.876944e+02	 716.67	 750.00	 58.00	 26	 0.54	 
BFE_108	 2	 8	 2213.jpg	 8.886790e+02	 24	 999000	 240	 999000	 999	 8.896966e+02	 716.67	 750.00	 52.00	 34	 0.62	 
BFE_108	 2	 8	 2212.jpg	 8.906810e+02	 24	 999000	 240	 999000	 999	 8.916988e+02	 716.67	 750.00	 78.00	 33	 0.21	 
BFE_108	 2	 8	 2121.jpg	 8.936844e+02	 22	 9.980919e+02	 220	 7.500393e+02	 98	 8.947022e+02	 716.67	 766.67	 49.00	 21	 0.69	 
BFE_108	 2	 8	 1214.jpg	 8.956701e+02	 12	 999000	 120	 999000	 999	 8.966878e+02	 716.67	 766.67	 18.00	 35	 0.52	 
BFE_108	 2	 8	 1219.jpg	 8.996744e+02	 12	 1.368120e+03	 120	 999000	 114	 9.006922e+02	 716.67	 766.67	 4.00	 40	 0.78	 
BFE_108	 2	 8	 1121.jpg	 9.016767e+02	 12	 999000	 120	 999000	 999	 9.026947e+02	 716.67	 766.67	 7.00	 21	 0.71	 
BFE_108	 2	 8	 2204.jpg	 9.066824e+02	 24	 999000	 240	 999000	 999	 9.077001e+02	 716.67	 766.67	 61.00	 25	 0.48	 
BFE_108	 2	 8	 2101.jpg	 9.086845e+02	 24	 999000	 240	 999000	 999	 9.097024e+02	 716.67	 766.67	 55.00	 1	 0.58	 
BFE_108	 2	 8	 1102.jpg	 9.126724e+02	 11	 9.301108e+02	 110	 7.167184e+02	 98	 9.136901e+02	 733.33	 766.67	 16.00	 2	 0.53	 
BFE_108	 2	 8	 2113.jpg	 9.146747e+02	 24	 999000	 240	 999000	 999	 9.156924e+02	 733.33	 766.67	 60.00	 13	 0.51	 
BFE_108	 2	 8	 1216.jpg	 9.176780e+02	 12	 999000	 120	 999000	 999	 9.186958e+02	 733.33	 766.67	 38.00	 37	 0.20	 
BFE_108	 2	 8	 1115.jpg	 9.226836e+02	 12	 999000	 120	 999000	 999	 9.237013e+02	 733.33	 766.67	 15.00	 15	 0.54	 
BFE_108	 2	 8	 1211.jpg	 9.246689e+02	 11	 9.816331e+02	 110	 7.333663e+02	 98	 9.256869e+02	 750.00	 766.67	 14.00	 32	 0.54	 
BFE_108	 2	 8	 1105.jpg	 9.266714e+02	 12	 999000	 120	 999000	 999	 9.276891e+02	 750.00	 766.67	 13.00	 5	 0.55	 
BFE_108	 2	 8	 2219.jpg	 9.306759e+02	 24	 999000	 240	 999000	 999	 9.316937e+02	 750.00	 766.67	 50.00	 40	 0.67	 
BFE_108	 2	 8	 2117.jpg	 9.346804e+02	 24	 999000	 240	 999000	 999	 9.356981e+02	 750.00	 766.67	 47.00	 17	 0.74	 
BFE_108	 2	 8	 2109.jpg	 9.386848e+02	 22	 9.977194e+02	 220	 7.667033e+02	 98	 9.397026e+02	 750.00	 783.33	 56.00	 9	 0.57	 
BFE_108	 2	 8	 1202.jpg	 9.406705e+02	 11	 9.800151e+02	 110	 7.500332e+02	 98	 9.416882e+02	 766.67	 783.33	 17.00	 23	 0.53	 
BFE_108	 2	 8	 1111.jpg	 9.426727e+02	 12	 999000	 120	 999000	 999	 9.436904e+02	 766.67	 783.33	 19.00	 11	 0.51	 
BFE_108	 2	 8	 1113.jpg	 9.446750e+02	 12	 999000	 120	 999000	 999	 9.456928e+02	 766.67	 783.33	 20.00	 13	 0.50	 
BFE_108	 2	 8	 1114.jpg	 9.466772e+02	 12	 999000	 120	 999000	 999	 9.476949e+02	 766.67	 783.33	 10.00	 14	 0.65	 
BFE_108	 2	 8	 1213.jpg	 9.526839e+02	 11	 9.987081e+02	 110	 7.667044e+02	 98	 9.537017e+02	 783.33	 783.33	 9.00	 34	 0.71	 
BFE_108	 2	 8	 2112.jpg	 9.556706e+02	 24	 999000	 240	 999000	 999	 9.566884e+02	 783.33	 783.33	 77.00	 12	 0.22	 
BFE_108	 2	 8	 1215.jpg	 9.576728e+02	 12	 999000	 120	 999000	 999	 9.586905e+02	 783.33	 783.33	 22.00	 36	 0.47	 
BFE_108	 2	 8	 1203.jpg	 9.596751e+02	 11	 1.047509e+03	 1100	 7.833827e+02	 98	 9.606928e+02	 733.33	 783.33	 11.00	 24	 0.63	 
BFE_108	 2	 8	 2106.jpg	 9.626784e+02	 22	 1.028162e+03	 2200	 7.833717e+02	 98	 9.636962e+02	 733.33	 733.33	 54.00	 6	 0.61	 
BFE_108	 2	 8	 2217.jpg	 9.646808e+02	 24	 999000	 240	 999000	 999	 9.656984e+02	 733.33	 733.33	 44.00	 38	 0.81	 
BFE_108	 2	 8	 2103.jpg	 9.666829e+02	 24	 999000	 240	 999000	 999	 9.677006e+02	 733.33	 733.33	 43.00	 3	 0.83	 
BFE_108	 2	 8	 1201.jpg	 9.686852e+02	 12	 999000	 120	 999000	 999	 9.697029e+02	 733.33	 733.33	 3.00	 22	 0.88	 
BFE_108	 2	 8	 1117.jpg	 9.716718e+02	 12	 999000	 120	 999000	 999	 9.726896e+02	 733.33	 733.33	 21.00	 17	 0.50	 
BFE_108	 2	 8	 2208.jpg	 9.736741e+02	 24	 999000	 240	 999000	 999	 9.746918e+02	 733.33	 733.33	 62.00	 29	 0.46	 
BFE_108	 2	 8	 1210.jpg	 9.756763e+02	 12	 999000	 120	 999000	 999	 9.766941e+02	 733.33	 733.33	 37.00	 31	 0.21	 
BFE_108	 2	 8	 2209.jpg	 9.776786e+02	 24	 999000	 240	 999000	 999	 9.786963e+02	 733.33	 733.33	 53.00	 30	 0.61	 
BFE_108	 2	 8	 1218.jpg	 9.796808e+02	 12	 999000	 120	 999000	 999	 9.806985e+02	 733.33	 733.33	 12.00	 39	 0.62	 
BFE_108	 2	 8	 1106.jpg	 9.856710e+02	 11	 1.035543e+03	 1100	 7.333694e+02	 98	 9.866886e+02	 683.33	 733.33	 8.00	 6	 0.71	 
BFE_108	 2	 8	 2102.jpg	 9.886743e+02	 24	 999000	 240	 999000	 999	 9.896920e+02	 683.33	 733.33	 59.00	 2	 0.52	 
BFE_108	 2	 8	 2218.jpg	 9.926787e+02	 22	 9.718383e+02	 220	 7.333665e+02	 98	 9.936964e+02	 683.33	 750.00	 57.00	 39	 0.57	 
