subjectID	 order	 runNum	 itemName	 onsetTime	 shuff_trialType	 RT	 respInTime	 AudioTime	 response	 fixationTime	 ladder1	 ladder2	 bidIndex	 itemNameIndex	 bidValue	 
BFE_204	 2	 11	 2103.jpg	 1.930616e+03	 24	 999000	 240	 999000	 999	 1.931634e+03	 616.67	 616.67	 62.00	 3	 0.47	 
BFE_204	 2	 11	 1209.jpg	 1.932602e+03	 11	 9.919780e+02	 110	 6.167119e+02	 98	 1.933620e+03	 633.33	 616.67	 8.00	 30	 0.69	 
BFE_204	 2	 11	 2219.jpg	 1.936607e+03	 22	 1.011346e+03	 2200	 6.167141e+02	 98	 1.937625e+03	 633.33	 566.67	 51.00	 40	 0.65	 
BFE_204	 2	 11	 1120.jpg	 1.939610e+03	 12	 999000	 120	 999000	 999	 1.940628e+03	 633.33	 566.67	 15.00	 20	 0.59	 
BFE_204	 2	 11	 2204.jpg	 1.941612e+03	 24	 999000	 240	 999000	 999	 1.942630e+03	 633.33	 566.67	 60.00	 25	 0.51	 
BFE_204	 2	 11	 1218.jpg	 1.944599e+03	 12	 999000	 120	 999000	 999	 1.945617e+03	 633.33	 566.67	 4.00	 39	 0.77	 
BFE_204	 2	 11	 2210.jpg	 1.948603e+03	 24	 999000	 240	 999000	 999	 1.949621e+03	 633.33	 566.67	 59.00	 31	 0.53	 
BFE_204	 2	 11	 2212.jpg	 1.952608e+03	 24	 999000	 240	 999000	 999	 1.953626e+03	 633.33	 566.67	 61.00	 33	 0.50	 
BFE_204	 2	 11	 2101.jpg	 1.954610e+03	 22	 8.799002e+02	 220	 5.667057e+02	 98	 1.955628e+03	 633.33	 583.33	 54.00	 1	 0.58	 
BFE_204	 2	 11	 1111.jpg	 1.959599e+03	 12	 999000	 120	 999000	 999	 1.960617e+03	 633.33	 583.33	 18.00	 11	 0.56	 
BFE_204	 2	 11	 1204.jpg	 1.961601e+03	 11	 9.127370e+02	 110	 6.333743e+02	 98	 1.962619e+03	 650.00	 583.33	 9.00	 25	 0.68	 
BFE_204	 2	 11	 2216.jpg	 1.963603e+03	 24	 999000	 240	 999000	 999	 1.964621e+03	 650.00	 583.33	 52.00	 37	 0.62	 
BFE_204	 2	 11	 1214.jpg	 1.969610e+03	 12	 999000	 120	 999000	 999	 1.970628e+03	 650.00	 583.33	 12.00	 35	 0.64	 
BFE_204	 2	 11	 1118.jpg	 1.971613e+03	 12	 999000	 120	 999000	 999	 1.972630e+03	 650.00	 583.33	 37.00	 18	 0.15	 
BFE_204	 2	 11	 1117.jpg	 1.973615e+03	 12	 999000	 120	 999000	 999	 1.974633e+03	 650.00	 583.33	 38.00	 17	 0.15	 
BFE_204	 2	 11	 1207.jpg	 1.975600e+03	 12	 999000	 120	 999000	 999	 1.976618e+03	 650.00	 583.33	 21.00	 28	 0.51	 
BFE_204	 2	 11	 1219.jpg	 1.979605e+03	 12	 999000	 120	 999000	 999	 1.980623e+03	 650.00	 583.33	 3.00	 40	 0.84	 
BFE_204	 2	 11	 2209.jpg	 1.983609e+03	 24	 999000	 240	 999000	 999	 1.984627e+03	 650.00	 583.33	 44.00	 30	 0.84	 
BFE_204	 2	 11	 2208.jpg	 1.986613e+03	 22	 8.933351e+02	 220	 5.833692e+02	 98	 1.987630e+03	 650.00	 600.00	 57.00	 29	 0.55	 
BFE_204	 2	 11	 2117.jpg	 1.990601e+03	 24	 999000	 240	 999000	 999	 1.991618e+03	 650.00	 600.00	 78.00	 17	 0.22	 
BFE_204	 2	 11	 1217.jpg	 1.993604e+03	 12	 999000	 120	 999000	 999	 1.994622e+03	 650.00	 600.00	 13.00	 38	 0.61	 
BFE_204	 2	 11	 2203.jpg	 1.995606e+03	 24	 999000	 240	 999000	 999	 1.996624e+03	 650.00	 600.00	 53.00	 24	 0.59	 
BFE_204	 2	 11	 2206.jpg	 1.999611e+03	 24	 999000	 240	 999000	 999	 2.000628e+03	 650.00	 600.00	 50.00	 27	 0.68	 
BFE_204	 2	 11	 1208.jpg	 2.001613e+03	 11	 1.061249e+03	 1100	 6.500326e+02	 98	 2.002631e+03	 600.00	 600.00	 14.00	 29	 0.60	 
BFE_204	 2	 11	 2108.jpg	 2.003615e+03	 22	 1.019005e+03	 2200	 6.000333e+02	 98	 2.004633e+03	 600.00	 550.00	 49.00	 8	 0.72	 
BFE_204	 2	 11	 1206.jpg	 2.007603e+03	 12	 999000	 120	 999000	 999	 2.008621e+03	 600.00	 550.00	 10.00	 27	 0.67	 
BFE_204	 2	 11	 2202.jpg	 2.009605e+03	 22	 8.609664e+02	 220	 5.500280e+02	 98	 2.010623e+03	 600.00	 566.67	 48.00	 23	 0.75	 
BFE_204	 2	 11	 2214.jpg	 2.013610e+03	 24	 999000	 240	 999000	 999	 2.014627e+03	 600.00	 566.67	 47.00	 35	 0.78	 
BFE_204	 2	 11	 2110.jpg	 2.017614e+03	 24	 999000	 240	 999000	 999	 2.018632e+03	 600.00	 566.67	 77.00	 10	 0.23	 
BFE_204	 2	 11	 2120.jpg	 2.020601e+03	 24	 999000	 240	 999000	 999	 2.021619e+03	 600.00	 566.67	 55.00	 20	 0.57	 
BFE_204	 2	 11	 2215.jpg	 2.026607e+03	 24	 999000	 240	 999000	 999	 2.027625e+03	 600.00	 566.67	 58.00	 36	 0.54	 
BFE_204	 2	 11	 2218.jpg	 2.028610e+03	 24	 999000	 240	 999000	 999	 2.029628e+03	 600.00	 566.67	 43.00	 39	 0.87	 
BFE_204	 2	 11	 1108.jpg	 2.032614e+03	 11	 9.557445e+02	 110	 6.000446e+02	 98	 2.033632e+03	 616.67	 566.67	 16.00	 8	 0.59	 
BFE_204	 2	 11	 2106.jpg	 2.034600e+03	 22	 8.741237e+02	 220	 5.667002e+02	 98	 2.035618e+03	 616.67	 583.33	 56.00	 6	 0.56	 
BFE_204	 2	 11	 1101.jpg	 2.036602e+03	 12	 999000	 120	 999000	 999	 2.037620e+03	 616.67	 583.33	 7.00	 1	 0.72	 
BFE_204	 2	 11	 1205.jpg	 2.038604e+03	 11	 1.021750e+03	 1100	 6.167301e+02	 98	 2.039622e+03	 566.67	 583.33	 17.00	 26	 0.56	 
BFE_204	 2	 11	 1203.jpg	 2.043610e+03	 12	 1.448059e+03	 12	 999000	 98	 2.044628e+03	 566.67	 583.33	 20.00	 24	 0.52	 
BFE_204	 2	 11	 1210.jpg	 2.045612e+03	 12	 999000	 120	 999000	 999	 2.046630e+03	 566.67	 583.33	 22.00	 31	 0.49	 
BFE_204	 2	 11	 1109.jpg	 2.047614e+03	 12	 999000	 120	 999000	 999	 2.048632e+03	 566.67	 583.33	 19.00	 9	 0.55	 
BFE_204	 2	 11	 1215.jpg	 2.050601e+03	 11	 9.769272e+02	 110	 5.667012e+02	 98	 2.051619e+03	 583.33	 583.33	 11.00	 36	 0.66	 
