subjectID	 order	 runNum	 itemName	 onsetTime	 shuff_trialType	 RT	 respInTime	 AudioTime	 response	 fixationTime	 ladder1	 ladder2	 bidIndex	 itemNameIndex	 bidValue	 
BFE_201	 1	 4	 2208.jpg	 3.815150e+02	 24	 999000	 240	 999000	 999	 3.825328e+02	 583.33	 583.33	 60.00	 29	 0.52	 
BFE_201	 1	 4	 1203.jpg	 3.835007e+02	 11	 1.077288e+03	 1100	 5.833762e+02	 98	 3.845184e+02	 533.33	 583.33	 18.00	 24	 0.54	 
BFE_201	 1	 4	 2218.jpg	 3.875050e+02	 24	 999000	 240	 999000	 999	 3.885229e+02	 533.33	 583.33	 48.00	 39	 0.71	 
BFE_201	 1	 4	 2116.jpg	 3.905085e+02	 24	 999000	 240	 999000	 999	 3.915262e+02	 533.33	 583.33	 56.00	 16	 0.59	 
BFE_201	 1	 4	 1209.jpg	 3.925107e+02	 11	 9.712195e+02	 110	 5.333692e+02	 98	 3.935284e+02	 550.00	 583.33	 15.00	 30	 0.59	 
BFE_201	 1	 4	 1121.jpg	 3.954974e+02	 12	 999000	 120	 999000	 999	 3.965151e+02	 550.00	 583.33	 4.00	 21	 0.83	 
BFE_201	 1	 4	 2110.jpg	 3.995018e+02	 22	 9.721049e+02	 220	 5.833769e+02	 98	 4.005196e+02	 550.00	 600.00	 52.00	 10	 0.67	 
BFE_201	 1	 4	 2214.jpg	 4.035063e+02	 22	 1.103585e+03	 2200	 6.000341e+02	 98	 4.045241e+02	 550.00	 550.00	 58.00	 35	 0.56	 
BFE_201	 1	 4	 1105.jpg	 4.055085e+02	 12	 999000	 120	 999000	 999	 4.065263e+02	 550.00	 550.00	 37.00	 5	 0.18	 
BFE_201	 1	 4	 2114.jpg	 4.104975e+02	 24	 999000	 240	 999000	 999	 4.115152e+02	 550.00	 550.00	 54.00	 14	 0.60	 
BFE_201	 1	 4	 1108.jpg	 4.124998e+02	 12	 999000	 120	 999000	 999	 4.135175e+02	 550.00	 550.00	 38.00	 8	 0.17	 
BFE_201	 1	 4	 2206.jpg	 4.145020e+02	 24	 999000	 240	 999000	 999	 4.155197e+02	 550.00	 550.00	 49.00	 27	 0.69	 
BFE_201	 1	 4	 1214.jpg	 4.205087e+02	 12	 999000	 120	 999000	 999	 4.215265e+02	 550.00	 550.00	 14.00	 35	 0.62	 
BFE_201	 1	 4	 1216.jpg	 4.225110e+02	 12	 999000	 120	 999000	 999	 4.235287e+02	 550.00	 550.00	 8.00	 37	 0.72	 
BFE_201	 1	 4	 1109.jpg	 4.244963e+02	 11	 1.017662e+03	 1100	 5.500292e+02	 98	 4.255143e+02	 500.00	 550.00	 10.00	 9	 0.67	 
BFE_201	 1	 4	 1217.jpg	 4.264988e+02	 12	 999000	 120	 999000	 999	 4.275165e+02	 500.00	 550.00	 19.00	 38	 0.53	 
BFE_201	 1	 4	 1218.jpg	 4.305032e+02	 11	 9.227094e+02	 110	 5.000464e+02	 98	 4.315210e+02	 516.67	 550.00	 7.00	 39	 0.76	 
BFE_201	 1	 4	 2204.jpg	 4.345077e+02	 22	 8.382265e+02	 220	 5.500405e+02	 98	 4.355255e+02	 516.67	 566.67	 55.00	 25	 0.59	 
BFE_201	 1	 4	 2211.jpg	 4.375111e+02	 24	 999000	 240	 999000	 999	 4.385288e+02	 516.67	 566.67	 62.00	 32	 0.49	 
BFE_201	 1	 4	 1207.jpg	 4.414990e+02	 12	 999000	 120	 999000	 999	 4.425167e+02	 516.67	 566.67	 16.00	 28	 0.59	 
BFE_201	 1	 4	 1208.jpg	 4.445023e+02	 12	 999000	 120	 999000	 999	 4.455200e+02	 516.67	 566.67	 17.00	 29	 0.58	 
BFE_201	 1	 4	 1103.jpg	 4.465045e+02	 12	 999000	 120	 999000	 999	 4.475223e+02	 516.67	 566.67	 9.00	 3	 0.70	 
BFE_201	 1	 4	 1205.jpg	 4.505091e+02	 12	 999000	 120	 999000	 999	 4.515268e+02	 516.67	 566.67	 3.00	 26	 0.83	 
BFE_201	 1	 4	 2205.jpg	 4.525117e+02	 24	 999000	 240	 999000	 999	 4.535290e+02	 516.67	 566.67	 59.00	 26	 0.55	 
BFE_201	 1	 4	 2109.jpg	 4.544968e+02	 22	 9.531148e+02	 220	 5.666931e+02	 98	 4.555145e+02	 516.67	 583.33	 53.00	 9	 0.64	 
BFE_201	 1	 4	 2217.jpg	 4.585013e+02	 22	 9.406801e+02	 220	 5.833618e+02	 98	 4.595191e+02	 516.67	 600.00	 47.00	 38	 0.72	 
BFE_201	 1	 4	 1219.jpg	 4.605035e+02	 12	 999000	 120	 999000	 999	 4.615212e+02	 516.67	 600.00	 21.00	 40	 0.52	 
BFE_201	 1	 4	 2118.jpg	 4.645080e+02	 24	 999000	 240	 999000	 999	 4.655258e+02	 516.67	 600.00	 78.00	 18	 0.18	 
BFE_201	 1	 4	 2120.jpg	 4.684956e+02	 24	 999000	 240	 999000	 999	 4.695135e+02	 516.67	 600.00	 51.00	 20	 0.67	 
BFE_201	 1	 4	 2215.jpg	 4.714992e+02	 24	 999000	 240	 999000	 999	 4.725170e+02	 516.67	 600.00	 43.00	 36	 0.82	 
BFE_201	 1	 4	 1102.jpg	 4.775059e+02	 12	 999000	 120	 999000	 999	 4.785237e+02	 516.67	 600.00	 22.00	 2	 0.48	 
BFE_201	 1	 4	 1211.jpg	 4.795082e+02	 11	 8.777139e+02	 110	 5.166993e+02	 98	 4.805259e+02	 533.33	 600.00	 12.00	 32	 0.63	 
BFE_201	 1	 4	 1114.jpg	 4.834957e+02	 11	 8.342526e+02	 110	 5.333702e+02	 98	 4.845137e+02	 550.00	 600.00	 13.00	 14	 0.62	 
BFE_201	 1	 4	 2213.jpg	 4.854982e+02	 24	 999000	 240	 999000	 999	 4.865159e+02	 550.00	 600.00	 44.00	 34	 0.78	 
BFE_201	 1	 4	 1116.jpg	 4.875006e+02	 12	 999000	 120	 999000	 999	 4.885182e+02	 550.00	 600.00	 20.00	 16	 0.53	 
BFE_201	 1	 4	 2103.jpg	 4.895027e+02	 24	 999000	 240	 999000	 999	 4.905205e+02	 550.00	 600.00	 57.00	 3	 0.58	 
BFE_201	 1	 4	 2212.jpg	 4.945083e+02	 24	 999000	 240	 999000	 999	 4.955261e+02	 550.00	 600.00	 61.00	 33	 0.52	 
BFE_201	 1	 4	 2117.jpg	 4.965105e+02	 24	 999000	 240	 999000	 999	 4.975283e+02	 550.00	 600.00	 77.00	 17	 0.19	 
BFE_201	 1	 4	 1206.jpg	 4.984958e+02	 12	 999000	 120	 999000	 999	 4.995138e+02	 550.00	 600.00	 11.00	 27	 0.64	 
BFE_201	 1	 4	 2209.jpg	 5.014995e+02	 22	 9.423963e+02	 220	 6.000312e+02	 98	 5.025173e+02	 550.00	 616.67	 50.00	 30	 0.68	 
