subjectID	 order	 runNum	 itemName	 onsetTime	 shuff_trialType	 RT	 respInTime	 AudioTime	 response	 fixationTime	 ladder1	 ladder2	 bidIndex	 itemNameIndex	 bidValue	 
BFE_111	 1	 19	 1216.jpg	 2.956034e+03	 11	 1.112348e+03	 1100	 6.833750e+02	 98	 2.957052e+03	 633.33	 550.00	 10.00	 37	 0.61	 
BFE_111	 1	 19	 1205.jpg	 2.958019e+03	 11	 9.508396e+02	 110	 6.333725e+02	 98	 2.959037e+03	 650.00	 550.00	 18.00	 26	 0.52	 
BFE_111	 1	 19	 2120.jpg	 2.962024e+03	 22	 7.382651e+02	 220	 5.500463e+02	 98	 2.963042e+03	 650.00	 566.67	 53.00	 20	 0.60	 
BFE_111	 1	 19	 1113.jpg	 2.965027e+03	 12	 999000	 120	 999000	 999	 2.966045e+03	 650.00	 566.67	 21.00	 13	 0.49	 
BFE_111	 1	 19	 2103.jpg	 2.967030e+03	 24	 999000	 240	 999000	 999	 2.968047e+03	 650.00	 566.67	 57.00	 3	 0.53	 
BFE_111	 1	 19	 2113.jpg	 2.970033e+03	 24	 999000	 240	 999000	 999	 2.971051e+03	 650.00	 566.67	 51.00	 13	 0.64	 
BFE_111	 1	 19	 2213.jpg	 2.974021e+03	 22	 7.814955e+02	 220	 5.667006e+02	 98	 2.975039e+03	 650.00	 583.33	 50.00	 34	 0.65	 
BFE_111	 1	 19	 2111.jpg	 2.978025e+03	 24	 999000	 240	 999000	 999	 2.979043e+03	 650.00	 583.33	 49.00	 11	 0.66	 
BFE_111	 1	 19	 2211.jpg	 2.980027e+03	 22	 8.468174e+02	 220	 5.833718e+02	 98	 2.981045e+03	 650.00	 600.00	 58.00	 32	 0.51	 
BFE_111	 1	 19	 2210.jpg	 2.985016e+03	 22	 8.341703e+02	 220	 6.000399e+02	 98	 2.986034e+03	 650.00	 616.67	 52.00	 31	 0.61	 
BFE_111	 1	 19	 2207.jpg	 2.987019e+03	 24	 999000	 240	 999000	 999	 2.988036e+03	 650.00	 616.67	 44.00	 28	 0.72	 
BFE_111	 1	 19	 2110.jpg	 2.989021e+03	 24	 999000	 240	 999000	 999	 2.990039e+03	 650.00	 616.67	 62.00	 10	 0.44	 
BFE_111	 1	 19	 2102.jpg	 2.995028e+03	 24	 999000	 240	 999000	 999	 2.996045e+03	 650.00	 616.67	 48.00	 2	 0.67	 
BFE_111	 1	 19	 2112.jpg	 2.997030e+03	 24	 999000	 240	 999000	 999	 2.998048e+03	 650.00	 616.67	 60.00	 12	 0.48	 
BFE_111	 1	 19	 1213.jpg	 2.999032e+03	 12	 999000	 120	 999000	 999	 3.000050e+03	 650.00	 616.67	 37.00	 34	 0.23	 
BFE_111	 1	 19	 2209.jpg	 3.001017e+03	 24	 999000	 240	 999000	 999	 3.002035e+03	 650.00	 616.67	 54.00	 30	 0.56	 
BFE_111	 1	 19	 1217.jpg	 3.005022e+03	 12	 999000	 120	 999000	 999	 3.006040e+03	 650.00	 616.67	 3.00	 38	 0.87	 
BFE_111	 1	 19	 1117.jpg	 3.009027e+03	 11	 5.596031e+02	 11	 6.500371e+02	 98	 3.010044e+03	 666.67	 616.67	 15.00	 17	 0.55	 
BFE_111	 1	 19	 1215.jpg	 3.012030e+03	 12	 999000	 120	 999000	 999	 3.013048e+03	 666.67	 616.67	 16.00	 36	 0.54	 
BFE_111	 1	 19	 1116.jpg	 3.016018e+03	 12	 999000	 120	 999000	 999	 3.017036e+03	 666.67	 616.67	 38.00	 16	 0.23	 
BFE_111	 1	 19	 1219.jpg	 3.019021e+03	 11	 8.771050e+02	 110	 6.666996e+02	 98	 3.020039e+03	 683.33	 616.67	 13.00	 40	 0.58	 
BFE_111	 1	 19	 2217.jpg	 3.021023e+03	 24	 999000	 240	 999000	 999	 3.022041e+03	 683.33	 616.67	 43.00	 38	 0.77	 
BFE_111	 1	 19	 1210.jpg	 3.025028e+03	 12	 999000	 120	 999000	 999	 3.026046e+03	 683.33	 616.67	 11.00	 31	 0.61	 
BFE_111	 1	 19	 1109.jpg	 3.027030e+03	 12	 999000	 120	 999000	 999	 3.028048e+03	 683.33	 616.67	 17.00	 9	 0.54	 
BFE_111	 1	 19	 1105.jpg	 3.029032e+03	 12	 999000	 120	 999000	 999	 3.030050e+03	 683.33	 616.67	 14.00	 5	 0.57	 
BFE_111	 1	 19	 1202.jpg	 3.033020e+03	 12	 999000	 120	 999000	 999	 3.034038e+03	 683.33	 616.67	 22.00	 23	 0.46	 
BFE_111	 1	 19	 2205.jpg	 3.035022e+03	 24	 999000	 240	 999000	 999	 3.036040e+03	 683.33	 616.67	 59.00	 26	 0.50	 
BFE_111	 1	 19	 1214.jpg	 3.039027e+03	 12	 999000	 120	 999000	 999	 3.040045e+03	 683.33	 616.67	 9.00	 35	 0.63	 
BFE_111	 1	 19	 2218.jpg	 3.043031e+03	 24	 999000	 240	 999000	 999	 3.044049e+03	 683.33	 616.67	 61.00	 39	 0.45	 
BFE_111	 1	 19	 2214.jpg	 3.046018e+03	 22	 9.121938e+02	 220	 6.166953e+02	 98	 3.047036e+03	 683.33	 633.33	 47.00	 35	 0.68	 
BFE_111	 1	 19	 2216.jpg	 3.052025e+03	 24	 999000	 240	 999000	 999	 3.053043e+03	 683.33	 633.33	 56.00	 37	 0.55	 
BFE_111	 1	 19	 1114.jpg	 3.054027e+03	 12	 999000	 120	 999000	 999	 3.055045e+03	 683.33	 633.33	 4.00	 14	 0.79	 
BFE_111	 1	 19	 2116.jpg	 3.058032e+03	 24	 999000	 240	 999000	 999	 3.059049e+03	 683.33	 633.33	 78.00	 16	 0.25	 
BFE_111	 1	 19	 2104.jpg	 3.060017e+03	 22	 8.654344e+02	 220	 6.333604e+02	 98	 3.061035e+03	 683.33	 650.00	 55.00	 4	 0.56	 
BFE_111	 1	 19	 2119.jpg	 3.062019e+03	 24	 999000	 240	 999000	 999	 3.063037e+03	 683.33	 650.00	 77.00	 19	 0.30	 
BFE_111	 1	 19	 1209.jpg	 3.064022e+03	 12	 999000	 120	 999000	 999	 3.065039e+03	 683.33	 650.00	 8.00	 30	 0.64	 
BFE_111	 1	 19	 1102.jpg	 3.069027e+03	 12	 999000	 120	 999000	 999	 3.070045e+03	 683.33	 650.00	 19.00	 2	 0.52	 
BFE_111	 1	 19	 1120.jpg	 3.071029e+03	 12	 999000	 120	 999000	 999	 3.072047e+03	 683.33	 650.00	 20.00	 20	 0.49	 
BFE_111	 1	 19	 1107.jpg	 3.073032e+03	 11	 1.130479e+03	 1100	 6.833745e+02	 98	 3.074049e+03	 633.33	 650.00	 12.00	 7	 0.60	 
BFE_111	 1	 19	 1218.jpg	 3.076018e+03	 11	 1.167834e+03	 1100	 6.333647e+02	 98	 3.077036e+03	 583.33	 650.00	 7.00	 39	 0.66	 
