subjectID	 order	 runNum	 itemName	 onsetTime	 shuff_trialType	 RT	 respInTime	 AudioTime	 response	 fixationTime	 ladder1	 ladder2	 bidIndex	 itemNameIndex	 bidValue	 
BFE_201	 1	 2	 1114.jpg	 1.161676e+02	 11	 1.002317e+03	 1100	 7.167139e+02	 98	 1.171855e+02	 666.67	 650.00	 13.00	 14	 0.62	 
BFE_201	 1	 2	 1214.jpg	 1.181533e+02	 12	 999000	 120	 999000	 999	 1.191710e+02	 666.67	 650.00	 14.00	 35	 0.62	 
BFE_201	 1	 2	 2217.jpg	 1.221578e+02	 22	 9.241112e+02	 220	 6.500715e+02	 98	 1.231754e+02	 666.67	 666.67	 47.00	 38	 0.72	 
BFE_201	 1	 2	 1121.jpg	 1.251611e+02	 12	 999000	 120	 999000	 999	 1.261789e+02	 666.67	 666.67	 4.00	 21	 0.83	 
BFE_201	 1	 2	 1103.jpg	 1.271633e+02	 12	 999000	 120	 999000	 999	 1.281811e+02	 666.67	 666.67	 9.00	 3	 0.70	 
BFE_201	 1	 2	 2114.jpg	 1.301497e+02	 24	 999000	 240	 999000	 999	 1.311679e+02	 666.67	 666.67	 54.00	 14	 0.60	 
BFE_201	 1	 2	 2213.jpg	 1.341545e+02	 24	 999000	 240	 999000	 999	 1.351722e+02	 666.67	 666.67	 44.00	 34	 0.78	 
BFE_201	 1	 2	 1116.jpg	 1.381590e+02	 12	 999000	 120	 999000	 999	 1.391768e+02	 666.67	 666.67	 20.00	 16	 0.53	 
BFE_201	 1	 2	 2110.jpg	 1.401612e+02	 22	 9.207559e+02	 220	 6.667017e+02	 98	 1.411790e+02	 666.67	 683.33	 52.00	 10	 0.67	 
BFE_201	 1	 2	 2205.jpg	 1.451499e+02	 24	 999000	 240	 999000	 999	 1.461680e+02	 666.67	 683.33	 59.00	 26	 0.55	 
BFE_201	 1	 2	 2116.jpg	 1.471525e+02	 24	 999000	 240	 999000	 999	 1.481702e+02	 666.67	 683.33	 56.00	 16	 0.59	 
BFE_201	 1	 2	 1205.jpg	 1.491547e+02	 12	 999000	 120	 999000	 999	 1.501724e+02	 666.67	 683.33	 3.00	 26	 0.83	 
BFE_201	 1	 2	 2120.jpg	 1.551613e+02	 24	 999000	 240	 999000	 999	 1.561792e+02	 666.67	 683.33	 51.00	 20	 0.67	 
BFE_201	 1	 2	 1105.jpg	 1.571636e+02	 12	 999000	 120	 999000	 999	 1.581814e+02	 666.67	 683.33	 37.00	 5	 0.18	 
BFE_201	 1	 2	 1209.jpg	 1.591490e+02	 11	 9.008824e+02	 110	 6.667033e+02	 98	 1.601670e+02	 683.33	 683.33	 15.00	 30	 0.59	 
BFE_201	 1	 2	 2214.jpg	 1.611515e+02	 22	 9.864780e+02	 220	 6.833835e+02	 98	 1.621692e+02	 683.33	 700.00	 58.00	 35	 0.56	 
BFE_201	 1	 2	 1216.jpg	 1.651559e+02	 12	 999000	 120	 999000	 999	 1.661736e+02	 683.33	 700.00	 8.00	 37	 0.72	 
BFE_201	 1	 2	 2218.jpg	 1.691604e+02	 24	 999000	 240	 999000	 999	 1.701782e+02	 683.33	 700.00	 48.00	 39	 0.71	 
BFE_201	 1	 2	 2211.jpg	 1.721638e+02	 24	 999000	 240	 999000	 999	 1.731815e+02	 683.33	 700.00	 62.00	 32	 0.49	 
BFE_201	 1	 2	 2215.jpg	 1.761516e+02	 24	 999000	 240	 999000	 999	 1.771693e+02	 683.33	 700.00	 43.00	 36	 0.82	 
BFE_201	 1	 2	 2208.jpg	 1.791550e+02	 24	 999000	 240	 999000	 999	 1.801727e+02	 683.33	 700.00	 60.00	 29	 0.52	 
BFE_201	 1	 2	 1211.jpg	 1.811572e+02	 11	 9.807495e+02	 110	 6.833738e+02	 98	 1.821749e+02	 700.00	 700.00	 12.00	 32	 0.63	 
BFE_201	 1	 2	 2206.jpg	 1.851617e+02	 24	 999000	 240	 999000	 999	 1.861802e+02	 700.00	 700.00	 49.00	 27	 0.69	 
BFE_201	 1	 2	 1207.jpg	 1.871639e+02	 12	 999000	 120	 999000	 999	 1.881817e+02	 700.00	 700.00	 16.00	 28	 0.59	 
BFE_201	 1	 2	 1219.jpg	 1.891493e+02	 12	 999000	 120	 999000	 999	 1.901672e+02	 700.00	 700.00	 21.00	 40	 0.52	 
BFE_201	 1	 2	 2103.jpg	 1.931540e+02	 24	 999000	 240	 999000	 999	 1.941717e+02	 700.00	 700.00	 57.00	 3	 0.58	 
BFE_201	 1	 2	 1108.jpg	 1.951562e+02	 12	 999000	 120	 999000	 999	 1.961740e+02	 700.00	 700.00	 38.00	 8	 0.17	 
BFE_201	 1	 2	 1109.jpg	 1.991607e+02	 11	 9.532457e+02	 110	 7.000293e+02	 98	 2.001785e+02	 716.67	 700.00	 10.00	 9	 0.67	 
BFE_201	 1	 2	 1217.jpg	 2.031653e+02	 12	 999000	 120	 999000	 999	 2.041829e+02	 716.67	 700.00	 19.00	 38	 0.53	 
BFE_201	 1	 2	 2209.jpg	 2.061518e+02	 22	 9.700857e+02	 220	 7.000342e+02	 98	 2.071696e+02	 716.67	 716.67	 50.00	 30	 0.68	 
BFE_201	 1	 2	 2118.jpg	 2.121586e+02	 24	 999000	 240	 999000	 999	 2.131764e+02	 716.67	 716.67	 78.00	 18	 0.18	 
BFE_201	 1	 2	 1206.jpg	 2.141608e+02	 12	 999000	 120	 999000	 999	 2.151786e+02	 716.67	 716.67	 11.00	 27	 0.64	 
BFE_201	 1	 2	 1203.jpg	 2.181653e+02	 11	 9.565833e+02	 110	 7.166945e+02	 98	 2.191831e+02	 733.33	 716.67	 18.00	 24	 0.54	 
BFE_201	 1	 2	 2109.jpg	 2.201510e+02	 22	 9.709186e+02	 220	 7.166992e+02	 98	 2.211686e+02	 733.33	 733.33	 53.00	 9	 0.64	 
BFE_201	 1	 2	 1102.jpg	 2.221532e+02	 12	 999000	 120	 999000	 999	 2.231710e+02	 733.33	 733.33	 22.00	 2	 0.48	 
BFE_201	 1	 2	 1208.jpg	 2.241553e+02	 12	 999000	 120	 999000	 999	 2.251731e+02	 733.33	 733.33	 17.00	 29	 0.58	 
BFE_201	 1	 2	 2204.jpg	 2.291610e+02	 22	 1.017029e+03	 2200	 7.333608e+02	 98	 2.301787e+02	 733.33	 683.33	 55.00	 25	 0.59	 
BFE_201	 1	 2	 1218.jpg	 2.311632e+02	 11	 1.006713e+03	 1100	 7.333626e+02	 98	 2.321810e+02	 683.33	 683.33	 7.00	 39	 0.76	 
BFE_201	 1	 2	 2117.jpg	 2.331654e+02	 24	 999000	 240	 999000	 999	 2.341832e+02	 683.33	 683.33	 77.00	 17	 0.19	 
BFE_201	 1	 2	 2212.jpg	 2.361522e+02	 24	 999000	 240	 999000	 999	 2.371699e+02	 683.33	 683.33	 61.00	 33	 0.52	 
