subjectID	 order	 runNum	 itemName	 onsetTime	 shuff_trialType	 RT	 respInTime	 AudioTime	 response	 fixationTime	 ladder1	 ladder2	 bidIndex	 itemNameIndex	 bidValue	 
BFE_105	 1	 8	 2114.jpg	 9.421057e+02	 24	 999000	 240	 999000	 999	 9.431236e+02	 650.00	 650.00	 44.00	 14	 0.80	 
BFE_105	 1	 8	 1219.jpg	 9.440913e+02	 12	 999000	 120	 999000	 999	 9.451091e+02	 650.00	 650.00	 14.00	 40	 0.61	 
BFE_105	 1	 8	 1103.jpg	 9.480958e+02	 11	 1.026219e+03	 1100	 6.500352e+02	 98	 9.491136e+02	 600.00	 650.00	 15.00	 3	 0.60	 
BFE_105	 1	 8	 1107.jpg	 9.510992e+02	 12	 999000	 120	 999000	 999	 9.521169e+02	 600.00	 650.00	 22.00	 7	 0.45	 
BFE_105	 1	 8	 1209.jpg	 9.531014e+02	 11	 8.606734e+02	 110	 6.000339e+02	 98	 9.541192e+02	 616.67	 650.00	 10.00	 30	 0.69	 
BFE_105	 1	 8	 2206.jpg	 9.561048e+02	 24	 999000	 240	 999000	 999	 9.571226e+02	 616.67	 650.00	 61.00	 27	 0.52	 
BFE_105	 1	 8	 1121.jpg	 9.600926e+02	 12	 999000	 120	 999000	 999	 9.611103e+02	 616.67	 650.00	 17.00	 21	 0.52	 
BFE_105	 1	 8	 2216.jpg	 9.640972e+02	 22	 9.208714e+02	 220	 6.500474e+02	 98	 9.651148e+02	 616.67	 666.67	 50.00	 37	 0.68	 
BFE_105	 1	 8	 1216.jpg	 9.660994e+02	 11	 5.106813e+02	 11	 6.167091e+02	 98	 9.671172e+02	 633.33	 666.67	 12.00	 37	 0.64	 
BFE_105	 1	 8	 1112.jpg	 9.710883e+02	 12	 999000	 120	 999000	 999	 9.721060e+02	 633.33	 666.67	 38.00	 12	 0.20	 
BFE_105	 1	 8	 2213.jpg	 9.730905e+02	 22	 1.007513e+03	 2200	 6.667010e+02	 98	 9.741101e+02	 633.33	 616.67	 52.00	 34	 0.65	 
BFE_105	 1	 8	 2209.jpg	 9.750928e+02	 24	 999000	 240	 999000	 999	 9.761106e+02	 633.33	 616.67	 49.00	 30	 0.73	 
BFE_105	 1	 8	 1213.jpg	 9.810995e+02	 12	 999000	 120	 999000	 999	 9.821173e+02	 633.33	 616.67	 11.00	 34	 0.68	 
BFE_105	 1	 8	 1218.jpg	 9.831017e+02	 12	 999000	 120	 999000	 999	 9.841196e+02	 633.33	 616.67	 16.00	 39	 0.60	 
BFE_105	 1	 8	 1110.jpg	 9.850870e+02	 12	 999000	 120	 999000	 999	 9.861053e+02	 633.33	 616.67	 37.00	 10	 0.20	 
BFE_105	 1	 8	 2109.jpg	 9.870897e+02	 22	 9.683737e+02	 220	 6.167020e+02	 98	 9.881074e+02	 633.33	 633.33	 58.00	 9	 0.56	 
BFE_105	 1	 8	 1201.jpg	 9.910941e+02	 12	 999000	 120	 999000	 999	 9.921118e+02	 633.33	 633.33	 4.00	 22	 0.78	 
BFE_105	 1	 8	 2215.jpg	 9.950986e+02	 24	 999000	 240	 999000	 999	 9.961164e+02	 633.33	 633.33	 59.00	 36	 0.54	 
BFE_105	 1	 8	 2202.jpg	 9.981020e+02	 24	 999000	 240	 999000	 999	 9.991198e+02	 633.33	 633.33	 56.00	 23	 0.60	 
BFE_105	 1	 8	 1203.jpg	 1.002090e+03	 12	 999000	 120	 999000	 999	 1.003108e+03	 633.33	 633.33	 20.00	 24	 0.51	 
BFE_105	 1	 8	 1102.jpg	 1.005093e+03	 11	 8.289716e+02	 110	 6.333685e+02	 98	 1.006111e+03	 650.00	 633.33	 13.00	 2	 0.62	 
BFE_105	 1	 8	 2217.jpg	 1.007095e+03	 22	 9.387137e+02	 220	 6.333620e+02	 98	 1.008113e+03	 650.00	 650.00	 53.00	 38	 0.64	 
BFE_105	 1	 8	 2117.jpg	 1.011100e+03	 24	 999000	 240	 999000	 999	 1.012118e+03	 650.00	 650.00	 77.00	 17	 0.20	 
BFE_105	 1	 8	 2121.jpg	 1.013102e+03	 24	 999000	 240	 999000	 999	 1.014120e+03	 650.00	 650.00	 51.00	 21	 0.66	 
BFE_105	 1	 8	 1215.jpg	 1.015088e+03	 12	 999000	 120	 999000	 999	 1.016105e+03	 650.00	 650.00	 19.00	 36	 0.51	 
BFE_105	 1	 8	 2204.jpg	 1.019092e+03	 24	 999000	 240	 999000	 999	 1.020110e+03	 650.00	 650.00	 57.00	 25	 0.58	 
BFE_105	 1	 8	 2103.jpg	 1.021094e+03	 24	 999000	 240	 999000	 999	 1.022112e+03	 650.00	 650.00	 43.00	 3	 0.82	 
BFE_105	 1	 8	 2118.jpg	 1.025099e+03	 24	 999000	 240	 999000	 999	 1.026117e+03	 650.00	 650.00	 78.00	 18	 0.18	 
BFE_105	 1	 8	 1106.jpg	 1.029087e+03	 12	 999000	 120	 999000	 999	 1.030104e+03	 650.00	 650.00	 3.00	 6	 0.80	 
BFE_105	 1	 8	 1205.jpg	 1.032090e+03	 11	 9.999628e+02	 110	 6.500287e+02	 98	 1.033108e+03	 666.67	 650.00	 7.00	 26	 0.77	 
BFE_105	 1	 8	 1113.jpg	 1.038097e+03	 12	 999000	 120	 999000	 999	 1.039115e+03	 666.67	 650.00	 9.00	 13	 0.70	 
BFE_105	 1	 8	 2219.jpg	 1.040099e+03	 24	 999000	 240	 999000	 999	 1.041117e+03	 666.67	 650.00	 62.00	 40	 0.51	 
BFE_105	 1	 8	 2208.jpg	 1.044087e+03	 24	 999000	 240	 999000	 999	 1.045105e+03	 666.67	 650.00	 60.00	 29	 0.53	 
BFE_105	 1	 8	 2218.jpg	 1.046089e+03	 22	 9.768908e+02	 220	 6.500567e+02	 98	 1.047107e+03	 666.67	 666.67	 55.00	 39	 0.62	 
BFE_105	 1	 8	 1208.jpg	 1.048091e+03	 11	 1.038638e+03	 1100	 6.667034e+02	 98	 1.049109e+03	 616.67	 666.67	 18.00	 29	 0.52	 
BFE_105	 1	 8	 2106.jpg	 1.050094e+03	 22	 9.643922e+02	 220	 6.666949e+02	 98	 1.051111e+03	 616.67	 683.33	 47.00	 6	 0.74	 
BFE_105	 1	 8	 2211.jpg	 1.055099e+03	 24	 999000	 240	 999000	 999	 1.056117e+03	 616.67	 683.33	 48.00	 32	 0.73	 
BFE_105	 1	 8	 1202.jpg	 1.057102e+03	 12	 999000	 120	 999000	 999	 1.058119e+03	 616.67	 683.33	 8.00	 23	 0.75	 
BFE_105	 1	 8	 2214.jpg	 1.059087e+03	 24	 999000	 240	 999000	 999	 1.060105e+03	 616.67	 683.33	 54.00	 35	 0.62	 
BFE_105	 1	 8	 1119.jpg	 1.062090e+03	 12	 999000	 120	 999000	 999	 1.063108e+03	 616.67	 683.33	 21.00	 19	 0.49	 
