subjectID	 order	 runNum	 itemName	 onsetTime	 shuff_trialType	 RT	 respInTime	 AudioTime	 response	 fixationTime	 ladder1	 ladder2	 bidIndex	 itemNameIndex	 bidValue	 
BFE_101	 1	 8	 1213.jpg	 8.921483e+02	 12	 999000	 120	 999000	 999	 8.931663e+02	 783.33	 783.33	 8.00	 34	 0.68	 
BFE_101	 1	 8	 2115.jpg	 8.941507e+02	 24	 999000	 240	 999000	 999	 8.951685e+02	 783.33	 783.33	 57.00	 15	 0.55	 
BFE_101	 1	 8	 2216.jpg	 8.981552e+02	 24	 7.339154e+02	 24	 999000	 98	 8.991730e+02	 783.33	 783.33	 48.00	 37	 0.66	 
BFE_101	 1	 8	 1116.jpg	 9.011586e+02	 12	 999000	 120	 999000	 999	 9.021765e+02	 783.33	 783.33	 19.00	 16	 0.51	 
BFE_101	 1	 8	 1109.jpg	 9.031439e+02	 12	 999000	 120	 999000	 999	 9.041620e+02	 783.33	 783.33	 20.00	 9	 0.50	 
BFE_101	 1	 8	 2104.jpg	 9.061475e+02	 24	 999000	 240	 999000	 999	 9.071654e+02	 783.33	 783.33	 56.00	 4	 0.55	 
BFE_101	 1	 8	 2117.jpg	 9.101522e+02	 24	 999000	 240	 999000	 999	 9.111698e+02	 783.33	 783.33	 78.00	 17	 0.18	 
BFE_101	 1	 8	 1118.jpg	 9.141565e+02	 12	 999000	 120	 999000	 999	 9.151743e+02	 783.33	 783.33	 3.00	 18	 0.78	 
BFE_101	 1	 8	 1102.jpg	 9.161589e+02	 11	 9.782826e+02	 110	 7.833761e+02	 98	 9.171765e+02	 800.00	 783.33	 10.00	 2	 0.66	 
BFE_101	 1	 8	 2205.jpg	 9.211477e+02	 24	 999000	 240	 999000	 999	 9.221655e+02	 800.00	 783.33	 77.00	 26	 0.21	 
BFE_101	 1	 8	 2214.jpg	 9.231499e+02	 22	 1.147219e+03	 2200	 7.833741e+02	 98	 9.241677e+02	 800.00	 733.33	 53.00	 35	 0.59	 
BFE_101	 1	 8	 1214.jpg	 9.251522e+02	 12	 999000	 120	 999000	 999	 9.261700e+02	 800.00	 733.33	 21.00	 35	 0.50	 
BFE_101	 1	 8	 2118.jpg	 9.311590e+02	 22	 9.541680e+02	 220	 7.333657e+02	 98	 9.321766e+02	 800.00	 750.00	 47.00	 18	 0.67	 
BFE_101	 1	 8	 1201.jpg	 9.331443e+02	 12	 999000	 120	 999000	 999	 9.341623e+02	 800.00	 750.00	 22.00	 22	 0.50	 
BFE_101	 1	 8	 2113.jpg	 9.351467e+02	 24	 999000	 240	 999000	 999	 9.361645e+02	 800.00	 750.00	 60.00	 13	 0.54	 
BFE_101	 1	 8	 2102.jpg	 9.371489e+02	 24	 999000	 240	 999000	 999	 9.381667e+02	 800.00	 750.00	 61.00	 2	 0.54	 
BFE_101	 1	 8	 1101.jpg	 9.411535e+02	 12	 999000	 120	 999000	 999	 9.421714e+02	 800.00	 750.00	 37.00	 1	 0.27	 
BFE_101	 1	 8	 1106.jpg	 9.451579e+02	 11	 9.953085e+02	 110	 8.000293e+02	 98	 9.461757e+02	 816.67	 750.00	 12.00	 6	 0.58	 
BFE_101	 1	 8	 1206.jpg	 9.481444e+02	 12	 999000	 120	 999000	 999	 9.491624e+02	 816.67	 750.00	 4.00	 27	 0.74	 
BFE_101	 1	 8	 2110.jpg	 9.521491e+02	 22	 1.092057e+03	 2200	 7.500300e+02	 98	 9.531669e+02	 816.67	 700.00	 50.00	 10	 0.65	 
BFE_101	 1	 8	 1111.jpg	 9.551525e+02	 12	 999000	 120	 999000	 999	 9.561702e+02	 816.67	 700.00	 14.00	 11	 0.55	 
BFE_101	 1	 8	 1202.jpg	 9.571547e+02	 12	 999000	 120	 999000	 999	 9.581725e+02	 816.67	 700.00	 16.00	 23	 0.54	 
BFE_101	 1	 8	 2209.jpg	 9.611592e+02	 22	 9.139980e+02	 220	 7.000349e+02	 98	 9.621770e+02	 816.67	 716.67	 55.00	 30	 0.56	 
BFE_101	 1	 8	 1207.jpg	 9.631448e+02	 11	 9.683251e+02	 110	 8.166932e+02	 98	 9.641626e+02	 833.33	 716.67	 13.00	 28	 0.56	 
BFE_101	 1	 8	 1121.jpg	 9.651470e+02	 11	 1.030144e+03	 1100	 8.333706e+02	 98	 9.661647e+02	 783.33	 716.67	 7.00	 21	 0.70	 
BFE_101	 1	 8	 2217.jpg	 9.691514e+02	 24	 999000	 240	 999000	 999	 9.701692e+02	 783.33	 716.67	 54.00	 38	 0.58	 
BFE_101	 1	 8	 2203.jpg	 9.711537e+02	 24	 999000	 240	 999000	 999	 9.721715e+02	 783.33	 716.67	 59.00	 24	 0.54	 
BFE_101	 1	 8	 2114.jpg	 9.751583e+02	 24	 999000	 240	 999000	 999	 9.761760e+02	 783.33	 716.67	 62.00	 14	 0.50	 
BFE_101	 1	 8	 1103.jpg	 9.791460e+02	 12	 999000	 120	 999000	 999	 9.801638e+02	 783.33	 716.67	 9.00	 3	 0.68	 
BFE_101	 1	 8	 2103.jpg	 9.821494e+02	 24	 999000	 240	 999000	 999	 9.831671e+02	 783.33	 716.67	 43.00	 3	 0.74	 
BFE_101	 1	 8	 1208.jpg	 9.881561e+02	 11	 1.029087e+03	 1100	 7.833644e+02	 98	 9.891738e+02	 733.33	 716.67	 18.00	 29	 0.51	 
BFE_101	 1	 8	 1216.jpg	 9.901584e+02	 11	 9.387670e+02	 110	 7.333659e+02	 98	 9.911761e+02	 750.00	 716.67	 15.00	 37	 0.55	 
BFE_101	 1	 8	 2208.jpg	 9.941461e+02	 24	 999000	 240	 999000	 999	 9.951639e+02	 750.00	 716.67	 51.00	 29	 0.63	 
BFE_101	 1	 8	 2207.jpg	 9.961484e+02	 24	 8.687503e+02	 24	 999000	 98	 9.971661e+02	 750.00	 716.67	 49.00	 28	 0.66	 
BFE_101	 1	 8	 2213.jpg	 9.981506e+02	 24	 999000	 240	 999000	 999	 9.991684e+02	 750.00	 716.67	 44.00	 34	 0.71	 
BFE_101	 1	 8	 1205.jpg	 1.000153e+03	 12	 999000	 120	 999000	 999	 1.001171e+03	 750.00	 716.67	 11.00	 26	 0.62	 
BFE_101	 1	 8	 2211.jpg	 1.005158e+03	 22	 1.002726e+03	 2200	 7.166936e+02	 98	 1.006176e+03	 750.00	 666.67	 52.00	 32	 0.62	 
BFE_101	 1	 8	 1115.jpg	 1.007144e+03	 12	 999000	 120	 999000	 999	 1.008162e+03	 750.00	 666.67	 38.00	 15	 0.23	 
BFE_101	 1	 8	 1204.jpg	 1.009146e+03	 12	 999000	 120	 999000	 999	 1.010164e+03	 750.00	 666.67	 17.00	 25	 0.52	 
BFE_101	 1	 8	 2120.jpg	 1.012150e+03	 22	 5.795321e+02	 22	 6.667051e+02	 98	 1.013167e+03	 750.00	 683.33	 58.00	 20	 0.55	 
