subjectID	 order	 runNum	 itemName	 onsetTime	 shuff_trialType	 RT	 respInTime	 AudioTime	 response	 fixationTime	 ladder1	 ladder2	 bidIndex	 itemNameIndex	 bidValue	 
BFE_101	 1	 15	 1109.jpg	 1.767228e+03	 12	 999000	 120	 999000	 999	 1.768247e+03	 816.67	 683.33	 20.00	 9	 0.50	 
BFE_101	 1	 15	 2213.jpg	 1.770232e+03	 24	 999000	 240	 999000	 999	 1.771250e+03	 816.67	 683.33	 44.00	 34	 0.71	 
BFE_101	 1	 15	 2214.jpg	 1.772234e+03	 22	 9.907096e+02	 220	 6.833732e+02	 98	 1.773252e+03	 816.67	 700.00	 53.00	 35	 0.59	 
BFE_101	 1	 15	 1115.jpg	 1.774237e+03	 12	 999000	 120	 999000	 999	 1.775254e+03	 816.67	 700.00	 38.00	 15	 0.23	 
BFE_101	 1	 15	 1207.jpg	 1.776239e+03	 11	 1.050250e+03	 1100	 8.167133e+02	 98	 1.777257e+03	 766.67	 700.00	 13.00	 28	 0.56	 
BFE_101	 1	 15	 2117.jpg	 1.779226e+03	 24	 999000	 240	 999000	 999	 1.780243e+03	 766.67	 700.00	 78.00	 17	 0.18	 
BFE_101	 1	 15	 1202.jpg	 1.781228e+03	 12	 999000	 120	 999000	 999	 1.782246e+03	 766.67	 700.00	 16.00	 23	 0.54	 
BFE_101	 1	 15	 1216.jpg	 1.785232e+03	 11	 4.888739e+02	 11	 7.667041e+02	 98	 1.786250e+03	 783.33	 700.00	 15.00	 37	 0.55	 
BFE_101	 1	 15	 1214.jpg	 1.787235e+03	 12	 999000	 120	 999000	 999	 1.788252e+03	 783.33	 700.00	 21.00	 35	 0.50	 
BFE_101	 1	 15	 2120.jpg	 1.792223e+03	 22	 7.618855e+02	 220	 7.000335e+02	 98	 1.793241e+03	 783.33	 716.67	 58.00	 20	 0.55	 
BFE_101	 1	 15	 1201.jpg	 1.794226e+03	 12	 999000	 120	 999000	 999	 1.795243e+03	 783.33	 716.67	 22.00	 22	 0.50	 
BFE_101	 1	 15	 1205.jpg	 1.798230e+03	 12	 999000	 120	 999000	 999	 1.799248e+03	 783.33	 716.67	 11.00	 26	 0.62	 
BFE_101	 1	 15	 2113.jpg	 1.800233e+03	 24	 999000	 240	 999000	 999	 1.801250e+03	 783.33	 716.67	 60.00	 13	 0.54	 
BFE_101	 1	 15	 1204.jpg	 1.803236e+03	 12	 999000	 120	 999000	 999	 1.804254e+03	 783.33	 716.67	 17.00	 25	 0.52	 
BFE_101	 1	 15	 1103.jpg	 1.808225e+03	 12	 999000	 120	 999000	 999	 1.809243e+03	 783.33	 716.67	 9.00	 3	 0.68	 
BFE_101	 1	 15	 1111.jpg	 1.810227e+03	 12	 999000	 120	 999000	 999	 1.811245e+03	 783.33	 716.67	 14.00	 11	 0.55	 
BFE_101	 1	 15	 2207.jpg	 1.812229e+03	 24	 999000	 240	 999000	 999	 1.813247e+03	 783.33	 716.67	 49.00	 28	 0.66	 
BFE_101	 1	 15	 1118.jpg	 1.816234e+03	 12	 999000	 120	 999000	 999	 1.817252e+03	 783.33	 716.67	 3.00	 18	 0.78	 
BFE_101	 1	 15	 2114.jpg	 1.820238e+03	 24	 999000	 240	 999000	 999	 1.821256e+03	 783.33	 716.67	 62.00	 14	 0.50	 
BFE_101	 1	 15	 1213.jpg	 1.824226e+03	 12	 999000	 120	 999000	 999	 1.825244e+03	 783.33	 716.67	 8.00	 34	 0.68	 
BFE_101	 1	 15	 1116.jpg	 1.826228e+03	 12	 999000	 120	 999000	 999	 1.827246e+03	 783.33	 716.67	 19.00	 16	 0.51	 
BFE_101	 1	 15	 1101.jpg	 1.828231e+03	 12	 999000	 120	 999000	 999	 1.829248e+03	 783.33	 716.67	 37.00	 1	 0.27	 
BFE_101	 1	 15	 2103.jpg	 1.830233e+03	 24	 999000	 240	 999000	 999	 1.831251e+03	 783.33	 716.67	 43.00	 3	 0.74	 
BFE_101	 1	 15	 2205.jpg	 1.832235e+03	 24	 999000	 240	 999000	 999	 1.833253e+03	 783.33	 716.67	 77.00	 26	 0.21	 
BFE_101	 1	 15	 2211.jpg	 1.838225e+03	 22	 7.120664e+02	 22	 7.167021e+02	 98	 1.839243e+03	 783.33	 733.33	 52.00	 32	 0.62	 
BFE_101	 1	 15	 2209.jpg	 1.841228e+03	 22	 7.567311e+02	 220	 7.333626e+02	 98	 1.842246e+03	 783.33	 750.00	 55.00	 30	 0.56	 
BFE_101	 1	 15	 2102.jpg	 1.843231e+03	 24	 1.114471e+03	 24	 999000	 98	 1.844248e+03	 783.33	 750.00	 61.00	 2	 0.54	 
BFE_101	 1	 15	 1208.jpg	 1.845233e+03	 11	 1.088223e+03	 1100	 7.833581e+02	 98	 1.846251e+03	 733.33	 750.00	 18.00	 29	 0.51	 
BFE_101	 1	 15	 2216.jpg	 1.848236e+03	 24	 999000	 240	 999000	 999	 1.849254e+03	 733.33	 750.00	 48.00	 37	 0.66	 
BFE_101	 1	 15	 2104.jpg	 1.850239e+03	 24	 999000	 240	 999000	 999	 1.851256e+03	 733.33	 750.00	 56.00	 4	 0.55	 
BFE_101	 1	 15	 1102.jpg	 1.852224e+03	 11	 9.690954e+02	 110	 7.333603e+02	 98	 1.853242e+03	 750.00	 750.00	 10.00	 2	 0.66	 
BFE_101	 1	 15	 2110.jpg	 1.854226e+03	 22	 9.429011e+02	 220	 7.500240e+02	 98	 1.855244e+03	 750.00	 766.67	 50.00	 10	 0.65	 
BFE_101	 1	 15	 1106.jpg	 1.857230e+03	 11	 6.674968e+02	 11	 7.500285e+02	 98	 1.858247e+03	 766.67	 766.67	 12.00	 6	 0.58	 
BFE_101	 1	 15	 2118.jpg	 1.859232e+03	 22	 9.691929e+02	 220	 7.667005e+02	 98	 1.860250e+03	 766.67	 783.33	 47.00	 18	 0.67	 
BFE_101	 1	 15	 1121.jpg	 1.861234e+03	 11	 9.348738e+02	 110	 7.666965e+02	 98	 1.862252e+03	 783.33	 783.33	 7.00	 21	 0.70	 
BFE_101	 1	 15	 2203.jpg	 1.863236e+03	 24	 999000	 240	 999000	 999	 1.864254e+03	 783.33	 783.33	 59.00	 24	 0.54	 
BFE_101	 1	 15	 2208.jpg	 1.865239e+03	 24	 999000	 240	 999000	 999	 1.866256e+03	 783.33	 783.33	 51.00	 29	 0.63	 
BFE_101	 1	 15	 1206.jpg	 1.871229e+03	 12	 999000	 120	 999000	 999	 1.872246e+03	 783.33	 783.33	 4.00	 27	 0.74	 
BFE_101	 1	 15	 2217.jpg	 1.874232e+03	 24	 999000	 240	 999000	 999	 1.875250e+03	 783.33	 783.33	 54.00	 38	 0.58	 
BFE_101	 1	 15	 2115.jpg	 1.878237e+03	 24	 999000	 240	 999000	 999	 1.879254e+03	 783.33	 783.33	 57.00	 15	 0.55	 
