subjectID	 order	 runNum	 itemName	 onsetTime	 shuff_trialType	 RT	 respInTime	 AudioTime	 response	 fixationTime	 ladder1	 ladder2	 bidIndex	 itemNameIndex	 bidValue	 
BFE_103	 1	 2	 2209.jpg	 1.311549e+02	 24	 999000	 240	 999000	 999	 1.321726e+02	 716.67	 716.67	 43.00	 30	 0.78	 
BFE_103	 1	 2	 1105.jpg	 1.361439e+02	 11	 9.466110e+02	 110	 7.167048e+02	 98	 1.371616e+02	 733.33	 716.67	 15.00	 5	 0.55	 
BFE_103	 1	 2	 1115.jpg	 1.381461e+02	 11	 9.604358e+02	 110	 7.333814e+02	 98	 1.391639e+02	 750.00	 716.67	 10.00	 15	 0.72	 
BFE_103	 1	 2	 1104.jpg	 1.401483e+02	 12	 999000	 120	 999000	 999	 1.411661e+02	 750.00	 716.67	 9.00	 4	 0.73	 
BFE_103	 1	 2	 1121.jpg	 1.461384e+02	 12	 999000	 120	 999000	 999	 1.471561e+02	 750.00	 716.67	 21.00	 21	 0.46	 
BFE_103	 1	 2	 2104.jpg	 1.481407e+02	 24	 999000	 240	 999000	 999	 1.491584e+02	 750.00	 716.67	 59.00	 4	 0.53	 
BFE_103	 1	 2	 2116.jpg	 1.511440e+02	 24	 999000	 240	 999000	 999	 1.521618e+02	 750.00	 716.67	 61.00	 16	 0.49	 
BFE_103	 1	 2	 1109.jpg	 1.531462e+02	 12	 999000	 120	 999000	 999	 1.541641e+02	 750.00	 716.67	 11.00	 9	 0.71	 
BFE_103	 1	 2	 2121.jpg	 1.571508e+02	 22	 9.957540e+02	 220	 7.167202e+02	 98	 1.581686e+02	 750.00	 733.33	 53.00	 21	 0.67	 
BFE_103	 1	 2	 2106.jpg	 1.591361e+02	 24	 999000	 240	 999000	 999	 1.601541e+02	 750.00	 733.33	 62.00	 6	 0.49	 
BFE_103	 1	 2	 2205.jpg	 1.641420e+02	 24	 999000	 240	 999000	 999	 1.651598e+02	 750.00	 733.33	 56.00	 26	 0.64	 
BFE_103	 1	 2	 2217.jpg	 1.711499e+02	 24	 999000	 240	 999000	 999	 1.721676e+02	 750.00	 733.33	 54.00	 38	 0.65	 
BFE_103	 1	 2	 2206.jpg	 1.731521e+02	 24	 999000	 240	 999000	 999	 1.741699e+02	 750.00	 733.33	 60.00	 27	 0.51	 
BFE_103	 1	 2	 1117.jpg	 1.761388e+02	 12	 999000	 120	 999000	 999	 1.771565e+02	 750.00	 733.33	 22.00	 17	 0.46	 
BFE_103	 1	 2	 1113.jpg	 1.791421e+02	 12	 999000	 120	 999000	 999	 1.801599e+02	 750.00	 733.33	 4.00	 13	 0.81	 
BFE_103	 1	 2	 1214.jpg	 1.831467e+02	 11	 1.023857e+03	 1100	 7.500346e+02	 98	 1.841643e+02	 700.00	 733.33	 18.00	 35	 0.49	 
BFE_103	 1	 2	 1213.jpg	 1.871511e+02	 11	 9.634165e+02	 110	 7.000328e+02	 98	 1.881688e+02	 716.67	 733.33	 12.00	 34	 0.67	 
BFE_103	 1	 2	 2203.jpg	 1.911389e+02	 24	 999000	 240	 999000	 999	 1.921567e+02	 716.67	 733.33	 49.00	 24	 0.70	 
BFE_103	 1	 2	 2213.jpg	 1.941422e+02	 22	 9.722743e+02	 220	 7.333669e+02	 98	 1.951601e+02	 716.67	 750.00	 50.00	 34	 0.70	 
BFE_103	 1	 2	 1211.jpg	 2.001490e+02	 12	 999000	 120	 999000	 999	 2.011668e+02	 716.67	 750.00	 20.00	 32	 0.47	 
BFE_103	 1	 2	 2219.jpg	 2.021513e+02	 24	 999000	 240	 999000	 999	 2.031692e+02	 716.67	 750.00	 48.00	 40	 0.73	 
BFE_103	 1	 2	 2120.jpg	 2.051381e+02	 24	 999000	 240	 999000	 999	 2.061558e+02	 716.67	 750.00	 78.00	 20	 0.16	 
BFE_103	 1	 2	 1217.jpg	 2.071402e+02	 12	 999000	 120	 999000	 999	 2.081580e+02	 716.67	 750.00	 3.00	 38	 0.84	 
BFE_103	 1	 2	 2218.jpg	 2.091425e+02	 22	 9.560353e+02	 220	 7.500401e+02	 98	 2.101602e+02	 716.67	 766.67	 55.00	 39	 0.65	 
BFE_103	 1	 2	 2211.jpg	 2.111448e+02	 24	 999000	 240	 999000	 999	 2.121625e+02	 716.67	 766.67	 51.00	 32	 0.68	 
BFE_103	 1	 2	 1209.jpg	 2.141481e+02	 12	 999000	 120	 999000	 999	 2.151659e+02	 716.67	 766.67	 8.00	 30	 0.74	 
BFE_103	 1	 2	 2119.jpg	 2.181526e+02	 24	 999000	 240	 999000	 999	 2.191703e+02	 716.67	 766.67	 77.00	 19	 0.19	 
BFE_103	 1	 2	 1114.jpg	 2.201382e+02	 12	 999000	 120	 999000	 999	 2.211560e+02	 716.67	 766.67	 14.00	 14	 0.57	 
BFE_103	 1	 2	 1102.jpg	 2.221405e+02	 12	 999000	 120	 999000	 999	 2.231582e+02	 716.67	 766.67	 17.00	 2	 0.50	 
BFE_103	 1	 2	 1111.jpg	 2.241427e+02	 12	 999000	 120	 999000	 999	 2.251605e+02	 716.67	 766.67	 38.00	 11	 0.16	 
BFE_103	 1	 2	 2113.jpg	 2.261450e+02	 24	 999000	 240	 999000	 999	 2.271627e+02	 716.67	 766.67	 44.00	 13	 0.76	 
BFE_103	 1	 2	 2109.jpg	 2.281472e+02	 22	 1.023341e+03	 2200	 7.666949e+02	 98	 2.291649e+02	 716.67	 716.67	 58.00	 9	 0.58	 
BFE_103	 1	 2	 2207.jpg	 2.321516e+02	 22	 9.708675e+02	 220	 7.166958e+02	 98	 2.331694e+02	 716.67	 733.33	 52.00	 28	 0.67	 
BFE_103	 1	 2	 1218.jpg	 2.361396e+02	 12	 999000	 120	 999000	 999	 2.371573e+02	 716.67	 733.33	 16.00	 39	 0.53	 
BFE_103	 1	 2	 1203.jpg	 2.381417e+02	 12	 999000	 120	 999000	 999	 2.391595e+02	 716.67	 733.33	 19.00	 24	 0.48	 
BFE_103	 1	 2	 1110.jpg	 2.401439e+02	 11	 9.625762e+02	 110	 7.166980e+02	 98	 2.411618e+02	 733.33	 733.33	 13.00	 10	 0.61	 
BFE_103	 1	 2	 1112.jpg	 2.421463e+02	 12	 999000	 120	 999000	 999	 2.431640e+02	 733.33	 733.33	 37.00	 12	 0.18	 
BFE_103	 1	 2	 2115.jpg	 2.441485e+02	 24	 999000	 240	 999000	 999	 2.451663e+02	 733.33	 733.33	 57.00	 15	 0.58	 
BFE_103	 1	 2	 2105.jpg	 2.501385e+02	 22	 9.760024e+02	 220	 7.333611e+02	 98	 2.511564e+02	 733.33	 750.00	 47.00	 5	 0.73	 
BFE_103	 1	 2	 1204.jpg	 2.521408e+02	 11	 9.977308e+02	 110	 7.333743e+02	 98	 2.531585e+02	 750.00	 750.00	 7.00	 25	 0.78	 
