subjectID	 order	 runNum	 itemName	 onsetTime	 shuff_trialType	 RT	 respInTime	 AudioTime	 response	 fixationTime	 ladder1	 ladder2	 bidIndex	 itemNameIndex	 bidValue	 
BFE_110	 2	 18	 2217.jpg	 2.523390e+03	 24	 999000	 240	 999000	 999	 2.524407e+03	 583.33	 583.33	 60.00	 38	 0.59	 
BFE_110	 2	 18	 2206.jpg	 2.526376e+03	 24	 999000	 240	 999000	 999	 2.527394e+03	 583.33	 583.33	 47.00	 27	 0.78	 
BFE_110	 2	 18	 2210.jpg	 2.530381e+03	 24	 999000	 240	 999000	 999	 2.531398e+03	 583.33	 583.33	 77.00	 31	 0.25	 
BFE_110	 2	 18	 2218.jpg	 2.532383e+03	 24	 999000	 240	 999000	 999	 2.533401e+03	 583.33	 583.33	 44.00	 39	 0.81	 
BFE_110	 2	 18	 1205.jpg	 2.534385e+03	 12	 999000	 120	 999000	 999	 2.535403e+03	 583.33	 583.33	 4.00	 26	 0.78	 
BFE_110	 2	 18	 2115.jpg	 2.538373e+03	 22	 9.972307e+02	 220	 5.833812e+02	 98	 2.539391e+03	 583.33	 600.00	 56.00	 15	 0.63	 
BFE_110	 2	 18	 2120.jpg	 2.540375e+03	 22	 8.830525e+02	 220	 6.000353e+02	 98	 2.541393e+03	 583.33	 616.67	 51.00	 20	 0.69	 
BFE_110	 2	 18	 2207.jpg	 2.545381e+03	 24	 999000	 240	 999000	 999	 2.546399e+03	 583.33	 616.67	 53.00	 28	 0.64	 
BFE_110	 2	 18	 1109.jpg	 2.547383e+03	 12	 999000	 120	 999000	 999	 2.548401e+03	 583.33	 616.67	 19.00	 9	 0.51	 
BFE_110	 2	 18	 1119.jpg	 2.550369e+03	 12	 999000	 120	 999000	 999	 2.551388e+03	 583.33	 616.67	 38.00	 19	 0.15	 
BFE_110	 2	 18	 1115.jpg	 2.553373e+03	 12	 999000	 120	 999000	 999	 2.554391e+03	 583.33	 616.67	 20.00	 15	 0.50	 
BFE_110	 2	 18	 1211.jpg	 2.557378e+03	 12	 999000	 120	 999000	 999	 2.558395e+03	 583.33	 616.67	 10.00	 32	 0.70	 
BFE_110	 2	 18	 2119.jpg	 2.560381e+03	 24	 999000	 240	 999000	 999	 2.561399e+03	 583.33	 616.67	 78.00	 19	 0.22	 
BFE_110	 2	 18	 2208.jpg	 2.562383e+03	 24	 999000	 240	 999000	 999	 2.563401e+03	 583.33	 616.67	 55.00	 29	 0.63	 
BFE_110	 2	 18	 1219.jpg	 2.565370e+03	 12	 999000	 120	 999000	 999	 2.566388e+03	 583.33	 616.67	 15.00	 40	 0.59	 
BFE_110	 2	 18	 1106.jpg	 2.569374e+03	 12	 999000	 120	 999000	 999	 2.570392e+03	 583.33	 616.67	 18.00	 6	 0.54	 
BFE_110	 2	 18	 1216.jpg	 2.572378e+03	 11	 1.064426e+03	 1100	 5.833760e+02	 98	 2.573395e+03	 533.33	 616.67	 8.00	 37	 0.74	 
BFE_110	 2	 18	 1114.jpg	 2.574380e+03	 11	 9.502735e+02	 110	 5.333649e+02	 98	 2.575398e+03	 550.00	 616.67	 11.00	 14	 0.67	 
BFE_110	 2	 18	 1209.jpg	 2.576382e+03	 12	 999000	 120	 999000	 999	 2.577400e+03	 550.00	 616.67	 7.00	 30	 0.76	 
BFE_110	 2	 18	 2202.jpg	 2.581371e+03	 24	 999000	 240	 999000	 999	 2.582389e+03	 550.00	 616.67	 59.00	 23	 0.60	 
BFE_110	 2	 18	 2204.jpg	 2.585376e+03	 22	 9.786089e+02	 220	 6.166936e+02	 98	 2.586393e+03	 550.00	 633.33	 48.00	 25	 0.76	 
BFE_110	 2	 18	 2219.jpg	 2.589380e+03	 24	 999000	 240	 999000	 999	 2.590398e+03	 550.00	 633.33	 50.00	 40	 0.70	 
BFE_110	 2	 18	 2102.jpg	 2.595370e+03	 24	 999000	 240	 999000	 999	 2.596388e+03	 550.00	 633.33	 62.00	 2	 0.58	 
BFE_110	 2	 18	 2214.jpg	 2.597373e+03	 24	 999000	 240	 999000	 999	 2.598390e+03	 550.00	 633.33	 58.00	 35	 0.61	 
BFE_110	 2	 18	 2213.jpg	 2.599375e+03	 24	 999000	 240	 999000	 999	 2.600392e+03	 550.00	 633.33	 43.00	 34	 0.84	 
BFE_110	 2	 18	 2121.jpg	 2.601377e+03	 24	 999000	 240	 999000	 999	 2.602395e+03	 550.00	 633.33	 52.00	 21	 0.65	 
BFE_110	 2	 18	 1210.jpg	 2.603379e+03	 12	 999000	 120	 999000	 999	 2.604397e+03	 550.00	 633.33	 22.00	 31	 0.47	 
BFE_110	 2	 18	 1121.jpg	 2.607384e+03	 11	 1.082544e+03	 1100	 5.500363e+02	 98	 2.608401e+03	 500.00	 633.33	 16.00	 21	 0.58	 
BFE_110	 2	 18	 1214.jpg	 2.609369e+03	 12	 999000	 120	 999000	 999	 2.610387e+03	 500.00	 633.33	 12.00	 35	 0.61	 
BFE_110	 2	 18	 1204.jpg	 2.613374e+03	 11	 1.036506e+03	 1100	 5.000347e+02	 98	 2.614391e+03	 450.00	 633.33	 17.00	 25	 0.54	 
BFE_110	 2	 18	 1102.jpg	 2.615376e+03	 12	 999000	 120	 999000	 999	 2.616394e+03	 450.00	 633.33	 37.00	 2	 0.16	 
BFE_110	 2	 18	 1218.jpg	 2.617378e+03	 11	 9.199868e+02	 110	 4.500337e+02	 98	 2.618396e+03	 466.67	 633.33	 9.00	 39	 0.73	 
BFE_110	 2	 18	 2104.jpg	 2.619380e+03	 24	 999000	 240	 999000	 999	 2.620398e+03	 466.67	 633.33	 61.00	 4	 0.59	 
BFE_110	 2	 18	 1206.jpg	 2.624369e+03	 12	 999000	 120	 999000	 999	 2.625387e+03	 466.67	 633.33	 3.00	 27	 0.83	 
BFE_110	 2	 18	 2109.jpg	 2.626372e+03	 22	 1.062633e+03	 2200	 6.333711e+02	 98	 2.627389e+03	 466.67	 583.33	 54.00	 9	 0.63	 
BFE_110	 2	 18	 2211.jpg	 2.628374e+03	 22	 1.068362e+03	 2200	 5.833634e+02	 98	 2.629392e+03	 466.67	 533.33	 49.00	 32	 0.71	 
BFE_110	 2	 18	 1117.jpg	 2.631377e+03	 11	 9.930262e+02	 110	 4.666971e+02	 98	 2.632395e+03	 483.33	 533.33	 14.00	 17	 0.59	 
BFE_110	 2	 18	 1105.jpg	 2.638385e+03	 12	 999000	 120	 999000	 999	 2.639403e+03	 483.33	 533.33	 21.00	 5	 0.48	 
BFE_110	 2	 18	 1120.jpg	 2.642373e+03	 12	 999000	 120	 999000	 999	 2.643391e+03	 483.33	 533.33	 13.00	 20	 0.60	 
BFE_110	 2	 18	 2205.jpg	 2.649381e+03	 22	 9.894931e+02	 220	 5.333674e+02	 98	 2.650398e+03	 483.33	 550.00	 57.00	 26	 0.62	 
