subjectID	 order	 runNum	 itemName	 onsetTime	 shuff_trialType	 RT	 respInTime	 AudioTime	 response	 fixationTime	 ladder1	 ladder2	 bidIndex	 itemNameIndex	 bidValue	 
BFE_103	 1	 1	 2104.jpg	 1.309402e+00	 24	 999000	 240	 999000	 999	 2.326851e+00	 750.00	 750.00	 59.00	 4	 0.53	 
BFE_103	 1	 1	 2120.jpg	 4.295761e+00	 24	 999000	 240	 999000	 999	 5.313535e+00	 750.00	 750.00	 78.00	 20	 0.16	 
BFE_103	 1	 1	 1109.jpg	 8.300282e+00	 12	 999000	 120	 999000	 999	 9.318021e+00	 750.00	 750.00	 11.00	 9	 0.71	 
BFE_103	 1	 1	 2217.jpg	 1.030242e+01	 24	 999000	 240	 999000	 999	 1.132044e+01	 750.00	 750.00	 54.00	 38	 0.65	 
BFE_103	 1	 1	 1112.jpg	 1.230477e+01	 12	 999000	 120	 999000	 999	 1.332255e+01	 750.00	 750.00	 37.00	 12	 0.18	 
BFE_103	 1	 1	 1115.jpg	 1.629236e+01	 11	 9.821500e+02	 110	 7.500531e+02	 98	 1.731034e+01	 766.67	 750.00	 10.00	 15	 0.72	 
BFE_103	 1	 1	 1105.jpg	 1.829479e+01	 11	 1.091724e+03	 1100	 7.666954e+02	 98	 1.931257e+01	 716.67	 750.00	 15.00	 5	 0.55	 
BFE_103	 1	 1	 1121.jpg	 2.330055e+01	 12	 999000	 120	 999000	 999	 2.431824e+01	 716.67	 750.00	 21.00	 21	 0.46	 
BFE_103	 1	 1	 2106.jpg	 2.530268e+01	 24	 999000	 240	 999000	 999	 2.632038e+01	 716.67	 750.00	 62.00	 6	 0.49	 
BFE_103	 1	 1	 2218.jpg	 2.830610e+01	 22	 1.016419e+03	 2200	 7.500478e+02	 98	 2.932378e+01	 716.67	 700.00	 55.00	 39	 0.65	 
BFE_103	 1	 1	 1203.jpg	 3.129237e+01	 12	 999000	 120	 999000	 999	 3.231054e+01	 716.67	 700.00	 19.00	 24	 0.48	 
BFE_103	 1	 1	 2115.jpg	 3.529724e+01	 24	 999000	 240	 999000	 999	 3.631506e+01	 716.67	 700.00	 57.00	 15	 0.58	 
BFE_103	 1	 1	 1209.jpg	 3.830075e+01	 12	 999000	 120	 999000	 999	 3.931831e+01	 716.67	 700.00	 8.00	 30	 0.74	 
BFE_103	 1	 1	 2213.jpg	 4.030290e+01	 22	 9.636196e+02	 220	 7.000321e+02	 98	 4.132065e+01	 716.67	 716.67	 50.00	 34	 0.70	 
BFE_103	 1	 1	 1211.jpg	 4.330635e+01	 12	 999000	 120	 999000	 999	 4.432400e+01	 716.67	 716.67	 20.00	 32	 0.47	 
BFE_103	 1	 1	 1104.jpg	 4.729404e+01	 12	 999000	 120	 999000	 999	 4.831177e+01	 716.67	 716.67	 9.00	 4	 0.73	 
BFE_103	 1	 1	 2116.jpg	 5.029736e+01	 24	 999000	 240	 999000	 999	 5.131521e+01	 716.67	 716.67	 61.00	 16	 0.49	 
BFE_103	 1	 1	 1102.jpg	 5.229970e+01	 12	 999000	 120	 999000	 999	 5.331743e+01	 716.67	 716.67	 17.00	 2	 0.50	 
BFE_103	 1	 1	 2113.jpg	 5.430195e+01	 24	 999000	 240	 999000	 999	 5.531963e+01	 716.67	 716.67	 44.00	 13	 0.76	 
BFE_103	 1	 1	 2219.jpg	 5.930749e+01	 24	 999000	 240	 999000	 999	 6.032534e+01	 716.67	 716.67	 48.00	 40	 0.73	 
BFE_103	 1	 1	 2211.jpg	 6.329535e+01	 24	 999000	 240	 999000	 999	 6.431314e+01	 716.67	 716.67	 51.00	 32	 0.68	 
BFE_103	 1	 1	 2105.jpg	 6.729979e+01	 22	 9.427217e+02	 220	 7.167016e+02	 98	 6.831766e+01	 716.67	 733.33	 47.00	 5	 0.73	 
BFE_103	 1	 1	 2109.jpg	 7.330671e+01	 22	 1.015832e+03	 2200	 7.333604e+02	 98	 7.432446e+01	 716.67	 683.33	 58.00	 9	 0.58	 
BFE_103	 1	 1	 1213.jpg	 7.529194e+01	 11	 9.666093e+02	 110	 7.166980e+02	 98	 7.630998e+01	 733.33	 683.33	 12.00	 34	 0.67	 
BFE_103	 1	 1	 1113.jpg	 7.729442e+01	 12	 999000	 120	 999000	 999	 7.831220e+01	 733.33	 683.33	 4.00	 13	 0.81	 
BFE_103	 1	 1	 1117.jpg	 7.929669e+01	 12	 999000	 120	 999000	 999	 8.031440e+01	 733.33	 683.33	 22.00	 17	 0.46	 
BFE_103	 1	 1	 1214.jpg	 8.129893e+01	 11	 9.835932e+02	 110	 7.333689e+02	 98	 8.231670e+01	 750.00	 683.33	 18.00	 35	 0.49	 
BFE_103	 1	 1	 1218.jpg	 8.530338e+01	 12	 999000	 120	 999000	 999	 8.632115e+01	 750.00	 683.33	 16.00	 39	 0.53	 
BFE_103	 1	 1	 1111.jpg	 8.730569e+01	 12	 999000	 120	 999000	 999	 8.832346e+01	 750.00	 683.33	 38.00	 11	 0.16	 
BFE_103	 1	 1	 2121.jpg	 9.129348e+01	 22	 9.170457e+02	 220	 6.833690e+02	 98	 9.231122e+01	 750.00	 700.00	 53.00	 21	 0.67	 
BFE_103	 1	 1	 1110.jpg	 9.329570e+01	 11	 1.058820e+03	 1100	 7.500378e+02	 98	 9.431342e+01	 700.00	 700.00	 13.00	 10	 0.61	 
BFE_103	 1	 1	 2119.jpg	 9.529799e+01	 24	 999000	 240	 999000	 999	 9.631577e+01	 700.00	 700.00	 77.00	 19	 0.19	 
BFE_103	 1	 1	 2203.jpg	 9.730027e+01	 24	 999000	 240	 999000	 999	 9.831797e+01	 700.00	 700.00	 49.00	 24	 0.70	 
BFE_103	 1	 1	 2206.jpg	 1.023058e+02	 24	 999000	 240	 999000	 999	 1.033237e+02	 700.00	 700.00	 60.00	 27	 0.51	 
BFE_103	 1	 1	 1217.jpg	 1.043080e+02	 12	 999000	 120	 999000	 999	 1.053258e+02	 700.00	 700.00	 3.00	 38	 0.84	 
BFE_103	 1	 1	 1204.jpg	 1.062936e+02	 11	 9.408673e+02	 110	 7.000349e+02	 98	 1.073114e+02	 716.67	 700.00	 7.00	 25	 0.78	 
BFE_103	 1	 1	 1114.jpg	 1.092971e+02	 12	 999000	 120	 999000	 999	 1.103148e+02	 716.67	 700.00	 14.00	 14	 0.57	 
BFE_103	 1	 1	 2205.jpg	 1.163049e+02	 24	 999000	 240	 999000	 999	 1.173227e+02	 716.67	 700.00	 56.00	 26	 0.64	 
BFE_103	 1	 1	 2207.jpg	 1.202924e+02	 22	 9.341852e+02	 220	 7.000291e+02	 98	 1.213104e+02	 716.67	 716.67	 52.00	 28	 0.67	 
BFE_103	 1	 1	 2209.jpg	 1.273006e+02	 24	 999000	 240	 999000	 999	 1.283183e+02	 716.67	 716.67	 43.00	 30	 0.78	 
