subjectID	 order	 runNum	 itemName	 onsetTime	 shuff_trialType	 RT	 respInTime	 AudioTime	 response	 fixationTime	 ladder1	 ladder2	 bidIndex	 itemNameIndex	 bidValue	 
BFE_203	 1	 19	 2219.jpg	 2.373768e+03	 24	 999000	 240	 999000	 999	 2.374786e+03	 683.33	 683.33	 56.00	 40	 0.56	 
BFE_203	 1	 19	 1205.jpg	 2.375754e+03	 12	 999000	 120	 999000	 999	 2.376772e+03	 683.33	 683.33	 3.00	 26	 0.80	 
BFE_203	 1	 19	 2102.jpg	 2.379758e+03	 24	 999000	 240	 999000	 999	 2.380776e+03	 683.33	 683.33	 49.00	 2	 0.68	 
BFE_203	 1	 19	 1111.jpg	 2.382762e+03	 11	 9.288146e+02	 110	 6.833809e+02	 98	 2.383779e+03	 700.00	 683.33	 18.00	 11	 0.57	 
BFE_203	 1	 19	 1102.jpg	 2.384764e+03	 12	 999000	 120	 999000	 999	 2.385782e+03	 700.00	 683.33	 21.00	 2	 0.52	 
BFE_203	 1	 19	 2113.jpg	 2.387767e+03	 22	 1.035209e+03	 2200	 6.833778e+02	 98	 2.388785e+03	 700.00	 633.33	 50.00	 13	 0.67	 
BFE_203	 1	 19	 2106.jpg	 2.391755e+03	 24	 999000	 240	 999000	 999	 2.392773e+03	 700.00	 633.33	 43.00	 6	 0.88	 
BFE_203	 1	 19	 2201.jpg	 2.395760e+03	 24	 999000	 240	 999000	 999	 2.396777e+03	 700.00	 633.33	 57.00	 22	 0.54	 
BFE_203	 1	 19	 1114.jpg	 2.397762e+03	 12	 999000	 120	 999000	 999	 2.398780e+03	 700.00	 633.33	 8.00	 14	 0.73	 
BFE_203	 1	 19	 1105.jpg	 2.402767e+03	 12	 999000	 120	 999000	 999	 2.403785e+03	 700.00	 633.33	 17.00	 5	 0.57	 
BFE_203	 1	 19	 2121.jpg	 2.404753e+03	 24	 999000	 240	 999000	 999	 2.405771e+03	 700.00	 633.33	 44.00	 21	 0.85	 
BFE_203	 1	 19	 2204.jpg	 2.406755e+03	 24	 999000	 240	 999000	 999	 2.407773e+03	 700.00	 633.33	 60.00	 25	 0.50	 
BFE_203	 1	 19	 1201.jpg	 2.412762e+03	 11	 9.685640e+02	 110	 7.000364e+02	 98	 2.413780e+03	 716.67	 633.33	 15.00	 22	 0.60	 
BFE_203	 1	 19	 1202.jpg	 2.414764e+03	 12	 999000	 120	 999000	 999	 2.415782e+03	 716.67	 633.33	 38.00	 23	 0.20	 
BFE_203	 1	 19	 1109.jpg	 2.416766e+03	 11	 9.799761e+02	 110	 7.167120e+02	 98	 2.417784e+03	 733.33	 633.33	 12.00	 9	 0.67	 
BFE_203	 1	 19	 1217.jpg	 2.418752e+03	 12	 999000	 120	 999000	 999	 2.419770e+03	 733.33	 633.33	 20.00	 38	 0.53	 
BFE_203	 1	 19	 1204.jpg	 2.422756e+03	 12	 999000	 120	 999000	 999	 2.423774e+03	 733.33	 633.33	 9.00	 25	 0.72	 
BFE_203	 1	 19	 2109.jpg	 2.426761e+03	 22	 8.494658e+02	 220	 6.333628e+02	 98	 2.427779e+03	 733.33	 650.00	 47.00	 9	 0.74	 
BFE_203	 1	 19	 1206.jpg	 2.429764e+03	 11	 1.134087e+03	 1100	 7.333608e+02	 98	 2.430782e+03	 683.33	 650.00	 7.00	 27	 0.74	 
BFE_203	 1	 19	 1113.jpg	 2.433752e+03	 11	 9.146152e+02	 110	 6.833664e+02	 98	 2.434770e+03	 700.00	 650.00	 13.00	 13	 0.66	 
BFE_203	 1	 19	 1104.jpg	 2.436756e+03	 12	 999000	 120	 999000	 999	 2.437773e+03	 700.00	 650.00	 11.00	 4	 0.69	 
BFE_203	 1	 19	 2115.jpg	 2.438758e+03	 22	 1.020668e+03	 2200	 6.500258e+02	 98	 2.439775e+03	 700.00	 600.00	 53.00	 15	 0.62	 
BFE_203	 1	 19	 2108.jpg	 2.442762e+03	 24	 999000	 240	 999000	 999	 2.443780e+03	 700.00	 600.00	 77.00	 8	 0.21	 
BFE_203	 1	 19	 2216.jpg	 2.444764e+03	 24	 999000	 240	 999000	 999	 2.445782e+03	 700.00	 600.00	 51.00	 37	 0.67	 
BFE_203	 1	 19	 2107.jpg	 2.446767e+03	 22	 8.357456e+02	 220	 6.000278e+02	 98	 2.447784e+03	 700.00	 616.67	 55.00	 7	 0.57	 
BFE_203	 1	 19	 1110.jpg	 2.450754e+03	 12	 999000	 120	 999000	 999	 2.451772e+03	 700.00	 616.67	 19.00	 10	 0.54	 
BFE_203	 1	 19	 1115.jpg	 2.452757e+03	 11	 1.005727e+03	 1100	 7.000354e+02	 98	 2.453775e+03	 650.00	 616.67	 10.00	 15	 0.71	 
BFE_203	 1	 19	 2203.jpg	 2.456761e+03	 24	 999000	 240	 999000	 999	 2.457779e+03	 650.00	 616.67	 78.00	 24	 0.13	 
BFE_203	 1	 19	 2205.jpg	 2.460766e+03	 24	 999000	 240	 999000	 999	 2.461783e+03	 650.00	 616.67	 48.00	 26	 0.70	 
BFE_203	 1	 19	 1117.jpg	 2.463752e+03	 12	 999000	 120	 999000	 999	 2.464770e+03	 650.00	 616.67	 14.00	 17	 0.64	 
BFE_203	 1	 19	 2116.jpg	 2.469759e+03	 22	 8.913414e+02	 220	 6.167006e+02	 98	 2.470777e+03	 650.00	 633.33	 52.00	 16	 0.67	 
BFE_203	 1	 19	 1108.jpg	 2.471761e+03	 12	 999000	 120	 999000	 999	 2.472779e+03	 650.00	 633.33	 37.00	 8	 0.21	 
BFE_203	 1	 19	 2104.jpg	 2.475766e+03	 22	 8.846124e+02	 220	 6.333626e+02	 98	 2.476784e+03	 650.00	 650.00	 58.00	 4	 0.54	 
BFE_203	 1	 19	 1107.jpg	 2.477768e+03	 12	 999000	 120	 999000	 999	 2.478786e+03	 650.00	 650.00	 4.00	 7	 0.80	 
BFE_203	 1	 19	 1209.jpg	 2.479754e+03	 12	 999000	 120	 999000	 999	 2.480771e+03	 650.00	 650.00	 16.00	 30	 0.58	 
BFE_203	 1	 19	 2217.jpg	 2.481756e+03	 24	 999000	 240	 999000	 999	 2.482774e+03	 650.00	 650.00	 59.00	 38	 0.51	 
BFE_203	 1	 19	 2211.jpg	 2.486761e+03	 24	 999000	 240	 999000	 999	 2.487779e+03	 650.00	 650.00	 62.00	 32	 0.47	 
BFE_203	 1	 19	 2103.jpg	 2.488764e+03	 24	 999000	 240	 999000	 999	 2.489781e+03	 650.00	 650.00	 54.00	 3	 0.59	 
BFE_203	 1	 19	 1214.jpg	 2.490766e+03	 12	 999000	 120	 999000	 999	 2.491784e+03	 650.00	 650.00	 22.00	 35	 0.49	 
BFE_203	 1	 19	 2202.jpg	 2.493752e+03	 24	 999000	 240	 999000	 999	 2.494770e+03	 650.00	 650.00	 61.00	 23	 0.49	 
