subjectID	 order	 runNum	 itemName	 onsetTime	 shuff_trialType	 RT	 respInTime	 AudioTime	 response	 fixationTime	 ladder1	 ladder2	 bidIndex	 itemNameIndex	 bidValue	 
BFE_103	 1	 19	 1204.jpg	 2.456116e+03	 11	 8.705062e+02	 110	 8.167146e+02	 98	 2.457134e+03	 833.33	 750.00	 7.00	 25	 0.78	 
BFE_103	 1	 19	 2209.jpg	 2.459103e+03	 24	 999000	 240	 999000	 999	 2.460120e+03	 833.33	 750.00	 43.00	 30	 0.78	 
BFE_103	 1	 19	 1214.jpg	 2.463107e+03	 11	 7.833438e+02	 11	 8.333709e+02	 98	 2.464125e+03	 850.00	 750.00	 18.00	 35	 0.49	 
BFE_103	 1	 19	 1102.jpg	 2.465109e+03	 12	 999000	 120	 999000	 999	 2.466127e+03	 850.00	 750.00	 17.00	 2	 0.50	 
BFE_103	 1	 19	 2104.jpg	 2.467112e+03	 24	 999000	 240	 999000	 999	 2.468129e+03	 850.00	 750.00	 59.00	 4	 0.53	 
BFE_103	 1	 19	 1111.jpg	 2.471099e+03	 12	 999000	 120	 999000	 999	 2.472117e+03	 850.00	 750.00	 38.00	 11	 0.16	 
BFE_103	 1	 19	 1121.jpg	 2.473102e+03	 12	 9.167774e+02	 12	 999000	 98	 2.474119e+03	 850.00	 750.00	 21.00	 21	 0.46	 
BFE_103	 1	 19	 1213.jpg	 2.478107e+03	 11	 6.231802e+02	 11	 8.500295e+02	 98	 2.479125e+03	 866.67	 750.00	 12.00	 34	 0.67	 
BFE_103	 1	 19	 2203.jpg	 2.480110e+03	 24	 999000	 240	 999000	 999	 2.481127e+03	 866.67	 750.00	 49.00	 24	 0.70	 
BFE_103	 1	 19	 2217.jpg	 2.483113e+03	 24	 999000	 240	 999000	 999	 2.484131e+03	 866.67	 750.00	 54.00	 38	 0.65	 
BFE_103	 1	 19	 2218.jpg	 2.486100e+03	 22	 1.030852e+03	 2200	 7.500461e+02	 98	 2.487117e+03	 866.67	 700.00	 55.00	 39	 0.65	 
BFE_103	 1	 19	 2105.jpg	 2.490104e+03	 22	 8.104172e+02	 220	 7.000351e+02	 98	 2.491122e+03	 866.67	 716.67	 47.00	 5	 0.73	 
BFE_103	 1	 19	 1203.jpg	 2.493108e+03	 12	 999000	 120	 999000	 999	 2.494125e+03	 866.67	 716.67	 19.00	 24	 0.48	 
BFE_103	 1	 19	 1117.jpg	 2.495110e+03	 12	 999000	 120	 999000	 999	 2.496128e+03	 866.67	 716.67	 22.00	 17	 0.46	 
BFE_103	 1	 19	 2213.jpg	 2.498113e+03	 22	 4.973267e+02	 22	 7.166975e+02	 98	 2.499131e+03	 866.67	 733.33	 50.00	 34	 0.70	 
BFE_103	 1	 19	 1113.jpg	 2.502101e+03	 12	 999000	 120	 999000	 999	 2.503119e+03	 866.67	 733.33	 4.00	 13	 0.81	 
BFE_103	 1	 19	 1109.jpg	 2.505104e+03	 12	 999000	 120	 999000	 999	 2.506122e+03	 866.67	 733.33	 11.00	 9	 0.71	 
BFE_103	 1	 19	 1112.jpg	 2.507107e+03	 12	 999000	 120	 999000	 999	 2.508124e+03	 866.67	 733.33	 37.00	 12	 0.18	 
BFE_103	 1	 19	 2116.jpg	 2.509109e+03	 24	 999000	 240	 999000	 999	 2.510127e+03	 866.67	 733.33	 61.00	 16	 0.49	 
BFE_103	 1	 19	 1218.jpg	 2.514097e+03	 12	 6.730448e+02	 12	 999000	 98	 2.515116e+03	 866.67	 733.33	 16.00	 39	 0.53	 
BFE_103	 1	 19	 2207.jpg	 2.518102e+03	 22	 7.562871e+02	 220	 7.333785e+02	 98	 2.519120e+03	 866.67	 750.00	 52.00	 28	 0.67	 
BFE_103	 1	 19	 1115.jpg	 2.522107e+03	 11	 1.079695e+03	 1100	 8.667048e+02	 98	 2.523125e+03	 816.67	 750.00	 10.00	 15	 0.72	 
BFE_103	 1	 19	 2121.jpg	 2.528114e+03	 22	 9.369560e+02	 220	 7.500454e+02	 98	 2.529131e+03	 816.67	 766.67	 53.00	 21	 0.67	 
BFE_103	 1	 19	 2106.jpg	 2.530099e+03	 24	 999000	 240	 999000	 999	 2.531117e+03	 816.67	 766.67	 62.00	 6	 0.49	 
BFE_103	 1	 19	 2119.jpg	 2.532101e+03	 24	 999000	 240	 999000	 999	 2.533119e+03	 816.67	 766.67	 77.00	 19	 0.19	 
BFE_103	 1	 19	 2206.jpg	 2.534104e+03	 24	 999000	 240	 999000	 999	 2.535121e+03	 816.67	 766.67	 60.00	 27	 0.51	 
BFE_103	 1	 19	 2205.jpg	 2.536106e+03	 24	 999000	 240	 999000	 999	 2.537124e+03	 816.67	 766.67	 56.00	 26	 0.64	 
BFE_103	 1	 19	 2115.jpg	 2.540110e+03	 24	 999000	 240	 999000	 999	 2.541128e+03	 816.67	 766.67	 57.00	 15	 0.58	 
BFE_103	 1	 19	 1105.jpg	 2.542113e+03	 11	 7.539714e+02	 11	 8.167078e+02	 98	 2.543130e+03	 833.33	 766.67	 15.00	 5	 0.55	 
BFE_103	 1	 19	 2113.jpg	 2.546100e+03	 24	 999000	 240	 999000	 999	 2.547118e+03	 833.33	 766.67	 44.00	 13	 0.76	 
BFE_103	 1	 19	 2219.jpg	 2.548103e+03	 24	 999000	 240	 999000	 999	 2.549120e+03	 833.33	 766.67	 48.00	 40	 0.73	 
BFE_103	 1	 19	 1209.jpg	 2.550105e+03	 12	 999000	 120	 999000	 999	 2.551123e+03	 833.33	 766.67	 8.00	 30	 0.74	 
BFE_103	 1	 19	 1211.jpg	 2.552107e+03	 12	 999000	 120	 999000	 999	 2.553125e+03	 833.33	 766.67	 20.00	 32	 0.47	 
BFE_103	 1	 19	 1217.jpg	 2.557113e+03	 12	 999000	 120	 999000	 999	 2.558130e+03	 833.33	 766.67	 3.00	 38	 0.84	 
BFE_103	 1	 19	 1114.jpg	 2.559098e+03	 12	 999000	 120	 999000	 999	 2.560116e+03	 833.33	 766.67	 14.00	 14	 0.57	 
BFE_103	 1	 19	 1104.jpg	 2.561101e+03	 12	 999000	 120	 999000	 999	 2.562118e+03	 833.33	 766.67	 9.00	 4	 0.73	 
BFE_103	 1	 19	 2211.jpg	 2.564104e+03	 24	 999000	 240	 999000	 999	 2.565122e+03	 833.33	 766.67	 51.00	 32	 0.68	 
BFE_103	 1	 19	 1110.jpg	 2.571112e+03	 11	 1.010785e+03	 1100	 8.333635e+02	 98	 2.572130e+03	 783.33	 766.67	 13.00	 10	 0.61	 
BFE_103	 1	 19	 2109.jpg	 2.575100e+03	 22	 9.509198e+02	 220	 7.666988e+02	 98	 2.576117e+03	 783.33	 783.33	 58.00	 9	 0.58	 
BFE_103	 1	 19	 2120.jpg	 2.582108e+03	 24	 999000	 240	 999000	 999	 2.583125e+03	 783.33	 783.33	 78.00	 20	 0.16	 
