subjectID	 order	 runNum	 itemName	 onsetTime	 shuff_trialType	 RT	 respInTime	 AudioTime	 response	 fixationTime	 ladder1	 ladder2	 bidIndex	 itemNameIndex	 bidValue	 
BFE_204	 2	 17	 1203.jpg	 2.825186e+03	 12	 999000	 120	 999000	 999	 2.826204e+03	 550.00	 616.67	 20.00	 24	 0.52	 
BFE_204	 2	 17	 1219.jpg	 2.827172e+03	 12	 999000	 120	 999000	 999	 2.828190e+03	 550.00	 616.67	 3.00	 40	 0.84	 
BFE_204	 2	 17	 2120.jpg	 2.831176e+03	 24	 999000	 240	 999000	 999	 2.832194e+03	 550.00	 616.67	 55.00	 20	 0.57	 
BFE_204	 2	 17	 2209.jpg	 2.834180e+03	 24	 999000	 240	 999000	 999	 2.835197e+03	 550.00	 616.67	 44.00	 30	 0.84	 
BFE_204	 2	 17	 1210.jpg	 2.836182e+03	 12	 999000	 120	 999000	 999	 2.837200e+03	 550.00	 616.67	 22.00	 31	 0.49	 
BFE_204	 2	 17	 1118.jpg	 2.839169e+03	 12	 999000	 120	 999000	 999	 2.840186e+03	 550.00	 616.67	 37.00	 18	 0.15	 
BFE_204	 2	 17	 1204.jpg	 2.843173e+03	 11	 8.848962e+02	 110	 5.500431e+02	 98	 2.844191e+03	 566.67	 616.67	 9.00	 25	 0.68	 
BFE_204	 2	 17	 1111.jpg	 2.847178e+03	 12	 999000	 120	 999000	 999	 2.848195e+03	 566.67	 616.67	 18.00	 11	 0.56	 
BFE_204	 2	 17	 2206.jpg	 2.849180e+03	 24	 999000	 240	 999000	 999	 2.850198e+03	 566.67	 616.67	 50.00	 27	 0.68	 
BFE_204	 2	 17	 2204.jpg	 2.854169e+03	 24	 999000	 240	 999000	 999	 2.855187e+03	 566.67	 616.67	 60.00	 25	 0.51	 
BFE_204	 2	 17	 2212.jpg	 2.856171e+03	 24	 999000	 240	 999000	 999	 2.857189e+03	 566.67	 616.67	 61.00	 33	 0.50	 
BFE_204	 2	 17	 1108.jpg	 2.858173e+03	 11	 8.447251e+02	 110	 5.666914e+02	 98	 2.859191e+03	 583.33	 616.67	 16.00	 8	 0.59	 
BFE_204	 2	 17	 2208.jpg	 2.864180e+03	 22	 8.699593e+02	 220	 6.167165e+02	 98	 2.865198e+03	 583.33	 633.33	 57.00	 29	 0.55	 
BFE_204	 2	 17	 2210.jpg	 2.866182e+03	 24	 999000	 240	 999000	 999	 2.867200e+03	 583.33	 633.33	 59.00	 31	 0.53	 
BFE_204	 2	 17	 2219.jpg	 2.868168e+03	 22	 9.064779e+02	 220	 6.333601e+02	 98	 2.869186e+03	 583.33	 650.00	 51.00	 40	 0.65	 
BFE_204	 2	 17	 2101.jpg	 2.870170e+03	 22	 9.359294e+02	 220	 6.500256e+02	 98	 2.871188e+03	 583.33	 666.67	 54.00	 1	 0.58	 
BFE_204	 2	 17	 2117.jpg	 2.874174e+03	 24	 999000	 240	 999000	 999	 2.875192e+03	 583.33	 666.67	 78.00	 17	 0.22	 
BFE_204	 2	 17	 1209.jpg	 2.878179e+03	 11	 8.630228e+02	 110	 5.833621e+02	 98	 2.879197e+03	 600.00	 666.67	 8.00	 30	 0.69	 
BFE_204	 2	 17	 1206.jpg	 2.881182e+03	 12	 999000	 120	 999000	 999	 2.882200e+03	 600.00	 666.67	 10.00	 27	 0.67	 
BFE_204	 2	 17	 2218.jpg	 2.885170e+03	 24	 9.437713e+02	 24	 999000	 98	 2.886188e+03	 600.00	 666.67	 43.00	 39	 0.87	 
BFE_204	 2	 17	 2110.jpg	 2.888174e+03	 24	 999000	 240	 999000	 999	 2.889191e+03	 600.00	 666.67	 77.00	 10	 0.23	 
BFE_204	 2	 17	 1101.jpg	 2.890176e+03	 12	 999000	 120	 999000	 999	 2.891194e+03	 600.00	 666.67	 7.00	 1	 0.72	 
BFE_204	 2	 17	 1217.jpg	 2.894180e+03	 12	 999000	 120	 999000	 999	 2.895198e+03	 600.00	 666.67	 13.00	 38	 0.61	 
BFE_204	 2	 17	 1214.jpg	 2.896183e+03	 12	 999000	 120	 999000	 999	 2.897200e+03	 600.00	 666.67	 12.00	 35	 0.64	 
BFE_204	 2	 17	 2216.jpg	 2.898168e+03	 24	 999000	 240	 999000	 999	 2.899186e+03	 600.00	 666.67	 52.00	 37	 0.62	 
BFE_204	 2	 17	 2103.jpg	 2.902173e+03	 24	 999000	 240	 999000	 999	 2.903190e+03	 600.00	 666.67	 62.00	 3	 0.47	 
BFE_204	 2	 17	 1215.jpg	 2.904175e+03	 11	 1.051001e+03	 1100	 6.000365e+02	 98	 2.905193e+03	 550.00	 666.67	 11.00	 36	 0.66	 
BFE_204	 2	 17	 1218.jpg	 2.908179e+03	 12	 999000	 120	 999000	 999	 2.909197e+03	 550.00	 666.67	 4.00	 39	 0.77	 
BFE_204	 2	 17	 2215.jpg	 2.912167e+03	 24	 999000	 240	 999000	 999	 2.913185e+03	 550.00	 666.67	 58.00	 36	 0.54	 
BFE_204	 2	 17	 1117.jpg	 2.915171e+03	 12	 999000	 120	 999000	 999	 2.916188e+03	 550.00	 666.67	 38.00	 17	 0.15	 
BFE_204	 2	 17	 2203.jpg	 2.921177e+03	 24	 999000	 240	 999000	 999	 2.922195e+03	 550.00	 666.67	 53.00	 24	 0.59	 
BFE_204	 2	 17	 1205.jpg	 2.923179e+03	 11	 9.025576e+02	 110	 5.500408e+02	 98	 2.924197e+03	 566.67	 666.67	 17.00	 26	 0.56	 
BFE_204	 2	 17	 1109.jpg	 2.927167e+03	 12	 999000	 120	 999000	 999	 2.928185e+03	 566.67	 666.67	 19.00	 9	 0.55	 
BFE_204	 2	 17	 2106.jpg	 2.929170e+03	 22	 1.056469e+03	 2200	 6.666973e+02	 98	 2.930187e+03	 566.67	 616.67	 56.00	 6	 0.56	 
BFE_204	 2	 17	 2202.jpg	 2.931172e+03	 22	 9.182751e+02	 220	 6.167007e+02	 98	 2.932190e+03	 566.67	 633.33	 48.00	 23	 0.75	 
BFE_204	 2	 17	 1207.jpg	 2.933174e+03	 12	 999000	 120	 999000	 999	 2.934192e+03	 566.67	 633.33	 21.00	 28	 0.51	 
BFE_204	 2	 17	 1208.jpg	 2.938180e+03	 11	 9.583927e+02	 110	 5.666940e+02	 98	 2.939197e+03	 583.33	 633.33	 14.00	 29	 0.60	 
BFE_204	 2	 17	 2214.jpg	 2.940182e+03	 24	 999000	 240	 999000	 999	 2.941200e+03	 583.33	 633.33	 47.00	 35	 0.78	 
BFE_204	 2	 17	 1120.jpg	 2.942167e+03	 12	 999000	 120	 999000	 999	 2.943185e+03	 583.33	 633.33	 15.00	 20	 0.59	 
BFE_204	 2	 17	 2108.jpg	 2.945171e+03	 22	 8.631931e+02	 220	 6.333638e+02	 98	 2.946189e+03	 583.33	 650.00	 49.00	 8	 0.72	 
