subjectID	 order	 runNum	 itemName	 onsetTime	 shuff_trialType	 RT	 respInTime	 AudioTime	 response	 fixationTime	 ladder1	 ladder2	 bidIndex	 itemNameIndex	 bidValue	 
BFE_102	 2	 12	 1121.jpg	 1.497539e+03	 11	 7.515776e+02	 110	 5.167160e+02	 98	 1.498556e+03	 533.33	 516.67	 17.00	 21	 0.55	 
BFE_102	 2	 12	 1212.jpg	 1.499524e+03	 12	 999000	 120	 999000	 999	 1.500542e+03	 533.33	 516.67	 38.00	 33	 0.20	 
BFE_102	 2	 12	 2105.jpg	 1.503529e+03	 24	 999000	 240	 999000	 999	 1.504546e+03	 533.33	 516.67	 77.00	 5	 0.32	 
BFE_102	 2	 12	 2103.jpg	 1.506532e+03	 24	 999000	 240	 999000	 999	 1.507550e+03	 533.33	 516.67	 52.00	 3	 0.75	 
BFE_102	 2	 12	 2101.jpg	 1.508534e+03	 24	 999000	 240	 999000	 999	 1.509552e+03	 533.33	 516.67	 44.00	 1	 0.87	 
BFE_102	 2	 12	 2118.jpg	 1.511521e+03	 24	 999000	 240	 999000	 999	 1.512539e+03	 533.33	 516.67	 78.00	 18	 0.32	 
BFE_102	 2	 12	 2110.jpg	 1.515525e+03	 24	 999000	 240	 999000	 999	 1.516543e+03	 533.33	 516.67	 53.00	 10	 0.73	 
BFE_102	 2	 12	 1209.jpg	 1.519530e+03	 11	 9.202686e+02	 110	 5.333618e+02	 98	 1.520548e+03	 550.00	 516.67	 16.00	 30	 0.55	 
BFE_102	 2	 12	 1116.jpg	 1.521532e+03	 12	 999000	 120	 999000	 999	 1.522550e+03	 550.00	 516.67	 37.00	 16	 0.20	 
BFE_102	 2	 12	 2114.jpg	 1.526521e+03	 24	 999000	 240	 999000	 999	 1.527539e+03	 550.00	 516.67	 47.00	 14	 0.85	 
BFE_102	 2	 12	 1211.jpg	 1.528523e+03	 11	 8.948810e+02	 110	 5.500307e+02	 98	 1.529541e+03	 566.67	 516.67	 9.00	 32	 0.70	 
BFE_102	 2	 12	 1208.jpg	 1.530525e+03	 12	 999000	 120	 999000	 999	 1.531543e+03	 566.67	 516.67	 12.00	 29	 0.62	 
BFE_102	 2	 12	 1204.jpg	 1.536532e+03	 11	 8.778911e+02	 110	 5.667058e+02	 98	 1.537550e+03	 583.33	 516.67	 11.00	 25	 0.65	 
BFE_102	 2	 12	 1203.jpg	 1.538517e+03	 12	 999000	 120	 999000	 999	 1.539536e+03	 583.33	 516.67	 3.00	 24	 0.87	 
BFE_102	 2	 12	 1201.jpg	 1.540520e+03	 12	 999000	 120	 999000	 999	 1.541538e+03	 583.33	 516.67	 13.00	 22	 0.60	 
BFE_102	 2	 12	 1109.jpg	 1.542522e+03	 12	 999000	 120	 999000	 999	 1.543540e+03	 583.33	 516.67	 21.00	 9	 0.50	 
BFE_102	 2	 12	 2213.jpg	 1.546527e+03	 24	 999000	 240	 999000	 999	 1.547545e+03	 583.33	 516.67	 62.00	 34	 0.52	 
BFE_102	 2	 12	 2204.jpg	 1.550531e+03	 24	 999000	 240	 999000	 999	 1.551549e+03	 583.33	 516.67	 50.00	 25	 0.75	 
BFE_102	 2	 12	 2203.jpg	 1.553518e+03	 22	 7.324777e+02	 220	 5.167103e+02	 98	 1.554536e+03	 583.33	 533.33	 54.00	 24	 0.72	 
BFE_102	 2	 12	 2206.jpg	 1.557522e+03	 24	 999000	 240	 999000	 999	 1.558540e+03	 583.33	 533.33	 43.00	 27	 0.87	 
BFE_102	 2	 12	 1105.jpg	 1.560526e+03	 12	 999000	 120	 999000	 999	 1.561543e+03	 583.33	 533.33	 19.00	 5	 0.53	 
BFE_102	 2	 12	 1218.jpg	 1.562528e+03	 12	 999000	 120	 999000	 999	 1.563546e+03	 583.33	 533.33	 4.00	 39	 0.79	 
BFE_102	 2	 12	 2217.jpg	 1.566532e+03	 22	 7.576403e+02	 220	 5.333650e+02	 98	 1.567550e+03	 583.33	 550.00	 49.00	 38	 0.76	 
BFE_102	 2	 12	 1104.jpg	 1.568518e+03	 12	 999000	 120	 999000	 999	 1.569536e+03	 583.33	 550.00	 15.00	 4	 0.56	 
BFE_102	 2	 12	 2201.jpg	 1.570520e+03	 22	 8.018741e+02	 220	 5.500404e+02	 98	 1.571538e+03	 583.33	 566.67	 57.00	 22	 0.66	 
BFE_102	 2	 12	 2207.jpg	 1.574525e+03	 22	 7.813323e+02	 220	 5.667016e+02	 98	 1.575543e+03	 583.33	 583.33	 48.00	 28	 0.80	 
BFE_102	 2	 12	 1115.jpg	 1.576527e+03	 12	 999000	 120	 999000	 999	 1.577545e+03	 583.33	 583.33	 22.00	 15	 0.48	 
BFE_102	 2	 12	 2111.jpg	 1.580531e+03	 24	 999000	 240	 999000	 999	 1.581549e+03	 583.33	 583.33	 59.00	 11	 0.62	 
BFE_102	 2	 12	 1207.jpg	 1.584519e+03	 11	 7.868185e+02	 110	 5.833662e+02	 98	 1.585537e+03	 600.00	 583.33	 8.00	 28	 0.70	 
BFE_102	 2	 12	 1110.jpg	 1.587523e+03	 12	 999000	 120	 999000	 999	 1.588540e+03	 600.00	 583.33	 20.00	 10	 0.52	 
BFE_102	 2	 12	 2211.jpg	 1.593529e+03	 22	 8.086558e+02	 220	 5.833711e+02	 98	 1.594547e+03	 600.00	 600.00	 51.00	 32	 0.75	 
BFE_102	 2	 12	 1102.jpg	 1.595532e+03	 11	 8.865044e+02	 110	 6.000270e+02	 98	 1.596549e+03	 616.67	 600.00	 14.00	 2	 0.60	 
BFE_102	 2	 12	 2209.jpg	 1.599520e+03	 22	 5.226026e+02	 22	 6.000339e+02	 98	 1.600537e+03	 616.67	 616.67	 56.00	 30	 0.68	 
BFE_102	 2	 12	 1205.jpg	 1.601522e+03	 12	 999000	 120	 999000	 999	 1.602539e+03	 616.67	 616.67	 7.00	 26	 0.71	 
BFE_102	 2	 12	 1108.jpg	 1.603524e+03	 12	 999000	 120	 999000	 999	 1.604542e+03	 616.67	 616.67	 10.00	 8	 0.68	 
BFE_102	 2	 12	 2115.jpg	 1.605526e+03	 24	 999000	 240	 999000	 999	 1.606544e+03	 616.67	 616.67	 61.00	 15	 0.53	 
BFE_102	 2	 12	 1106.jpg	 1.610532e+03	 12	 999000	 120	 999000	 999	 1.611550e+03	 616.67	 616.67	 18.00	 6	 0.53	 
BFE_102	 2	 12	 2104.jpg	 1.612517e+03	 24	 999000	 240	 999000	 999	 1.613535e+03	 616.67	 616.67	 58.00	 4	 0.63	 
BFE_102	 2	 12	 2218.jpg	 1.614520e+03	 24	 999000	 240	 999000	 999	 1.615537e+03	 616.67	 616.67	 55.00	 39	 0.72	 
BFE_102	 2	 12	 2214.jpg	 1.617523e+03	 24	 999000	 240	 999000	 999	 1.618541e+03	 616.67	 616.67	 60.00	 35	 0.57	 
