subjectID	 order	 runNum	 itemName	 onsetTime	 shuff_trialType	 RT	 respInTime	 AudioTime	 response	 fixationTime	 ladder1	 ladder2	 bidIndex	 itemNameIndex	 bidValue	 
BFE_109	 1	 9	 1105.jpg	 1.046391e+03	 12	 999000	 120	 999000	 999	 1.047408e+03	 683.33	 750.00	 37.00	 5	 0.17	 
BFE_109	 1	 9	 2212.jpg	 1.051380e+03	 22	 9.985132e+02	 220	 7.500502e+02	 98	 1.052398e+03	 683.33	 766.67	 53.00	 33	 0.62	 
BFE_109	 1	 9	 1215.jpg	 1.053382e+03	 12	 999000	 120	 999000	 999	 1.054400e+03	 683.33	 766.67	 9.00	 36	 0.68	 
BFE_109	 1	 9	 1214.jpg	 1.055384e+03	 12	 999000	 120	 999000	 999	 1.056402e+03	 683.33	 766.67	 22.00	 35	 0.51	 
BFE_109	 1	 9	 2112.jpg	 1.061374e+03	 24	 999000	 240	 999000	 999	 1.062392e+03	 683.33	 766.67	 78.00	 12	 0.20	 
BFE_109	 1	 9	 2105.jpg	 1.063376e+03	 24	 999000	 240	 999000	 999	 1.064394e+03	 683.33	 766.67	 77.00	 5	 0.20	 
BFE_109	 1	 9	 2107.jpg	 1.066380e+03	 24	 999000	 240	 999000	 999	 1.067398e+03	 683.33	 766.67	 54.00	 7	 0.61	 
BFE_109	 1	 9	 1213.jpg	 1.068382e+03	 12	 999000	 120	 999000	 999	 1.069400e+03	 683.33	 766.67	 14.00	 34	 0.60	 
BFE_109	 1	 9	 2215.jpg	 1.072387e+03	 24	 999000	 240	 999000	 999	 1.073404e+03	 683.33	 766.67	 60.00	 36	 0.50	 
BFE_109	 1	 9	 2217.jpg	 1.074372e+03	 22	 9.904487e+02	 220	 7.666991e+02	 98	 1.075390e+03	 683.33	 783.33	 52.00	 38	 0.62	 
BFE_109	 1	 9	 2205.jpg	 1.079378e+03	 24	 999000	 240	 999000	 999	 1.080396e+03	 683.33	 783.33	 51.00	 26	 0.63	 
BFE_109	 1	 9	 1203.jpg	 1.086386e+03	 11	 8.966750e+02	 110	 6.833781e+02	 98	 1.087403e+03	 700.00	 783.33	 10.00	 24	 0.68	 
BFE_109	 1	 9	 1219.jpg	 1.088371e+03	 12	 999000	 120	 999000	 999	 1.089389e+03	 700.00	 783.33	 17.00	 40	 0.55	 
BFE_109	 1	 9	 1208.jpg	 1.091375e+03	 12	 999000	 120	 999000	 999	 1.092392e+03	 700.00	 783.33	 11.00	 29	 0.67	 
BFE_109	 1	 9	 1206.jpg	 1.094378e+03	 11	 9.363000e+02	 110	 7.000305e+02	 98	 1.095396e+03	 716.67	 783.33	 7.00	 27	 0.74	 
BFE_109	 1	 9	 1119.jpg	 1.098382e+03	 12	 999000	 120	 999000	 999	 1.099400e+03	 716.67	 783.33	 38.00	 19	 0.17	 
BFE_109	 1	 9	 2209.jpg	 1.102387e+03	 24	 999000	 240	 999000	 999	 1.103405e+03	 716.67	 783.33	 44.00	 30	 0.80	 
BFE_109	 1	 9	 2213.jpg	 1.106375e+03	 24	 999000	 240	 999000	 999	 1.107392e+03	 716.67	 783.33	 61.00	 34	 0.48	 
BFE_109	 1	 9	 2202.jpg	 1.109378e+03	 22	 1.064189e+03	 2200	 7.833639e+02	 98	 1.110396e+03	 716.67	 733.33	 55.00	 23	 0.59	 
BFE_109	 1	 9	 2210.jpg	 1.115385e+03	 22	 9.615166e+02	 220	 7.333667e+02	 98	 1.116403e+03	 716.67	 750.00	 47.00	 31	 0.71	 
BFE_109	 1	 9	 1216.jpg	 1.117387e+03	 12	 999000	 120	 999000	 999	 1.118405e+03	 716.67	 750.00	 4.00	 37	 0.81	 
BFE_109	 1	 9	 2201.jpg	 1.120374e+03	 24	 999000	 240	 999000	 999	 1.121392e+03	 716.67	 750.00	 43.00	 22	 0.81	 
BFE_109	 1	 9	 2204.jpg	 1.122376e+03	 24	 999000	 240	 999000	 999	 1.123394e+03	 716.67	 750.00	 48.00	 25	 0.71	 
BFE_109	 1	 9	 1205.jpg	 1.124378e+03	 11	 1.000075e+03	 1100	 7.167115e+02	 98	 1.125396e+03	 666.67	 750.00	 13.00	 26	 0.62	 
BFE_109	 1	 9	 2211.jpg	 1.126380e+03	 24	 999000	 240	 999000	 999	 1.127398e+03	 666.67	 750.00	 49.00	 32	 0.69	 
BFE_109	 1	 9	 1210.jpg	 1.129384e+03	 12	 999000	 120	 999000	 999	 1.130402e+03	 666.67	 750.00	 3.00	 31	 0.81	 
BFE_109	 1	 9	 1218.jpg	 1.133372e+03	 11	 9.186756e+02	 110	 6.667004e+02	 98	 1.134389e+03	 683.33	 750.00	 12.00	 39	 0.64	 
BFE_109	 1	 9	 1110.jpg	 1.135374e+03	 12	 999000	 120	 999000	 999	 1.136392e+03	 683.33	 750.00	 20.00	 10	 0.54	 
BFE_109	 1	 9	 2110.jpg	 1.137376e+03	 24	 999000	 240	 999000	 999	 1.138394e+03	 683.33	 750.00	 57.00	 10	 0.58	 
BFE_109	 1	 9	 2207.jpg	 1.139378e+03	 22	 9.999299e+02	 220	 7.500310e+02	 98	 1.140396e+03	 683.33	 766.67	 50.00	 28	 0.68	 
BFE_109	 1	 9	 2218.jpg	 1.141381e+03	 24	 999000	 240	 999000	 999	 1.142398e+03	 683.33	 766.67	 59.00	 39	 0.53	 
BFE_109	 1	 9	 1211.jpg	 1.143383e+03	 12	 999000	 120	 999000	 999	 1.144401e+03	 683.33	 766.67	 19.00	 32	 0.55	 
BFE_109	 1	 9	 1201.jpg	 1.147387e+03	 12	 999000	 120	 999000	 999	 1.148405e+03	 683.33	 766.67	 8.00	 22	 0.68	 
BFE_109	 1	 9	 1121.jpg	 1.151375e+03	 12	 999000	 120	 999000	 999	 1.152393e+03	 683.33	 766.67	 21.00	 21	 0.53	 
BFE_109	 1	 9	 1106.jpg	 1.153377e+03	 11	 9.129122e+02	 110	 6.833695e+02	 98	 1.154395e+03	 700.00	 766.67	 18.00	 6	 0.55	 
BFE_109	 1	 9	 1102.jpg	 1.155380e+03	 12	 999000	 120	 999000	 999	 1.156397e+03	 700.00	 766.67	 16.00	 2	 0.59	 
BFE_109	 1	 9	 1103.jpg	 1.157382e+03	 11	 9.084191e+02	 110	 7.000519e+02	 98	 1.158400e+03	 716.67	 766.67	 15.00	 3	 0.60	 
BFE_109	 1	 9	 2208.jpg	 1.159384e+03	 24	 999000	 240	 999000	 999	 1.160402e+03	 716.67	 766.67	 56.00	 29	 0.59	 
BFE_109	 1	 9	 2203.jpg	 1.165374e+03	 22	 9.801349e+02	 220	 7.666963e+02	 98	 1.166392e+03	 716.67	 783.33	 58.00	 24	 0.58	 
BFE_109	 1	 9	 2111.jpg	 1.167376e+03	 24	 999000	 240	 999000	 999	 1.168394e+03	 716.67	 783.33	 62.00	 11	 0.47	 
