subjectID	 order	 runNum	 itemName	 onsetTime	 shuff_trialType	 RT	 respInTime	 AudioTime	 response	 fixationTime	 ladder1	 ladder2	 bidIndex	 itemNameIndex	 bidValue	 
BFE_108	 2	 17	 1102.jpg	 2.024852e+03	 11	 9.585321e+02	 110	 7.500441e+02	 98	 2.025870e+03	 766.67	 750.00	 16.00	 2	 0.53	 
BFE_108	 2	 17	 2204.jpg	 2.027839e+03	 24	 999000	 240	 999000	 999	 2.028857e+03	 766.67	 750.00	 61.00	 25	 0.48	 
BFE_108	 2	 17	 2205.jpg	 2.029841e+03	 24	 999000	 240	 999000	 999	 2.030859e+03	 766.67	 750.00	 58.00	 26	 0.54	 
BFE_108	 2	 17	 1219.jpg	 2.031843e+03	 12	 999000	 120	 999000	 999	 2.032861e+03	 766.67	 750.00	 4.00	 40	 0.78	 
BFE_108	 2	 17	 2209.jpg	 2.033845e+03	 24	 999000	 240	 999000	 999	 2.034863e+03	 766.67	 750.00	 53.00	 30	 0.61	 
BFE_108	 2	 17	 1111.jpg	 2.036832e+03	 12	 999000	 120	 999000	 999	 2.037850e+03	 766.67	 750.00	 19.00	 11	 0.51	 
BFE_108	 2	 17	 1106.jpg	 2.038834e+03	 11	 1.040161e+03	 1100	 7.667031e+02	 98	 2.039852e+03	 716.67	 750.00	 8.00	 6	 0.71	 
BFE_108	 2	 17	 2213.jpg	 2.042839e+03	 24	 999000	 240	 999000	 999	 2.043857e+03	 716.67	 750.00	 52.00	 34	 0.62	 
BFE_108	 2	 17	 2113.jpg	 2.044841e+03	 24	 999000	 240	 999000	 999	 2.045859e+03	 716.67	 750.00	 60.00	 13	 0.51	 
BFE_108	 2	 17	 1203.jpg	 2.049847e+03	 11	 9.477837e+02	 110	 7.166963e+02	 98	 2.050864e+03	 733.33	 750.00	 11.00	 24	 0.63	 
BFE_108	 2	 17	 2109.jpg	 2.051832e+03	 22	 9.786282e+02	 220	 7.500473e+02	 98	 2.052850e+03	 733.33	 766.67	 56.00	 9	 0.57	 
BFE_108	 2	 17	 2101.jpg	 2.055838e+03	 24	 999000	 240	 999000	 999	 2.056854e+03	 733.33	 766.67	 55.00	 1	 0.58	 
BFE_108	 2	 17	 1213.jpg	 2.057839e+03	 11	 9.633662e+02	 110	 7.333680e+02	 98	 2.058857e+03	 750.00	 766.67	 9.00	 34	 0.71	 
BFE_108	 2	 17	 2111.jpg	 2.060842e+03	 22	 9.842319e+02	 220	 7.666986e+02	 98	 2.061860e+03	 750.00	 783.33	 51.00	 11	 0.65	 
BFE_108	 2	 17	 2208.jpg	 2.065831e+03	 24	 999000	 240	 999000	 999	 2.066849e+03	 750.00	 783.33	 62.00	 29	 0.46	 
BFE_108	 2	 17	 2117.jpg	 2.067834e+03	 24	 999000	 240	 999000	 999	 2.068851e+03	 750.00	 783.33	 47.00	 17	 0.74	 
BFE_108	 2	 17	 1218.jpg	 2.069836e+03	 12	 999000	 120	 999000	 999	 2.070854e+03	 750.00	 783.33	 12.00	 39	 0.62	 
BFE_108	 2	 17	 1117.jpg	 2.073840e+03	 12	 999000	 120	 999000	 999	 2.074858e+03	 750.00	 783.33	 21.00	 17	 0.50	 
BFE_108	 2	 17	 1216.jpg	 2.077845e+03	 12	 999000	 120	 999000	 999	 2.078863e+03	 750.00	 783.33	 38.00	 37	 0.20	 
BFE_108	 2	 17	 2217.jpg	 2.081833e+03	 24	 999000	 240	 999000	 999	 2.082850e+03	 750.00	 783.33	 44.00	 38	 0.81	 
BFE_108	 2	 17	 1214.jpg	 2.083835e+03	 12	 999000	 120	 999000	 999	 2.084853e+03	 750.00	 783.33	 18.00	 35	 0.52	 
BFE_108	 2	 17	 2212.jpg	 2.085837e+03	 24	 999000	 240	 999000	 999	 2.086855e+03	 750.00	 783.33	 78.00	 33	 0.21	 
BFE_108	 2	 17	 2210.jpg	 2.087839e+03	 22	 1.043198e+03	 2200	 7.833626e+02	 98	 2.088857e+03	 750.00	 733.33	 48.00	 31	 0.73	 
BFE_108	 2	 17	 1113.jpg	 2.089842e+03	 12	 999000	 120	 999000	 999	 2.090859e+03	 750.00	 733.33	 20.00	 13	 0.50	 
BFE_108	 2	 17	 2219.jpg	 2.095831e+03	 24	 999000	 240	 999000	 999	 2.096849e+03	 750.00	 733.33	 50.00	 40	 0.67	 
BFE_108	 2	 17	 2112.jpg	 2.098835e+03	 24	 999000	 240	 999000	 999	 2.099853e+03	 750.00	 733.33	 77.00	 12	 0.22	 
BFE_108	 2	 17	 1115.jpg	 2.100837e+03	 12	 999000	 120	 999000	 999	 2.101855e+03	 750.00	 733.33	 15.00	 15	 0.54	 
BFE_108	 2	 17	 2103.jpg	 2.102839e+03	 24	 999000	 240	 999000	 999	 2.103857e+03	 750.00	 733.33	 43.00	 3	 0.83	 
BFE_108	 2	 17	 1202.jpg	 2.105843e+03	 11	 9.757048e+02	 110	 7.500268e+02	 98	 2.106861e+03	 766.67	 733.33	 17.00	 23	 0.53	 
BFE_108	 2	 17	 2102.jpg	 2.107845e+03	 24	 999000	 240	 999000	 999	 2.108863e+03	 766.67	 733.33	 59.00	 2	 0.52	 
BFE_108	 2	 17	 1105.jpg	 2.109847e+03	 12	 999000	 120	 999000	 999	 2.110865e+03	 766.67	 733.33	 13.00	 5	 0.55	 
BFE_108	 2	 17	 1114.jpg	 2.111833e+03	 12	 999000	 120	 999000	 999	 2.112851e+03	 766.67	 733.33	 10.00	 14	 0.65	 
BFE_108	 2	 17	 1121.jpg	 2.114836e+03	 12	 999000	 120	 999000	 999	 2.115854e+03	 766.67	 733.33	 7.00	 21	 0.71	 
BFE_108	 2	 17	 2218.jpg	 2.116838e+03	 22	 9.640615e+02	 220	 7.333635e+02	 98	 2.117856e+03	 766.67	 750.00	 57.00	 39	 0.57	 
BFE_108	 2	 17	 1211.jpg	 2.118841e+03	 11	 9.938857e+02	 110	 7.666996e+02	 98	 2.119859e+03	 783.33	 750.00	 14.00	 32	 0.54	 
BFE_108	 2	 17	 2121.jpg	 2.120843e+03	 22	 9.835855e+02	 220	 7.500267e+02	 98	 2.121861e+03	 783.33	 766.67	 49.00	 21	 0.69	 
BFE_108	 2	 17	 1210.jpg	 2.122845e+03	 12	 999000	 120	 999000	 999	 2.123863e+03	 783.33	 766.67	 37.00	 31	 0.21	 
BFE_108	 2	 17	 2106.jpg	 2.128835e+03	 22	 9.832809e+02	 220	 7.667021e+02	 98	 2.129853e+03	 783.33	 783.33	 54.00	 6	 0.61	 
BFE_108	 2	 17	 1215.jpg	 2.131839e+03	 12	 999000	 120	 999000	 999	 2.132856e+03	 783.33	 783.33	 22.00	 36	 0.47	 
BFE_108	 2	 17	 1201.jpg	 2.135843e+03	 12	 999000	 120	 999000	 999	 2.136861e+03	 783.33	 783.33	 3.00	 22	 0.88	 
