subjectID	 order	 runNum	 itemName	 onsetTime	 shuff_trialType	 RT	 respInTime	 AudioTime	 response	 fixationTime	 ladder1	 ladder2	 bidIndex	 itemNameIndex	 bidValue	 
BFE_106	 2	 15	 1219.jpg	 1.944942e+03	 11	 7.965155e+02	 11	 9.167232e+02	 98	 1.945960e+03	 916.67	 916.67	 16.00	 40	 0.57	 
BFE_106	 2	 15	 1218.jpg	 1.947928e+03	 12	 999000	 120	 999000	 999	 1.948946e+03	 916.67	 916.67	 19.00	 39	 0.54	 
BFE_106	 2	 15	 1214.jpg	 1.949931e+03	 11	 5.755447e+02	 11	 9.167037e+02	 98	 1.950948e+03	 916.67	 916.67	 14.00	 35	 0.62	 
BFE_106	 2	 15	 2119.jpg	 1.951933e+03	 24	 999000	 240	 999000	 999	 1.952951e+03	 916.67	 916.67	 77.00	 19	 0.21	 
BFE_106	 2	 15	 2207.jpg	 1.953935e+03	 24	 999000	 240	 999000	 999	 1.954953e+03	 916.67	 916.67	 58.00	 28	 0.58	 
BFE_106	 2	 15	 2121.jpg	 1.956922e+03	 24	 999000	 240	 999000	 999	 1.957940e+03	 916.67	 916.67	 47.00	 21	 0.75	 
BFE_106	 2	 15	 2218.jpg	 1.958924e+03	 24	 999000	 240	 999000	 999	 1.959942e+03	 916.67	 916.67	 52.00	 39	 0.60	 
BFE_106	 2	 15	 1101.jpg	 1.962929e+03	 12	 999000	 120	 999000	 999	 1.963946e+03	 916.67	 916.67	 37.00	 1	 0.16	 
BFE_106	 2	 15	 2110.jpg	 1.964931e+03	 24	 999000	 240	 999000	 999	 1.965949e+03	 916.67	 916.67	 53.00	 10	 0.60	 
BFE_106	 2	 15	 1216.jpg	 1.969936e+03	 11	 5.457988e+02	 11	 9.167047e+02	 98	 1.970954e+03	 916.67	 916.67	 17.00	 37	 0.56	 
BFE_106	 2	 15	 2214.jpg	 1.971922e+03	 22	 6.725210e+02	 22	 9.167142e+02	 98	 1.972940e+03	 916.67	 916.67	 54.00	 35	 0.59	 
BFE_106	 2	 15	 1119.jpg	 1.975926e+03	 12	 999000	 120	 999000	 999	 1.976944e+03	 916.67	 916.67	 38.00	 19	 0.15	 
BFE_106	 2	 15	 2209.jpg	 1.977929e+03	 22	 5.855427e+02	 22	 9.167085e+02	 98	 1.978947e+03	 916.67	 916.67	 56.00	 30	 0.59	 
BFE_106	 2	 15	 1121.jpg	 1.980932e+03	 12	 999000	 120	 999000	 999	 1.981950e+03	 916.67	 916.67	 12.00	 21	 0.65	 
BFE_106	 2	 15	 1213.jpg	 1.985938e+03	 11	 5.445795e+02	 11	 9.166953e+02	 98	 1.986955e+03	 916.67	 916.67	 9.00	 34	 0.69	 
BFE_106	 2	 15	 1211.jpg	 1.987923e+03	 12	 999000	 120	 999000	 999	 1.988941e+03	 916.67	 916.67	 15.00	 32	 0.58	 
BFE_106	 2	 15	 2205.jpg	 1.989926e+03	 24	 999000	 240	 999000	 999	 1.990943e+03	 916.67	 916.67	 59.00	 26	 0.57	 
BFE_106	 2	 15	 1203.jpg	 1.993930e+03	 12	 999000	 120	 999000	 999	 1.994948e+03	 916.67	 916.67	 22.00	 24	 0.50	 
BFE_106	 2	 15	 2109.jpg	 1.997935e+03	 22	 5.557463e+02	 22	 9.167048e+02	 98	 1.998952e+03	 916.67	 916.67	 49.00	 9	 0.73	 
BFE_106	 2	 15	 1110.jpg	 2.001922e+03	 12	 999000	 120	 999000	 999	 2.002940e+03	 916.67	 916.67	 10.00	 10	 0.68	 
BFE_106	 2	 15	 2211.jpg	 2.003925e+03	 24	 999000	 240	 999000	 999	 2.004942e+03	 916.67	 916.67	 43.00	 32	 0.87	 
BFE_106	 2	 15	 2103.jpg	 2.005927e+03	 24	 999000	 240	 999000	 999	 2.006945e+03	 916.67	 916.67	 44.00	 3	 0.83	 
BFE_106	 2	 15	 2206.jpg	 2.007929e+03	 22	 4.892263e+02	 22	 9.167107e+02	 98	 2.008947e+03	 916.67	 916.67	 48.00	 27	 0.73	 
BFE_106	 2	 15	 1209.jpg	 2.009931e+03	 11	 5.589524e+02	 11	 9.167036e+02	 98	 2.010949e+03	 916.67	 916.67	 11.00	 30	 0.68	 
BFE_106	 2	 15	 2208.jpg	 2.015938e+03	 22	 5.522715e+02	 22	 9.167012e+02	 98	 2.016956e+03	 916.67	 916.67	 51.00	 29	 0.65	 
BFE_106	 2	 15	 2105.jpg	 2.018925e+03	 24	 999000	 240	 999000	 999	 2.019942e+03	 916.67	 916.67	 55.00	 5	 0.59	 
BFE_106	 2	 15	 2111.jpg	 2.020927e+03	 24	 999000	 240	 999000	 999	 2.021945e+03	 916.67	 916.67	 62.00	 11	 0.52	 
BFE_106	 2	 15	 1217.jpg	 2.022929e+03	 12	 999000	 120	 999000	 999	 2.023947e+03	 916.67	 916.67	 18.00	 38	 0.54	 
BFE_106	 2	 15	 2204.jpg	 2.025933e+03	 24	 999000	 240	 999000	 999	 2.026950e+03	 916.67	 916.67	 61.00	 25	 0.52	 
BFE_106	 2	 15	 1207.jpg	 2.027935e+03	 12	 999000	 120	 999000	 999	 2.028953e+03	 916.67	 916.67	 21.00	 28	 0.50	 
BFE_106	 2	 15	 2113.jpg	 2.029937e+03	 24	 999000	 240	 999000	 999	 2.030955e+03	 916.67	 916.67	 50.00	 13	 0.69	 
BFE_106	 2	 15	 1208.jpg	 2.031922e+03	 12	 999000	 120	 999000	 999	 2.032940e+03	 916.67	 916.67	 13.00	 29	 0.63	 
BFE_106	 2	 15	 2115.jpg	 2.034926e+03	 22	 6.843513e+02	 22	 9.166998e+02	 98	 2.035944e+03	 916.67	 916.67	 57.00	 15	 0.58	 
BFE_106	 2	 15	 1204.jpg	 2.036928e+03	 12	 999000	 120	 999000	 999	 2.037946e+03	 916.67	 916.67	 20.00	 25	 0.51	 
BFE_106	 2	 15	 1115.jpg	 2.038931e+03	 11	 4.957212e+02	 11	 9.167001e+02	 98	 2.039948e+03	 916.67	 916.67	 8.00	 15	 0.70	 
BFE_106	 2	 15	 1205.jpg	 2.040933e+03	 12	 999000	 120	 999000	 999	 2.041951e+03	 916.67	 916.67	 3.00	 26	 0.83	 
BFE_106	 2	 15	 2107.jpg	 2.042935e+03	 24	 999000	 240	 999000	 999	 2.043953e+03	 916.67	 916.67	 78.00	 7	 0.20	 
BFE_106	 2	 15	 1106.jpg	 2.048925e+03	 12	 999000	 120	 999000	 999	 2.049943e+03	 916.67	 916.67	 7.00	 6	 0.73	 
BFE_106	 2	 15	 2106.jpg	 2.051928e+03	 24	 999000	 240	 999000	 999	 2.052946e+03	 916.67	 916.67	 60.00	 6	 0.54	 
BFE_106	 2	 15	 1109.jpg	 2.055933e+03	 12	 5.814089e+02	 12	 999000	 98	 2.056951e+03	 916.67	 916.67	 4.00	 9	 0.82	 
