subjectID	 order	 runNum	 itemName	 onsetTime	 shuff_trialType	 RT	 respInTime	 AudioTime	 response	 fixationTime	 ladder1	 ladder2	 bidIndex	 itemNameIndex	 bidValue	 
BFE_203	 1	 10	 1105.jpg	 1.184052e+03	 12	 999000	 120	 999000	 999	 1.185069e+03	 716.67	 716.67	 17.00	 5	 0.57	 
BFE_203	 1	 10	 1205.jpg	 1.189041e+03	 12	 999000	 120	 999000	 999	 1.190058e+03	 716.67	 716.67	 3.00	 26	 0.80	 
BFE_203	 1	 10	 2203.jpg	 1.191043e+03	 24	 999000	 240	 999000	 999	 1.192061e+03	 716.67	 716.67	 78.00	 24	 0.13	 
BFE_203	 1	 10	 2211.jpg	 1.193045e+03	 24	 999000	 240	 999000	 999	 1.194063e+03	 716.67	 716.67	 62.00	 32	 0.47	 
BFE_203	 1	 10	 1209.jpg	 1.199035e+03	 12	 999000	 120	 999000	 999	 1.200053e+03	 716.67	 716.67	 16.00	 30	 0.58	 
BFE_203	 1	 10	 1117.jpg	 1.201037e+03	 12	 999000	 120	 999000	 999	 1.202055e+03	 716.67	 716.67	 14.00	 17	 0.64	 
BFE_203	 1	 10	 1107.jpg	 1.204041e+03	 12	 999000	 120	 999000	 999	 1.205059e+03	 716.67	 716.67	 4.00	 7	 0.80	 
BFE_203	 1	 10	 2204.jpg	 1.206043e+03	 24	 999000	 240	 999000	 999	 1.207061e+03	 716.67	 716.67	 60.00	 25	 0.50	 
BFE_203	 1	 10	 2116.jpg	 1.210047e+03	 22	 1.010945e+03	 2200	 7.167128e+02	 98	 1.211065e+03	 716.67	 666.67	 52.00	 16	 0.67	 
BFE_203	 1	 10	 1111.jpg	 1.212050e+03	 11	 9.766961e+02	 110	 7.167185e+02	 98	 1.213067e+03	 733.33	 666.67	 18.00	 11	 0.57	 
BFE_203	 1	 10	 1201.jpg	 1.217039e+03	 11	 1.027772e+03	 1100	 7.333679e+02	 98	 1.218056e+03	 683.33	 666.67	 15.00	 22	 0.60	 
BFE_203	 1	 10	 2109.jpg	 1.224046e+03	 22	 9.399321e+02	 220	 6.667023e+02	 98	 1.225064e+03	 683.33	 683.33	 47.00	 9	 0.74	 
BFE_203	 1	 10	 2102.jpg	 1.226049e+03	 24	 999000	 240	 999000	 999	 1.227066e+03	 683.33	 683.33	 49.00	 2	 0.68	 
BFE_203	 1	 10	 1109.jpg	 1.229035e+03	 11	 9.111929e+02	 110	 6.833612e+02	 98	 1.230053e+03	 700.00	 683.33	 12.00	 9	 0.67	 
BFE_203	 1	 10	 1113.jpg	 1.232039e+03	 11	 1.051663e+03	 1100	 7.000285e+02	 98	 1.233057e+03	 650.00	 683.33	 13.00	 13	 0.66	 
BFE_203	 1	 10	 1202.jpg	 1.236043e+03	 12	 999000	 120	 999000	 999	 1.237061e+03	 650.00	 683.33	 38.00	 23	 0.20	 
BFE_203	 1	 10	 1108.jpg	 1.240048e+03	 12	 999000	 120	 999000	 999	 1.241066e+03	 650.00	 683.33	 37.00	 8	 0.21	 
BFE_203	 1	 10	 2219.jpg	 1.244035e+03	 24	 999000	 240	 999000	 999	 1.245053e+03	 650.00	 683.33	 56.00	 40	 0.56	 
BFE_203	 1	 10	 2205.jpg	 1.247039e+03	 24	 999000	 240	 999000	 999	 1.248057e+03	 650.00	 683.33	 48.00	 26	 0.70	 
BFE_203	 1	 10	 2104.jpg	 1.253046e+03	 22	 9.087410e+02	 220	 6.833619e+02	 98	 1.254063e+03	 650.00	 700.00	 58.00	 4	 0.54	 
BFE_203	 1	 10	 2201.jpg	 1.255048e+03	 24	 999000	 240	 999000	 999	 1.256066e+03	 650.00	 700.00	 57.00	 22	 0.54	 
BFE_203	 1	 10	 1204.jpg	 1.258051e+03	 12	 999000	 120	 999000	 999	 1.259069e+03	 650.00	 700.00	 9.00	 25	 0.72	 
BFE_203	 1	 10	 2202.jpg	 1.260037e+03	 24	 999000	 240	 999000	 999	 1.261055e+03	 650.00	 700.00	 61.00	 23	 0.49	 
BFE_203	 1	 10	 1104.jpg	 1.262039e+03	 12	 999000	 120	 999000	 999	 1.263057e+03	 650.00	 700.00	 11.00	 4	 0.69	 
BFE_203	 1	 10	 2106.jpg	 1.264041e+03	 24	 999000	 240	 999000	 999	 1.265059e+03	 650.00	 700.00	 43.00	 6	 0.88	 
BFE_203	 1	 10	 2216.jpg	 1.267045e+03	 24	 999000	 240	 999000	 999	 1.268062e+03	 650.00	 700.00	 51.00	 37	 0.67	 
BFE_203	 1	 10	 2217.jpg	 1.271049e+03	 24	 999000	 240	 999000	 999	 1.272067e+03	 650.00	 700.00	 59.00	 38	 0.51	 
BFE_203	 1	 10	 1102.jpg	 1.273051e+03	 12	 999000	 120	 999000	 999	 1.274069e+03	 650.00	 700.00	 21.00	 2	 0.52	 
BFE_203	 1	 10	 1217.jpg	 1.275037e+03	 12	 999000	 120	 999000	 999	 1.276055e+03	 650.00	 700.00	 20.00	 38	 0.53	 
BFE_203	 1	 10	 2113.jpg	 1.277039e+03	 22	 9.392101e+02	 220	 7.000295e+02	 98	 1.278057e+03	 650.00	 716.67	 50.00	 13	 0.67	 
BFE_203	 1	 10	 2121.jpg	 1.279041e+03	 24	 999000	 240	 999000	 999	 1.280059e+03	 650.00	 716.67	 44.00	 21	 0.85	 
BFE_203	 1	 10	 1110.jpg	 1.281044e+03	 12	 999000	 120	 999000	 999	 1.282061e+03	 650.00	 716.67	 19.00	 10	 0.54	 
BFE_203	 1	 10	 2108.jpg	 1.285048e+03	 24	 999000	 240	 999000	 999	 1.286066e+03	 650.00	 716.67	 77.00	 8	 0.21	 
BFE_203	 1	 10	 2103.jpg	 1.289036e+03	 24	 999000	 240	 999000	 999	 1.290054e+03	 650.00	 716.67	 54.00	 3	 0.59	 
BFE_203	 1	 10	 1206.jpg	 1.291038e+03	 11	 9.002857e+02	 110	 6.500285e+02	 98	 1.292056e+03	 666.67	 716.67	 7.00	 27	 0.74	 
BFE_203	 1	 10	 2115.jpg	 1.293040e+03	 22	 1.001892e+03	 2200	 7.167055e+02	 98	 1.294058e+03	 666.67	 666.67	 53.00	 15	 0.62	 
BFE_203	 1	 10	 2107.jpg	 1.295043e+03	 22	 8.797124e+02	 220	 6.667008e+02	 98	 1.296060e+03	 666.67	 683.33	 55.00	 7	 0.57	 
BFE_203	 1	 10	 1114.jpg	 1.297045e+03	 12	 999000	 120	 999000	 999	 1.298063e+03	 666.67	 683.33	 8.00	 14	 0.73	 
BFE_203	 1	 10	 1115.jpg	 1.303052e+03	 11	 9.667008e+02	 110	 6.667000e+02	 98	 1.304069e+03	 683.33	 683.33	 10.00	 15	 0.71	 
BFE_203	 1	 10	 1214.jpg	 1.305037e+03	 12	 999000	 120	 999000	 999	 1.306055e+03	 683.33	 683.33	 22.00	 35	 0.49	 
