subjectID	 order	 runNum	 itemName	 onsetTime	 shuff_trialType	 RT	 respInTime	 AudioTime	 response	 fixationTime	 ladder1	 ladder2	 bidIndex	 itemNameIndex	 bidValue	 
BFE_111	 1	 15	 2217.jpg	 2.441941e+03	 24	 999000	 240	 999000	 999	 2.442958e+03	 750.00	 616.67	 43.00	 38	 0.77	 
BFE_111	 1	 15	 1215.jpg	 2.444927e+03	 12	 999000	 120	 999000	 999	 2.445945e+03	 750.00	 616.67	 16.00	 36	 0.54	 
BFE_111	 1	 15	 2214.jpg	 2.448932e+03	 22	 1.118301e+03	 2200	 6.167079e+02	 98	 2.449950e+03	 750.00	 566.67	 47.00	 35	 0.68	 
BFE_111	 1	 15	 1216.jpg	 2.450934e+03	 11	 1.235994e+03	 1100	 7.500493e+02	 98	 2.451952e+03	 700.00	 566.67	 10.00	 37	 0.61	 
BFE_111	 1	 15	 2205.jpg	 2.452936e+03	 24	 999000	 240	 999000	 999	 2.453954e+03	 700.00	 566.67	 59.00	 26	 0.50	 
BFE_111	 1	 15	 2213.jpg	 2.456941e+03	 22	 8.933543e+02	 220	 5.667031e+02	 98	 2.457959e+03	 700.00	 583.33	 50.00	 34	 0.65	 
BFE_111	 1	 15	 2218.jpg	 2.458943e+03	 24	 999000	 240	 999000	 999	 2.459961e+03	 700.00	 583.33	 61.00	 39	 0.45	 
BFE_111	 1	 15	 1219.jpg	 2.463932e+03	 11	 1.054109e+03	 1100	 7.000398e+02	 98	 2.464950e+03	 650.00	 583.33	 13.00	 40	 0.58	 
BFE_111	 1	 15	 2116.jpg	 2.465934e+03	 24	 999000	 240	 999000	 999	 2.466952e+03	 650.00	 583.33	 78.00	 16	 0.25	 
BFE_111	 1	 15	 2119.jpg	 2.468938e+03	 24	 999000	 240	 999000	 999	 2.469956e+03	 650.00	 583.33	 77.00	 19	 0.30	 
BFE_111	 1	 15	 1209.jpg	 2.471941e+03	 12	 999000	 120	 999000	 999	 2.472959e+03	 650.00	 583.33	 8.00	 30	 0.64	 
BFE_111	 1	 15	 1109.jpg	 2.475929e+03	 12	 999000	 120	 999000	 999	 2.476947e+03	 650.00	 583.33	 17.00	 9	 0.54	 
BFE_111	 1	 15	 1105.jpg	 2.478932e+03	 12	 999000	 120	 999000	 999	 2.479950e+03	 650.00	 583.33	 14.00	 5	 0.57	 
BFE_111	 1	 15	 2112.jpg	 2.480934e+03	 24	 999000	 240	 999000	 999	 2.481952e+03	 650.00	 583.33	 60.00	 12	 0.48	 
BFE_111	 1	 15	 1114.jpg	 2.483938e+03	 12	 999000	 120	 999000	 999	 2.484956e+03	 650.00	 583.33	 4.00	 14	 0.79	 
BFE_111	 1	 15	 1214.jpg	 2.487942e+03	 12	 999000	 120	 999000	 999	 2.488960e+03	 650.00	 583.33	 9.00	 35	 0.63	 
BFE_111	 1	 15	 2111.jpg	 2.490929e+03	 24	 999000	 240	 999000	 999	 2.491947e+03	 650.00	 583.33	 49.00	 11	 0.66	 
BFE_111	 1	 15	 1205.jpg	 2.492931e+03	 11	 9.109431e+02	 110	 6.500294e+02	 98	 2.493949e+03	 666.67	 583.33	 18.00	 26	 0.52	 
BFE_111	 1	 15	 1107.jpg	 2.494933e+03	 11	 9.167774e+02	 110	 6.667147e+02	 98	 2.495951e+03	 683.33	 583.33	 12.00	 7	 0.60	 
BFE_111	 1	 15	 2120.jpg	 2.499939e+03	 22	 8.071882e+02	 220	 5.833644e+02	 98	 2.500957e+03	 683.33	 600.00	 53.00	 20	 0.60	 
BFE_111	 1	 15	 1117.jpg	 2.503944e+03	 11	 8.266568e+02	 110	 6.833985e+02	 98	 2.504961e+03	 700.00	 600.00	 15.00	 17	 0.55	 
BFE_111	 1	 15	 1213.jpg	 2.507931e+03	 12	 999000	 120	 999000	 999	 2.508949e+03	 700.00	 600.00	 37.00	 34	 0.23	 
BFE_111	 1	 15	 2207.jpg	 2.513938e+03	 24	 999000	 240	 999000	 999	 2.514956e+03	 700.00	 600.00	 44.00	 28	 0.72	 
BFE_111	 1	 15	 1202.jpg	 2.515940e+03	 12	 999000	 120	 999000	 999	 2.516958e+03	 700.00	 600.00	 22.00	 23	 0.46	 
BFE_111	 1	 15	 1210.jpg	 2.517943e+03	 12	 999000	 120	 999000	 999	 2.518960e+03	 700.00	 600.00	 11.00	 31	 0.61	 
BFE_111	 1	 15	 1218.jpg	 2.519928e+03	 11	 1.058225e+03	 1100	 7.000358e+02	 98	 2.520946e+03	 650.00	 600.00	 7.00	 39	 0.66	 
BFE_111	 1	 15	 2211.jpg	 2.521930e+03	 22	 1.015834e+03	 2200	 6.000337e+02	 98	 2.522948e+03	 650.00	 550.00	 58.00	 32	 0.51	 
BFE_111	 1	 15	 1113.jpg	 2.525935e+03	 12	 999000	 120	 999000	 999	 2.526953e+03	 650.00	 550.00	 21.00	 13	 0.49	 
BFE_111	 1	 15	 2113.jpg	 2.527937e+03	 24	 999000	 240	 999000	 999	 2.528955e+03	 650.00	 550.00	 51.00	 13	 0.64	 
BFE_111	 1	 15	 2216.jpg	 2.531942e+03	 24	 999000	 240	 999000	 999	 2.532959e+03	 650.00	 550.00	 56.00	 37	 0.55	 
BFE_111	 1	 15	 2209.jpg	 2.533944e+03	 24	 999000	 240	 999000	 999	 2.534962e+03	 650.00	 550.00	 54.00	 30	 0.56	 
BFE_111	 1	 15	 1116.jpg	 2.535929e+03	 12	 999000	 120	 999000	 999	 2.536947e+03	 650.00	 550.00	 38.00	 16	 0.23	 
BFE_111	 1	 15	 1120.jpg	 2.537932e+03	 12	 999000	 120	 999000	 999	 2.538949e+03	 650.00	 550.00	 20.00	 20	 0.49	 
BFE_111	 1	 15	 2210.jpg	 2.542937e+03	 22	 8.728700e+02	 220	 5.500347e+02	 98	 2.543955e+03	 650.00	 566.67	 52.00	 31	 0.61	 
BFE_111	 1	 15	 1102.jpg	 2.544940e+03	 12	 999000	 120	 999000	 999	 2.545957e+03	 650.00	 566.67	 19.00	 2	 0.52	 
BFE_111	 1	 15	 1217.jpg	 2.546942e+03	 12	 999000	 120	 999000	 999	 2.547960e+03	 650.00	 566.67	 3.00	 38	 0.87	 
BFE_111	 1	 15	 2103.jpg	 2.549928e+03	 24	 999000	 240	 999000	 999	 2.550946e+03	 650.00	 566.67	 57.00	 3	 0.53	 
BFE_111	 1	 15	 2110.jpg	 2.556936e+03	 24	 999000	 240	 999000	 999	 2.557954e+03	 650.00	 566.67	 62.00	 10	 0.44	 
BFE_111	 1	 15	 2102.jpg	 2.560941e+03	 24	 999000	 240	 999000	 999	 2.561959e+03	 650.00	 566.67	 48.00	 2	 0.67	 
BFE_111	 1	 15	 2104.jpg	 2.567932e+03	 22	 9.421900e+02	 220	 5.667058e+02	 98	 2.568950e+03	 650.00	 583.33	 55.00	 4	 0.56	 
