subjectID	 order	 runNum	 itemName	 onsetTime	 shuff_trialType	 RT	 respInTime	 AudioTime	 response	 fixationTime	 ladder1	 ladder2	 bidIndex	 itemNameIndex	 bidValue	 
BFE_101	 1	 4	 2110.jpg	 3.710979e+02	 22	 9.113058e+02	 220	 7.167090e+02	 98	 3.721158e+02	 716.67	 733.33	 50.00	 10	 0.65	 
BFE_101	 1	 4	 1216.jpg	 3.761038e+02	 11	 8.652967e+02	 110	 7.167068e+02	 98	 3.771216e+02	 733.33	 733.33	 15.00	 37	 0.55	 
BFE_101	 1	 4	 1205.jpg	 3.781060e+02	 12	 999000	 120	 999000	 999	 3.791237e+02	 733.33	 733.33	 11.00	 26	 0.62	 
BFE_101	 1	 4	 2115.jpg	 3.801082e+02	 24	 999000	 240	 999000	 999	 3.811261e+02	 733.33	 733.33	 57.00	 15	 0.55	 
BFE_101	 1	 4	 1201.jpg	 3.860983e+02	 12	 999000	 120	 999000	 999	 3.871161e+02	 733.33	 733.33	 22.00	 22	 0.50	 
BFE_101	 1	 4	 1207.jpg	 3.881006e+02	 11	 9.325183e+02	 110	 7.333640e+02	 98	 3.891184e+02	 750.00	 733.33	 13.00	 28	 0.56	 
BFE_101	 1	 4	 2209.jpg	 3.911039e+02	 22	 9.372036e+02	 220	 7.333770e+02	 98	 3.921216e+02	 750.00	 750.00	 55.00	 30	 0.56	 
BFE_101	 1	 4	 1109.jpg	 3.931062e+02	 12	 999000	 120	 999000	 999	 3.941239e+02	 750.00	 750.00	 20.00	 9	 0.50	 
BFE_101	 1	 4	 1213.jpg	 3.970940e+02	 12	 999000	 120	 999000	 999	 3.981118e+02	 750.00	 750.00	 8.00	 34	 0.68	 
BFE_101	 1	 4	 2207.jpg	 3.990962e+02	 24	 7.609674e+02	 24	 999000	 98	 4.001141e+02	 750.00	 750.00	 49.00	 28	 0.66	 
BFE_101	 1	 4	 2205.jpg	 4.041018e+02	 24	 999000	 240	 999000	 999	 4.051196e+02	 750.00	 750.00	 77.00	 26	 0.21	 
BFE_101	 1	 4	 1111.jpg	 4.110927e+02	 12	 999000	 120	 999000	 999	 4.121108e+02	 750.00	 750.00	 14.00	 11	 0.55	 
BFE_101	 1	 4	 2120.jpg	 4.130953e+02	 22	 9.698281e+02	 220	 7.500313e+02	 98	 4.141130e+02	 750.00	 766.67	 58.00	 20	 0.55	 
BFE_101	 1	 4	 2114.jpg	 4.160986e+02	 24	 999000	 240	 999000	 999	 4.171164e+02	 750.00	 766.67	 62.00	 14	 0.50	 
BFE_101	 1	 4	 2211.jpg	 4.191019e+02	 22	 9.631925e+02	 220	 7.666950e+02	 98	 4.201197e+02	 750.00	 783.33	 52.00	 32	 0.62	 
BFE_101	 1	 4	 1214.jpg	 4.231065e+02	 12	 999000	 120	 999000	 999	 4.241242e+02	 750.00	 783.33	 21.00	 35	 0.50	 
BFE_101	 1	 4	 2214.jpg	 4.270945e+02	 22	 1.002720e+03	 2200	 7.833681e+02	 98	 4.281120e+02	 750.00	 733.33	 53.00	 35	 0.59	 
BFE_101	 1	 4	 1103.jpg	 4.310987e+02	 12	 999000	 120	 999000	 999	 4.321165e+02	 750.00	 733.33	 9.00	 3	 0.68	 
BFE_101	 1	 4	 1101.jpg	 4.341021e+02	 12	 999000	 120	 999000	 999	 4.351199e+02	 750.00	 733.33	 37.00	 1	 0.27	 
BFE_101	 1	 4	 1208.jpg	 4.400919e+02	 11	 1.005270e+03	 1100	 7.500379e+02	 98	 4.411100e+02	 700.00	 733.33	 18.00	 29	 0.51	 
BFE_101	 1	 4	 2113.jpg	 4.420943e+02	 24	 999000	 240	 999000	 999	 4.431122e+02	 700.00	 733.33	 60.00	 13	 0.54	 
BFE_101	 1	 4	 1206.jpg	 4.450977e+02	 12	 999000	 120	 999000	 999	 4.461155e+02	 700.00	 733.33	 4.00	 27	 0.74	 
BFE_101	 1	 4	 1204.jpg	 4.471000e+02	 12	 999000	 120	 999000	 999	 4.481178e+02	 700.00	 733.33	 17.00	 25	 0.52	 
BFE_101	 1	 4	 1115.jpg	 4.491022e+02	 12	 999000	 120	 999000	 999	 4.501198e+02	 700.00	 733.33	 38.00	 15	 0.23	 
BFE_101	 1	 4	 1116.jpg	 4.511045e+02	 12	 999000	 120	 999000	 999	 4.521220e+02	 700.00	 733.33	 19.00	 16	 0.51	 
BFE_101	 1	 4	 1102.jpg	 4.541078e+02	 11	 9.093418e+02	 110	 7.000351e+02	 98	 4.551254e+02	 716.67	 733.33	 10.00	 2	 0.66	 
BFE_101	 1	 4	 2118.jpg	 4.580957e+02	 22	 9.454949e+02	 220	 7.333605e+02	 98	 4.591135e+02	 716.67	 750.00	 47.00	 18	 0.67	 
BFE_101	 1	 4	 2203.jpg	 4.600981e+02	 24	 1.311076e+03	 24	 999000	 98	 4.611156e+02	 716.67	 750.00	 59.00	 24	 0.54	 
BFE_101	 1	 4	 1121.jpg	 4.621001e+02	 11	 9.809934e+02	 110	 7.166985e+02	 98	 4.631179e+02	 733.33	 750.00	 7.00	 21	 0.70	 
BFE_101	 1	 4	 2208.jpg	 4.641024e+02	 24	 999000	 240	 999000	 999	 4.651201e+02	 733.33	 750.00	 51.00	 29	 0.63	 
BFE_101	 1	 4	 2117.jpg	 4.661046e+02	 24	 999000	 240	 999000	 999	 4.671224e+02	 733.33	 750.00	 78.00	 17	 0.18	 
BFE_101	 1	 4	 1106.jpg	 4.681068e+02	 11	 1.030339e+03	 1100	 7.333701e+02	 98	 4.691246e+02	 683.33	 750.00	 12.00	 6	 0.58	 
BFE_101	 1	 4	 2102.jpg	 4.720947e+02	 24	 999000	 240	 999000	 999	 4.731125e+02	 683.33	 750.00	 61.00	 2	 0.54	 
BFE_101	 1	 4	 2213.jpg	 4.760991e+02	 24	 999000	 240	 999000	 999	 4.771170e+02	 683.33	 750.00	 44.00	 34	 0.71	 
BFE_101	 1	 4	 1118.jpg	 4.781014e+02	 12	 999000	 120	 999000	 999	 4.791191e+02	 683.33	 750.00	 3.00	 18	 0.78	 
BFE_101	 1	 4	 2104.jpg	 4.801036e+02	 24	 999000	 240	 999000	 999	 4.811214e+02	 683.33	 750.00	 56.00	 4	 0.55	 
BFE_101	 1	 4	 2103.jpg	 4.821058e+02	 24	 999000	 240	 999000	 999	 4.831236e+02	 683.33	 750.00	 43.00	 3	 0.74	 
BFE_101	 1	 4	 2216.jpg	 4.841081e+02	 24	 999000	 240	 999000	 999	 4.851259e+02	 683.33	 750.00	 48.00	 37	 0.66	 
BFE_101	 1	 4	 1202.jpg	 4.900982e+02	 12	 999000	 120	 999000	 999	 4.911159e+02	 683.33	 750.00	 16.00	 23	 0.54	 
BFE_101	 1	 4	 2217.jpg	 4.921004e+02	 24	 999000	 240	 999000	 999	 4.931182e+02	 683.33	 750.00	 54.00	 38	 0.58	 
