subjectID	 order	 runNum	 itemName	 onsetTime	 shuff_trialType	 RT	 respInTime	 AudioTime	 response	 fixationTime	 ladder1	 ladder2	 bidIndex	 itemNameIndex	 bidValue	 
BFE_204	 2	 13	 2219.jpg	 2.308073e+03	 22	 6.968880e+02	 220	 4.834101e+02	 98	 2.309091e+03	 483.33	 500.00	 51.00	 40	 0.65	 
BFE_204	 2	 13	 2204.jpg	 2.313062e+03	 24	 999000	 240	 999000	 999	 2.314080e+03	 483.33	 500.00	 60.00	 25	 0.51	 
BFE_204	 2	 13	 2106.jpg	 2.315064e+03	 22	 9.297045e+02	 220	 5.000331e+02	 98	 2.316082e+03	 483.33	 516.67	 56.00	 6	 0.56	 
BFE_204	 2	 13	 1118.jpg	 2.317067e+03	 12	 999000	 120	 999000	 999	 2.318084e+03	 483.33	 516.67	 37.00	 18	 0.15	 
BFE_204	 2	 13	 2108.jpg	 2.323057e+03	 22	 7.852932e+02	 220	 5.167021e+02	 98	 2.324074e+03	 483.33	 533.33	 49.00	 8	 0.72	 
BFE_204	 2	 13	 1203.jpg	 2.325059e+03	 12	 999000	 120	 999000	 999	 2.326077e+03	 483.33	 533.33	 20.00	 24	 0.52	 
BFE_204	 2	 13	 1208.jpg	 2.328062e+03	 11	 6.277725e+02	 110	 4.833753e+02	 98	 2.329080e+03	 500.00	 533.33	 14.00	 29	 0.60	 
BFE_204	 2	 13	 2218.jpg	 2.330064e+03	 24	 999000	 240	 999000	 999	 2.331082e+03	 500.00	 533.33	 43.00	 39	 0.87	 
BFE_204	 2	 13	 2120.jpg	 2.334069e+03	 24	 999000	 240	 999000	 999	 2.335087e+03	 500.00	 533.33	 55.00	 20	 0.57	 
BFE_204	 2	 13	 2206.jpg	 2.336054e+03	 24	 999000	 240	 999000	 999	 2.337072e+03	 500.00	 533.33	 50.00	 27	 0.68	 
BFE_204	 2	 13	 1205.jpg	 2.341060e+03	 11	 7.178883e+02	 110	 5.000385e+02	 98	 2.342078e+03	 516.67	 533.33	 17.00	 26	 0.56	 
BFE_204	 2	 13	 1217.jpg	 2.348068e+03	 12	 7.340340e+02	 12	 999000	 98	 2.349086e+03	 516.67	 533.33	 13.00	 38	 0.61	 
BFE_204	 2	 13	 2215.jpg	 2.350070e+03	 24	 999000	 240	 999000	 999	 2.351088e+03	 516.67	 533.33	 58.00	 36	 0.54	 
BFE_204	 2	 13	 2202.jpg	 2.353057e+03	 22	 9.451052e+02	 220	 5.333594e+02	 98	 2.354075e+03	 516.67	 550.00	 48.00	 23	 0.75	 
BFE_204	 2	 13	 1117.jpg	 2.356060e+03	 12	 999000	 120	 999000	 999	 2.357078e+03	 516.67	 550.00	 38.00	 17	 0.15	 
BFE_204	 2	 13	 1108.jpg	 2.360065e+03	 11	 7.531037e+02	 110	 5.167005e+02	 98	 2.361082e+03	 533.33	 550.00	 16.00	 8	 0.59	 
BFE_204	 2	 13	 1206.jpg	 2.364069e+03	 12	 999000	 120	 999000	 999	 2.365087e+03	 533.33	 550.00	 10.00	 27	 0.67	 
BFE_204	 2	 13	 1109.jpg	 2.368057e+03	 12	 999000	 120	 999000	 999	 2.369075e+03	 533.33	 550.00	 19.00	 9	 0.55	 
BFE_204	 2	 13	 1214.jpg	 2.371061e+03	 12	 999000	 120	 999000	 999	 2.372078e+03	 533.33	 550.00	 12.00	 35	 0.64	 
BFE_204	 2	 13	 2209.jpg	 2.377067e+03	 24	 999000	 240	 999000	 999	 2.378085e+03	 533.33	 550.00	 44.00	 30	 0.84	 
BFE_204	 2	 13	 1219.jpg	 2.379069e+03	 12	 999000	 120	 999000	 999	 2.380087e+03	 533.33	 550.00	 3.00	 40	 0.84	 
BFE_204	 2	 13	 2110.jpg	 2.382056e+03	 24	 999000	 240	 999000	 999	 2.383074e+03	 533.33	 550.00	 77.00	 10	 0.23	 
BFE_204	 2	 13	 1120.jpg	 2.384058e+03	 12	 999000	 120	 999000	 999	 2.385076e+03	 533.33	 550.00	 15.00	 20	 0.59	 
BFE_204	 2	 13	 1207.jpg	 2.386061e+03	 12	 999000	 120	 999000	 999	 2.387078e+03	 533.33	 550.00	 21.00	 28	 0.51	 
BFE_204	 2	 13	 2101.jpg	 2.388063e+03	 22	 8.271696e+02	 220	 5.500316e+02	 98	 2.389081e+03	 533.33	 566.67	 54.00	 1	 0.58	 
BFE_204	 2	 13	 2117.jpg	 2.391066e+03	 24	 999000	 240	 999000	 999	 2.392084e+03	 533.33	 566.67	 78.00	 17	 0.22	 
BFE_204	 2	 13	 2103.jpg	 2.395071e+03	 24	 999000	 240	 999000	 999	 2.396088e+03	 533.33	 566.67	 62.00	 3	 0.47	 
BFE_204	 2	 13	 1218.jpg	 2.397056e+03	 12	 999000	 120	 999000	 999	 2.398074e+03	 533.33	 566.67	 4.00	 39	 0.77	 
BFE_204	 2	 13	 1111.jpg	 2.399059e+03	 12	 999000	 120	 999000	 999	 2.400076e+03	 533.33	 566.67	 18.00	 11	 0.56	 
BFE_204	 2	 13	 2214.jpg	 2.401061e+03	 24	 999000	 240	 999000	 999	 2.402078e+03	 533.33	 566.67	 47.00	 35	 0.78	 
BFE_204	 2	 13	 1209.jpg	 2.403063e+03	 11	 8.189928e+02	 110	 5.333657e+02	 98	 2.404081e+03	 550.00	 566.67	 8.00	 30	 0.69	 
BFE_204	 2	 13	 1204.jpg	 2.405065e+03	 11	 8.007675e+02	 110	 5.500405e+02	 98	 2.406083e+03	 566.67	 566.67	 9.00	 25	 0.68	 
BFE_204	 2	 13	 2212.jpg	 2.409070e+03	 24	 999000	 240	 999000	 999	 2.410087e+03	 566.67	 566.67	 61.00	 33	 0.50	 
BFE_204	 2	 13	 1101.jpg	 2.413058e+03	 12	 999000	 120	 999000	 999	 2.414075e+03	 566.67	 566.67	 7.00	 1	 0.72	 
BFE_204	 2	 13	 2208.jpg	 2.415060e+03	 22	 7.822463e+02	 220	 5.666993e+02	 98	 2.416078e+03	 566.67	 583.33	 57.00	 29	 0.55	 
BFE_204	 2	 13	 1215.jpg	 2.417062e+03	 11	 7.718347e+02	 110	 5.667126e+02	 98	 2.418080e+03	 583.33	 583.33	 11.00	 36	 0.66	 
BFE_204	 2	 13	 2203.jpg	 2.419064e+03	 24	 999000	 240	 999000	 999	 2.420082e+03	 583.33	 583.33	 53.00	 24	 0.59	 
BFE_204	 2	 13	 1210.jpg	 2.421066e+03	 12	 999000	 120	 999000	 999	 2.422084e+03	 583.33	 583.33	 22.00	 31	 0.49	 
BFE_204	 2	 13	 2210.jpg	 2.427057e+03	 24	 999000	 240	 999000	 999	 2.428074e+03	 583.33	 583.33	 59.00	 31	 0.53	 
BFE_204	 2	 13	 2216.jpg	 2.429059e+03	 24	 999000	 240	 999000	 999	 2.430077e+03	 583.33	 583.33	 52.00	 37	 0.62	 
