subjectID	 order	 runNum	 itemName	 onsetTime	 shuff_trialType	 RT	 respInTime	 AudioTime	 response	 fixationTime	 ladder1	 ladder2	 bidIndex	 itemNameIndex	 bidValue	 
BFE_202	 2	 3	 1207.jpg	 2.688452e+02	 11	 9.652178e+02	 110	 7.500470e+02	 98	 2.698632e+02	 766.67	 750.00	 17.00	 28	 0.58	 
BFE_202	 2	 3	 1210.jpg	 2.708477e+02	 12	 999000	 120	 999000	 999	 2.718655e+02	 766.67	 750.00	 18.00	 31	 0.57	 
BFE_202	 2	 3	 1206.jpg	 2.748522e+02	 12	 999000	 120	 999000	 999	 2.758700e+02	 766.67	 750.00	 21.00	 27	 0.54	 
BFE_202	 2	 3	 2211.jpg	 2.778556e+02	 24	 999000	 240	 999000	 999	 2.788733e+02	 766.67	 750.00	 43.00	 32	 0.82	 
BFE_202	 2	 3	 2117.jpg	 2.798410e+02	 24	 999000	 240	 999000	 999	 2.808589e+02	 766.67	 750.00	 61.00	 17	 0.47	 
BFE_202	 2	 3	 2118.jpg	 2.828445e+02	 22	 1.037958e+03	 2200	 7.500481e+02	 98	 2.838623e+02	 766.67	 700.00	 54.00	 18	 0.61	 
BFE_202	 2	 3	 2103.jpg	 2.868490e+02	 24	 999000	 240	 999000	 999	 2.878667e+02	 766.67	 700.00	 60.00	 3	 0.51	 
BFE_202	 2	 3	 1115.jpg	 2.908535e+02	 11	 1.012965e+03	 1100	 7.666955e+02	 98	 2.918725e+02	 716.67	 700.00	 8.00	 15	 0.67	 
BFE_202	 2	 3	 1106.jpg	 2.928556e+02	 12	 999000	 120	 999000	 999	 2.938734e+02	 716.67	 700.00	 13.00	 6	 0.62	 
BFE_202	 2	 3	 2213.jpg	 2.978446e+02	 24	 999000	 240	 999000	 999	 2.988623e+02	 716.67	 700.00	 58.00	 34	 0.54	 
BFE_202	 2	 3	 2101.jpg	 2.998469e+02	 24	 999000	 240	 999000	 999	 3.008647e+02	 716.67	 700.00	 55.00	 1	 0.61	 
BFE_202	 2	 3	 2205.jpg	 3.018492e+02	 22	 9.692482e+02	 220	 7.000270e+02	 98	 3.028669e+02	 716.67	 716.67	 48.00	 26	 0.68	 
BFE_202	 2	 3	 2202.jpg	 3.078559e+02	 24	 999000	 240	 999000	 999	 3.088736e+02	 716.67	 716.67	 62.00	 23	 0.47	 
BFE_202	 2	 3	 2107.jpg	 3.098415e+02	 24	 999000	 240	 999000	 999	 3.108592e+02	 716.67	 716.67	 78.00	 7	 0.24	 
BFE_202	 2	 3	 2102.jpg	 3.118437e+02	 24	 999000	 240	 999000	 999	 3.128615e+02	 716.67	 716.67	 52.00	 2	 0.62	 
BFE_202	 2	 3	 2210.jpg	 3.138458e+02	 22	 9.485878e+02	 220	 7.167040e+02	 98	 3.148636e+02	 716.67	 733.33	 57.00	 31	 0.59	 
BFE_202	 2	 3	 1120.jpg	 3.178503e+02	 12	 999000	 120	 999000	 999	 3.188682e+02	 716.67	 733.33	 22.00	 20	 0.52	 
BFE_202	 2	 3	 2203.jpg	 3.218550e+02	 24	 999000	 240	 999000	 999	 3.228726e+02	 716.67	 733.33	 47.00	 24	 0.69	 
BFE_202	 2	 3	 2219.jpg	 3.248416e+02	 24	 999000	 240	 999000	 999	 3.258593e+02	 716.67	 733.33	 59.00	 40	 0.51	 
BFE_202	 2	 3	 1119.jpg	 3.288461e+02	 12	 999000	 120	 999000	 999	 3.298638e+02	 716.67	 733.33	 38.00	 19	 0.17	 
BFE_202	 2	 3	 1214.jpg	 3.318494e+02	 12	 8.810576e+02	 12	 999000	 98	 3.328671e+02	 716.67	 733.33	 20.00	 35	 0.56	 
BFE_202	 2	 3	 2115.jpg	 3.338516e+02	 24	 999000	 240	 999000	 999	 3.348694e+02	 716.67	 733.33	 50.00	 15	 0.64	 
BFE_202	 2	 3	 1203.jpg	 3.378392e+02	 12	 999000	 120	 999000	 999	 3.388572e+02	 716.67	 733.33	 10.00	 24	 0.66	 
BFE_202	 2	 3	 1111.jpg	 3.398417e+02	 12	 999000	 120	 999000	 999	 3.408595e+02	 716.67	 733.33	 19.00	 11	 0.56	 
BFE_202	 2	 3	 1117.jpg	 3.418439e+02	 12	 999000	 120	 999000	 999	 3.428618e+02	 716.67	 733.33	 37.00	 17	 0.23	 
BFE_202	 2	 3	 1213.jpg	 3.458485e+02	 12	 999000	 120	 999000	 999	 3.468661e+02	 716.67	 733.33	 15.00	 34	 0.60	 
BFE_202	 2	 3	 2209.jpg	 3.478506e+02	 22	 9.917763e+02	 220	 7.333843e+02	 98	 3.488685e+02	 716.67	 750.00	 51.00	 30	 0.62	 
BFE_202	 2	 3	 1215.jpg	 3.518552e+02	 12	 999000	 120	 999000	 999	 3.528729e+02	 716.67	 750.00	 4.00	 36	 0.74	 
BFE_202	 2	 3	 1204.jpg	 3.558429e+02	 11	 9.114981e+02	 110	 7.166972e+02	 98	 3.568607e+02	 733.33	 750.00	 11.00	 25	 0.65	 
BFE_202	 2	 3	 2215.jpg	 3.588463e+02	 24	 999000	 240	 999000	 999	 3.598641e+02	 733.33	 750.00	 44.00	 36	 0.82	 
BFE_202	 2	 3	 2216.jpg	 3.648531e+02	 24	 999000	 240	 999000	 999	 3.658708e+02	 733.33	 750.00	 53.00	 37	 0.62	 
BFE_202	 2	 3	 1205.jpg	 3.668553e+02	 11	 9.711550e+02	 110	 7.333598e+02	 98	 3.678731e+02	 750.00	 750.00	 14.00	 26	 0.62	 
BFE_202	 2	 3	 1107.jpg	 3.708431e+02	 11	 9.832732e+02	 110	 7.500268e+02	 98	 3.718608e+02	 766.67	 750.00	 16.00	 7	 0.60	 
BFE_202	 2	 3	 1104.jpg	 3.728453e+02	 12	 999000	 120	 999000	 999	 3.738631e+02	 766.67	 750.00	 12.00	 4	 0.63	 
BFE_202	 2	 3	 1216.jpg	 3.748475e+02	 12	 999000	 120	 999000	 999	 3.758653e+02	 766.67	 750.00	 3.00	 37	 0.77	 
BFE_202	 2	 3	 1209.jpg	 3.768498e+02	 12	 999000	 120	 999000	 999	 3.778676e+02	 766.67	 750.00	 7.00	 30	 0.68	 
BFE_202	 2	 3	 2119.jpg	 3.818555e+02	 24	 999000	 240	 999000	 999	 3.828732e+02	 766.67	 750.00	 77.00	 19	 0.24	 
BFE_202	 2	 3	 2218.jpg	 3.838407e+02	 22	 1.001751e+03	 2200	 7.500282e+02	 98	 3.848589e+02	 766.67	 700.00	 49.00	 39	 0.64	 
BFE_202	 2	 3	 2113.jpg	 3.858432e+02	 22	 9.191745e+02	 220	 7.000372e+02	 98	 3.868611e+02	 766.67	 716.67	 56.00	 13	 0.60	 
BFE_202	 2	 3	 1219.jpg	 3.888467e+02	 11	 1.011736e+03	 1100	 7.667016e+02	 98	 3.898646e+02	 716.67	 716.67	 9.00	 40	 0.66	 
