subjectID	 order	 runNum	 itemName	 onsetTime	 shuff_trialType	 RT	 respInTime	 AudioTime	 response	 fixationTime	 ladder1	 ladder2	 bidIndex	 itemNameIndex	 bidValue	 
BFE_103	 1	 8	 2213.jpg	 9.264647e+02	 22	 5.778138e+02	 22	 7.833756e+02	 98	 9.274827e+02	 716.67	 800.00	 50.00	 34	 0.70	 
BFE_103	 1	 8	 2205.jpg	 9.294514e+02	 24	 999000	 240	 999000	 999	 9.304692e+02	 716.67	 800.00	 56.00	 26	 0.64	 
BFE_103	 1	 8	 1211.jpg	 9.334559e+02	 12	 999000	 120	 999000	 999	 9.344737e+02	 716.67	 800.00	 20.00	 32	 0.47	 
BFE_103	 1	 8	 2119.jpg	 9.354582e+02	 24	 999000	 240	 999000	 999	 9.364759e+02	 716.67	 800.00	 77.00	 19	 0.19	 
BFE_103	 1	 8	 1209.jpg	 9.374605e+02	 12	 999000	 120	 999000	 999	 9.384782e+02	 716.67	 800.00	 8.00	 30	 0.74	 
BFE_103	 1	 8	 2207.jpg	 9.414482e+02	 22	 1.002314e+03	 2200	 8.000363e+02	 98	 9.424661e+02	 716.67	 750.00	 52.00	 28	 0.67	 
BFE_103	 1	 8	 1105.jpg	 9.434504e+02	 11	 9.361277e+02	 110	 7.167074e+02	 98	 9.444682e+02	 733.33	 750.00	 15.00	 5	 0.55	 
BFE_103	 1	 8	 2106.jpg	 9.484561e+02	 24	 999000	 240	 999000	 999	 9.494738e+02	 733.33	 750.00	 62.00	 6	 0.49	 
BFE_103	 1	 8	 1217.jpg	 9.504583e+02	 12	 999000	 120	 999000	 999	 9.514762e+02	 733.33	 750.00	 3.00	 38	 0.84	 
BFE_103	 1	 8	 1110.jpg	 9.534448e+02	 11	 9.816902e+02	 110	 7.333637e+02	 98	 9.544628e+02	 750.00	 750.00	 13.00	 10	 0.61	 
BFE_103	 1	 8	 2105.jpg	 9.564486e+02	 22	 3.298879e+02	 22	 7.500409e+02	 98	 9.574662e+02	 750.00	 766.67	 47.00	 5	 0.73	 
BFE_103	 1	 8	 1114.jpg	 9.604529e+02	 12	 999000	 120	 999000	 999	 9.614706e+02	 750.00	 766.67	 14.00	 14	 0.57	 
BFE_103	 1	 8	 2206.jpg	 9.634562e+02	 24	 999000	 240	 999000	 999	 9.644740e+02	 750.00	 766.67	 60.00	 27	 0.51	 
BFE_103	 1	 8	 1111.jpg	 9.654585e+02	 12	 999000	 120	 999000	 999	 9.664762e+02	 750.00	 766.67	 38.00	 11	 0.16	 
BFE_103	 1	 8	 2217.jpg	 9.684449e+02	 24	 999000	 240	 999000	 999	 9.694630e+02	 750.00	 766.67	 54.00	 38	 0.65	 
BFE_103	 1	 8	 2120.jpg	 9.724497e+02	 24	 999000	 240	 999000	 999	 9.734674e+02	 750.00	 766.67	 78.00	 20	 0.16	 
BFE_103	 1	 8	 2104.jpg	 9.754530e+02	 24	 999000	 240	 999000	 999	 9.764708e+02	 750.00	 766.67	 59.00	 4	 0.53	 
BFE_103	 1	 8	 1213.jpg	 9.774553e+02	 11	 7.711800e+02	 110	 7.500401e+02	 98	 9.784731e+02	 766.67	 766.67	 12.00	 34	 0.67	 
BFE_103	 1	 8	 2109.jpg	 9.794575e+02	 22	 9.930208e+02	 220	 7.667036e+02	 98	 9.804754e+02	 766.67	 783.33	 58.00	 9	 0.58	 
BFE_103	 1	 8	 2115.jpg	 9.844465e+02	 24	 999000	 240	 999000	 999	 9.854643e+02	 766.67	 783.33	 57.00	 15	 0.58	 
BFE_103	 1	 8	 2203.jpg	 9.884510e+02	 24	 999000	 240	 999000	 999	 9.894688e+02	 766.67	 783.33	 49.00	 24	 0.70	 
BFE_103	 1	 8	 1117.jpg	 9.924555e+02	 12	 999000	 120	 999000	 999	 9.934732e+02	 766.67	 783.33	 22.00	 17	 0.46	 
BFE_103	 1	 8	 2116.jpg	 9.984456e+02	 24	 999000	 240	 999000	 999	 9.994633e+02	 766.67	 783.33	 61.00	 16	 0.49	 
BFE_103	 1	 8	 1109.jpg	 1.000448e+03	 12	 999000	 120	 999000	 999	 1.001466e+03	 766.67	 783.33	 11.00	 9	 0.71	 
BFE_103	 1	 8	 1113.jpg	 1.002450e+03	 12	 999000	 120	 999000	 999	 1.003468e+03	 766.67	 783.33	 4.00	 13	 0.81	 
BFE_103	 1	 8	 1112.jpg	 1.004452e+03	 12	 999000	 120	 999000	 999	 1.005470e+03	 766.67	 783.33	 37.00	 12	 0.18	 
BFE_103	 1	 8	 1104.jpg	 1.006455e+03	 12	 999000	 120	 999000	 999	 1.007472e+03	 766.67	 783.33	 9.00	 4	 0.73	 
BFE_103	 1	 8	 1102.jpg	 1.010459e+03	 12	 999000	 120	 999000	 999	 1.011477e+03	 766.67	 783.33	 17.00	 2	 0.50	 
BFE_103	 1	 8	 2219.jpg	 1.012444e+03	 24	 999000	 240	 999000	 999	 1.013462e+03	 766.67	 783.33	 48.00	 40	 0.73	 
BFE_103	 1	 8	 2218.jpg	 1.016449e+03	 22	 9.773973e+02	 220	 7.833649e+02	 98	 1.017467e+03	 766.67	 800.00	 55.00	 39	 0.65	 
BFE_103	 1	 8	 2113.jpg	 1.018451e+03	 24	 999000	 240	 999000	 999	 1.019469e+03	 766.67	 800.00	 44.00	 13	 0.76	 
BFE_103	 1	 8	 1214.jpg	 1.020454e+03	 11	 9.249469e+02	 110	 7.667035e+02	 98	 1.021471e+03	 783.33	 800.00	 18.00	 35	 0.49	 
BFE_103	 1	 8	 2121.jpg	 1.022456e+03	 22	 9.626904e+02	 220	 8.000307e+02	 98	 1.023474e+03	 783.33	 816.67	 53.00	 21	 0.67	 
BFE_103	 1	 8	 1203.jpg	 1.027444e+03	 12	 999000	 120	 999000	 999	 1.028463e+03	 783.33	 816.67	 19.00	 24	 0.48	 
BFE_103	 1	 8	 1218.jpg	 1.029447e+03	 12	 5.315283e+02	 12	 999000	 98	 1.030465e+03	 783.33	 816.67	 16.00	 39	 0.53	 
BFE_103	 1	 8	 2209.jpg	 1.031449e+03	 24	 999000	 240	 999000	 999	 1.032467e+03	 783.33	 816.67	 43.00	 30	 0.78	 
BFE_103	 1	 8	 1115.jpg	 1.034453e+03	 11	 9.578828e+02	 110	 7.833608e+02	 98	 1.035470e+03	 800.00	 816.67	 10.00	 15	 0.72	 
BFE_103	 1	 8	 1204.jpg	 1.041461e+03	 11	 1.109998e+03	 1100	 8.000394e+02	 98	 1.042478e+03	 750.00	 816.67	 7.00	 25	 0.78	 
BFE_103	 1	 8	 1121.jpg	 1.045448e+03	 12	 1.034169e+03	 12	 999000	 98	 1.046466e+03	 750.00	 816.67	 21.00	 21	 0.46	 
BFE_103	 1	 8	 2211.jpg	 1.052456e+03	 24	 999000	 240	 999000	 999	 1.053474e+03	 750.00	 816.67	 51.00	 32	 0.68	 
