subjectID	 order	 runNum	 itemName	 onsetTime	 shuff_trialType	 RT	 respInTime	 AudioTime	 response	 fixationTime	 ladder1	 ladder2	 bidIndex	 itemNameIndex	 bidValue	 
BFE_102	 2	 6	 1203.jpg	 6.547106e+02	 12	 1.283484e+03	 12	 999000	 98	 6.557285e+02	 716.67	 783.33	 3.00	 24	 0.87	 
BFE_102	 2	 6	 1115.jpg	 6.567129e+02	 12	 999000	 120	 999000	 999	 6.577307e+02	 716.67	 783.33	 22.00	 15	 0.48	 
BFE_102	 2	 6	 2103.jpg	 6.607006e+02	 24	 999000	 240	 999000	 999	 6.617184e+02	 716.67	 783.33	 52.00	 3	 0.75	 
BFE_102	 2	 6	 1110.jpg	 6.637040e+02	 12	 999000	 120	 999000	 999	 6.647219e+02	 716.67	 783.33	 20.00	 10	 0.52	 
BFE_102	 2	 6	 1209.jpg	 6.657063e+02	 11	 9.998087e+02	 110	 7.167144e+02	 98	 6.667241e+02	 733.33	 783.33	 16.00	 30	 0.55	 
BFE_102	 2	 6	 2217.jpg	 6.687097e+02	 22	 1.004491e+02	 22	 7.833928e+02	 98	 6.697274e+02	 733.33	 800.00	 49.00	 38	 0.76	 
BFE_102	 2	 6	 2204.jpg	 6.727142e+02	 24	 999000	 240	 999000	 999	 6.737320e+02	 733.33	 800.00	 50.00	 25	 0.75	 
BFE_102	 2	 6	 1106.jpg	 6.767019e+02	 12	 999000	 120	 999000	 999	 6.777197e+02	 733.33	 800.00	 18.00	 6	 0.53	 
BFE_102	 2	 6	 1121.jpg	 6.787042e+02	 11	 1.041920e+03	 1100	 7.333640e+02	 98	 6.797220e+02	 683.33	 800.00	 17.00	 21	 0.55	 
BFE_102	 2	 6	 2201.jpg	 6.837099e+02	 22	 1.028255e+03	 2200	 8.000302e+02	 98	 6.847277e+02	 683.33	 750.00	 57.00	 22	 0.66	 
BFE_102	 2	 6	 2213.jpg	 6.857121e+02	 24	 999000	 240	 999000	 999	 6.867299e+02	 683.33	 750.00	 62.00	 34	 0.52	 
BFE_102	 2	 6	 1116.jpg	 6.877142e+02	 12	 999000	 120	 999000	 999	 6.887321e+02	 683.33	 750.00	 37.00	 16	 0.20	 
BFE_102	 2	 6	 1211.jpg	 6.937043e+02	 11	 9.137876e+02	 110	 6.833636e+02	 98	 6.947221e+02	 700.00	 750.00	 9.00	 32	 0.70	 
BFE_102	 2	 6	 2203.jpg	 6.957066e+02	 22	 9.594972e+02	 220	 7.500717e+02	 98	 6.967244e+02	 700.00	 766.67	 54.00	 24	 0.72	 
BFE_102	 2	 6	 1108.jpg	 6.977088e+02	 12	 999000	 120	 999000	 999	 6.987266e+02	 700.00	 766.67	 10.00	 8	 0.68	 
BFE_102	 2	 6	 1104.jpg	 6.997111e+02	 12	 999000	 120	 999000	 999	 7.007288e+02	 700.00	 766.67	 15.00	 4	 0.56	 
BFE_102	 2	 6	 1207.jpg	 7.036989e+02	 11	 9.192359e+02	 110	 7.000340e+02	 98	 7.047166e+02	 716.67	 766.67	 8.00	 28	 0.70	 
BFE_102	 2	 6	 1212.jpg	 7.077033e+02	 12	 999000	 120	 999000	 999	 7.087212e+02	 716.67	 766.67	 38.00	 33	 0.20	 
BFE_102	 2	 6	 1208.jpg	 7.107068e+02	 12	 999000	 120	 999000	 999	 7.117245e+02	 716.67	 766.67	 12.00	 29	 0.62	 
BFE_102	 2	 6	 2104.jpg	 7.147112e+02	 24	 999000	 240	 999000	 999	 7.157290e+02	 716.67	 766.67	 58.00	 4	 0.63	 
BFE_102	 2	 6	 1105.jpg	 7.177146e+02	 12	 999000	 120	 999000	 999	 7.187323e+02	 716.67	 766.67	 19.00	 5	 0.53	 
BFE_102	 2	 6	 1204.jpg	 7.197001e+02	 11	 9.499967e+02	 110	 7.167007e+02	 98	 7.207179e+02	 733.33	 766.67	 11.00	 25	 0.65	 
BFE_102	 2	 6	 2114.jpg	 7.237047e+02	 24	 999000	 240	 999000	 999	 7.247224e+02	 733.33	 766.67	 47.00	 14	 0.85	 
BFE_102	 2	 6	 2115.jpg	 7.257069e+02	 24	 999000	 240	 999000	 999	 7.267246e+02	 733.33	 766.67	 61.00	 15	 0.53	 
BFE_102	 2	 6	 2218.jpg	 7.277091e+02	 24	 999000	 240	 999000	 999	 7.287269e+02	 733.33	 766.67	 55.00	 39	 0.72	 
BFE_102	 2	 6	 1109.jpg	 7.317136e+02	 12	 999000	 120	 999000	 999	 7.327313e+02	 733.33	 766.67	 21.00	 9	 0.50	 
BFE_102	 2	 6	 2211.jpg	 7.336988e+02	 22	 9.833264e+02	 220	 7.666983e+02	 98	 7.347169e+02	 733.33	 783.33	 51.00	 32	 0.75	 
BFE_102	 2	 6	 2118.jpg	 7.377037e+02	 24	 999000	 240	 999000	 999	 7.387215e+02	 733.33	 783.33	 78.00	 18	 0.32	 
BFE_102	 2	 6	 2111.jpg	 7.417081e+02	 24	 999000	 240	 999000	 999	 7.427260e+02	 733.33	 783.33	 59.00	 11	 0.62	 
BFE_102	 2	 6	 2207.jpg	 7.447115e+02	 22	 1.050626e+03	 2200	 7.833629e+02	 98	 7.457293e+02	 733.33	 733.33	 48.00	 28	 0.80	 
BFE_102	 2	 6	 2110.jpg	 7.507016e+02	 24	 999000	 240	 999000	 999	 7.517193e+02	 733.33	 733.33	 53.00	 10	 0.73	 
BFE_102	 2	 6	 1218.jpg	 7.527038e+02	 12	 999000	 120	 999000	 999	 7.537217e+02	 733.33	 733.33	 4.00	 39	 0.79	 
BFE_102	 2	 6	 1201.jpg	 7.567083e+02	 12	 999000	 120	 999000	 999	 7.577261e+02	 733.33	 733.33	 13.00	 22	 0.60	 
BFE_102	 2	 6	 2214.jpg	 7.587105e+02	 24	 999000	 240	 999000	 999	 7.597283e+02	 733.33	 733.33	 60.00	 35	 0.57	 
BFE_102	 2	 6	 1102.jpg	 7.607127e+02	 11	 1.033391e+03	 1100	 7.333669e+02	 98	 7.617306e+02	 683.33	 733.33	 14.00	 2	 0.60	 
BFE_102	 2	 6	 2206.jpg	 7.627150e+02	 24	 8.551403e+02	 24	 999000	 98	 7.637328e+02	 683.33	 733.33	 43.00	 27	 0.87	 
BFE_102	 2	 6	 2101.jpg	 7.677039e+02	 24	 999000	 240	 999000	 999	 7.687217e+02	 683.33	 733.33	 44.00	 1	 0.87	 
BFE_102	 2	 6	 1205.jpg	 7.697062e+02	 12	 999000	 120	 999000	 999	 7.707239e+02	 683.33	 733.33	 7.00	 26	 0.71	 
BFE_102	 2	 6	 2105.jpg	 7.717084e+02	 24	 999000	 240	 999000	 999	 7.727263e+02	 683.33	 733.33	 77.00	 5	 0.32	 
BFE_102	 2	 6	 2209.jpg	 7.747118e+02	 22	 9.782865e+02	 220	 7.333819e+02	 98	 7.757296e+02	 683.33	 750.00	 56.00	 30	 0.68	 
