subjectID	 order	 runNum	 itemName	 onsetTime	 shuff_trialType	 RT	 respInTime	 AudioTime	 response	 fixationTime	 ladder1	 ladder2	 bidIndex	 itemNameIndex	 bidValue	 
BFE_109	 1	 3	 2210.jpg	 2.732243e+02	 22	 1.026030e+03	 2200	 7.500523e+02	 98	 2.742420e+02	 750.00	 700.00	 47.00	 31	 0.71	 
BFE_109	 1	 3	 2203.jpg	 2.762110e+02	 22	 9.032139e+02	 220	 7.000401e+02	 98	 2.772289e+02	 750.00	 716.67	 58.00	 24	 0.58	 
BFE_109	 1	 3	 2208.jpg	 2.782133e+02	 24	 999000	 240	 999000	 999	 2.792310e+02	 750.00	 716.67	 56.00	 29	 0.59	 
BFE_109	 1	 3	 2201.jpg	 2.802155e+02	 24	 999000	 240	 999000	 999	 2.812332e+02	 750.00	 716.67	 43.00	 22	 0.81	 
BFE_109	 1	 3	 1201.jpg	 2.822178e+02	 12	 999000	 120	 999000	 999	 2.832356e+02	 750.00	 716.67	 8.00	 22	 0.68	 
BFE_109	 1	 3	 2107.jpg	 2.852042e+02	 24	 999000	 240	 999000	 999	 2.862222e+02	 750.00	 716.67	 54.00	 7	 0.61	 
BFE_109	 1	 3	 1208.jpg	 2.872066e+02	 12	 999000	 120	 999000	 999	 2.882244e+02	 750.00	 716.67	 11.00	 29	 0.67	 
BFE_109	 1	 3	 1110.jpg	 2.912112e+02	 12	 999000	 120	 999000	 999	 2.922291e+02	 750.00	 716.67	 20.00	 10	 0.54	 
BFE_109	 1	 3	 1103.jpg	 2.932134e+02	 11	 9.968636e+02	 110	 7.500563e+02	 98	 2.942313e+02	 766.67	 716.67	 15.00	 3	 0.60	 
BFE_109	 1	 3	 2207.jpg	 2.982190e+02	 22	 9.192481e+02	 220	 7.166969e+02	 98	 2.992368e+02	 766.67	 733.33	 50.00	 28	 0.68	 
BFE_109	 1	 3	 1205.jpg	 3.002042e+02	 11	 1.014015e+03	 1100	 7.666934e+02	 98	 3.012231e+02	 716.67	 733.33	 13.00	 26	 0.62	 
BFE_109	 1	 3	 1211.jpg	 3.042090e+02	 12	 999000	 120	 999000	 999	 3.052268e+02	 716.67	 733.33	 19.00	 32	 0.55	 
BFE_109	 1	 3	 2202.jpg	 3.062113e+02	 22	 9.989269e+02	 220	 7.333630e+02	 98	 3.072291e+02	 716.67	 750.00	 55.00	 23	 0.59	 
BFE_109	 1	 3	 1210.jpg	 3.092146e+02	 12	 999000	 120	 999000	 999	 3.102325e+02	 716.67	 750.00	 3.00	 31	 0.81	 
BFE_109	 1	 3	 2105.jpg	 3.142203e+02	 24	 999000	 240	 999000	 999	 3.152380e+02	 716.67	 750.00	 77.00	 5	 0.20	 
BFE_109	 1	 3	 2204.jpg	 3.162058e+02	 24	 999000	 240	 999000	 999	 3.172236e+02	 716.67	 750.00	 48.00	 25	 0.71	 
BFE_109	 1	 3	 1102.jpg	 3.182081e+02	 12	 999000	 120	 999000	 999	 3.192259e+02	 716.67	 750.00	 16.00	 2	 0.59	 
BFE_109	 1	 3	 2111.jpg	 3.222126e+02	 24	 999000	 240	 999000	 999	 3.232304e+02	 716.67	 750.00	 62.00	 11	 0.47	 
BFE_109	 1	 3	 2213.jpg	 3.262170e+02	 24	 999000	 240	 999000	 999	 3.272349e+02	 716.67	 750.00	 61.00	 34	 0.48	 
BFE_109	 1	 3	 1213.jpg	 3.302046e+02	 12	 999000	 120	 999000	 999	 3.312226e+02	 716.67	 750.00	 14.00	 34	 0.60	 
BFE_109	 1	 3	 1105.jpg	 3.322071e+02	 12	 999000	 120	 999000	 999	 3.332249e+02	 716.67	 750.00	 37.00	 5	 0.17	 
BFE_109	 1	 3	 1218.jpg	 3.342093e+02	 11	 9.529552e+02	 110	 7.166988e+02	 98	 3.352271e+02	 733.33	 750.00	 12.00	 39	 0.64	 
BFE_109	 1	 3	 2209.jpg	 3.362115e+02	 24	 999000	 240	 999000	 999	 3.372294e+02	 733.33	 750.00	 44.00	 30	 0.80	 
BFE_109	 1	 3	 1219.jpg	 3.382138e+02	 12	 999000	 120	 999000	 999	 3.392316e+02	 733.33	 750.00	 17.00	 40	 0.55	 
BFE_109	 1	 3	 2112.jpg	 3.442206e+02	 24	 999000	 240	 999000	 999	 3.452383e+02	 733.33	 750.00	 78.00	 12	 0.20	 
BFE_109	 1	 3	 1206.jpg	 3.472073e+02	 11	 9.709824e+02	 110	 7.333677e+02	 98	 3.482250e+02	 750.00	 750.00	 7.00	 27	 0.74	 
BFE_109	 1	 3	 2215.jpg	 3.492094e+02	 24	 999000	 240	 999000	 999	 3.502273e+02	 750.00	 750.00	 60.00	 36	 0.50	 
BFE_109	 1	 3	 1106.jpg	 3.512117e+02	 11	 9.425841e+02	 110	 7.500282e+02	 98	 3.522296e+02	 766.67	 750.00	 18.00	 6	 0.55	 
BFE_109	 1	 3	 1214.jpg	 3.542151e+02	 12	 999000	 120	 999000	 999	 3.552328e+02	 766.67	 750.00	 22.00	 35	 0.51	 
BFE_109	 1	 3	 1119.jpg	 3.562174e+02	 12	 999000	 120	 999000	 999	 3.572351e+02	 766.67	 750.00	 38.00	 19	 0.17	 
BFE_109	 1	 3	 2212.jpg	 3.582195e+02	 22	 9.667250e+02	 220	 7.500356e+02	 98	 3.592374e+02	 766.67	 766.67	 53.00	 33	 0.62	 
BFE_109	 1	 3	 1121.jpg	 3.602049e+02	 12	 999000	 120	 999000	 999	 3.612229e+02	 766.67	 766.67	 21.00	 21	 0.53	 
BFE_109	 1	 3	 1216.jpg	 3.632084e+02	 12	 999000	 120	 999000	 999	 3.642262e+02	 766.67	 766.67	 4.00	 37	 0.81	 
BFE_109	 1	 3	 2205.jpg	 3.652108e+02	 24	 999000	 240	 999000	 999	 3.662286e+02	 766.67	 766.67	 51.00	 26	 0.63	 
BFE_109	 1	 3	 2211.jpg	 3.672130e+02	 24	 999000	 240	 999000	 999	 3.682308e+02	 766.67	 766.67	 49.00	 32	 0.69	 
BFE_109	 1	 3	 2218.jpg	 3.692152e+02	 24	 999000	 240	 999000	 999	 3.702330e+02	 766.67	 766.67	 59.00	 39	 0.53	 
BFE_109	 1	 3	 2217.jpg	 3.712175e+02	 22	 1.040768e+03	 2200	 7.666983e+02	 98	 3.722353e+02	 766.67	 716.67	 52.00	 38	 0.62	 
BFE_109	 1	 3	 2110.jpg	 3.772075e+02	 24	 999000	 240	 999000	 999	 3.782252e+02	 766.67	 716.67	 57.00	 10	 0.58	 
BFE_109	 1	 3	 1203.jpg	 3.802109e+02	 11	 1.007410e+03	 1100	 7.667015e+02	 98	 3.812287e+02	 716.67	 716.67	 10.00	 24	 0.68	 
BFE_109	 1	 3	 1215.jpg	 3.842155e+02	 12	 999000	 120	 999000	 999	 3.852332e+02	 716.67	 716.67	 9.00	 36	 0.68	 
