subjectID	 order	 runNum	 itemName	 onsetTime	 shuff_trialType	 RT	 respInTime	 AudioTime	 response	 fixationTime	 ladder1	 ladder2	 bidIndex	 itemNameIndex	 bidValue	 
BFE_102	 2	 10	 2104.jpg	 1.208014e+03	 24	 999000	 240	 999000	 999	 1.209032e+03	 583.33	 583.33	 58.00	 4	 0.63	 
BFE_102	 2	 10	 2204.jpg	 1.211001e+03	 24	 999000	 240	 999000	 999	 1.212018e+03	 583.33	 583.33	 50.00	 25	 0.75	 
BFE_102	 2	 10	 1205.jpg	 1.215005e+03	 12	 999000	 120	 999000	 999	 1.216023e+03	 583.33	 583.33	 7.00	 26	 0.71	 
BFE_102	 2	 10	 1108.jpg	 1.217007e+03	 12	 999000	 120	 999000	 999	 1.218025e+03	 583.33	 583.33	 10.00	 8	 0.68	 
BFE_102	 2	 10	 2211.jpg	 1.219010e+03	 22	 9.685555e+02	 220	 5.833748e+02	 98	 1.220028e+03	 583.33	 600.00	 51.00	 32	 0.75	 
BFE_102	 2	 10	 2209.jpg	 1.222998e+03	 22	 1.100608e+03	 2200	 6.000651e+02	 98	 1.224015e+03	 583.33	 550.00	 56.00	 30	 0.68	 
BFE_102	 2	 10	 1204.jpg	 1.225000e+03	 11	 8.504271e+02	 110	 5.833843e+02	 98	 1.226017e+03	 600.00	 550.00	 11.00	 25	 0.65	 
BFE_102	 2	 10	 1208.jpg	 1.230005e+03	 12	 999000	 120	 999000	 999	 1.231023e+03	 600.00	 550.00	 12.00	 29	 0.62	 
BFE_102	 2	 10	 2213.jpg	 1.232008e+03	 24	 999000	 240	 999000	 999	 1.233025e+03	 600.00	 550.00	 62.00	 34	 0.52	 
BFE_102	 2	 10	 1121.jpg	 1.235011e+03	 11	 8.711646e+02	 110	 6.000541e+02	 98	 1.236029e+03	 616.67	 550.00	 17.00	 21	 0.55	 
BFE_102	 2	 10	 1110.jpg	 1.237998e+03	 12	 999000	 120	 999000	 999	 1.239015e+03	 616.67	 550.00	 20.00	 10	 0.52	 
BFE_102	 2	 10	 2118.jpg	 1.242002e+03	 24	 999000	 240	 999000	 999	 1.243020e+03	 616.67	 550.00	 78.00	 18	 0.32	 
BFE_102	 2	 10	 2206.jpg	 1.245006e+03	 24	 999000	 240	 999000	 999	 1.246023e+03	 616.67	 550.00	 43.00	 27	 0.87	 
BFE_102	 2	 10	 1207.jpg	 1.247008e+03	 11	 9.623969e+02	 110	 6.167216e+02	 98	 1.248026e+03	 633.33	 550.00	 8.00	 28	 0.70	 
BFE_102	 2	 10	 1218.jpg	 1.250011e+03	 12	 999000	 120	 999000	 999	 1.251029e+03	 633.33	 550.00	 4.00	 39	 0.79	 
BFE_102	 2	 10	 1102.jpg	 1.253999e+03	 11	 1.195177e+03	 1100	 6.333791e+02	 98	 1.255017e+03	 583.33	 550.00	 14.00	 2	 0.60	 
BFE_102	 2	 10	 2105.jpg	 1.257002e+03	 24	 999000	 240	 999000	 999	 1.258020e+03	 583.33	 550.00	 77.00	 5	 0.32	 
BFE_102	 2	 10	 1105.jpg	 1.259004e+03	 12	 999000	 120	 999000	 999	 1.260022e+03	 583.33	 550.00	 19.00	 5	 0.53	 
BFE_102	 2	 10	 1106.jpg	 1.261007e+03	 12	 999000	 120	 999000	 999	 1.262025e+03	 583.33	 550.00	 18.00	 6	 0.53	 
BFE_102	 2	 10	 1212.jpg	 1.265995e+03	 12	 999000	 120	 999000	 999	 1.267013e+03	 583.33	 550.00	 38.00	 33	 0.20	 
BFE_102	 2	 10	 2201.jpg	 1.270000e+03	 22	 1.265939e+03	 2200	 5.500320e+02	 98	 1.271018e+03	 583.33	 500.00	 57.00	 22	 0.66	 
BFE_102	 2	 10	 2217.jpg	 1.274005e+03	 22	 7.894163e+02	 220	 5.000334e+02	 98	 1.275022e+03	 583.33	 516.67	 49.00	 38	 0.76	 
BFE_102	 2	 10	 2218.jpg	 1.280011e+03	 24	 999000	 240	 999000	 999	 1.281029e+03	 583.33	 516.67	 55.00	 39	 0.72	 
BFE_102	 2	 10	 1116.jpg	 1.281997e+03	 12	 999000	 120	 999000	 999	 1.283015e+03	 583.33	 516.67	 37.00	 16	 0.20	 
BFE_102	 2	 10	 2115.jpg	 1.283999e+03	 24	 999000	 240	 999000	 999	 1.285017e+03	 583.33	 516.67	 61.00	 15	 0.53	 
BFE_102	 2	 10	 2110.jpg	 1.286001e+03	 24	 999000	 240	 999000	 999	 1.287019e+03	 583.33	 516.67	 53.00	 10	 0.73	 
BFE_102	 2	 10	 1201.jpg	 1.288004e+03	 12	 999000	 120	 999000	 999	 1.289021e+03	 583.33	 516.67	 13.00	 22	 0.60	 
BFE_102	 2	 10	 1109.jpg	 1.292008e+03	 12	 999000	 120	 999000	 999	 1.293026e+03	 583.33	 516.67	 21.00	 9	 0.50	 
BFE_102	 2	 10	 2203.jpg	 1.294010e+03	 22	 9.036698e+02	 220	 5.167024e+02	 98	 1.295028e+03	 583.33	 533.33	 54.00	 24	 0.72	 
BFE_102	 2	 10	 1209.jpg	 1.297998e+03	 11	 1.003894e+03	 1100	 5.833761e+02	 98	 1.299016e+03	 533.33	 533.33	 16.00	 30	 0.55	 
BFE_102	 2	 10	 2111.jpg	 1.300000e+03	 24	 999000	 240	 999000	 999	 1.301018e+03	 533.33	 533.33	 59.00	 11	 0.62	 
BFE_102	 2	 10	 1104.jpg	 1.302003e+03	 12	 999000	 120	 999000	 999	 1.303020e+03	 533.33	 533.33	 15.00	 4	 0.56	 
BFE_102	 2	 10	 2101.jpg	 1.304005e+03	 24	 999000	 240	 999000	 999	 1.305023e+03	 533.33	 533.33	 44.00	 1	 0.87	 
BFE_102	 2	 10	 2114.jpg	 1.309011e+03	 24	 999000	 240	 999000	 999	 1.310028e+03	 533.33	 533.33	 47.00	 14	 0.85	 
BFE_102	 2	 10	 2103.jpg	 1.310996e+03	 24	 999000	 240	 999000	 999	 1.312014e+03	 533.33	 533.33	 52.00	 3	 0.75	 
BFE_102	 2	 10	 1115.jpg	 1.312998e+03	 12	 999000	 120	 999000	 999	 1.314016e+03	 533.33	 533.33	 22.00	 15	 0.48	 
BFE_102	 2	 10	 1203.jpg	 1.316002e+03	 12	 999000	 120	 999000	 999	 1.317019e+03	 533.33	 533.33	 3.00	 24	 0.87	 
BFE_102	 2	 10	 2207.jpg	 1.323010e+03	 22	 8.166290e+02	 2	 5.333720e+02	 110	 1.324027e+03	 533.33	 483.33	 48.00	 28	 0.80	 
BFE_102	 2	 10	 2214.jpg	 1.326998e+03	 24	 999000	 240	 999000	 999	 1.328015e+03	 533.33	 483.33	 60.00	 35	 0.57	 
BFE_102	 2	 10	 1211.jpg	 1.334005e+03	 11	 1.140906e+03	 1	 5.333630e+02	 110	 1.335023e+03	 483.33	 483.33	 9.00	 32	 0.70	 
