subjectID	 order	 runNum	 itemName	 onsetTime	 shuff_trialType	 RT	 respInTime	 AudioTime	 response	 fixationTime	 ladder1	 ladder2	 bidIndex	 itemNameIndex	 bidValue	 
BFE_108	 2	 4	 2218.jpg	 3.728507e+02	 22	 9.598571e+02	 220	 7.167101e+02	 98	 3.738685e+02	 716.67	 733.33	 57.00	 39	 0.57	 
BFE_108	 2	 4	 1203.jpg	 3.748363e+02	 11	 1.014245e+03	 1100	 7.167128e+02	 98	 3.758553e+02	 666.67	 733.33	 11.00	 24	 0.63	 
BFE_108	 2	 4	 2103.jpg	 3.788408e+02	 24	 999000	 240	 999000	 999	 3.798586e+02	 666.67	 733.33	 43.00	 3	 0.83	 
BFE_108	 2	 4	 2117.jpg	 3.818441e+02	 24	 999000	 240	 999000	 999	 3.828619e+02	 666.67	 733.33	 47.00	 17	 0.74	 
BFE_108	 2	 4	 2208.jpg	 3.838465e+02	 24	 999000	 240	 999000	 999	 3.848642e+02	 666.67	 733.33	 62.00	 29	 0.46	 
BFE_108	 2	 4	 2101.jpg	 3.868331e+02	 24	 999000	 240	 999000	 999	 3.878509e+02	 666.67	 733.33	 55.00	 1	 0.58	 
BFE_108	 2	 4	 2209.jpg	 3.908378e+02	 24	 999000	 240	 999000	 999	 3.918554e+02	 666.67	 733.33	 53.00	 30	 0.61	 
BFE_108	 2	 4	 2121.jpg	 3.948421e+02	 22	 9.764832e+02	 220	 7.333600e+02	 98	 3.958599e+02	 666.67	 750.00	 49.00	 21	 0.69	 
BFE_108	 2	 4	 2106.jpg	 3.968443e+02	 22	 1.006213e+03	 2200	 7.500321e+02	 98	 3.978621e+02	 666.67	 700.00	 54.00	 6	 0.61	 
BFE_108	 2	 4	 1213.jpg	 4.018333e+02	 11	 9.212441e+02	 110	 6.666934e+02	 98	 4.028510e+02	 683.33	 700.00	 9.00	 34	 0.71	 
BFE_108	 2	 4	 2217.jpg	 4.038354e+02	 24	 999000	 240	 999000	 999	 4.048533e+02	 683.33	 700.00	 44.00	 38	 0.81	 
BFE_108	 2	 4	 2112.jpg	 4.058378e+02	 24	 999000	 240	 999000	 999	 4.068555e+02	 683.33	 700.00	 77.00	 12	 0.22	 
BFE_108	 2	 4	 2204.jpg	 4.118461e+02	 24	 999000	 240	 999000	 999	 4.128624e+02	 683.33	 700.00	 61.00	 25	 0.48	 
BFE_108	 2	 4	 2219.jpg	 4.138467e+02	 24	 999000	 240	 999000	 999	 4.148645e+02	 683.33	 700.00	 50.00	 40	 0.67	 
BFE_108	 2	 4	 1102.jpg	 4.158325e+02	 11	 9.460938e+02	 110	 6.833735e+02	 98	 4.168500e+02	 700.00	 700.00	 16.00	 2	 0.53	 
BFE_108	 2	 4	 1113.jpg	 4.178345e+02	 12	 999000	 120	 999000	 999	 4.188523e+02	 700.00	 700.00	 20.00	 13	 0.50	 
BFE_108	 2	 4	 2113.jpg	 4.218390e+02	 24	 999000	 240	 999000	 999	 4.228567e+02	 700.00	 700.00	 60.00	 13	 0.51	 
BFE_108	 2	 4	 1106.jpg	 4.258435e+02	 11	 9.350639e+02	 110	 7.000403e+02	 98	 4.268613e+02	 716.67	 700.00	 8.00	 6	 0.71	 
BFE_108	 2	 4	 1114.jpg	 4.288468e+02	 12	 999000	 120	 999000	 999	 4.298646e+02	 716.67	 700.00	 10.00	 14	 0.65	 
BFE_108	 2	 4	 2109.jpg	 4.328347e+02	 22	 9.437876e+02	 220	 7.000323e+02	 98	 4.338524e+02	 716.67	 716.67	 56.00	 9	 0.57	 
BFE_108	 2	 4	 1210.jpg	 4.358381e+02	 12	 999000	 120	 999000	 999	 4.368558e+02	 716.67	 716.67	 37.00	 31	 0.21	 
BFE_108	 2	 4	 1115.jpg	 4.378402e+02	 12	 999000	 120	 999000	 999	 4.388580e+02	 716.67	 716.67	 15.00	 15	 0.54	 
BFE_108	 2	 4	 1215.jpg	 4.418448e+02	 12	 999000	 120	 999000	 999	 4.428625e+02	 716.67	 716.67	 22.00	 36	 0.47	 
BFE_108	 2	 4	 1121.jpg	 4.438470e+02	 12	 999000	 120	 999000	 999	 4.448648e+02	 716.67	 716.67	 7.00	 21	 0.71	 
BFE_108	 2	 4	 1201.jpg	 4.458325e+02	 12	 999000	 120	 999000	 999	 4.468503e+02	 716.67	 716.67	 3.00	 22	 0.88	 
BFE_108	 2	 4	 1216.jpg	 4.498371e+02	 12	 999000	 120	 999000	 999	 4.508548e+02	 716.67	 716.67	 38.00	 37	 0.20	 
BFE_108	 2	 4	 1218.jpg	 4.518393e+02	 12	 999000	 120	 999000	 999	 4.528571e+02	 716.67	 716.67	 12.00	 39	 0.62	 
BFE_108	 2	 4	 1117.jpg	 4.558438e+02	 12	 999000	 120	 999000	 999	 4.568616e+02	 716.67	 716.67	 21.00	 17	 0.50	 
BFE_108	 2	 4	 2213.jpg	 4.598314e+02	 24	 999000	 240	 999000	 999	 4.608494e+02	 716.67	 716.67	 52.00	 34	 0.62	 
BFE_108	 2	 4	 1214.jpg	 4.628349e+02	 12	 999000	 120	 999000	 999	 4.638527e+02	 716.67	 716.67	 18.00	 35	 0.52	 
BFE_108	 2	 4	 1111.jpg	 4.688417e+02	 12	 999000	 120	 999000	 999	 4.698594e+02	 716.67	 716.67	 19.00	 11	 0.51	 
BFE_108	 2	 4	 2210.jpg	 4.708439e+02	 22	 9.586568e+02	 220	 7.167017e+02	 98	 4.718617e+02	 716.67	 733.33	 48.00	 31	 0.73	 
BFE_108	 2	 4	 2111.jpg	 4.748326e+02	 22	 9.859336e+02	 220	 7.334015e+02	 98	 4.758495e+02	 716.67	 750.00	 51.00	 11	 0.65	 
BFE_108	 2	 4	 2212.jpg	 4.768340e+02	 24	 999000	 240	 999000	 999	 4.778517e+02	 716.67	 750.00	 78.00	 33	 0.21	 
BFE_108	 2	 4	 1202.jpg	 4.788363e+02	 11	 9.502817e+02	 110	 7.166968e+02	 98	 4.798540e+02	 733.33	 750.00	 17.00	 23	 0.53	 
BFE_108	 2	 4	 1211.jpg	 4.808384e+02	 11	 1.020175e+03	 1100	 7.333688e+02	 98	 4.818563e+02	 683.33	 750.00	 14.00	 32	 0.54	 
BFE_108	 2	 4	 1219.jpg	 4.858441e+02	 12	 999000	 120	 999000	 999	 4.868618e+02	 683.33	 750.00	 4.00	 40	 0.78	 
BFE_108	 2	 4	 1105.jpg	 4.878463e+02	 12	 999000	 120	 999000	 999	 4.888641e+02	 683.33	 750.00	 13.00	 5	 0.55	 
BFE_108	 2	 4	 2102.jpg	 4.898316e+02	 24	 999000	 240	 999000	 999	 4.908497e+02	 683.33	 750.00	 59.00	 2	 0.52	 
BFE_108	 2	 4	 2205.jpg	 4.928353e+02	 24	 999000	 240	 999000	 999	 4.938530e+02	 683.33	 750.00	 58.00	 26	 0.54	 
