subjectID	 order	 runNum	 itemName	 onsetTime	 shuff_trialType	 RT	 respInTime	 AudioTime	 response	 fixationTime	 ladder1	 ladder2	 bidIndex	 itemNameIndex	 bidValue	 
BFE_109	 1	 10	 2205.jpg	 1.171214e+03	 24	 999000	 240	 999000	 999	 1.172232e+03	 716.67	 783.33	 51.00	 26	 0.63	 
BFE_109	 1	 10	 2111.jpg	 1.174201e+03	 24	 999000	 240	 999000	 999	 1.175218e+03	 716.67	 783.33	 62.00	 11	 0.47	 
BFE_109	 1	 10	 1205.jpg	 1.178205e+03	 11	 9.569441e+02	 110	 7.167134e+02	 98	 1.179223e+03	 733.33	 783.33	 13.00	 26	 0.62	 
BFE_109	 1	 10	 2210.jpg	 1.180207e+03	 22	 1.026862e+03	 2200	 7.833863e+02	 98	 1.181225e+03	 733.33	 733.33	 47.00	 31	 0.71	 
BFE_109	 1	 10	 1103.jpg	 1.182210e+03	 11	 9.686200e+02	 110	 7.333633e+02	 98	 1.183227e+03	 750.00	 733.33	 15.00	 3	 0.60	 
BFE_109	 1	 10	 1216.jpg	 1.186197e+03	 12	 999000	 120	 999000	 999	 1.187215e+03	 750.00	 733.33	 4.00	 37	 0.81	 
BFE_109	 1	 10	 2107.jpg	 1.188200e+03	 24	 999000	 240	 999000	 999	 1.189218e+03	 750.00	 733.33	 54.00	 7	 0.61	 
BFE_109	 1	 10	 1121.jpg	 1.193205e+03	 12	 999000	 120	 999000	 999	 1.194223e+03	 750.00	 733.33	 21.00	 21	 0.53	 
BFE_109	 1	 10	 1211.jpg	 1.195208e+03	 12	 999000	 120	 999000	 999	 1.196225e+03	 750.00	 733.33	 19.00	 32	 0.55	 
BFE_109	 1	 10	 1219.jpg	 1.198211e+03	 12	 999000	 120	 999000	 999	 1.199229e+03	 750.00	 733.33	 17.00	 40	 0.55	 
BFE_109	 1	 10	 2209.jpg	 1.201198e+03	 24	 999000	 240	 999000	 999	 1.202215e+03	 750.00	 733.33	 44.00	 30	 0.80	 
BFE_109	 1	 10	 2212.jpg	 1.205202e+03	 22	 9.281868e+02	 220	 7.333626e+02	 98	 1.206220e+03	 750.00	 750.00	 53.00	 33	 0.62	 
BFE_109	 1	 10	 2208.jpg	 1.208205e+03	 24	 999000	 240	 999000	 999	 1.209223e+03	 750.00	 750.00	 56.00	 29	 0.59	 
BFE_109	 1	 10	 2203.jpg	 1.210208e+03	 22	 9.544900e+02	 220	 7.500270e+02	 98	 1.211225e+03	 750.00	 766.67	 58.00	 24	 0.58	 
BFE_109	 1	 10	 2110.jpg	 1.213211e+03	 24	 999000	 240	 999000	 999	 1.214229e+03	 750.00	 766.67	 57.00	 10	 0.58	 
BFE_109	 1	 10	 2217.jpg	 1.217199e+03	 22	 9.793830e+02	 220	 7.666967e+02	 98	 1.218217e+03	 750.00	 783.33	 52.00	 38	 0.62	 
BFE_109	 1	 10	 1213.jpg	 1.220202e+03	 12	 999000	 120	 999000	 999	 1.221220e+03	 750.00	 783.33	 14.00	 34	 0.60	 
BFE_109	 1	 10	 1206.jpg	 1.222204e+03	 11	 9.417641e+02	 110	 7.500304e+02	 98	 1.223222e+03	 766.67	 783.33	 7.00	 27	 0.74	 
BFE_109	 1	 10	 1215.jpg	 1.224207e+03	 12	 999000	 120	 999000	 999	 1.225224e+03	 766.67	 783.33	 9.00	 36	 0.68	 
BFE_109	 1	 10	 1218.jpg	 1.229196e+03	 11	 1.022725e+03	 1100	 7.667064e+02	 98	 1.230213e+03	 716.67	 783.33	 12.00	 39	 0.64	 
BFE_109	 1	 10	 1203.jpg	 1.233200e+03	 11	 9.540680e+02	 110	 7.167061e+02	 98	 1.234218e+03	 733.33	 783.33	 10.00	 24	 0.68	 
BFE_109	 1	 10	 1208.jpg	 1.237205e+03	 12	 999000	 120	 999000	 999	 1.238222e+03	 733.33	 783.33	 11.00	 29	 0.67	 
BFE_109	 1	 10	 1110.jpg	 1.243211e+03	 12	 999000	 120	 999000	 999	 1.244229e+03	 733.33	 783.33	 20.00	 10	 0.54	 
BFE_109	 1	 10	 2207.jpg	 1.245197e+03	 22	 9.816896e+02	 220	 7.833611e+02	 98	 1.246215e+03	 733.33	 800.00	 50.00	 28	 0.68	 
BFE_109	 1	 10	 2218.jpg	 1.247199e+03	 24	 999000	 240	 999000	 999	 1.248217e+03	 733.33	 800.00	 59.00	 39	 0.53	 
BFE_109	 1	 10	 2112.jpg	 1.249201e+03	 24	 999000	 240	 999000	 999	 1.250219e+03	 733.33	 800.00	 78.00	 12	 0.20	 
BFE_109	 1	 10	 1214.jpg	 1.251204e+03	 12	 999000	 120	 999000	 999	 1.252221e+03	 733.33	 800.00	 22.00	 35	 0.51	 
BFE_109	 1	 10	 1210.jpg	 1.255208e+03	 12	 999000	 120	 999000	 999	 1.256226e+03	 733.33	 800.00	 3.00	 31	 0.81	 
BFE_109	 1	 10	 2213.jpg	 1.257210e+03	 24	 999000	 240	 999000	 999	 1.258228e+03	 733.33	 800.00	 61.00	 34	 0.48	 
BFE_109	 1	 10	 2215.jpg	 1.261198e+03	 24	 999000	 240	 999000	 999	 1.262216e+03	 733.33	 800.00	 60.00	 36	 0.50	 
BFE_109	 1	 10	 2204.jpg	 1.263200e+03	 24	 999000	 240	 999000	 999	 1.264218e+03	 733.33	 800.00	 48.00	 25	 0.71	 
BFE_109	 1	 10	 2202.jpg	 1.265203e+03	 22	 1.063571e+03	 2200	 8.000265e+02	 98	 1.266220e+03	 733.33	 750.00	 55.00	 23	 0.59	 
BFE_109	 1	 10	 1106.jpg	 1.267205e+03	 11	 9.653644e+02	 110	 7.333612e+02	 98	 1.268223e+03	 750.00	 750.00	 18.00	 6	 0.55	 
BFE_109	 1	 10	 2105.jpg	 1.272211e+03	 24	 999000	 240	 999000	 999	 1.273228e+03	 750.00	 750.00	 77.00	 5	 0.20	 
BFE_109	 1	 10	 1105.jpg	 1.274196e+03	 12	 999000	 120	 999000	 999	 1.275214e+03	 750.00	 750.00	 37.00	 5	 0.17	 
BFE_109	 1	 10	 2211.jpg	 1.276198e+03	 24	 999000	 240	 999000	 999	 1.277216e+03	 750.00	 750.00	 49.00	 32	 0.69	 
BFE_109	 1	 10	 1201.jpg	 1.279202e+03	 12	 999000	 120	 999000	 999	 1.280220e+03	 750.00	 750.00	 8.00	 22	 0.68	 
BFE_109	 1	 10	 1119.jpg	 1.286210e+03	 12	 999000	 120	 999000	 999	 1.287227e+03	 750.00	 750.00	 38.00	 19	 0.17	 
BFE_109	 1	 10	 2201.jpg	 1.290197e+03	 24	 999000	 240	 999000	 999	 1.291215e+03	 750.00	 750.00	 43.00	 22	 0.81	 
BFE_109	 1	 10	 1102.jpg	 1.297205e+03	 12	 999000	 120	 999000	 999	 1.298223e+03	 750.00	 750.00	 16.00	 2	 0.59	 
