subjectID	 order	 runNum	 itemName	 onsetTime	 shuff_trialType	 RT	 respInTime	 AudioTime	 response	 fixationTime	 ladder1	 ladder2	 bidIndex	 itemNameIndex	 bidValue	 
BFE_101	 1	 7	 2208.jpg	 7.683262e+02	 24	 999000	 240	 999000	 999	 7.693443e+02	 750.00	 750.00	 51.00	 29	 0.63	 
BFE_101	 1	 7	 2213.jpg	 7.703288e+02	 24	 999000	 240	 999000	 999	 7.713465e+02	 750.00	 750.00	 44.00	 34	 0.71	 
BFE_101	 1	 7	 2209.jpg	 7.743333e+02	 22	 9.559005e+02	 220	 7.500491e+02	 98	 7.753510e+02	 750.00	 766.67	 55.00	 30	 0.56	 
BFE_101	 1	 7	 1111.jpg	 7.773367e+02	 12	 999000	 120	 999000	 999	 7.783543e+02	 750.00	 766.67	 14.00	 11	 0.55	 
BFE_101	 1	 7	 2104.jpg	 7.793222e+02	 24	 999000	 240	 999000	 999	 7.803400e+02	 750.00	 766.67	 56.00	 4	 0.55	 
BFE_101	 1	 7	 1103.jpg	 7.823257e+02	 12	 999000	 120	 999000	 999	 7.833432e+02	 750.00	 766.67	 9.00	 3	 0.68	 
BFE_101	 1	 7	 2113.jpg	 7.863300e+02	 24	 1.207165e+03	 24	 999000	 98	 7.873477e+02	 750.00	 766.67	 60.00	 13	 0.54	 
BFE_101	 1	 7	 2110.jpg	 7.903345e+02	 22	 1.082616e+03	 2200	 7.667065e+02	 98	 7.913522e+02	 750.00	 716.67	 50.00	 10	 0.65	 
BFE_101	 1	 7	 1106.jpg	 7.923368e+02	 11	 9.523061e+02	 110	 7.500510e+02	 98	 7.933545e+02	 766.67	 716.67	 12.00	 6	 0.58	 
BFE_101	 1	 7	 2103.jpg	 7.973256e+02	 24	 999000	 240	 999000	 999	 7.983434e+02	 766.67	 716.67	 43.00	 3	 0.74	 
BFE_101	 1	 7	 1216.jpg	 7.993279e+02	 11	 6.012197e+02	 11	 7.667058e+02	 98	 8.003456e+02	 783.33	 716.67	 15.00	 37	 0.55	 
BFE_101	 1	 7	 2114.jpg	 8.013302e+02	 24	 999000	 240	 999000	 999	 8.023479e+02	 783.33	 716.67	 62.00	 14	 0.50	 
BFE_101	 1	 7	 1201.jpg	 8.073368e+02	 12	 999000	 120	 999000	 999	 8.083546e+02	 783.33	 716.67	 22.00	 22	 0.50	 
BFE_101	 1	 7	 2207.jpg	 8.093225e+02	 24	 999000	 240	 999000	 999	 8.103403e+02	 783.33	 716.67	 49.00	 28	 0.66	 
BFE_101	 1	 7	 2117.jpg	 8.113246e+02	 24	 999000	 240	 999000	 999	 8.123425e+02	 783.33	 716.67	 78.00	 17	 0.18	 
BFE_101	 1	 7	 2214.jpg	 8.133269e+02	 22	 9.782814e+02	 220	 7.167035e+02	 98	 8.143446e+02	 783.33	 733.33	 53.00	 35	 0.59	 
BFE_101	 1	 7	 2205.jpg	 8.173314e+02	 24	 999000	 240	 999000	 999	 8.183492e+02	 783.33	 733.33	 77.00	 26	 0.21	 
BFE_101	 1	 7	 1118.jpg	 8.213359e+02	 12	 999000	 120	 999000	 999	 8.223537e+02	 783.33	 733.33	 3.00	 18	 0.78	 
BFE_101	 1	 7	 2115.jpg	 8.243227e+02	 24	 999000	 240	 999000	 999	 8.253403e+02	 783.33	 733.33	 57.00	 15	 0.55	 
BFE_101	 1	 7	 1214.jpg	 8.283271e+02	 12	 999000	 120	 999000	 999	 8.293448e+02	 783.33	 733.33	 21.00	 35	 0.50	 
BFE_101	 1	 7	 2216.jpg	 8.313305e+02	 24	 7.746467e+02	 24	 999000	 98	 8.323482e+02	 783.33	 733.33	 48.00	 37	 0.66	 
BFE_101	 1	 7	 1121.jpg	 8.333326e+02	 11	 9.805351e+02	 110	 7.833684e+02	 98	 8.343504e+02	 800.00	 733.33	 7.00	 21	 0.70	 
BFE_101	 1	 7	 2203.jpg	 8.373372e+02	 24	 999000	 240	 999000	 999	 8.383550e+02	 800.00	 733.33	 59.00	 24	 0.54	 
BFE_101	 1	 7	 1101.jpg	 8.393227e+02	 12	 999000	 120	 999000	 999	 8.403405e+02	 800.00	 733.33	 37.00	 1	 0.27	 
BFE_101	 1	 7	 1205.jpg	 8.413252e+02	 12	 999000	 120	 999000	 999	 8.423427e+02	 800.00	 733.33	 11.00	 26	 0.62	 
BFE_101	 1	 7	 1202.jpg	 8.453295e+02	 12	 999000	 120	 999000	 999	 8.463472e+02	 800.00	 733.33	 16.00	 23	 0.54	 
BFE_101	 1	 7	 1213.jpg	 8.473317e+02	 12	 999000	 120	 999000	 999	 8.483494e+02	 800.00	 733.33	 8.00	 34	 0.68	 
BFE_101	 1	 7	 1208.jpg	 8.513361e+02	 11	 1.113032e+03	 1100	 8.000319e+02	 98	 8.523540e+02	 750.00	 733.33	 18.00	 29	 0.51	 
BFE_101	 1	 7	 2217.jpg	 8.553240e+02	 24	 999000	 240	 999000	 999	 8.563417e+02	 750.00	 733.33	 54.00	 38	 0.58	 
BFE_101	 1	 7	 1116.jpg	 8.583273e+02	 12	 999000	 120	 999000	 999	 8.593451e+02	 750.00	 733.33	 19.00	 16	 0.51	 
BFE_101	 1	 7	 1207.jpg	 8.643340e+02	 11	 9.471217e+02	 110	 7.500321e+02	 98	 8.653518e+02	 766.67	 733.33	 13.00	 28	 0.56	 
BFE_101	 1	 7	 2102.jpg	 8.663363e+02	 24	 999000	 240	 999000	 999	 8.673541e+02	 766.67	 733.33	 61.00	 2	 0.54	 
BFE_101	 1	 7	 1102.jpg	 8.703241e+02	 11	 9.650699e+02	 110	 7.667020e+02	 98	 8.713419e+02	 783.33	 733.33	 10.00	 2	 0.66	 
BFE_101	 1	 7	 1115.jpg	 8.723264e+02	 12	 999000	 120	 999000	 999	 8.733441e+02	 783.33	 733.33	 38.00	 15	 0.23	 
BFE_101	 1	 7	 1204.jpg	 8.743286e+02	 12	 999000	 120	 999000	 999	 8.753464e+02	 783.33	 733.33	 17.00	 25	 0.52	 
BFE_101	 1	 7	 2120.jpg	 8.763308e+02	 22	 7.983048e+02	 220	 7.333719e+02	 98	 8.773487e+02	 783.33	 750.00	 58.00	 20	 0.55	 
BFE_101	 1	 7	 1109.jpg	 8.813364e+02	 12	 999000	 120	 999000	 999	 8.823542e+02	 783.33	 750.00	 20.00	 9	 0.50	 
BFE_101	 1	 7	 2211.jpg	 8.833217e+02	 22	 7.754566e+02	 220	 7.500524e+02	 98	 8.843398e+02	 783.33	 766.67	 52.00	 32	 0.62	 
BFE_101	 1	 7	 2118.jpg	 8.853242e+02	 22	 9.569070e+02	 220	 7.666967e+02	 98	 8.863420e+02	 783.33	 783.33	 47.00	 18	 0.67	 
BFE_101	 1	 7	 1206.jpg	 8.883276e+02	 12	 999000	 120	 999000	 999	 8.893454e+02	 783.33	 783.33	 4.00	 27	 0.74	 
