subjectID	 order	 runNum	 itemName	 onsetTime	 shuff_trialType	 RT	 respInTime	 AudioTime	 response	 fixationTime	 ladder1	 ladder2	 bidIndex	 itemNameIndex	 bidValue	 
BFE_201	 1	 13	 2214.jpg	 1.513116e+03	 22	 9.016877e+02	 220	 5.500535e+02	 98	 1.514134e+03	 616.67	 566.67	 58.00	 35	 0.56	 
BFE_201	 1	 13	 2114.jpg	 1.515102e+03	 24	 999000	 240	 999000	 999	 1.516120e+03	 616.67	 566.67	 54.00	 14	 0.60	 
BFE_201	 1	 13	 2215.jpg	 1.519106e+03	 24	 999000	 240	 999000	 999	 1.520124e+03	 616.67	 566.67	 43.00	 36	 0.82	 
BFE_201	 1	 13	 1203.jpg	 1.522110e+03	 11	 1.156230e+03	 1100	 6.167195e+02	 98	 1.523127e+03	 566.67	 566.67	 18.00	 24	 0.54	 
BFE_201	 1	 13	 2211.jpg	 1.524112e+03	 24	 999000	 240	 999000	 999	 1.525130e+03	 566.67	 566.67	 62.00	 32	 0.49	 
BFE_201	 1	 13	 1207.jpg	 1.527099e+03	 12	 999000	 120	 999000	 999	 1.528116e+03	 566.67	 566.67	 16.00	 28	 0.59	 
BFE_201	 1	 13	 1103.jpg	 1.531103e+03	 12	 999000	 120	 999000	 999	 1.532121e+03	 566.67	 566.67	 9.00	 3	 0.70	 
BFE_201	 1	 13	 1114.jpg	 1.535108e+03	 11	 9.823633e+02	 110	 5.667129e+02	 98	 1.536125e+03	 583.33	 566.67	 13.00	 14	 0.62	 
BFE_201	 1	 13	 1109.jpg	 1.537110e+03	 11	 9.481625e+02	 110	 5.833737e+02	 98	 1.538128e+03	 600.00	 566.67	 10.00	 9	 0.67	 
BFE_201	 1	 13	 1208.jpg	 1.542099e+03	 12	 999000	 120	 999000	 999	 1.543116e+03	 600.00	 566.67	 17.00	 29	 0.58	 
BFE_201	 1	 13	 2212.jpg	 1.544101e+03	 24	 999000	 240	 999000	 999	 1.545119e+03	 600.00	 566.67	 61.00	 33	 0.52	 
BFE_201	 1	 13	 1108.jpg	 1.546103e+03	 12	 999000	 120	 999000	 999	 1.547121e+03	 600.00	 566.67	 38.00	 8	 0.17	 
BFE_201	 1	 13	 1102.jpg	 1.552110e+03	 12	 999000	 120	 999000	 999	 1.553128e+03	 600.00	 566.67	 22.00	 2	 0.48	 
BFE_201	 1	 13	 1214.jpg	 1.554112e+03	 12	 999000	 120	 999000	 999	 1.555130e+03	 600.00	 566.67	 14.00	 35	 0.62	 
BFE_201	 1	 13	 2209.jpg	 1.556098e+03	 22	 1.000156e+03	 2200	 5.667018e+02	 98	 1.557116e+03	 600.00	 516.67	 50.00	 30	 0.68	 
BFE_201	 1	 13	 2217.jpg	 1.558100e+03	 22	 8.699577e+02	 220	 5.167231e+02	 98	 1.559118e+03	 600.00	 533.33	 47.00	 38	 0.72	 
BFE_201	 1	 13	 2213.jpg	 1.562104e+03	 24	 999000	 240	 999000	 999	 1.563122e+03	 600.00	 533.33	 44.00	 34	 0.78	 
BFE_201	 1	 13	 1121.jpg	 1.566109e+03	 12	 999000	 120	 999000	 999	 1.567127e+03	 600.00	 533.33	 4.00	 21	 0.83	 
BFE_201	 1	 13	 2208.jpg	 1.569112e+03	 24	 999000	 240	 999000	 999	 1.570130e+03	 600.00	 533.33	 60.00	 29	 0.52	 
BFE_201	 1	 13	 2205.jpg	 1.573100e+03	 24	 999000	 240	 999000	 999	 1.574118e+03	 600.00	 533.33	 59.00	 26	 0.55	 
BFE_201	 1	 13	 1219.jpg	 1.576103e+03	 12	 999000	 120	 999000	 999	 1.577121e+03	 600.00	 533.33	 21.00	 40	 0.52	 
BFE_201	 1	 13	 1116.jpg	 1.578106e+03	 12	 999000	 120	 999000	 999	 1.579124e+03	 600.00	 533.33	 20.00	 16	 0.53	 
BFE_201	 1	 13	 1206.jpg	 1.582110e+03	 12	 999000	 120	 999000	 999	 1.583128e+03	 600.00	 533.33	 11.00	 27	 0.64	 
BFE_201	 1	 13	 2204.jpg	 1.584112e+03	 22	 1.041458e+03	 2200	 5.333692e+02	 98	 1.585130e+03	 600.00	 483.33	 55.00	 25	 0.59	 
BFE_201	 1	 13	 2109.jpg	 1.586098e+03	 22	 8.719129e+02	 220	 4.833609e+02	 98	 1.587116e+03	 600.00	 500.00	 53.00	 9	 0.64	 
BFE_201	 1	 13	 2120.jpg	 1.590102e+03	 24	 999000	 240	 999000	 999	 1.591120e+03	 600.00	 500.00	 51.00	 20	 0.67	 
BFE_201	 1	 13	 2206.jpg	 1.592105e+03	 24	 999000	 240	 999000	 999	 1.593123e+03	 600.00	 500.00	 49.00	 27	 0.69	 
BFE_201	 1	 13	 1211.jpg	 1.596109e+03	 11	 1.052709e+03	 1100	 6.000249e+02	 98	 1.597127e+03	 550.00	 500.00	 12.00	 32	 0.63	 
BFE_201	 1	 13	 1216.jpg	 1.600097e+03	 12	 999000	 120	 999000	 999	 1.601115e+03	 550.00	 500.00	 8.00	 37	 0.72	 
BFE_201	 1	 13	 2116.jpg	 1.603100e+03	 24	 999000	 240	 999000	 999	 1.604118e+03	 550.00	 500.00	 56.00	 16	 0.59	 
BFE_201	 1	 13	 1218.jpg	 1.609107e+03	 11	 8.388012e+02	 110	 5.500249e+02	 98	 1.610125e+03	 566.67	 500.00	 7.00	 39	 0.76	 
BFE_201	 1	 13	 1105.jpg	 1.611109e+03	 12	 999000	 120	 999000	 999	 1.612127e+03	 566.67	 500.00	 37.00	 5	 0.18	 
BFE_201	 1	 13	 1205.jpg	 1.615097e+03	 12	 999000	 120	 999000	 999	 1.616115e+03	 566.67	 500.00	 3.00	 26	 0.83	 
BFE_201	 1	 13	 2103.jpg	 1.617099e+03	 24	 999000	 240	 999000	 999	 1.618117e+03	 566.67	 500.00	 57.00	 3	 0.58	 
BFE_201	 1	 13	 2218.jpg	 1.619102e+03	 24	 999000	 240	 999000	 999	 1.620119e+03	 566.67	 500.00	 48.00	 39	 0.71	 
BFE_201	 1	 13	 2118.jpg	 1.621104e+03	 24	 999000	 240	 999000	 999	 1.622122e+03	 566.67	 500.00	 78.00	 18	 0.18	 
BFE_201	 1	 13	 1209.jpg	 1.626110e+03	 11	 9.164033e+02	 110	 5.666941e+02	 98	 1.627127e+03	 583.33	 500.00	 15.00	 30	 0.59	 
BFE_201	 1	 13	 2110.jpg	 1.628112e+03	 22	 7.781914e+02	 220	 5.000291e+02	 98	 1.629130e+03	 583.33	 516.67	 52.00	 10	 0.67	 
BFE_201	 1	 13	 2117.jpg	 1.630097e+03	 24	 999000	 240	 999000	 999	 1.631115e+03	 583.33	 516.67	 77.00	 17	 0.19	 
BFE_201	 1	 13	 1217.jpg	 1.633101e+03	 12	 999000	 120	 999000	 999	 1.634118e+03	 583.33	 516.67	 19.00	 38	 0.53	 
