subjectID	 order	 runNum	 itemName	 onsetTime	 shuff_trialType	 RT	 respInTime	 AudioTime	 response	 fixationTime	 ladder1	 ladder2	 bidIndex	 itemNameIndex	 bidValue	 
BFE_101	 1	 10	 2102.jpg	 1.135805e+03	 24	 999000	 240	 999000	 999	 1.136823e+03	 716.67	 716.67	 61.00	 2	 0.54	 
BFE_101	 1	 10	 1214.jpg	 1.138808e+03	 12	 999000	 120	 999000	 999	 1.139826e+03	 716.67	 716.67	 21.00	 35	 0.50	 
BFE_101	 1	 10	 1206.jpg	 1.140810e+03	 12	 999000	 120	 999000	 999	 1.141828e+03	 716.67	 716.67	 4.00	 27	 0.74	 
BFE_101	 1	 10	 1111.jpg	 1.142813e+03	 12	 999000	 120	 999000	 999	 1.143831e+03	 716.67	 716.67	 14.00	 11	 0.55	 
BFE_101	 1	 10	 2209.jpg	 1.144798e+03	 22	 8.991411e+02	 220	 7.167144e+02	 98	 1.145816e+03	 716.67	 733.33	 55.00	 30	 0.56	 
BFE_101	 1	 10	 2118.jpg	 1.147802e+03	 22	 9.435552e+02	 220	 7.333727e+02	 98	 1.148819e+03	 716.67	 750.00	 47.00	 18	 0.67	 
BFE_101	 1	 10	 1102.jpg	 1.149804e+03	 11	 9.252518e+02	 110	 7.167176e+02	 98	 1.150822e+03	 733.33	 750.00	 10.00	 2	 0.66	 
BFE_101	 1	 10	 2216.jpg	 1.153808e+03	 24	 999000	 240	 999000	 999	 1.154826e+03	 733.33	 750.00	 48.00	 37	 0.66	 
BFE_101	 1	 10	 2211.jpg	 1.155811e+03	 22	 9.505590e+02	 220	 7.500354e+02	 98	 1.156828e+03	 733.33	 766.67	 52.00	 32	 0.62	 
BFE_101	 1	 10	 1202.jpg	 1.160799e+03	 12	 999000	 120	 999000	 999	 1.161817e+03	 733.33	 766.67	 16.00	 23	 0.54	 
BFE_101	 1	 10	 2113.jpg	 1.162802e+03	 24	 999000	 240	 999000	 999	 1.163819e+03	 733.33	 766.67	 60.00	 13	 0.54	 
BFE_101	 1	 10	 2117.jpg	 1.166806e+03	 24	 999000	 240	 999000	 999	 1.167824e+03	 733.33	 766.67	 78.00	 17	 0.18	 
BFE_101	 1	 10	 2114.jpg	 1.168808e+03	 24	 999000	 240	 999000	 999	 1.169826e+03	 733.33	 766.67	 62.00	 14	 0.50	 
BFE_101	 1	 10	 1103.jpg	 1.171812e+03	 12	 999000	 120	 999000	 999	 1.172830e+03	 733.33	 766.67	 9.00	 3	 0.68	 
BFE_101	 1	 10	 2120.jpg	 1.176801e+03	 22	 7.044338e+02	 22	 7.667046e+02	 98	 1.177819e+03	 733.33	 783.33	 58.00	 20	 0.55	 
BFE_101	 1	 10	 1118.jpg	 1.178803e+03	 12	 999000	 120	 999000	 999	 1.179821e+03	 733.33	 783.33	 3.00	 18	 0.78	 
BFE_101	 1	 10	 1213.jpg	 1.180805e+03	 12	 999000	 120	 999000	 999	 1.181823e+03	 733.33	 783.33	 8.00	 34	 0.68	 
BFE_101	 1	 10	 1109.jpg	 1.184810e+03	 12	 999000	 120	 999000	 999	 1.185827e+03	 733.33	 783.33	 20.00	 9	 0.50	 
BFE_101	 1	 10	 2207.jpg	 1.188814e+03	 24	 999000	 240	 999000	 999	 1.189832e+03	 733.33	 783.33	 49.00	 28	 0.66	 
BFE_101	 1	 10	 2203.jpg	 1.192802e+03	 24	 999000	 240	 999000	 999	 1.193820e+03	 733.33	 783.33	 59.00	 24	 0.54	 
BFE_101	 1	 10	 2217.jpg	 1.194804e+03	 24	 999000	 240	 999000	 999	 1.195822e+03	 733.33	 783.33	 54.00	 38	 0.58	 
BFE_101	 1	 10	 1205.jpg	 1.196807e+03	 12	 999000	 120	 999000	 999	 1.197824e+03	 733.33	 783.33	 11.00	 26	 0.62	 
BFE_101	 1	 10	 1115.jpg	 1.198809e+03	 12	 999000	 120	 999000	 999	 1.199827e+03	 733.33	 783.33	 38.00	 15	 0.23	 
BFE_101	 1	 10	 1204.jpg	 1.200811e+03	 12	 999000	 120	 999000	 999	 1.201829e+03	 733.33	 783.33	 17.00	 25	 0.52	 
BFE_101	 1	 10	 2110.jpg	 1.206801e+03	 22	 1.008128e+03	 2200	 7.833662e+02	 98	 1.207819e+03	 733.33	 733.33	 50.00	 10	 0.65	 
BFE_101	 1	 10	 1121.jpg	 1.209804e+03	 11	 9.087632e+02	 110	 7.333729e+02	 98	 1.210822e+03	 750.00	 733.33	 7.00	 21	 0.70	 
BFE_101	 1	 10	 1216.jpg	 1.211807e+03	 11	 7.865026e+02	 110	 7.500289e+02	 98	 1.212824e+03	 766.67	 733.33	 15.00	 37	 0.55	 
BFE_101	 1	 10	 2104.jpg	 1.213809e+03	 24	 999000	 240	 999000	 999	 1.214827e+03	 766.67	 733.33	 56.00	 4	 0.55	 
BFE_101	 1	 10	 2208.jpg	 1.216812e+03	 24	 999000	 240	 999000	 999	 1.217830e+03	 766.67	 733.33	 51.00	 29	 0.63	 
BFE_101	 1	 10	 2115.jpg	 1.218815e+03	 24	 999000	 240	 999000	 999	 1.219832e+03	 766.67	 733.33	 57.00	 15	 0.55	 
BFE_101	 1	 10	 1106.jpg	 1.220800e+03	 11	 8.090867e+02	 110	 7.666957e+02	 98	 1.221818e+03	 783.33	 733.33	 12.00	 6	 0.58	 
BFE_101	 1	 10	 1207.jpg	 1.222802e+03	 11	 7.828959e+02	 11	 7.833641e+02	 98	 1.223820e+03	 800.00	 733.33	 13.00	 28	 0.56	 
BFE_101	 1	 10	 1116.jpg	 1.225806e+03	 12	 999000	 120	 999000	 999	 1.226823e+03	 800.00	 733.33	 19.00	 16	 0.51	 
BFE_101	 1	 10	 2103.jpg	 1.227808e+03	 24	 999000	 240	 999000	 999	 1.228826e+03	 800.00	 733.33	 43.00	 3	 0.74	 
BFE_101	 1	 10	 2213.jpg	 1.229810e+03	 24	 999000	 240	 999000	 999	 1.230828e+03	 800.00	 733.33	 44.00	 34	 0.71	 
BFE_101	 1	 10	 1101.jpg	 1.231812e+03	 12	 999000	 120	 999000	 999	 1.232830e+03	 800.00	 733.33	 37.00	 1	 0.27	 
BFE_101	 1	 10	 1208.jpg	 1.233815e+03	 11	 1.146572e+03	 1100	 8.000360e+02	 98	 1.234832e+03	 750.00	 733.33	 18.00	 29	 0.51	 
BFE_101	 1	 10	 2205.jpg	 1.239805e+03	 24	 999000	 240	 999000	 999	 1.240822e+03	 750.00	 733.33	 77.00	 26	 0.21	 
BFE_101	 1	 10	 1201.jpg	 1.242808e+03	 12	 999000	 120	 999000	 999	 1.243826e+03	 750.00	 733.33	 22.00	 22	 0.50	 
BFE_101	 1	 10	 2214.jpg	 1.246813e+03	 22	 1.060640e+03	 2200	 7.333699e+02	 98	 1.247830e+03	 750.00	 683.33	 53.00	 35	 0.59	 
