subjectID	 order	 runNum	 itemName	 onsetTime	 shuff_trialType	 RT	 respInTime	 AudioTime	 response	 fixationTime	 ladder1	 ladder2	 bidIndex	 itemNameIndex	 bidValue	 
BFE_101	 1	 9	 2120.jpg	 1.020976e+03	 22	 6.652140e+02	 22	 6.833807e+02	 98	 1.021994e+03	 750.00	 700.00	 58.00	 20	 0.55	 
BFE_101	 1	 9	 1208.jpg	 1.023980e+03	 11	 1.061542e+03	 1100	 7.500489e+02	 98	 1.024997e+03	 700.00	 700.00	 18.00	 29	 0.51	 
BFE_101	 1	 9	 2117.jpg	 1.025982e+03	 24	 999000	 240	 999000	 999	 1.027000e+03	 700.00	 700.00	 78.00	 17	 0.18	 
BFE_101	 1	 9	 2205.jpg	 1.027984e+03	 24	 999000	 240	 999000	 999	 1.029002e+03	 700.00	 700.00	 77.00	 26	 0.21	 
BFE_101	 1	 9	 2214.jpg	 1.029986e+03	 22	 9.988275e+02	 220	 7.000371e+02	 98	 1.031004e+03	 700.00	 716.67	 53.00	 35	 0.59	 
BFE_101	 1	 9	 2207.jpg	 1.032973e+03	 24	 1.172194e+03	 24	 999000	 98	 1.033991e+03	 700.00	 716.67	 49.00	 28	 0.66	 
BFE_101	 1	 9	 1116.jpg	 1.034975e+03	 12	 999000	 120	 999000	 999	 1.035993e+03	 700.00	 716.67	 19.00	 16	 0.51	 
BFE_101	 1	 9	 1216.jpg	 1.038980e+03	 11	 8.694658e+02	 110	 7.000419e+02	 98	 1.039997e+03	 716.67	 716.67	 15.00	 37	 0.55	 
BFE_101	 1	 9	 2209.jpg	 1.040982e+03	 22	 9.950894e+02	 220	 7.166975e+02	 98	 1.042000e+03	 716.67	 733.33	 55.00	 30	 0.56	 
BFE_101	 1	 9	 1109.jpg	 1.045971e+03	 12	 999000	 120	 999000	 999	 1.046989e+03	 716.67	 733.33	 20.00	 9	 0.50	 
BFE_101	 1	 9	 1101.jpg	 1.047973e+03	 12	 999000	 120	 999000	 999	 1.048991e+03	 716.67	 733.33	 37.00	 1	 0.27	 
BFE_101	 1	 9	 1115.jpg	 1.051978e+03	 12	 999000	 120	 999000	 999	 1.052995e+03	 716.67	 733.33	 38.00	 15	 0.23	 
BFE_101	 1	 9	 1201.jpg	 1.053980e+03	 12	 999000	 120	 999000	 999	 1.054998e+03	 716.67	 733.33	 22.00	 22	 0.50	 
BFE_101	 1	 9	 2114.jpg	 1.056983e+03	 24	 999000	 240	 999000	 999	 1.058001e+03	 716.67	 733.33	 62.00	 14	 0.50	 
BFE_101	 1	 9	 1205.jpg	 1.061972e+03	 12	 999000	 120	 999000	 999	 1.062990e+03	 716.67	 733.33	 11.00	 26	 0.62	 
BFE_101	 1	 9	 2103.jpg	 1.063974e+03	 24	 999000	 240	 999000	 999	 1.064992e+03	 716.67	 733.33	 43.00	 3	 0.74	 
BFE_101	 1	 9	 2102.jpg	 1.065977e+03	 24	 999000	 240	 999000	 999	 1.066994e+03	 716.67	 733.33	 61.00	 2	 0.54	 
BFE_101	 1	 9	 2217.jpg	 1.069981e+03	 24	 999000	 240	 999000	 999	 1.070999e+03	 716.67	 733.33	 54.00	 38	 0.58	 
BFE_101	 1	 9	 2115.jpg	 1.073986e+03	 24	 999000	 240	 999000	 999	 1.075003e+03	 716.67	 733.33	 57.00	 15	 0.55	 
BFE_101	 1	 9	 2118.jpg	 1.077973e+03	 22	 9.557852e+02	 220	 7.333592e+02	 98	 1.078991e+03	 716.67	 750.00	 47.00	 18	 0.67	 
BFE_101	 1	 9	 2104.jpg	 1.079976e+03	 24	 999000	 240	 999000	 999	 1.080993e+03	 716.67	 750.00	 56.00	 4	 0.55	 
BFE_101	 1	 9	 1213.jpg	 1.081978e+03	 12	 999000	 120	 999000	 999	 1.082996e+03	 716.67	 750.00	 8.00	 34	 0.68	 
BFE_101	 1	 9	 1202.jpg	 1.083980e+03	 12	 999000	 120	 999000	 999	 1.084998e+03	 716.67	 750.00	 16.00	 23	 0.54	 
BFE_101	 1	 9	 1103.jpg	 1.085982e+03	 12	 999000	 120	 999000	 999	 1.087000e+03	 716.67	 750.00	 9.00	 3	 0.68	 
BFE_101	 1	 9	 2113.jpg	 1.091972e+03	 24	 999000	 240	 999000	 999	 1.092990e+03	 716.67	 750.00	 60.00	 13	 0.54	 
BFE_101	 1	 9	 2216.jpg	 1.094976e+03	 24	 999000	 240	 999000	 999	 1.095994e+03	 716.67	 750.00	 48.00	 37	 0.66	 
BFE_101	 1	 9	 2211.jpg	 1.096978e+03	 22	 9.991920e+02	 220	 7.500288e+02	 98	 1.097996e+03	 716.67	 766.67	 52.00	 32	 0.62	 
BFE_101	 1	 9	 1214.jpg	 1.098980e+03	 12	 999000	 120	 999000	 999	 1.099998e+03	 716.67	 766.67	 21.00	 35	 0.50	 
BFE_101	 1	 9	 1207.jpg	 1.101984e+03	 11	 6.735418e+02	 11	 7.166920e+02	 98	 1.103001e+03	 733.33	 766.67	 13.00	 28	 0.56	 
BFE_101	 1	 9	 2213.jpg	 1.103986e+03	 24	 999000	 240	 999000	 999	 1.105004e+03	 733.33	 766.67	 44.00	 34	 0.71	 
BFE_101	 1	 9	 2208.jpg	 1.105971e+03	 24	 999000	 240	 999000	 999	 1.106989e+03	 733.33	 766.67	 51.00	 29	 0.63	 
BFE_101	 1	 9	 1204.jpg	 1.107974e+03	 12	 999000	 120	 999000	 999	 1.108991e+03	 733.33	 766.67	 17.00	 25	 0.52	 
BFE_101	 1	 9	 1121.jpg	 1.110977e+03	 11	 6.481452e+02	 11	 7.333652e+02	 98	 1.111995e+03	 750.00	 766.67	 7.00	 21	 0.70	 
BFE_101	 1	 9	 1206.jpg	 1.112979e+03	 12	 999000	 120	 999000	 999	 1.113997e+03	 750.00	 766.67	 4.00	 27	 0.74	 
BFE_101	 1	 9	 1111.jpg	 1.114981e+03	 12	 999000	 120	 999000	 999	 1.115999e+03	 750.00	 766.67	 14.00	 11	 0.55	 
BFE_101	 1	 9	 1118.jpg	 1.116984e+03	 12	 999000	 120	 999000	 999	 1.118001e+03	 750.00	 766.67	 3.00	 18	 0.78	 
BFE_101	 1	 9	 2110.jpg	 1.118986e+03	 22	 1.031111e+03	 2200	 7.667024e+02	 98	 1.120004e+03	 750.00	 716.67	 50.00	 10	 0.65	 
BFE_101	 1	 9	 1106.jpg	 1.124976e+03	 11	 8.891282e+02	 110	 7.500271e+02	 98	 1.125994e+03	 766.67	 716.67	 12.00	 6	 0.58	 
BFE_101	 1	 9	 2203.jpg	 1.127979e+03	 24	 999000	 240	 999000	 999	 1.128997e+03	 766.67	 716.67	 59.00	 24	 0.54	 
BFE_101	 1	 9	 1102.jpg	 1.131984e+03	 11	 1.033160e+03	 1100	 7.666983e+02	 98	 1.133002e+03	 716.67	 716.67	 10.00	 2	 0.66	 
