subjectID	 order	 runNum	 itemName	 onsetTime	 shuff_trialType	 RT	 respInTime	 AudioTime	 response	 fixationTime	 ladder1	 ladder2	 bidIndex	 itemNameIndex	 bidValue	 
BFE_109	 1	 16	 1216.jpg	 2.021033e+03	 12	 999000	 120	 999000	 999	 2.022051e+03	 716.67	 716.67	 4.00	 37	 0.81	 
BFE_109	 1	 16	 2218.jpg	 2.024020e+03	 24	 999000	 240	 999000	 999	 2.025038e+03	 716.67	 716.67	 59.00	 39	 0.53	 
BFE_109	 1	 16	 2217.jpg	 2.028024e+03	 22	 8.978230e+02	 220	 7.167155e+02	 98	 2.029042e+03	 716.67	 733.33	 52.00	 38	 0.62	 
BFE_109	 1	 16	 1105.jpg	 2.030027e+03	 12	 999000	 120	 999000	 999	 2.031044e+03	 716.67	 733.33	 37.00	 5	 0.17	 
BFE_109	 1	 16	 1102.jpg	 2.032029e+03	 12	 999000	 120	 999000	 999	 2.033047e+03	 716.67	 733.33	 16.00	 2	 0.59	 
BFE_109	 1	 16	 2207.jpg	 2.036017e+03	 22	 9.295558e+02	 220	 7.333691e+02	 98	 2.037034e+03	 716.67	 750.00	 50.00	 28	 0.68	 
BFE_109	 1	 16	 1106.jpg	 2.038019e+03	 11	 9.113068e+02	 110	 7.167125e+02	 98	 2.039037e+03	 733.33	 750.00	 18.00	 6	 0.55	 
BFE_109	 1	 16	 1205.jpg	 2.043025e+03	 11	 9.217985e+02	 110	 7.333652e+02	 98	 2.044042e+03	 750.00	 750.00	 13.00	 26	 0.62	 
BFE_109	 1	 16	 2110.jpg	 2.045027e+03	 24	 999000	 240	 999000	 999	 2.046045e+03	 750.00	 750.00	 57.00	 10	 0.58	 
BFE_109	 1	 16	 2107.jpg	 2.048030e+03	 24	 999000	 240	 999000	 999	 2.049048e+03	 750.00	 750.00	 54.00	 7	 0.61	 
BFE_109	 1	 16	 1201.jpg	 2.051017e+03	 12	 999000	 120	 999000	 999	 2.052035e+03	 750.00	 750.00	 8.00	 22	 0.68	 
BFE_109	 1	 16	 2211.jpg	 2.055021e+03	 24	 999000	 240	 999000	 999	 2.056039e+03	 750.00	 750.00	 49.00	 32	 0.69	 
BFE_109	 1	 16	 2210.jpg	 2.058025e+03	 22	 9.615306e+02	 220	 7.500374e+02	 98	 2.059042e+03	 750.00	 766.67	 47.00	 31	 0.71	 
BFE_109	 1	 16	 1218.jpg	 2.060027e+03	 11	 9.592820e+02	 110	 7.500398e+02	 98	 2.061045e+03	 766.67	 766.67	 12.00	 39	 0.64	 
BFE_109	 1	 16	 1210.jpg	 2.063030e+03	 12	 999000	 120	 999000	 999	 2.064048e+03	 766.67	 766.67	 3.00	 31	 0.81	 
BFE_109	 1	 16	 2203.jpg	 2.067018e+03	 22	 7.600933e+02	 22	 7.666970e+02	 98	 2.068036e+03	 766.67	 783.33	 58.00	 24	 0.58	 
BFE_109	 1	 16	 2105.jpg	 2.070021e+03	 24	 999000	 240	 999000	 999	 2.071039e+03	 766.67	 783.33	 77.00	 5	 0.20	 
BFE_109	 1	 16	 2201.jpg	 2.072024e+03	 24	 999000	 240	 999000	 999	 2.073042e+03	 766.67	 783.33	 43.00	 22	 0.81	 
BFE_109	 1	 16	 1203.jpg	 2.074026e+03	 11	 8.323079e+02	 110	 7.667379e+02	 98	 2.075044e+03	 783.33	 783.33	 10.00	 24	 0.68	 
BFE_109	 1	 16	 1213.jpg	 2.079032e+03	 12	 999000	 120	 999000	 999	 2.080049e+03	 783.33	 783.33	 14.00	 34	 0.60	 
BFE_109	 1	 16	 2208.jpg	 2.083019e+03	 24	 999000	 240	 999000	 999	 2.084037e+03	 783.33	 783.33	 56.00	 29	 0.59	 
BFE_109	 1	 16	 2215.jpg	 2.087024e+03	 24	 999000	 240	 999000	 999	 2.088042e+03	 783.33	 783.33	 60.00	 36	 0.50	 
BFE_109	 1	 16	 1215.jpg	 2.093031e+03	 12	 999000	 120	 999000	 999	 2.094048e+03	 783.33	 783.33	 9.00	 36	 0.68	 
BFE_109	 1	 16	 2205.jpg	 2.095016e+03	 24	 999000	 240	 999000	 999	 2.096034e+03	 783.33	 783.33	 51.00	 26	 0.63	 
BFE_109	 1	 16	 1214.jpg	 2.097018e+03	 12	 999000	 120	 999000	 999	 2.098036e+03	 783.33	 783.33	 22.00	 35	 0.51	 
BFE_109	 1	 16	 2202.jpg	 2.099021e+03	 22	 1.005659e+03	 2200	 7.833676e+02	 98	 2.100039e+03	 783.33	 733.33	 55.00	 23	 0.59	 
BFE_109	 1	 16	 2204.jpg	 2.101023e+03	 24	 999000	 240	 999000	 999	 2.102041e+03	 783.33	 733.33	 48.00	 25	 0.71	 
BFE_109	 1	 16	 1110.jpg	 2.105027e+03	 12	 999000	 120	 999000	 999	 2.106045e+03	 783.33	 733.33	 20.00	 10	 0.54	 
BFE_109	 1	 16	 1208.jpg	 2.107030e+03	 12	 999000	 120	 999000	 999	 2.108047e+03	 783.33	 733.33	 11.00	 29	 0.67	 
BFE_109	 1	 16	 2209.jpg	 2.111017e+03	 24	 999000	 240	 999000	 999	 2.112035e+03	 783.33	 733.33	 44.00	 30	 0.80	 
BFE_109	 1	 16	 2112.jpg	 2.113020e+03	 24	 999000	 240	 999000	 999	 2.114037e+03	 783.33	 733.33	 78.00	 12	 0.20	 
BFE_109	 1	 16	 1121.jpg	 2.115022e+03	 12	 999000	 120	 999000	 999	 2.116040e+03	 783.33	 733.33	 21.00	 21	 0.53	 
BFE_109	 1	 16	 1219.jpg	 2.117024e+03	 12	 999000	 120	 999000	 999	 2.118042e+03	 783.33	 733.33	 17.00	 40	 0.55	 
BFE_109	 1	 16	 2111.jpg	 2.122030e+03	 24	 999000	 240	 999000	 999	 2.123048e+03	 783.33	 733.33	 62.00	 11	 0.47	 
BFE_109	 1	 16	 2213.jpg	 2.124015e+03	 24	 999000	 240	 999000	 999	 2.125033e+03	 783.33	 733.33	 61.00	 34	 0.48	 
BFE_109	 1	 16	 1103.jpg	 2.126018e+03	 11	 9.606395e+02	 110	 7.834089e+02	 98	 2.127035e+03	 800.00	 733.33	 15.00	 3	 0.60	 
BFE_109	 1	 16	 1206.jpg	 2.129021e+03	 11	 1.005311e+03	 1100	 8.000588e+02	 98	 2.130039e+03	 750.00	 733.33	 7.00	 27	 0.74	 
BFE_109	 1	 16	 1119.jpg	 2.136029e+03	 12	 999000	 120	 999000	 999	 2.137047e+03	 750.00	 733.33	 38.00	 19	 0.17	 
BFE_109	 1	 16	 1211.jpg	 2.140017e+03	 12	 999000	 120	 999000	 999	 2.141034e+03	 750.00	 733.33	 19.00	 32	 0.55	 
BFE_109	 1	 16	 2212.jpg	 2.147024e+03	 22	 1.033788e+03	 2200	 7.333628e+02	 98	 2.148042e+03	 750.00	 683.33	 53.00	 33	 0.62	 
