subjectID	 order	 runNum	 itemName	 onsetTime	 shuff_trialType	 RT	 respInTime	 AudioTime	 response	 fixationTime	 ladder1	 ladder2	 bidIndex	 itemNameIndex	 bidValue	 
BFE_107	 1	 5	 1109.jpg	 5.957146e+02	 11	 9.677840e+02	 110	 7.500462e+02	 98	 5.967324e+02	 766.67	 683.33	 13.00	 9	 0.63	 
BFE_107	 1	 5	 2111.jpg	 5.987013e+02	 22	 8.691039e+02	 220	 6.833858e+02	 98	 5.997190e+02	 766.67	 700.00	 52.00	 11	 0.63	 
BFE_107	 1	 5	 2213.jpg	 6.027057e+02	 24	 999000	 240	 999000	 999	 6.037235e+02	 766.67	 700.00	 61.00	 34	 0.49	 
BFE_107	 1	 5	 1202.jpg	 6.047080e+02	 11	 1.006359e+03	 1100	 7.667053e+02	 98	 6.057276e+02	 716.67	 700.00	 10.00	 23	 0.69	 
BFE_107	 1	 5	 2104.jpg	 6.067103e+02	 22	 8.840397e+02	 220	 7.000390e+02	 98	 6.077280e+02	 716.67	 716.67	 50.00	 4	 0.67	 
BFE_107	 1	 5	 1201.jpg	 6.106981e+02	 12	 999000	 120	 999000	 999	 6.117159e+02	 716.67	 716.67	 11.00	 22	 0.66	 
BFE_107	 1	 5	 2109.jpg	 6.127003e+02	 24	 999000	 240	 999000	 999	 6.137181e+02	 716.67	 716.67	 56.00	 9	 0.58	 
BFE_107	 1	 5	 1106.jpg	 6.177060e+02	 11	 9.364009e+02	 110	 7.167040e+02	 98	 6.187238e+02	 733.33	 716.67	 7.00	 6	 0.74	 
BFE_107	 1	 5	 2205.jpg	 6.197082e+02	 24	 999000	 240	 999000	 999	 6.207260e+02	 733.33	 716.67	 48.00	 26	 0.73	 
BFE_107	 1	 5	 2116.jpg	 6.227116e+02	 22	 1.018734e+03	 2200	 7.166993e+02	 98	 6.237293e+02	 733.33	 666.67	 58.00	 16	 0.55	 
BFE_107	 1	 5	 2117.jpg	 6.256984e+02	 24	 999000	 240	 999000	 999	 6.267161e+02	 733.33	 666.67	 78.00	 17	 0.15	 
BFE_107	 1	 5	 1205.jpg	 6.297029e+02	 12	 999000	 120	 999000	 999	 6.307205e+02	 733.33	 666.67	 4.00	 26	 0.82	 
BFE_107	 1	 5	 1214.jpg	 6.327061e+02	 11	 9.202713e+02	 110	 7.333680e+02	 98	 6.337239e+02	 750.00	 666.67	 15.00	 35	 0.59	 
BFE_107	 1	 5	 2219.jpg	 6.347085e+02	 22	 8.539001e+02	 220	 6.667075e+02	 98	 6.357261e+02	 750.00	 683.33	 55.00	 40	 0.58	 
BFE_107	 1	 5	 1105.jpg	 6.377118e+02	 12	 999000	 120	 999000	 999	 6.387296e+02	 750.00	 683.33	 3.00	 5	 0.84	 
BFE_107	 1	 5	 1107.jpg	 6.416996e+02	 11	 9.427827e+02	 110	 7.500340e+02	 98	 6.427173e+02	 766.67	 683.33	 18.00	 7	 0.53	 
BFE_107	 1	 5	 2201.jpg	 6.447029e+02	 24	 999000	 240	 999000	 999	 6.457207e+02	 766.67	 683.33	 49.00	 22	 0.73	 
BFE_107	 1	 5	 1217.jpg	 6.467053e+02	 11	 1.041079e+03	 1100	 7.666968e+02	 98	 6.477229e+02	 716.67	 683.33	 12.00	 38	 0.63	 
BFE_107	 1	 5	 2113.jpg	 6.487074e+02	 24	 999000	 240	 999000	 999	 6.497252e+02	 716.67	 683.33	 54.00	 13	 0.60	 
BFE_107	 1	 5	 1118.jpg	 6.536961e+02	 12	 999000	 120	 999000	 999	 6.547141e+02	 716.67	 683.33	 38.00	 18	 0.12	 
BFE_107	 1	 5	 2202.jpg	 6.577009e+02	 24	 999000	 240	 999000	 999	 6.587187e+02	 716.67	 683.33	 51.00	 23	 0.64	 
BFE_107	 1	 5	 1110.jpg	 6.617054e+02	 12	 999000	 120	 999000	 999	 6.627233e+02	 716.67	 683.33	 21.00	 10	 0.46	 
BFE_107	 1	 5	 2105.jpg	 6.677121e+02	 22	 9.062074e+02	 220	 6.833636e+02	 98	 6.687299e+02	 716.67	 700.00	 47.00	 5	 0.76	 
BFE_107	 1	 5	 2207.jpg	 6.696978e+02	 24	 999000	 240	 999000	 999	 6.707155e+02	 716.67	 700.00	 62.00	 28	 0.47	 
BFE_107	 1	 5	 1113.jpg	 6.716999e+02	 12	 999000	 120	 999000	 999	 6.727177e+02	 716.67	 700.00	 8.00	 13	 0.73	 
BFE_107	 1	 5	 1111.jpg	 6.737022e+02	 12	 999000	 120	 999000	 999	 6.747200e+02	 716.67	 700.00	 17.00	 11	 0.57	 
BFE_107	 1	 5	 1209.jpg	 6.757044e+02	 12	 999000	 120	 999000	 999	 6.767222e+02	 716.67	 700.00	 16.00	 30	 0.58	 
BFE_107	 1	 5	 2203.jpg	 6.797089e+02	 22	 8.854519e+02	 220	 7.000317e+02	 98	 6.807267e+02	 716.67	 716.67	 53.00	 24	 0.60	 
BFE_107	 1	 5	 1103.jpg	 6.817112e+02	 12	 999000	 120	 999000	 999	 6.827290e+02	 716.67	 716.67	 9.00	 3	 0.71	 
BFE_107	 1	 5	 1211.jpg	 6.856989e+02	 12	 999000	 120	 999000	 999	 6.867168e+02	 716.67	 716.67	 20.00	 32	 0.46	 
BFE_107	 1	 5	 1115.jpg	 6.877012e+02	 12	 999000	 120	 999000	 999	 6.887190e+02	 716.67	 716.67	 14.00	 15	 0.62	 
BFE_107	 1	 5	 2209.jpg	 6.897035e+02	 24	 999000	 240	 999000	 999	 6.907213e+02	 716.67	 716.67	 59.00	 30	 0.51	 
BFE_107	 1	 5	 2217.jpg	 6.917058e+02	 24	 999000	 240	 999000	 999	 6.927235e+02	 716.67	 716.67	 43.00	 38	 0.81	 
BFE_107	 1	 5	 2218.jpg	 6.967114e+02	 24	 999000	 240	 999000	 999	 6.977291e+02	 716.67	 716.67	 57.00	 39	 0.58	 
BFE_107	 1	 5	 2101.jpg	 6.986969e+02	 24	 999000	 240	 999000	 999	 6.997146e+02	 716.67	 716.67	 77.00	 1	 0.18	 
BFE_107	 1	 5	 2121.jpg	 7.006993e+02	 24	 999000	 240	 999000	 999	 7.017169e+02	 716.67	 716.67	 60.00	 21	 0.50	 
BFE_107	 1	 5	 1212.jpg	 7.037025e+02	 12	 999000	 120	 999000	 999	 7.047203e+02	 716.67	 716.67	 37.00	 33	 0.21	 
BFE_107	 1	 5	 1216.jpg	 7.107104e+02	 12	 999000	 120	 999000	 999	 7.117281e+02	 716.67	 716.67	 22.00	 37	 0.46	 
BFE_107	 1	 5	 2214.jpg	 7.146983e+02	 24	 999000	 240	 999000	 999	 7.157160e+02	 716.67	 716.67	 44.00	 35	 0.80	 
BFE_107	 1	 5	 1213.jpg	 7.217061e+02	 12	 999000	 120	 999000	 999	 7.227238e+02	 716.67	 716.67	 19.00	 34	 0.49	 
