subjectID	 order	 runNum	 itemName	 onsetTime	 shuff_trialType	 RT	 respInTime	 AudioTime	 response	 fixationTime	 ladder1	 ladder2	 bidIndex	 itemNameIndex	 bidValue	 
BFE_104	 2	 12	 1210.jpg	 1.479142e+03	 12	 999000	 120	 999000	 999	 1.480160e+03	 783.33	 783.33	 38.00	 31	 0.30	 
BFE_104	 2	 12	 1207.jpg	 1.482129e+03	 12	 999000	 120	 999000	 999	 1.483147e+03	 783.33	 783.33	 7.00	 28	 0.63	 
BFE_104	 2	 12	 2110.jpg	 1.486133e+03	 24	 999000	 240	 999000	 999	 1.487151e+03	 783.33	 783.33	 59.00	 10	 0.52	 
BFE_104	 2	 12	 2107.jpg	 1.488136e+03	 24	 999000	 240	 999000	 999	 1.489153e+03	 783.33	 783.33	 77.00	 7	 0.26	 
BFE_104	 2	 12	 1201.jpg	 1.490138e+03	 12	 999000	 120	 999000	 999	 1.491156e+03	 783.33	 783.33	 3.00	 22	 0.73	 
BFE_104	 2	 12	 1118.jpg	 1.494126e+03	 12	 999000	 120	 999000	 999	 1.495143e+03	 783.33	 783.33	 10.00	 18	 0.57	 
BFE_104	 2	 12	 2211.jpg	 1.496128e+03	 22	 9.778807e+02	 220	 7.833782e+02	 98	 1.497146e+03	 783.33	 800.00	 54.00	 32	 0.55	 
BFE_104	 2	 12	 2208.jpg	 1.501134e+03	 22	 9.563106e+02	 220	 8.000331e+02	 98	 1.502151e+03	 783.33	 816.67	 57.00	 29	 0.52	 
BFE_104	 2	 12	 1103.jpg	 1.503136e+03	 12	 999000	 120	 999000	 999	 1.504154e+03	 783.33	 816.67	 18.00	 3	 0.49	 
BFE_104	 2	 12	 2201.jpg	 1.506139e+03	 24	 999000	 240	 999000	 999	 1.507157e+03	 783.33	 816.67	 52.00	 22	 0.60	 
BFE_104	 2	 12	 2117.jpg	 1.509126e+03	 24	 999000	 240	 999000	 999	 1.510144e+03	 783.33	 816.67	 78.00	 17	 0.22	 
BFE_104	 2	 12	 1212.jpg	 1.513130e+03	 12	 999000	 120	 999000	 999	 1.514148e+03	 783.33	 816.67	 21.00	 33	 0.47	 
BFE_104	 2	 12	 2202.jpg	 1.516134e+03	 24	 999000	 240	 999000	 999	 1.517151e+03	 783.33	 816.67	 61.00	 23	 0.50	 
BFE_104	 2	 12	 1113.jpg	 1.518136e+03	 12	 7.298079e+02	 12	 999000	 98	 1.519154e+03	 783.33	 816.67	 37.00	 13	 0.34	 
BFE_104	 2	 12	 2115.jpg	 1.521139e+03	 24	 999000	 240	 999000	 999	 1.522157e+03	 783.33	 816.67	 55.00	 15	 0.54	 
BFE_104	 2	 12	 2114.jpg	 1.525127e+03	 22	 7.067572e+02	 22	 8.167013e+02	 98	 1.526145e+03	 783.33	 833.33	 51.00	 14	 0.65	 
BFE_104	 2	 12	 1111.jpg	 1.528131e+03	 12	 999000	 120	 999000	 999	 1.529148e+03	 783.33	 833.33	 12.00	 11	 0.54	 
BFE_104	 2	 12	 2217.jpg	 1.530133e+03	 24	 999000	 240	 999000	 999	 1.531150e+03	 783.33	 833.33	 44.00	 38	 0.75	 
BFE_104	 2	 12	 1112.jpg	 1.532135e+03	 12	 999000	 120	 999000	 999	 1.533153e+03	 783.33	 833.33	 22.00	 12	 0.47	 
BFE_104	 2	 12	 2213.jpg	 1.537124e+03	 24	 999000	 240	 999000	 999	 1.538142e+03	 783.33	 833.33	 62.00	 34	 0.49	 
BFE_104	 2	 12	 1119.jpg	 1.541128e+03	 12	 999000	 120	 999000	 999	 1.542146e+03	 783.33	 833.33	 19.00	 19	 0.49	 
BFE_104	 2	 12	 1114.jpg	 1.545133e+03	 11	 6.369079e+02	 11	 7.833851e+02	 98	 1.546151e+03	 800.00	 833.33	 16.00	 14	 0.53	 
BFE_104	 2	 12	 1104.jpg	 1.551140e+03	 11	 6.621921e+02	 11	 8.000344e+02	 98	 1.552157e+03	 816.67	 833.33	 17.00	 4	 0.50	 
BFE_104	 2	 12	 2209.jpg	 1.553125e+03	 22	 7.086342e+02	 22	 8.333602e+02	 98	 1.554143e+03	 816.67	 850.00	 49.00	 30	 0.66	 
BFE_104	 2	 12	 1215.jpg	 1.555127e+03	 11	 6.584034e+02	 11	 8.166946e+02	 98	 1.556145e+03	 833.33	 850.00	 11.00	 36	 0.57	 
BFE_104	 2	 12	 2206.jpg	 1.557130e+03	 22	 5.122042e+02	 22	 8.500314e+02	 98	 1.558147e+03	 833.33	 866.67	 48.00	 27	 0.66	 
BFE_104	 2	 12	 2112.jpg	 1.559132e+03	 24	 999000	 240	 999000	 999	 1.560150e+03	 833.33	 866.67	 53.00	 12	 0.58	 
BFE_104	 2	 12	 2113.jpg	 1.563136e+03	 22	 7.374458e+02	 22	 8.667078e+02	 98	 1.564154e+03	 833.33	 883.33	 56.00	 13	 0.54	 
BFE_104	 2	 12	 1116.jpg	 1.565139e+03	 12	 999000	 120	 999000	 999	 1.566156e+03	 833.33	 883.33	 15.00	 16	 0.54	 
BFE_104	 2	 12	 1211.jpg	 1.569126e+03	 12	 9.953374e+02	 12	 999000	 98	 1.570144e+03	 833.33	 883.33	 20.00	 32	 0.47	 
BFE_104	 2	 12	 1204.jpg	 1.571129e+03	 11	 8.571022e+02	 110	 8.333703e+02	 98	 1.572146e+03	 850.00	 883.33	 9.00	 25	 0.58	 
BFE_104	 2	 12	 2102.jpg	 1.573131e+03	 24	 1.006843e+03	 24	 999000	 98	 1.574149e+03	 850.00	 883.33	 58.00	 2	 0.52	 
BFE_104	 2	 12	 1102.jpg	 1.575133e+03	 11	 5.887356e+02	 11	 8.500297e+02	 98	 1.576151e+03	 866.67	 883.33	 14.00	 2	 0.54	 
BFE_104	 2	 12	 1213.jpg	 1.580139e+03	 12	 999000	 120	 999000	 999	 1.581157e+03	 866.67	 883.33	 4.00	 34	 0.71	 
BFE_104	 2	 12	 2205.jpg	 1.582124e+03	 24	 999000	 240	 999000	 999	 1.583142e+03	 866.67	 883.33	 50.00	 26	 0.65	 
BFE_104	 2	 12	 2103.jpg	 1.584127e+03	 24	 999000	 240	 999000	 999	 1.585144e+03	 866.67	 883.33	 43.00	 3	 0.80	 
BFE_104	 2	 12	 2119.jpg	 1.587130e+03	 24	 999000	 240	 999000	 999	 1.588148e+03	 866.67	 883.33	 60.00	 19	 0.51	 
BFE_104	 2	 12	 1115.jpg	 1.594138e+03	 12	 999000	 120	 999000	 999	 1.595156e+03	 866.67	 883.33	 13.00	 15	 0.54	 
BFE_104	 2	 12	 1121.jpg	 1.598126e+03	 11	 8.201588e+02	 11	 8.667018e+02	 98	 1.599143e+03	 883.33	 883.33	 8.00	 21	 0.61	 
BFE_104	 2	 12	 2216.jpg	 1.605134e+03	 24	 999000	 240	 999000	 999	 1.606151e+03	 883.33	 883.33	 47.00	 37	 0.67	 
