subjectID	 order	 runNum	 itemName	 onsetTime	 shuff_trialType	 RT	 respInTime	 AudioTime	 response	 fixationTime	 ladder1	 ladder2	 bidIndex	 itemNameIndex	 bidValue	 
BFE_110	 2	 6	 2210.jpg	 7.306961e+02	 24	 999000	 240	 999000	 999	 7.317142e+02	 583.33	 516.67	 77.00	 31	 0.25	 
BFE_110	 2	 6	 2213.jpg	 7.326987e+02	 24	 999000	 240	 999000	 999	 7.337164e+02	 583.33	 516.67	 43.00	 34	 0.84	 
BFE_110	 2	 6	 1106.jpg	 7.367031e+02	 12	 999000	 120	 999000	 999	 7.377209e+02	 583.33	 516.67	 18.00	 6	 0.54	 
BFE_110	 2	 6	 1205.jpg	 7.397065e+02	 12	 999000	 120	 999000	 999	 7.407243e+02	 583.33	 516.67	 4.00	 26	 0.78	 
BFE_110	 2	 6	 1210.jpg	 7.416922e+02	 12	 999000	 120	 999000	 999	 7.427098e+02	 583.33	 516.67	 22.00	 31	 0.47	 
BFE_110	 2	 6	 2121.jpg	 7.446955e+02	 24	 999000	 240	 999000	 999	 7.457134e+02	 583.33	 516.67	 52.00	 21	 0.65	 
BFE_110	 2	 6	 2217.jpg	 7.486999e+02	 24	 999000	 240	 999000	 999	 7.497177e+02	 583.33	 516.67	 60.00	 38	 0.59	 
BFE_110	 2	 6	 1119.jpg	 7.527044e+02	 12	 999000	 120	 999000	 999	 7.537222e+02	 583.33	 516.67	 38.00	 19	 0.15	 
BFE_110	 2	 6	 2204.jpg	 7.547066e+02	 22	 8.955890e+02	 220	 5.167175e+02	 98	 7.557245e+02	 583.33	 533.33	 48.00	 25	 0.76	 
BFE_110	 2	 6	 1219.jpg	 7.596957e+02	 12	 999000	 120	 999000	 999	 7.607134e+02	 583.33	 533.33	 15.00	 40	 0.59	 
BFE_110	 2	 6	 2205.jpg	 7.616978e+02	 22	 9.043909e+02	 220	 5.333699e+02	 98	 7.627156e+02	 583.33	 550.00	 57.00	 26	 0.62	 
BFE_110	 2	 6	 2102.jpg	 7.637001e+02	 24	 999000	 240	 999000	 999	 7.647178e+02	 583.33	 550.00	 62.00	 2	 0.58	 
BFE_110	 2	 6	 2207.jpg	 7.697068e+02	 24	 999000	 240	 999000	 999	 7.707246e+02	 583.33	 550.00	 53.00	 28	 0.64	 
BFE_110	 2	 6	 2202.jpg	 7.716923e+02	 24	 999000	 240	 999000	 999	 7.727102e+02	 583.33	 550.00	 59.00	 23	 0.60	 
BFE_110	 2	 6	 1218.jpg	 7.736946e+02	 11	 9.236371e+02	 110	 5.833830e+02	 98	 7.747124e+02	 600.00	 550.00	 9.00	 39	 0.73	 
BFE_110	 2	 6	 1121.jpg	 7.756968e+02	 11	 1.041367e+03	 1100	 6.000383e+02	 98	 7.767146e+02	 550.00	 550.00	 16.00	 21	 0.58	 
BFE_110	 2	 6	 2218.jpg	 7.797014e+02	 24	 999000	 240	 999000	 999	 7.807192e+02	 550.00	 550.00	 44.00	 39	 0.81	 
BFE_110	 2	 6	 1211.jpg	 7.837059e+02	 12	 999000	 120	 999000	 999	 7.847236e+02	 550.00	 550.00	 10.00	 32	 0.70	 
BFE_110	 2	 6	 2109.jpg	 7.866925e+02	 22	 8.777004e+02	 220	 5.500254e+02	 98	 7.877104e+02	 550.00	 566.67	 54.00	 9	 0.63	 
BFE_110	 2	 6	 1206.jpg	 7.906970e+02	 12	 999000	 120	 999000	 999	 7.917148e+02	 550.00	 566.67	 3.00	 27	 0.83	 
BFE_110	 2	 6	 1114.jpg	 7.937003e+02	 11	 8.539101e+02	 110	 5.500359e+02	 98	 7.947182e+02	 566.67	 566.67	 11.00	 14	 0.67	 
BFE_110	 2	 6	 1102.jpg	 7.957026e+02	 12	 999000	 120	 999000	 999	 7.967204e+02	 566.67	 566.67	 37.00	 2	 0.16	 
BFE_110	 2	 6	 1120.jpg	 7.997071e+02	 12	 999000	 120	 999000	 999	 8.007249e+02	 566.67	 566.67	 13.00	 20	 0.60	 
BFE_110	 2	 6	 1216.jpg	 8.016927e+02	 11	 9.335159e+02	 110	 5.666946e+02	 98	 8.027104e+02	 583.33	 566.67	 8.00	 37	 0.74	 
BFE_110	 2	 6	 2214.jpg	 8.036949e+02	 24	 999000	 240	 999000	 999	 8.047126e+02	 583.33	 566.67	 58.00	 35	 0.61	 
BFE_110	 2	 6	 2206.jpg	 8.076994e+02	 24	 999000	 240	 999000	 999	 8.087172e+02	 583.33	 566.67	 47.00	 27	 0.78	 
BFE_110	 2	 6	 2208.jpg	 8.097016e+02	 24	 999000	 240	 999000	 999	 8.107194e+02	 583.33	 566.67	 55.00	 29	 0.63	 
BFE_110	 2	 6	 1105.jpg	 8.137061e+02	 12	 999000	 120	 999000	 999	 8.147239e+02	 583.33	 566.67	 21.00	 5	 0.48	 
BFE_110	 2	 6	 1209.jpg	 8.176939e+02	 12	 999000	 120	 999000	 999	 8.187117e+02	 583.33	 566.67	 7.00	 30	 0.76	 
BFE_110	 2	 6	 1204.jpg	 8.206973e+02	 11	 1.208910e+03	 1100	 5.833681e+02	 98	 8.217151e+02	 533.33	 566.67	 17.00	 25	 0.54	 
BFE_110	 2	 6	 1115.jpg	 8.267040e+02	 12	 999000	 120	 999000	 999	 8.277218e+02	 533.33	 566.67	 20.00	 15	 0.50	 
BFE_110	 2	 6	 1109.jpg	 8.287063e+02	 12	 999000	 120	 999000	 999	 8.297240e+02	 533.33	 566.67	 19.00	 9	 0.51	 
BFE_110	 2	 6	 2119.jpg	 8.326941e+02	 24	 999000	 240	 999000	 999	 8.337119e+02	 533.33	 566.67	 78.00	 19	 0.22	 
BFE_110	 2	 6	 2104.jpg	 8.346963e+02	 24	 999000	 240	 999000	 999	 8.357141e+02	 533.33	 566.67	 61.00	 4	 0.59	 
BFE_110	 2	 6	 2115.jpg	 8.366986e+02	 22	 9.036355e+02	 220	 5.666997e+02	 98	 8.377165e+02	 533.33	 583.33	 56.00	 15	 0.63	 
BFE_110	 2	 6	 1214.jpg	 8.387008e+02	 12	 999000	 120	 999000	 999	 8.397185e+02	 533.33	 583.33	 12.00	 35	 0.61	 
BFE_110	 2	 6	 2211.jpg	 8.437064e+02	 22	 1.271821e+03	 2200	 5.833708e+02	 98	 8.447242e+02	 533.33	 533.33	 49.00	 32	 0.71	 
BFE_110	 2	 6	 1117.jpg	 8.456918e+02	 11	 1.110409e+03	 1100	 5.333682e+02	 98	 8.467098e+02	 483.33	 533.33	 14.00	 17	 0.59	 
BFE_110	 2	 6	 2219.jpg	 8.476943e+02	 24	 999000	 240	 999000	 999	 8.487121e+02	 483.33	 533.33	 50.00	 40	 0.70	 
BFE_110	 2	 6	 2120.jpg	 8.506976e+02	 22	 1.088598e+03	 2200	 5.333597e+02	 98	 8.517154e+02	 483.33	 483.33	 51.00	 20	 0.69	 
