subjectID	 order	 runNum	 itemName	 onsetTime	 shuff_trialType	 RT	 respInTime	 AudioTime	 response	 fixationTime	 ladder1	 ladder2	 bidIndex	 itemNameIndex	 bidValue	 
BFE_201	 1	 14	 1105.jpg	 1.636938e+03	 12	 999000	 120	 999000	 999	 1.637956e+03	 583.33	 516.67	 37.00	 5	 0.18	 
BFE_201	 1	 14	 2114.jpg	 1.638924e+03	 24	 999000	 240	 999000	 999	 1.639942e+03	 583.33	 516.67	 54.00	 14	 0.60	 
BFE_201	 1	 14	 2208.jpg	 1.642928e+03	 24	 999000	 240	 999000	 999	 1.643946e+03	 583.33	 516.67	 60.00	 29	 0.52	 
BFE_201	 1	 14	 1217.jpg	 1.645932e+03	 12	 999000	 120	 999000	 999	 1.646949e+03	 583.33	 516.67	 19.00	 38	 0.53	 
BFE_201	 1	 14	 1102.jpg	 1.647934e+03	 12	 999000	 120	 999000	 999	 1.648952e+03	 583.33	 516.67	 22.00	 2	 0.48	 
BFE_201	 1	 14	 1114.jpg	 1.650921e+03	 11	 9.052217e+02	 110	 5.834176e+02	 98	 1.651938e+03	 600.00	 516.67	 13.00	 14	 0.62	 
BFE_201	 1	 14	 1116.jpg	 1.654925e+03	 12	 999000	 120	 999000	 999	 1.655943e+03	 600.00	 516.67	 20.00	 16	 0.53	 
BFE_201	 1	 14	 1209.jpg	 1.658930e+03	 11	 9.683287e+02	 110	 6.000287e+02	 98	 1.659947e+03	 616.67	 516.67	 15.00	 30	 0.59	 
BFE_201	 1	 14	 1216.jpg	 1.660932e+03	 12	 999000	 120	 999000	 999	 1.661950e+03	 616.67	 516.67	 8.00	 37	 0.72	 
BFE_201	 1	 14	 1206.jpg	 1.665921e+03	 12	 999000	 120	 999000	 999	 1.666938e+03	 616.67	 516.67	 11.00	 27	 0.64	 
BFE_201	 1	 14	 1205.jpg	 1.667923e+03	 12	 999000	 120	 999000	 999	 1.668941e+03	 616.67	 516.67	 3.00	 26	 0.83	 
BFE_201	 1	 14	 1218.jpg	 1.669925e+03	 11	 9.167135e+02	 110	 6.167093e+02	 98	 1.670943e+03	 633.33	 516.67	 7.00	 39	 0.76	 
BFE_201	 1	 14	 1203.jpg	 1.675932e+03	 11	 9.499175e+02	 110	 6.333692e+02	 98	 1.676950e+03	 650.00	 516.67	 18.00	 24	 0.54	 
BFE_201	 1	 14	 2120.jpg	 1.677934e+03	 24	 999000	 240	 999000	 999	 1.678952e+03	 650.00	 516.67	 51.00	 20	 0.67	 
BFE_201	 1	 14	 2205.jpg	 1.679920e+03	 24	 999000	 240	 999000	 999	 1.680938e+03	 650.00	 516.67	 59.00	 26	 0.55	 
BFE_201	 1	 14	 1207.jpg	 1.681922e+03	 12	 999000	 120	 999000	 999	 1.682940e+03	 650.00	 516.67	 16.00	 28	 0.59	 
BFE_201	 1	 14	 2217.jpg	 1.685926e+03	 22	 8.354569e+02	 220	 5.167108e+02	 98	 1.686944e+03	 650.00	 533.33	 47.00	 38	 0.72	 
BFE_201	 1	 14	 2118.jpg	 1.689931e+03	 24	 999000	 240	 999000	 999	 1.690949e+03	 650.00	 533.33	 78.00	 18	 0.18	 
BFE_201	 1	 14	 2110.jpg	 1.692934e+03	 22	 7.635406e+02	 220	 5.333686e+02	 98	 1.693952e+03	 650.00	 550.00	 52.00	 10	 0.67	 
BFE_201	 1	 14	 2109.jpg	 1.696922e+03	 22	 8.395824e+02	 220	 5.500537e+02	 98	 1.697940e+03	 650.00	 566.67	 53.00	 9	 0.64	 
BFE_201	 1	 14	 2204.jpg	 1.699926e+03	 22	 9.164242e+02	 220	 5.666995e+02	 98	 1.700943e+03	 650.00	 583.33	 55.00	 25	 0.59	 
BFE_201	 1	 14	 1109.jpg	 1.701928e+03	 11	 9.461649e+02	 110	 6.500787e+02	 98	 1.702946e+03	 666.67	 583.33	 10.00	 9	 0.67	 
BFE_201	 1	 14	 2211.jpg	 1.705932e+03	 24	 999000	 240	 999000	 999	 1.706950e+03	 666.67	 583.33	 62.00	 32	 0.49	 
BFE_201	 1	 14	 1103.jpg	 1.707934e+03	 12	 999000	 120	 999000	 999	 1.708952e+03	 666.67	 583.33	 9.00	 3	 0.70	 
BFE_201	 1	 14	 2215.jpg	 1.709920e+03	 24	 999000	 240	 999000	 999	 1.710938e+03	 666.67	 583.33	 43.00	 36	 0.82	 
BFE_201	 1	 14	 1121.jpg	 1.713925e+03	 12	 999000	 120	 999000	 999	 1.714942e+03	 666.67	 583.33	 4.00	 21	 0.83	 
BFE_201	 1	 14	 2117.jpg	 1.715927e+03	 24	 999000	 240	 999000	 999	 1.716945e+03	 666.67	 583.33	 77.00	 17	 0.19	 
BFE_201	 1	 14	 1211.jpg	 1.719931e+03	 11	 1.030618e+03	 1100	 6.667076e+02	 98	 1.720949e+03	 616.67	 583.33	 12.00	 32	 0.63	 
BFE_201	 1	 14	 2218.jpg	 1.723919e+03	 24	 999000	 240	 999000	 999	 1.724937e+03	 616.67	 583.33	 48.00	 39	 0.71	 
BFE_201	 1	 14	 2213.jpg	 1.726922e+03	 24	 999000	 240	 999000	 999	 1.727940e+03	 616.67	 583.33	 44.00	 34	 0.78	 
BFE_201	 1	 14	 1208.jpg	 1.732929e+03	 12	 999000	 120	 999000	 999	 1.733947e+03	 616.67	 583.33	 17.00	 29	 0.58	 
BFE_201	 1	 14	 1108.jpg	 1.734931e+03	 12	 999000	 120	 999000	 999	 1.735949e+03	 616.67	 583.33	 38.00	 8	 0.17	 
BFE_201	 1	 14	 2212.jpg	 1.738919e+03	 24	 999000	 240	 999000	 999	 1.739937e+03	 616.67	 583.33	 61.00	 33	 0.52	 
BFE_201	 1	 14	 1219.jpg	 1.740922e+03	 12	 999000	 120	 999000	 999	 1.741939e+03	 616.67	 583.33	 21.00	 40	 0.52	 
BFE_201	 1	 14	 2206.jpg	 1.742924e+03	 24	 999000	 240	 999000	 999	 1.743941e+03	 616.67	 583.33	 49.00	 27	 0.69	 
BFE_201	 1	 14	 2116.jpg	 1.744926e+03	 24	 999000	 240	 999000	 999	 1.745944e+03	 616.67	 583.33	 56.00	 16	 0.59	 
BFE_201	 1	 14	 1214.jpg	 1.749932e+03	 12	 999000	 120	 999000	 999	 1.750949e+03	 616.67	 583.33	 14.00	 35	 0.62	 
BFE_201	 1	 14	 2209.jpg	 1.751934e+03	 22	 9.480838e+02	 220	 5.833656e+02	 98	 1.752952e+03	 616.67	 600.00	 50.00	 30	 0.68	 
BFE_201	 1	 14	 2214.jpg	 1.753919e+03	 22	 9.545128e+02	 220	 6.000489e+02	 98	 1.754937e+03	 616.67	 616.67	 58.00	 35	 0.56	 
BFE_201	 1	 14	 2103.jpg	 1.756923e+03	 24	 999000	 240	 999000	 999	 1.757941e+03	 616.67	 616.67	 57.00	 3	 0.58	 
