subjectID	 order	 runNum	 itemName	 onsetTime	 shuff_trialType	 RT	 respInTime	 AudioTime	 response	 fixationTime	 ladder1	 ladder2	 bidIndex	 itemNameIndex	 bidValue	 
BFE_102	 2	 11	 1102.jpg	 1.372715e+03	 11	 7.109247e+02	 110	 4.833722e+02	 98	 1.373733e+03	 500.00	 483.33	 14.00	 2	 0.60	 
BFE_102	 2	 11	 2209.jpg	 1.377704e+03	 22	 7.139070e+02	 220	 4.833737e+02	 98	 1.378722e+03	 500.00	 500.00	 56.00	 30	 0.68	 
BFE_102	 2	 11	 2103.jpg	 1.379706e+03	 24	 999000	 240	 999000	 999	 1.380724e+03	 500.00	 500.00	 52.00	 3	 0.75	 
BFE_102	 2	 11	 1105.jpg	 1.381709e+03	 12	 999000	 120	 999000	 999	 1.382726e+03	 500.00	 500.00	 19.00	 5	 0.53	 
BFE_102	 2	 11	 2217.jpg	 1.387698e+03	 22	 6.956331e+02	 220	 5.000364e+02	 98	 1.388717e+03	 500.00	 516.67	 49.00	 38	 0.76	 
BFE_102	 2	 11	 1201.jpg	 1.389701e+03	 12	 999000	 120	 999000	 999	 1.390719e+03	 500.00	 516.67	 13.00	 22	 0.60	 
BFE_102	 2	 11	 1106.jpg	 1.392704e+03	 12	 999000	 120	 999000	 999	 1.393722e+03	 500.00	 516.67	 18.00	 6	 0.53	 
BFE_102	 2	 11	 2115.jpg	 1.394707e+03	 24	 999000	 240	 999000	 999	 1.395724e+03	 500.00	 516.67	 61.00	 15	 0.53	 
BFE_102	 2	 11	 1121.jpg	 1.398711e+03	 11	 8.510910e+02	 110	 5.000381e+02	 98	 1.399729e+03	 516.67	 516.67	 17.00	 21	 0.55	 
BFE_102	 2	 11	 2114.jpg	 1.400713e+03	 24	 999000	 240	 999000	 999	 1.401731e+03	 516.67	 516.67	 47.00	 14	 0.85	 
BFE_102	 2	 11	 2101.jpg	 1.405702e+03	 24	 999000	 240	 999000	 999	 1.406720e+03	 516.67	 516.67	 44.00	 1	 0.87	 
BFE_102	 2	 11	 1211.jpg	 1.412710e+03	 11	 9.480063e+02	 110	 5.166943e+02	 98	 1.413728e+03	 533.33	 516.67	 9.00	 32	 0.70	 
BFE_102	 2	 11	 2118.jpg	 1.414712e+03	 24	 999000	 240	 999000	 999	 1.415730e+03	 533.33	 516.67	 78.00	 18	 0.32	 
BFE_102	 2	 11	 2214.jpg	 1.417699e+03	 24	 999000	 240	 999000	 999	 1.418717e+03	 533.33	 516.67	 60.00	 35	 0.57	 
BFE_102	 2	 11	 2110.jpg	 1.420702e+03	 24	 999000	 240	 999000	 999	 1.421720e+03	 533.33	 516.67	 53.00	 10	 0.73	 
BFE_102	 2	 11	 2111.jpg	 1.424707e+03	 24	 999000	 240	 999000	 999	 1.425725e+03	 533.33	 516.67	 59.00	 11	 0.62	 
BFE_102	 2	 11	 2201.jpg	 1.428711e+03	 22	 8.987726e+02	 220	 5.167001e+02	 98	 1.429729e+03	 533.33	 533.33	 57.00	 22	 0.66	 
BFE_102	 2	 11	 1203.jpg	 1.432699e+03	 12	 999000	 120	 999000	 999	 1.433717e+03	 533.33	 533.33	 3.00	 24	 0.87	 
BFE_102	 2	 11	 2105.jpg	 1.435703e+03	 24	 4.036053e+02	 24	 999000	 98	 1.436720e+03	 533.33	 533.33	 77.00	 5	 0.32	 
BFE_102	 2	 11	 1218.jpg	 1.441709e+03	 12	 999000	 120	 999000	 999	 1.442727e+03	 533.33	 533.33	 4.00	 39	 0.79	 
BFE_102	 2	 11	 2207.jpg	 1.443712e+03	 22	 9.226285e+02	 220	 5.333590e+02	 98	 1.444729e+03	 533.33	 550.00	 48.00	 28	 0.80	 
BFE_102	 2	 11	 1212.jpg	 1.446698e+03	 12	 999000	 120	 999000	 999	 1.447716e+03	 533.33	 550.00	 38.00	 33	 0.20	 
BFE_102	 2	 11	 1207.jpg	 1.448700e+03	 11	 8.136604e+02	 110	 5.333731e+02	 98	 1.449718e+03	 550.00	 550.00	 8.00	 28	 0.70	 
BFE_102	 2	 11	 1205.jpg	 1.450703e+03	 12	 999000	 120	 999000	 999	 1.451720e+03	 550.00	 550.00	 7.00	 26	 0.71	 
BFE_102	 2	 11	 2204.jpg	 1.452705e+03	 24	 999000	 240	 999000	 999	 1.453723e+03	 550.00	 550.00	 50.00	 25	 0.75	 
BFE_102	 2	 11	 2213.jpg	 1.455708e+03	 24	 999000	 240	 999000	 999	 1.456726e+03	 550.00	 550.00	 62.00	 34	 0.52	 
BFE_102	 2	 11	 1109.jpg	 1.459713e+03	 12	 999000	 120	 999000	 999	 1.460731e+03	 550.00	 550.00	 21.00	 9	 0.50	 
BFE_102	 2	 11	 1104.jpg	 1.461715e+03	 12	 999000	 120	 999000	 999	 1.462733e+03	 550.00	 550.00	 15.00	 4	 0.56	 
BFE_102	 2	 11	 1108.jpg	 1.463701e+03	 12	 999000	 120	 999000	 999	 1.464719e+03	 550.00	 550.00	 10.00	 8	 0.68	 
BFE_102	 2	 11	 2218.jpg	 1.465703e+03	 24	 999000	 240	 999000	 999	 1.466721e+03	 550.00	 550.00	 55.00	 39	 0.72	 
BFE_102	 2	 11	 1115.jpg	 1.467705e+03	 12	 999000	 120	 999000	 999	 1.468723e+03	 550.00	 550.00	 22.00	 15	 0.48	 
BFE_102	 2	 11	 1110.jpg	 1.469707e+03	 12	 999000	 120	 999000	 999	 1.470725e+03	 550.00	 550.00	 20.00	 10	 0.52	 
BFE_102	 2	 11	 2203.jpg	 1.473712e+03	 22	 8.423037e+02	 220	 5.500418e+02	 98	 1.474729e+03	 550.00	 566.67	 54.00	 24	 0.72	 
BFE_102	 2	 11	 1208.jpg	 1.477699e+03	 12	 999000	 120	 999000	 999	 1.478717e+03	 550.00	 566.67	 12.00	 29	 0.62	 
BFE_102	 2	 11	 2211.jpg	 1.479702e+03	 22	 999000	 2	 5.666950e+02	 999	 1.480720e+03	 550.00	 516.67	 51.00	 32	 0.75	 
BFE_102	 2	 11	 2104.jpg	 1.481704e+03	 24	 999000	 240	 999000	 999	 1.482722e+03	 550.00	 516.67	 58.00	 4	 0.63	 
BFE_102	 2	 11	 1116.jpg	 1.483706e+03	 12	 999000	 120	 999000	 999	 1.484724e+03	 550.00	 516.67	 37.00	 16	 0.20	 
BFE_102	 2	 11	 1209.jpg	 1.485708e+03	 11	 9.096116e+02	 110	 5.500293e+02	 98	 1.486726e+03	 566.67	 516.67	 16.00	 30	 0.55	 
BFE_102	 2	 11	 1204.jpg	 1.491698e+03	 11	 1.015795e+03	 1	 5.666944e+02	 110	 1.492716e+03	 516.67	 516.67	 11.00	 25	 0.65	 
BFE_102	 2	 11	 2206.jpg	 1.493701e+03	 24	 999000	 240	 999000	 999	 1.494719e+03	 516.67	 516.67	 43.00	 27	 0.87	 
