subjectID	 order	 runNum	 itemName	 onsetTime	 shuff_trialType	 RT	 respInTime	 AudioTime	 response	 fixationTime	 ladder1	 ladder2	 bidIndex	 itemNameIndex	 bidValue	 
BFE_105	 1	 15	 2209.jpg	 1.955027e+03	 24	 999000	 240	 999000	 999	 1.956044e+03	 616.67	 683.33	 49.00	 30	 0.73	 
BFE_105	 1	 15	 1216.jpg	 1.957012e+03	 11	 9.100538e+02	 110	 6.167115e+02	 98	 1.958030e+03	 633.33	 683.33	 12.00	 37	 0.64	 
BFE_105	 1	 15	 2202.jpg	 1.961017e+03	 24	 999000	 240	 999000	 999	 1.962034e+03	 633.33	 683.33	 56.00	 23	 0.60	 
BFE_105	 1	 15	 2204.jpg	 1.964020e+03	 24	 999000	 240	 999000	 999	 1.965038e+03	 633.33	 683.33	 57.00	 25	 0.58	 
BFE_105	 1	 15	 2121.jpg	 1.966022e+03	 24	 999000	 240	 999000	 999	 1.967040e+03	 633.33	 683.33	 51.00	 21	 0.66	 
BFE_105	 1	 15	 1106.jpg	 1.969009e+03	 12	 999000	 120	 999000	 999	 1.970027e+03	 633.33	 683.33	 3.00	 6	 0.80	 
BFE_105	 1	 15	 2219.jpg	 1.973013e+03	 24	 999000	 240	 999000	 999	 1.974031e+03	 633.33	 683.33	 62.00	 40	 0.51	 
BFE_105	 1	 15	 2208.jpg	 1.977018e+03	 24	 999000	 240	 999000	 999	 1.978036e+03	 633.33	 683.33	 60.00	 29	 0.53	 
BFE_105	 1	 15	 2109.jpg	 1.979020e+03	 22	 9.338810e+02	 220	 6.833792e+02	 98	 1.980038e+03	 633.33	 700.00	 58.00	 9	 0.56	 
BFE_105	 1	 15	 2218.jpg	 1.984009e+03	 22	 9.689262e+02	 220	 7.000308e+02	 98	 1.985027e+03	 633.33	 716.67	 55.00	 39	 0.62	 
BFE_105	 1	 15	 2206.jpg	 1.986011e+03	 24	 999000	 240	 999000	 999	 1.987029e+03	 633.33	 716.67	 61.00	 27	 0.52	 
BFE_105	 1	 15	 1103.jpg	 1.988014e+03	 11	 8.443493e+02	 110	 6.333598e+02	 98	 1.989031e+03	 650.00	 716.67	 15.00	 3	 0.60	 
BFE_105	 1	 15	 2211.jpg	 1.994020e+03	 24	 999000	 240	 999000	 999	 1.995038e+03	 650.00	 716.67	 48.00	 32	 0.73	 
BFE_105	 1	 15	 2103.jpg	 1.996023e+03	 24	 999000	 240	 999000	 999	 1.997040e+03	 650.00	 716.67	 43.00	 3	 0.82	 
BFE_105	 1	 15	 1202.jpg	 1.998008e+03	 12	 999000	 120	 999000	 999	 1.999026e+03	 650.00	 716.67	 8.00	 23	 0.75	 
BFE_105	 1	 15	 1119.jpg	 2.000010e+03	 12	 999000	 120	 999000	 999	 2.001028e+03	 650.00	 716.67	 21.00	 19	 0.49	 
BFE_105	 1	 15	 2217.jpg	 2.004015e+03	 22	 1.035251e+03	 2200	 7.166965e+02	 98	 2.005033e+03	 650.00	 666.67	 53.00	 38	 0.64	 
BFE_105	 1	 15	 2216.jpg	 2.008019e+03	 22	 8.467171e+02	 220	 6.666937e+02	 98	 2.009037e+03	 650.00	 683.33	 50.00	 37	 0.68	 
BFE_105	 1	 15	 1110.jpg	 2.011023e+03	 12	 999000	 120	 999000	 999	 2.012041e+03	 650.00	 683.33	 37.00	 10	 0.20	 
BFE_105	 1	 15	 1218.jpg	 2.015011e+03	 12	 999000	 120	 999000	 999	 2.016028e+03	 650.00	 683.33	 16.00	 39	 0.60	 
BFE_105	 1	 15	 2214.jpg	 2.018014e+03	 24	 999000	 240	 999000	 999	 2.019032e+03	 650.00	 683.33	 54.00	 35	 0.62	 
BFE_105	 1	 15	 1107.jpg	 2.020016e+03	 12	 999000	 120	 999000	 999	 2.021034e+03	 650.00	 683.33	 22.00	 7	 0.45	 
BFE_105	 1	 15	 1213.jpg	 2.024021e+03	 12	 999000	 120	 999000	 999	 2.025039e+03	 650.00	 683.33	 11.00	 34	 0.68	 
BFE_105	 1	 15	 2118.jpg	 2.026023e+03	 24	 999000	 240	 999000	 999	 2.027041e+03	 650.00	 683.33	 78.00	 18	 0.18	 
BFE_105	 1	 15	 1215.jpg	 2.028009e+03	 12	 999000	 120	 999000	 999	 2.029026e+03	 650.00	 683.33	 19.00	 36	 0.51	 
BFE_105	 1	 15	 1201.jpg	 2.032013e+03	 12	 999000	 120	 999000	 999	 2.033031e+03	 650.00	 683.33	 4.00	 22	 0.78	 
BFE_105	 1	 15	 2106.jpg	 2.034015e+03	 22	 9.228706e+02	 220	 6.833652e+02	 98	 2.035033e+03	 650.00	 700.00	 47.00	 6	 0.74	 
BFE_105	 1	 15	 1205.jpg	 2.038020e+03	 11	 8.623766e+02	 110	 6.500286e+02	 98	 2.039037e+03	 666.67	 700.00	 7.00	 26	 0.77	 
BFE_105	 1	 15	 1209.jpg	 2.042007e+03	 11	 9.067988e+02	 110	 6.666927e+02	 98	 2.043025e+03	 683.33	 700.00	 10.00	 30	 0.69	 
BFE_105	 1	 15	 1112.jpg	 2.045011e+03	 12	 999000	 120	 999000	 999	 2.046029e+03	 683.33	 700.00	 38.00	 12	 0.20	 
BFE_105	 1	 15	 1121.jpg	 2.051018e+03	 12	 999000	 120	 999000	 999	 2.052035e+03	 683.33	 700.00	 17.00	 21	 0.52	 
BFE_105	 1	 15	 1219.jpg	 2.053020e+03	 12	 999000	 120	 999000	 999	 2.054038e+03	 683.33	 700.00	 14.00	 40	 0.61	 
BFE_105	 1	 15	 2215.jpg	 2.057007e+03	 24	 999000	 240	 999000	 999	 2.058025e+03	 683.33	 700.00	 59.00	 36	 0.54	 
BFE_105	 1	 15	 1203.jpg	 2.059010e+03	 12	 999000	 120	 999000	 999	 2.060028e+03	 683.33	 700.00	 20.00	 24	 0.51	 
BFE_105	 1	 15	 1113.jpg	 2.061012e+03	 12	 999000	 120	 999000	 999	 2.062030e+03	 683.33	 700.00	 9.00	 13	 0.70	 
BFE_105	 1	 15	 2117.jpg	 2.063014e+03	 24	 999000	 240	 999000	 999	 2.064032e+03	 683.33	 700.00	 77.00	 17	 0.20	 
BFE_105	 1	 15	 2213.jpg	 2.068020e+03	 22	 1.101925e+03	 2200	 7.000324e+02	 98	 2.069038e+03	 683.33	 650.00	 52.00	 34	 0.65	 
BFE_105	 1	 15	 1102.jpg	 2.070022e+03	 11	 1.067777e+03	 1100	 6.833645e+02	 98	 2.071040e+03	 633.33	 650.00	 13.00	 2	 0.62	 
BFE_105	 1	 15	 2114.jpg	 2.072008e+03	 24	 999000	 240	 999000	 999	 2.073026e+03	 633.33	 650.00	 44.00	 14	 0.80	 
BFE_105	 1	 15	 1208.jpg	 2.075011e+03	 11	 9.107821e+02	 110	 6.333740e+02	 98	 2.076029e+03	 650.00	 650.00	 18.00	 29	 0.52	 
