subjectID	 order	 runNum	 itemName	 onsetTime	 shuff_trialType	 RT	 respInTime	 AudioTime	 response	 fixationTime	 ladder1	 ladder2	 bidIndex	 itemNameIndex	 bidValue	 
BFE_110	 2	 16	 1205.jpg	 2.265767e+03	 12	 999000	 120	 999000	 999	 2.266785e+03	 583.33	 583.33	 4.00	 26	 0.78	 
BFE_110	 2	 16	 2120.jpg	 2.270756e+03	 22	 8.779300e+02	 220	 5.833790e+02	 98	 2.271774e+03	 583.33	 600.00	 51.00	 20	 0.69	 
BFE_110	 2	 16	 2202.jpg	 2.272758e+03	 24	 999000	 240	 999000	 999	 2.273776e+03	 583.33	 600.00	 59.00	 23	 0.60	 
BFE_110	 2	 16	 2104.jpg	 2.274761e+03	 24	 999000	 240	 999000	 999	 2.275779e+03	 583.33	 600.00	 61.00	 4	 0.59	 
BFE_110	 2	 16	 2218.jpg	 2.280751e+03	 24	 999000	 240	 999000	 999	 2.281769e+03	 583.33	 600.00	 44.00	 39	 0.81	 
BFE_110	 2	 16	 2211.jpg	 2.282753e+03	 22	 1.025176e+03	 2200	 6.000375e+02	 98	 2.283771e+03	 583.33	 550.00	 49.00	 32	 0.71	 
BFE_110	 2	 16	 1109.jpg	 2.285756e+03	 12	 999000	 120	 999000	 999	 2.286774e+03	 583.33	 550.00	 19.00	 9	 0.51	 
BFE_110	 2	 16	 1211.jpg	 2.287759e+03	 12	 999000	 120	 999000	 999	 2.288776e+03	 583.33	 550.00	 10.00	 32	 0.70	 
BFE_110	 2	 16	 2204.jpg	 2.291763e+03	 22	 8.310317e+02	 220	 5.500299e+02	 98	 2.292781e+03	 583.33	 566.67	 48.00	 25	 0.76	 
BFE_110	 2	 16	 1209.jpg	 2.293748e+03	 12	 999000	 120	 999000	 999	 2.294766e+03	 583.33	 566.67	 7.00	 30	 0.76	 
BFE_110	 2	 16	 2214.jpg	 2.298754e+03	 24	 3.278608e+02	 24	 999000	 98	 2.299772e+03	 583.33	 566.67	 58.00	 35	 0.61	 
BFE_110	 2	 16	 2217.jpg	 2.305762e+03	 24	 999000	 240	 999000	 999	 2.306780e+03	 583.33	 566.67	 60.00	 38	 0.59	 
BFE_110	 2	 16	 1117.jpg	 2.307748e+03	 11	 9.506752e+02	 110	 5.833786e+02	 98	 2.308766e+03	 600.00	 566.67	 14.00	 17	 0.59	 
BFE_110	 2	 16	 1102.jpg	 2.310751e+03	 12	 999000	 120	 999000	 999	 2.311769e+03	 600.00	 566.67	 37.00	 2	 0.16	 
BFE_110	 2	 16	 2119.jpg	 2.313754e+03	 24	 999000	 240	 999000	 999	 2.314772e+03	 600.00	 566.67	 78.00	 19	 0.22	 
BFE_110	 2	 16	 2121.jpg	 2.317759e+03	 24	 999000	 240	 999000	 999	 2.318777e+03	 600.00	 566.67	 52.00	 21	 0.65	 
BFE_110	 2	 16	 2102.jpg	 2.321763e+03	 24	 999000	 240	 999000	 999	 2.322781e+03	 600.00	 566.67	 62.00	 2	 0.58	 
BFE_110	 2	 16	 2207.jpg	 2.325751e+03	 24	 999000	 240	 999000	 999	 2.326769e+03	 600.00	 566.67	 53.00	 28	 0.64	 
BFE_110	 2	 16	 1106.jpg	 2.328755e+03	 12	 999000	 120	 999000	 999	 2.329772e+03	 600.00	 566.67	 18.00	 6	 0.54	 
BFE_110	 2	 16	 2208.jpg	 2.334761e+03	 24	 999000	 240	 999000	 999	 2.335779e+03	 600.00	 566.67	 55.00	 29	 0.63	 
BFE_110	 2	 16	 2205.jpg	 2.336764e+03	 22	 1.174586e+03	 2	 5.666932e+02	 110	 2.337781e+03	 600.00	 516.67	 57.00	 26	 0.62	 
BFE_110	 2	 16	 1121.jpg	 2.339750e+03	 11	 9.718686e+02	 110	 6.000296e+02	 98	 2.340768e+03	 616.67	 516.67	 16.00	 21	 0.58	 
BFE_110	 2	 16	 2206.jpg	 2.341752e+03	 24	 999000	 240	 999000	 999	 2.342770e+03	 616.67	 516.67	 47.00	 27	 0.78	 
BFE_110	 2	 16	 1114.jpg	 2.343755e+03	 11	 9.433766e+02	 110	 6.167264e+02	 98	 2.344772e+03	 633.33	 516.67	 11.00	 14	 0.67	 
BFE_110	 2	 16	 1218.jpg	 2.345757e+03	 11	 8.772272e+02	 110	 6.333726e+02	 98	 2.346775e+03	 650.00	 516.67	 9.00	 39	 0.73	 
BFE_110	 2	 16	 2210.jpg	 2.348760e+03	 24	 999000	 240	 999000	 999	 2.349778e+03	 650.00	 516.67	 77.00	 31	 0.25	 
BFE_110	 2	 16	 1206.jpg	 2.352748e+03	 12	 999000	 120	 999000	 999	 2.353766e+03	 650.00	 516.67	 3.00	 27	 0.83	 
BFE_110	 2	 16	 1105.jpg	 2.354750e+03	 12	 999000	 120	 999000	 999	 2.355768e+03	 650.00	 516.67	 21.00	 5	 0.48	 
BFE_110	 2	 16	 1216.jpg	 2.356753e+03	 11	 9.535016e+02	 110	 6.500281e+02	 98	 2.357770e+03	 666.67	 516.67	 8.00	 37	 0.74	 
BFE_110	 2	 16	 2109.jpg	 2.358755e+03	 22	 7.593248e+02	 220	 5.166927e+02	 98	 2.359773e+03	 666.67	 533.33	 54.00	 9	 0.63	 
BFE_110	 2	 16	 1115.jpg	 2.360757e+03	 12	 999000	 120	 999000	 999	 2.361775e+03	 666.67	 533.33	 20.00	 15	 0.50	 
BFE_110	 2	 16	 2115.jpg	 2.362759e+03	 22	 8.107682e+02	 220	 5.333723e+02	 98	 2.363777e+03	 666.67	 550.00	 56.00	 15	 0.63	 
BFE_110	 2	 16	 1204.jpg	 2.366764e+03	 11	 9.742825e+02	 110	 6.666993e+02	 98	 2.367782e+03	 683.33	 550.00	 17.00	 25	 0.54	 
BFE_110	 2	 16	 1120.jpg	 2.370752e+03	 12	 999000	 120	 999000	 999	 2.371769e+03	 683.33	 550.00	 13.00	 20	 0.60	 
BFE_110	 2	 16	 2213.jpg	 2.372754e+03	 24	 999000	 240	 999000	 999	 2.373772e+03	 683.33	 550.00	 43.00	 34	 0.84	 
BFE_110	 2	 16	 1219.jpg	 2.374756e+03	 12	 999000	 120	 999000	 999	 2.375774e+03	 683.33	 550.00	 15.00	 40	 0.59	 
BFE_110	 2	 16	 1210.jpg	 2.376758e+03	 12	 999000	 120	 999000	 999	 2.377776e+03	 683.33	 550.00	 22.00	 31	 0.47	 
BFE_110	 2	 16	 1119.jpg	 2.378761e+03	 12	 999000	 120	 999000	 999	 2.379778e+03	 683.33	 550.00	 38.00	 19	 0.15	 
BFE_110	 2	 16	 1214.jpg	 2.384751e+03	 12	 999000	 120	 999000	 999	 2.385768e+03	 683.33	 550.00	 12.00	 35	 0.61	 
BFE_110	 2	 16	 2219.jpg	 2.386753e+03	 24	 999000	 240	 999000	 999	 2.387771e+03	 683.33	 550.00	 50.00	 40	 0.70	 
