subjectID	 order	 runNum	 itemName	 onsetTime	 shuff_trialType	 RT	 respInTime	 AudioTime	 response	 fixationTime	 ladder1	 ladder2	 bidIndex	 itemNameIndex	 bidValue	 
BFE_107	 1	 1	 1202.jpg	 1.314193e+00	 11	 1.128172e+03	 1100	 7.500593e+02	 98	 2.331618e+00	 700.00	 750.00	 10.00	 23	 0.69	 
BFE_107	 1	 1	 1212.jpg	 6.302781e+00	 12	 999000	 120	 999000	 999	 7.320493e+00	 700.00	 750.00	 37.00	 33	 0.21	 
BFE_107	 1	 1	 2217.jpg	 8.304999e+00	 24	 999000	 240	 999000	 999	 9.322793e+00	 700.00	 750.00	 43.00	 38	 0.81	 
BFE_107	 1	 1	 1217.jpg	 1.030727e+01	 11	 9.670943e+02	 110	 7.000348e+02	 98	 1.132506e+01	 716.67	 750.00	 12.00	 38	 0.63	 
BFE_107	 1	 1	 1103.jpg	 1.631410e+01	 12	 999000	 120	 999000	 999	 1.733185e+01	 716.67	 750.00	 9.00	 3	 0.71	 
BFE_107	 1	 1	 1110.jpg	 1.829970e+01	 12	 999000	 120	 999000	 999	 1.931731e+01	 716.67	 750.00	 21.00	 10	 0.46	 
BFE_107	 1	 1	 2109.jpg	 2.130298e+01	 24	 999000	 240	 999000	 999	 2.232073e+01	 716.67	 750.00	 56.00	 9	 0.58	 
BFE_107	 1	 1	 1211.jpg	 2.330523e+01	 12	 999000	 120	 999000	 999	 2.432294e+01	 716.67	 750.00	 20.00	 32	 0.46	 
BFE_107	 1	 1	 2202.jpg	 2.730970e+01	 24	 999000	 240	 999000	 999	 2.832742e+01	 716.67	 750.00	 51.00	 23	 0.64	 
BFE_107	 1	 1	 1109.jpg	 2.931200e+01	 11	 9.863829e+02	 110	 7.167020e+02	 98	 3.032978e+01	 733.33	 750.00	 13.00	 9	 0.63	 
BFE_107	 1	 1	 2214.jpg	 3.430091e+01	 24	 999000	 240	 999000	 999	 3.531861e+01	 733.33	 750.00	 44.00	 35	 0.80	 
BFE_107	 1	 1	 1205.jpg	 4.130873e+01	 12	 999000	 120	 999000	 999	 4.232651e+01	 733.33	 750.00	 4.00	 26	 0.82	 
BFE_107	 1	 1	 2219.jpg	 4.331100e+01	 22	 1.019378e+03	 2200	 7.500423e+02	 98	 4.432877e+01	 733.33	 700.00	 55.00	 40	 0.58	 
BFE_107	 1	 1	 2205.jpg	 4.631434e+01	 24	 999000	 240	 999000	 999	 4.733214e+01	 733.33	 700.00	 48.00	 26	 0.73	 
BFE_107	 1	 1	 1118.jpg	 4.930112e+01	 12	 999000	 120	 999000	 999	 5.031881e+01	 733.33	 700.00	 38.00	 18	 0.12	 
BFE_107	 1	 1	 1216.jpg	 5.330558e+01	 12	 999000	 120	 999000	 999	 5.432328e+01	 733.33	 700.00	 22.00	 37	 0.46	 
BFE_107	 1	 1	 1214.jpg	 5.730999e+01	 11	 1.052409e+03	 1100	 7.333711e+02	 98	 5.832777e+01	 683.33	 700.00	 15.00	 35	 0.59	 
BFE_107	 1	 1	 1113.jpg	 6.131459e+01	 12	 999000	 120	 999000	 999	 6.233238e+01	 683.33	 700.00	 8.00	 13	 0.73	 
BFE_107	 1	 1	 2207.jpg	 6.430132e+01	 24	 999000	 240	 999000	 999	 6.531902e+01	 683.33	 700.00	 62.00	 28	 0.47	 
BFE_107	 1	 1	 2101.jpg	 7.030790e+01	 24	 999000	 240	 999000	 999	 7.132570e+01	 683.33	 700.00	 77.00	 1	 0.18	 
BFE_107	 1	 1	 1115.jpg	 7.231021e+01	 12	 999000	 120	 999000	 999	 7.332795e+01	 683.33	 700.00	 14.00	 15	 0.62	 
BFE_107	 1	 1	 1201.jpg	 7.531363e+01	 12	 999000	 120	 999000	 999	 7.633136e+01	 683.33	 700.00	 11.00	 22	 0.66	 
BFE_107	 1	 1	 2113.jpg	 7.729888e+01	 24	 999000	 240	 999000	 999	 7.831693e+01	 683.33	 700.00	 54.00	 13	 0.60	 
BFE_107	 1	 1	 2203.jpg	 7.930145e+01	 22	 9.089236e+02	 220	 7.000286e+02	 98	 8.031919e+01	 683.33	 716.67	 53.00	 24	 0.60	 
BFE_107	 1	 1	 2121.jpg	 8.130365e+01	 24	 999000	 240	 999000	 999	 8.232147e+01	 683.33	 716.67	 60.00	 21	 0.50	 
BFE_107	 1	 1	 2104.jpg	 8.430698e+01	 22	 1.063388e+03	 2200	 7.167225e+02	 98	 8.532489e+01	 683.33	 666.67	 50.00	 4	 0.67	 
BFE_107	 1	 1	 1209.jpg	 8.831148e+01	 12	 999000	 120	 999000	 999	 8.932932e+01	 683.33	 666.67	 16.00	 30	 0.58	 
BFE_107	 1	 1	 2218.jpg	 9.031378e+01	 24	 999000	 240	 999000	 999	 9.133158e+01	 683.33	 666.67	 57.00	 39	 0.58	 
BFE_107	 1	 1	 1105.jpg	 9.229899e+01	 12	 999000	 120	 999000	 999	 9.331711e+01	 683.33	 666.67	 3.00	 5	 0.84	 
BFE_107	 1	 1	 2201.jpg	 9.430160e+01	 24	 999000	 240	 999000	 999	 9.531938e+01	 683.33	 666.67	 49.00	 22	 0.73	 
BFE_107	 1	 1	 2116.jpg	 9.630386e+01	 22	 8.825271e+02	 220	 6.666995e+02	 98	 9.732158e+01	 683.33	 683.33	 58.00	 16	 0.55	 
BFE_107	 1	 1	 2209.jpg	 9.830605e+01	 24	 999000	 240	 999000	 999	 9.932389e+01	 683.33	 683.33	 59.00	 30	 0.51	 
BFE_107	 1	 1	 1111.jpg	 1.023106e+02	 12	 999000	 120	 999000	 999	 1.033284e+02	 683.33	 683.33	 17.00	 11	 0.57	 
BFE_107	 1	 1	 1106.jpg	 1.063151e+02	 11	 8.952746e+02	 110	 6.833746e+02	 98	 1.073328e+02	 700.00	 683.33	 7.00	 6	 0.74	 
BFE_107	 1	 1	 2117.jpg	 1.083006e+02	 24	 999000	 240	 999000	 999	 1.093183e+02	 700.00	 683.33	 78.00	 17	 0.15	 
BFE_107	 1	 1	 2213.jpg	 1.103029e+02	 24	 999000	 240	 999000	 999	 1.113206e+02	 700.00	 683.33	 61.00	 34	 0.49	 
BFE_107	 1	 1	 2105.jpg	 1.123051e+02	 22	 8.732473e+02	 220	 6.833717e+02	 98	 1.133229e+02	 700.00	 700.00	 47.00	 5	 0.76	 
BFE_107	 1	 1	 2111.jpg	 1.143074e+02	 22	 9.509994e+02	 220	 7.000374e+02	 98	 1.153251e+02	 700.00	 716.67	 52.00	 11	 0.63	 
BFE_107	 1	 1	 1213.jpg	 1.203141e+02	 12	 999000	 120	 999000	 999	 1.213319e+02	 700.00	 716.67	 19.00	 34	 0.49	 
BFE_107	 1	 1	 1107.jpg	 1.222993e+02	 11	 9.110552e+02	 110	 7.000345e+02	 98	 1.233174e+02	 716.67	 716.67	 18.00	 7	 0.53	 
