subjectID	 order	 runNum	 itemName	 onsetTime	 shuff_trialType	 RT	 respInTime	 AudioTime	 response	 fixationTime	 ladder1	 ladder2	 bidIndex	 itemNameIndex	 bidValue	 
BFE_105	 1	 9	 2206.jpg	 1.095111e+03	 24	 999000	 240	 999000	 999	 1.096129e+03	 616.67	 683.33	 61.00	 27	 0.52	 
BFE_105	 1	 9	 1102.jpg	 1.098098e+03	 11	 9.204374e+02	 110	 6.167089e+02	 98	 1.099115e+03	 633.33	 683.33	 13.00	 2	 0.62	 
BFE_105	 1	 9	 1107.jpg	 1.102102e+03	 12	 999000	 120	 999000	 999	 1.103120e+03	 633.33	 683.33	 22.00	 7	 0.45	 
BFE_105	 1	 9	 1103.jpg	 1.104104e+03	 11	 8.577635e+02	 110	 6.333734e+02	 98	 1.105122e+03	 650.00	 683.33	 15.00	 3	 0.60	 
BFE_105	 1	 9	 2219.jpg	 1.106107e+03	 24	 999000	 240	 999000	 999	 1.107124e+03	 650.00	 683.33	 62.00	 40	 0.51	 
BFE_105	 1	 9	 2211.jpg	 1.110094e+03	 24	 999000	 240	 999000	 999	 1.111112e+03	 650.00	 683.33	 48.00	 32	 0.73	 
BFE_105	 1	 9	 2209.jpg	 1.112097e+03	 24	 999000	 240	 999000	 999	 1.113114e+03	 650.00	 683.33	 49.00	 30	 0.73	 
BFE_105	 1	 9	 1202.jpg	 1.117102e+03	 12	 999000	 120	 999000	 999	 1.118120e+03	 650.00	 683.33	 8.00	 23	 0.75	 
BFE_105	 1	 9	 2118.jpg	 1.119104e+03	 24	 999000	 240	 999000	 999	 1.120122e+03	 650.00	 683.33	 78.00	 18	 0.18	 
BFE_105	 1	 9	 2106.jpg	 1.122108e+03	 22	 9.341378e+02	 220	 6.833866e+02	 98	 1.123126e+03	 650.00	 700.00	 47.00	 6	 0.74	 
BFE_105	 1	 9	 1208.jpg	 1.125095e+03	 11	 9.794722e+02	 110	 6.500328e+02	 98	 1.126112e+03	 666.67	 700.00	 18.00	 29	 0.52	 
BFE_105	 1	 9	 1215.jpg	 1.129099e+03	 12	 999000	 120	 999000	 999	 1.130117e+03	 666.67	 700.00	 19.00	 36	 0.51	 
BFE_105	 1	 9	 2109.jpg	 1.132102e+03	 22	 1.227648e+03	 2200	 7.000379e+02	 98	 1.133120e+03	 666.67	 650.00	 58.00	 9	 0.56	 
BFE_105	 1	 9	 1218.jpg	 1.134105e+03	 12	 999000	 120	 999000	 999	 1.135122e+03	 666.67	 650.00	 16.00	 39	 0.60	 
BFE_105	 1	 9	 2214.jpg	 1.137091e+03	 24	 999000	 240	 999000	 999	 1.138109e+03	 666.67	 650.00	 54.00	 35	 0.62	 
BFE_105	 1	 9	 2121.jpg	 1.141096e+03	 24	 999000	 240	 999000	 999	 1.142114e+03	 666.67	 650.00	 51.00	 21	 0.66	 
BFE_105	 1	 9	 2215.jpg	 1.144099e+03	 24	 999000	 240	 999000	 999	 1.145117e+03	 666.67	 650.00	 59.00	 36	 0.54	 
BFE_105	 1	 9	 2103.jpg	 1.146102e+03	 24	 999000	 240	 999000	 999	 1.147119e+03	 666.67	 650.00	 43.00	 3	 0.82	 
BFE_105	 1	 9	 1113.jpg	 1.148104e+03	 12	 999000	 120	 999000	 999	 1.149121e+03	 666.67	 650.00	 9.00	 13	 0.70	 
BFE_105	 1	 9	 2217.jpg	 1.153093e+03	 22	 8.933583e+02	 220	 6.500257e+02	 98	 1.154110e+03	 666.67	 666.67	 53.00	 38	 0.64	 
BFE_105	 1	 9	 1203.jpg	 1.157097e+03	 12	 999000	 120	 999000	 999	 1.158115e+03	 666.67	 666.67	 20.00	 24	 0.51	 
BFE_105	 1	 9	 1205.jpg	 1.161102e+03	 11	 1.044470e+03	 1100	 6.666977e+02	 98	 1.162119e+03	 616.67	 666.67	 7.00	 26	 0.77	 
BFE_105	 1	 9	 1216.jpg	 1.167092e+03	 11	 8.942100e+02	 110	 6.167003e+02	 98	 1.168109e+03	 633.33	 666.67	 12.00	 37	 0.64	 
BFE_105	 1	 9	 1213.jpg	 1.169094e+03	 12	 999000	 120	 999000	 999	 1.170112e+03	 633.33	 666.67	 11.00	 34	 0.68	 
BFE_105	 1	 9	 1219.jpg	 1.171096e+03	 12	 999000	 120	 999000	 999	 1.172114e+03	 633.33	 666.67	 14.00	 40	 0.61	 
BFE_105	 1	 9	 2218.jpg	 1.173098e+03	 22	 9.275975e+02	 220	 6.666976e+02	 98	 1.174116e+03	 633.33	 683.33	 55.00	 39	 0.62	 
BFE_105	 1	 9	 1209.jpg	 1.175101e+03	 11	 9.251948e+02	 110	 6.333661e+02	 98	 1.176118e+03	 650.00	 683.33	 10.00	 30	 0.69	 
BFE_105	 1	 9	 2114.jpg	 1.179105e+03	 24	 999000	 240	 999000	 999	 1.180123e+03	 650.00	 683.33	 44.00	 14	 0.80	 
BFE_105	 1	 9	 2208.jpg	 1.181107e+03	 24	 999000	 240	 999000	 999	 1.182125e+03	 650.00	 683.33	 60.00	 29	 0.53	 
BFE_105	 1	 9	 2204.jpg	 1.185095e+03	 24	 999000	 240	 999000	 999	 1.186113e+03	 650.00	 683.33	 57.00	 25	 0.58	 
BFE_105	 1	 9	 1110.jpg	 1.187098e+03	 12	 999000	 120	 999000	 999	 1.188115e+03	 650.00	 683.33	 37.00	 10	 0.20	 
BFE_105	 1	 9	 1201.jpg	 1.189100e+03	 12	 999000	 120	 999000	 999	 1.190117e+03	 650.00	 683.33	 4.00	 22	 0.78	 
BFE_105	 1	 9	 2216.jpg	 1.191102e+03	 22	 9.079594e+02	 220	 6.833686e+02	 98	 1.192120e+03	 650.00	 700.00	 50.00	 37	 0.68	 
BFE_105	 1	 9	 1112.jpg	 1.196108e+03	 12	 999000	 120	 999000	 999	 1.197125e+03	 650.00	 700.00	 38.00	 12	 0.20	 
BFE_105	 1	 9	 2213.jpg	 1.198093e+03	 22	 1.012842e+03	 2200	 7.000295e+02	 98	 1.199113e+03	 650.00	 650.00	 52.00	 34	 0.65	 
BFE_105	 1	 9	 2202.jpg	 1.200095e+03	 24	 999000	 240	 999000	 999	 1.201113e+03	 650.00	 650.00	 56.00	 23	 0.60	 
BFE_105	 1	 9	 1106.jpg	 1.203099e+03	 12	 999000	 120	 999000	 999	 1.204117e+03	 650.00	 650.00	 3.00	 6	 0.80	 
BFE_105	 1	 9	 1121.jpg	 1.210107e+03	 12	 999000	 120	 999000	 999	 1.211124e+03	 650.00	 650.00	 17.00	 21	 0.52	 
BFE_105	 1	 9	 1119.jpg	 1.214094e+03	 12	 999000	 120	 999000	 999	 1.215112e+03	 650.00	 650.00	 21.00	 19	 0.49	 
BFE_105	 1	 9	 2117.jpg	 1.221102e+03	 24	 999000	 240	 999000	 999	 1.222120e+03	 650.00	 650.00	 77.00	 17	 0.20	 
