subjectID	 order	 runNum	 itemName	 onsetTime	 shuff_trialType	 RT	 respInTime	 AudioTime	 response	 fixationTime	 ladder1	 ladder2	 bidIndex	 itemNameIndex	 bidValue	 
BFE_109	 1	 4	 2204.jpg	 3.880531e+02	 24	 999000	 240	 999000	 999	 3.890708e+02	 716.67	 716.67	 48.00	 25	 0.71	 
BFE_109	 1	 4	 1205.jpg	 3.910397e+02	 11	 9.066023e+02	 110	 7.167203e+02	 98	 3.920576e+02	 733.33	 716.67	 13.00	 26	 0.62	 
BFE_109	 1	 4	 1102.jpg	 3.950442e+02	 12	 999000	 120	 999000	 999	 3.960620e+02	 733.33	 716.67	 16.00	 2	 0.59	 
BFE_109	 1	 4	 2105.jpg	 3.970464e+02	 24	 999000	 240	 999000	 999	 3.980642e+02	 733.33	 716.67	 77.00	 5	 0.20	 
BFE_109	 1	 4	 1211.jpg	 3.990318e+02	 12	 999000	 120	 999000	 999	 4.000497e+02	 733.33	 716.67	 19.00	 32	 0.55	 
BFE_109	 1	 4	 1119.jpg	 4.030365e+02	 12	 999000	 120	 999000	 999	 4.040542e+02	 733.33	 716.67	 38.00	 19	 0.17	 
BFE_109	 1	 4	 1214.jpg	 4.050387e+02	 12	 999000	 120	 999000	 999	 4.060564e+02	 733.33	 716.67	 22.00	 35	 0.51	 
BFE_109	 1	 4	 2201.jpg	 4.100444e+02	 24	 999000	 240	 999000	 999	 4.110621e+02	 733.33	 716.67	 43.00	 22	 0.81	 
BFE_109	 1	 4	 2209.jpg	 4.120465e+02	 24	 999000	 240	 999000	 999	 4.130644e+02	 733.33	 716.67	 44.00	 30	 0.80	 
BFE_109	 1	 4	 1203.jpg	 4.150333e+02	 11	 9.529759e+02	 110	 7.333741e+02	 98	 4.160510e+02	 750.00	 716.67	 10.00	 24	 0.68	 
BFE_109	 1	 4	 2207.jpg	 4.180366e+02	 22	 9.416290e+02	 220	 7.167166e+02	 98	 4.190544e+02	 750.00	 733.33	 50.00	 28	 0.68	 
BFE_109	 1	 4	 1218.jpg	 4.220412e+02	 11	 9.610299e+02	 110	 7.500321e+02	 98	 4.230588e+02	 766.67	 733.33	 12.00	 39	 0.64	 
BFE_109	 1	 4	 2210.jpg	 4.250444e+02	 22	 9.658516e+02	 220	 7.333582e+02	 98	 4.260623e+02	 766.67	 750.00	 47.00	 31	 0.71	 
BFE_109	 1	 4	 1215.jpg	 4.270467e+02	 12	 999000	 120	 999000	 999	 4.280644e+02	 766.67	 750.00	 9.00	 36	 0.68	 
BFE_109	 1	 4	 2211.jpg	 4.300334e+02	 24	 999000	 240	 999000	 999	 4.310512e+02	 766.67	 750.00	 49.00	 32	 0.69	 
BFE_109	 1	 4	 2215.jpg	 4.340379e+02	 24	 999000	 240	 999000	 999	 4.350557e+02	 766.67	 750.00	 60.00	 36	 0.50	 
BFE_109	 1	 4	 1121.jpg	 4.370413e+02	 12	 999000	 120	 999000	 999	 4.380590e+02	 766.67	 750.00	 21.00	 21	 0.53	 
BFE_109	 1	 4	 1208.jpg	 4.390435e+02	 12	 999000	 120	 999000	 999	 4.400613e+02	 766.67	 750.00	 11.00	 29	 0.67	 
BFE_109	 1	 4	 2213.jpg	 4.410458e+02	 24	 999000	 240	 999000	 999	 4.420635e+02	 766.67	 750.00	 61.00	 34	 0.48	 
BFE_109	 1	 4	 2208.jpg	 4.460347e+02	 24	 999000	 240	 999000	 999	 4.470524e+02	 766.67	 750.00	 56.00	 29	 0.59	 
BFE_109	 1	 4	 1106.jpg	 4.500391e+02	 11	 1.003144e+03	 1100	 7.666977e+02	 98	 4.510569e+02	 716.67	 750.00	 18.00	 6	 0.55	 
BFE_109	 1	 4	 2110.jpg	 4.540436e+02	 24	 999000	 240	 999000	 999	 4.550614e+02	 716.67	 750.00	 57.00	 10	 0.58	 
BFE_109	 1	 4	 2111.jpg	 4.600337e+02	 24	 999000	 240	 999000	 999	 4.610514e+02	 716.67	 750.00	 62.00	 11	 0.47	 
BFE_109	 1	 4	 1213.jpg	 4.620359e+02	 12	 999000	 120	 999000	 999	 4.630537e+02	 716.67	 750.00	 14.00	 34	 0.60	 
BFE_109	 1	 4	 1210.jpg	 4.640382e+02	 12	 999000	 120	 999000	 999	 4.650559e+02	 716.67	 750.00	 3.00	 31	 0.81	 
BFE_109	 1	 4	 1206.jpg	 4.660404e+02	 11	 9.138110e+02	 110	 7.166937e+02	 98	 4.670581e+02	 733.33	 750.00	 7.00	 27	 0.74	 
BFE_109	 1	 4	 2202.jpg	 4.680426e+02	 22	 9.436099e+02	 220	 7.500335e+02	 98	 4.690604e+02	 733.33	 766.67	 55.00	 23	 0.59	 
BFE_109	 1	 4	 1110.jpg	 4.720471e+02	 12	 999000	 120	 999000	 999	 4.730648e+02	 733.33	 766.67	 20.00	 10	 0.54	 
BFE_109	 1	 4	 2212.jpg	 4.740326e+02	 22	 9.616415e+02	 220	 7.667048e+02	 98	 4.750505e+02	 733.33	 783.33	 53.00	 33	 0.62	 
BFE_109	 1	 4	 2205.jpg	 4.780372e+02	 24	 999000	 240	 999000	 999	 4.790549e+02	 733.33	 783.33	 51.00	 26	 0.63	 
BFE_109	 1	 4	 2203.jpg	 4.800395e+02	 22	 1.034775e+03	 2200	 7.833720e+02	 98	 4.810572e+02	 733.33	 733.33	 58.00	 24	 0.58	 
BFE_109	 1	 4	 2218.jpg	 4.820417e+02	 24	 999000	 240	 999000	 999	 4.830594e+02	 733.33	 733.33	 59.00	 39	 0.53	 
BFE_109	 1	 4	 1201.jpg	 4.840439e+02	 12	 999000	 120	 999000	 999	 4.850617e+02	 733.33	 733.33	 8.00	 22	 0.68	 
BFE_109	 1	 4	 2217.jpg	 4.890326e+02	 22	 9.616801e+02	 220	 7.333668e+02	 98	 4.900507e+02	 733.33	 750.00	 52.00	 38	 0.62	 
BFE_109	 1	 4	 1105.jpg	 4.910352e+02	 12	 999000	 120	 999000	 999	 4.920528e+02	 733.33	 750.00	 37.00	 5	 0.17	 
BFE_109	 1	 4	 1216.jpg	 4.930373e+02	 12	 999000	 120	 999000	 999	 4.940551e+02	 733.33	 750.00	 4.00	 37	 0.81	 
BFE_109	 1	 4	 2112.jpg	 4.960407e+02	 24	 999000	 240	 999000	 999	 4.970585e+02	 733.33	 750.00	 78.00	 12	 0.20	 
BFE_109	 1	 4	 1219.jpg	 5.030486e+02	 12	 999000	 120	 999000	 999	 5.040664e+02	 733.33	 750.00	 17.00	 40	 0.55	 
BFE_109	 1	 4	 1103.jpg	 5.070364e+02	 11	 9.418484e+02	 110	 7.333648e+02	 98	 5.080541e+02	 750.00	 750.00	 15.00	 3	 0.60	 
BFE_109	 1	 4	 2107.jpg	 5.140442e+02	 24	 999000	 240	 999000	 999	 5.150620e+02	 750.00	 750.00	 54.00	 7	 0.61	 
