subjectID	 order	 runNum	 itemName	 onsetTime	 shuff_trialType	 RT	 respInTime	 AudioTime	 response	 fixationTime	 ladder1	 ladder2	 bidIndex	 itemNameIndex	 bidValue	 
BFE_108	 2	 7	 1215.jpg	 7.578655e+02	 12	 999000	 120	 999000	 999	 7.588835e+02	 750.00	 750.00	 22.00	 36	 0.47	 
BFE_108	 2	 7	 1203.jpg	 7.598511e+02	 11	 1.007408e+03	 1100	 7.500432e+02	 98	 7.608689e+02	 700.00	 750.00	 11.00	 24	 0.63	 
BFE_108	 2	 7	 2112.jpg	 7.638556e+02	 24	 999000	 240	 999000	 999	 7.648734e+02	 700.00	 750.00	 77.00	 12	 0.22	 
BFE_108	 2	 7	 1111.jpg	 7.668590e+02	 12	 999000	 120	 999000	 999	 7.678767e+02	 700.00	 750.00	 19.00	 11	 0.51	 
BFE_108	 2	 7	 1121.jpg	 7.688612e+02	 12	 999000	 120	 999000	 999	 7.698790e+02	 700.00	 750.00	 7.00	 21	 0.71	 
BFE_108	 2	 7	 2117.jpg	 7.718476e+02	 24	 999000	 240	 999000	 999	 7.728658e+02	 700.00	 750.00	 47.00	 17	 0.74	 
BFE_108	 2	 7	 1117.jpg	 7.758524e+02	 12	 999000	 120	 999000	 999	 7.768702e+02	 700.00	 750.00	 21.00	 17	 0.50	 
BFE_108	 2	 7	 2219.jpg	 7.798568e+02	 24	 999000	 240	 999000	 999	 7.808746e+02	 700.00	 750.00	 50.00	 40	 0.67	 
BFE_108	 2	 7	 1102.jpg	 7.818591e+02	 11	 9.514115e+02	 110	 7.000307e+02	 98	 7.828769e+02	 716.67	 750.00	 16.00	 2	 0.53	 
BFE_108	 2	 7	 1211.jpg	 7.868478e+02	 11	 9.787839e+02	 110	 7.167046e+02	 98	 7.878658e+02	 733.33	 750.00	 14.00	 32	 0.54	 
BFE_108	 2	 7	 2102.jpg	 7.888503e+02	 24	 999000	 240	 999000	 999	 7.898681e+02	 733.33	 750.00	 59.00	 2	 0.52	 
BFE_108	 2	 7	 2111.jpg	 7.908526e+02	 22	 9.739460e+02	 220	 7.500445e+02	 98	 7.918703e+02	 733.33	 766.67	 51.00	 11	 0.65	 
BFE_108	 2	 7	 2113.jpg	 7.968592e+02	 24	 999000	 240	 999000	 999	 7.978772e+02	 733.33	 766.67	 60.00	 13	 0.51	 
BFE_108	 2	 7	 2209.jpg	 7.988614e+02	 24	 999000	 240	 999000	 999	 7.998793e+02	 733.33	 766.67	 53.00	 30	 0.61	 
BFE_108	 2	 7	 2121.jpg	 8.008638e+02	 22	 1.026735e+03	 2200	 7.667043e+02	 98	 8.018816e+02	 733.33	 716.67	 49.00	 21	 0.69	 
BFE_108	 2	 7	 2101.jpg	 8.028493e+02	 24	 999000	 240	 999000	 999	 8.038671e+02	 733.33	 716.67	 55.00	 1	 0.58	 
BFE_108	 2	 7	 1115.jpg	 8.068539e+02	 12	 999000	 120	 999000	 999	 8.078716e+02	 733.33	 716.67	 15.00	 15	 0.54	 
BFE_108	 2	 7	 1105.jpg	 8.108583e+02	 12	 999000	 120	 999000	 999	 8.118761e+02	 733.33	 716.67	 13.00	 5	 0.55	 
BFE_108	 2	 7	 1218.jpg	 8.138616e+02	 12	 999000	 120	 999000	 999	 8.148794e+02	 733.33	 716.67	 12.00	 39	 0.62	 
BFE_108	 2	 7	 2218.jpg	 8.178495e+02	 22	 9.930334e+02	 220	 7.166998e+02	 98	 8.188672e+02	 733.33	 733.33	 57.00	 39	 0.57	 
BFE_108	 2	 7	 1106.jpg	 8.208529e+02	 11	 9.896559e+02	 110	 7.333712e+02	 98	 8.218706e+02	 750.00	 733.33	 8.00	 6	 0.71	 
BFE_108	 2	 7	 1219.jpg	 8.228551e+02	 12	 999000	 120	 999000	 999	 8.238728e+02	 750.00	 733.33	 4.00	 40	 0.78	 
BFE_108	 2	 7	 2217.jpg	 8.268596e+02	 24	 999000	 240	 999000	 999	 8.278773e+02	 750.00	 733.33	 44.00	 38	 0.81	 
BFE_108	 2	 7	 2210.jpg	 8.288618e+02	 22	 9.967272e+02	 220	 7.333626e+02	 98	 8.298795e+02	 750.00	 750.00	 48.00	 31	 0.73	 
BFE_108	 2	 7	 2205.jpg	 8.308470e+02	 24	 999000	 240	 999000	 999	 8.318651e+02	 750.00	 750.00	 58.00	 26	 0.54	 
BFE_108	 2	 7	 1216.jpg	 8.348519e+02	 12	 999000	 120	 999000	 999	 8.358696e+02	 750.00	 750.00	 38.00	 37	 0.20	 
BFE_108	 2	 7	 2103.jpg	 8.368541e+02	 24	 999000	 240	 999000	 999	 8.378718e+02	 750.00	 750.00	 43.00	 3	 0.83	 
BFE_108	 2	 7	 2109.jpg	 8.408585e+02	 22	 1.000023e+03	 2200	 7.500500e+02	 98	 8.418763e+02	 750.00	 700.00	 56.00	 9	 0.57	 
BFE_108	 2	 7	 1201.jpg	 8.448631e+02	 12	 999000	 120	 999000	 999	 8.458808e+02	 750.00	 700.00	 3.00	 22	 0.88	 
BFE_108	 2	 7	 1213.jpg	 8.478498e+02	 11	 1.080764e+03	 1100	 7.500309e+02	 98	 8.488675e+02	 700.00	 700.00	 9.00	 34	 0.71	 
BFE_108	 2	 7	 1113.jpg	 8.538564e+02	 12	 999000	 120	 999000	 999	 8.548743e+02	 700.00	 700.00	 20.00	 13	 0.50	 
BFE_108	 2	 7	 1210.jpg	 8.558587e+02	 12	 999000	 120	 999000	 999	 8.568767e+02	 700.00	 700.00	 37.00	 31	 0.21	 
BFE_108	 2	 7	 2213.jpg	 8.598632e+02	 24	 999000	 240	 999000	 999	 8.608810e+02	 700.00	 700.00	 52.00	 34	 0.62	 
BFE_108	 2	 7	 2212.jpg	 8.618488e+02	 24	 999000	 240	 999000	 999	 8.628666e+02	 700.00	 700.00	 78.00	 33	 0.21	 
BFE_108	 2	 7	 1114.jpg	 8.638509e+02	 12	 999000	 120	 999000	 999	 8.648688e+02	 700.00	 700.00	 10.00	 14	 0.65	 
BFE_108	 2	 7	 2106.jpg	 8.658533e+02	 22	 9.492810e+02	 220	 7.000267e+02	 98	 8.668710e+02	 700.00	 716.67	 54.00	 6	 0.61	 
BFE_108	 2	 7	 2204.jpg	 8.708589e+02	 24	 999000	 240	 999000	 999	 8.718766e+02	 700.00	 716.67	 61.00	 25	 0.48	 
BFE_108	 2	 7	 2208.jpg	 8.728611e+02	 24	 999000	 240	 999000	 999	 8.738789e+02	 700.00	 716.67	 62.00	 29	 0.46	 
BFE_108	 2	 7	 1202.jpg	 8.748633e+02	 11	 9.312248e+02	 110	 7.000762e+02	 98	 8.758811e+02	 716.67	 716.67	 17.00	 23	 0.53	 
BFE_108	 2	 7	 1214.jpg	 8.778500e+02	 12	 999000	 120	 999000	 999	 8.788678e+02	 716.67	 716.67	 18.00	 35	 0.52	 
