subjectID	 order	 runNum	 itemName	 onsetTime	 shuff_trialType	 RT	 respInTime	 AudioTime	 response	 fixationTime	 ladder1	 ladder2	 bidIndex	 itemNameIndex	 bidValue	 
BFE_103	 1	 3	 1104.jpg	 2.899999e+02	 12	 999000	 120	 999000	 999	 2.910177e+02	 750.00	 750.00	 9.00	 4	 0.73	 
BFE_103	 1	 3	 2113.jpg	 2.919855e+02	 24	 999000	 240	 999000	 999	 2.930033e+02	 750.00	 750.00	 44.00	 13	 0.76	 
BFE_103	 1	 3	 2120.jpg	 2.959900e+02	 24	 999000	 240	 999000	 999	 2.970077e+02	 750.00	 750.00	 78.00	 20	 0.16	 
BFE_103	 1	 3	 2121.jpg	 2.989933e+02	 22	 1.009234e+03	 2200	 7.500894e+02	 98	 3.000112e+02	 750.00	 700.00	 53.00	 21	 0.67	 
BFE_103	 1	 3	 2213.jpg	 3.009957e+02	 22	 9.268354e+02	 220	 7.000336e+02	 98	 3.020134e+02	 750.00	 716.67	 50.00	 34	 0.70	 
BFE_103	 1	 3	 1109.jpg	 3.039825e+02	 12	 999000	 120	 999000	 999	 3.050001e+02	 750.00	 716.67	 11.00	 9	 0.71	 
BFE_103	 1	 3	 1121.jpg	 3.079868e+02	 12	 999000	 120	 999000	 999	 3.090046e+02	 750.00	 716.67	 21.00	 21	 0.46	 
BFE_103	 1	 3	 1218.jpg	 3.119913e+02	 12	 999000	 120	 999000	 999	 3.130091e+02	 750.00	 716.67	 16.00	 39	 0.53	 
BFE_103	 1	 3	 2217.jpg	 3.139935e+02	 24	 999000	 240	 999000	 999	 3.150113e+02	 750.00	 716.67	 54.00	 38	 0.65	 
BFE_103	 1	 3	 2105.jpg	 3.189825e+02	 22	 9.320081e+02	 220	 7.166965e+02	 98	 3.200003e+02	 750.00	 733.33	 47.00	 5	 0.73	 
BFE_103	 1	 3	 2207.jpg	 3.209847e+02	 22	 9.698143e+02	 220	 7.333613e+02	 98	 3.220026e+02	 750.00	 750.00	 52.00	 28	 0.67	 
BFE_103	 1	 3	 2115.jpg	 3.229870e+02	 24	 999000	 240	 999000	 999	 3.240047e+02	 750.00	 750.00	 57.00	 15	 0.58	 
BFE_103	 1	 3	 1114.jpg	 3.289938e+02	 12	 999000	 120	 999000	 999	 3.300116e+02	 750.00	 750.00	 14.00	 14	 0.57	 
BFE_103	 1	 3	 1203.jpg	 3.309791e+02	 12	 999000	 120	 999000	 999	 3.319971e+02	 750.00	 750.00	 19.00	 24	 0.48	 
BFE_103	 1	 3	 1209.jpg	 3.329815e+02	 12	 999000	 120	 999000	 999	 3.339995e+02	 750.00	 750.00	 8.00	 30	 0.74	 
BFE_103	 1	 3	 2116.jpg	 3.349838e+02	 24	 999000	 240	 999000	 999	 3.360016e+02	 750.00	 750.00	 61.00	 16	 0.49	 
BFE_103	 1	 3	 1102.jpg	 3.389883e+02	 12	 999000	 120	 999000	 999	 3.400061e+02	 750.00	 750.00	 17.00	 2	 0.50	 
BFE_103	 1	 3	 1204.jpg	 3.429928e+02	 11	 9.617425e+02	 110	 7.500425e+02	 98	 3.440106e+02	 766.67	 750.00	 7.00	 25	 0.78	 
BFE_103	 1	 3	 1217.jpg	 3.459792e+02	 12	 999000	 120	 999000	 999	 3.469973e+02	 766.67	 750.00	 3.00	 38	 0.84	 
BFE_103	 1	 3	 2209.jpg	 3.499840e+02	 24	 999000	 240	 999000	 999	 3.510017e+02	 766.67	 750.00	 43.00	 30	 0.78	 
BFE_103	 1	 3	 1110.jpg	 3.529874e+02	 11	 1.023103e+03	 1100	 7.666948e+02	 98	 3.540052e+02	 716.67	 750.00	 13.00	 10	 0.61	 
BFE_103	 1	 3	 2206.jpg	 3.549896e+02	 24	 999000	 240	 999000	 999	 3.560074e+02	 716.67	 750.00	 60.00	 27	 0.51	 
BFE_103	 1	 3	 2203.jpg	 3.589941e+02	 24	 999000	 240	 999000	 999	 3.600119e+02	 716.67	 750.00	 49.00	 24	 0.70	 
BFE_103	 1	 3	 1115.jpg	 3.609794e+02	 11	 9.511741e+02	 110	 7.166988e+02	 98	 3.619974e+02	 733.33	 750.00	 10.00	 15	 0.72	 
BFE_103	 1	 3	 1117.jpg	 3.629819e+02	 12	 999000	 120	 999000	 999	 3.639997e+02	 733.33	 750.00	 22.00	 17	 0.46	 
BFE_103	 1	 3	 2119.jpg	 3.669864e+02	 24	 999000	 240	 999000	 999	 3.680041e+02	 733.33	 750.00	 77.00	 19	 0.19	 
BFE_103	 1	 3	 2219.jpg	 3.689886e+02	 24	 999000	 240	 999000	 999	 3.700064e+02	 733.33	 750.00	 48.00	 40	 0.73	 
BFE_103	 1	 3	 1105.jpg	 3.729931e+02	 11	 9.614188e+02	 110	 7.333900e+02	 98	 3.740110e+02	 750.00	 750.00	 15.00	 5	 0.55	 
BFE_103	 1	 3	 2109.jpg	 3.769809e+02	 22	 9.815994e+02	 220	 7.500343e+02	 98	 3.779988e+02	 750.00	 766.67	 58.00	 9	 0.58	 
BFE_103	 1	 3	 1112.jpg	 3.799844e+02	 12	 999000	 120	 999000	 999	 3.810021e+02	 750.00	 766.67	 37.00	 12	 0.18	 
BFE_103	 1	 3	 1113.jpg	 3.859911e+02	 12	 999000	 120	 999000	 999	 3.870089e+02	 750.00	 766.67	 4.00	 13	 0.81	 
BFE_103	 1	 3	 2218.jpg	 3.879934e+02	 22	 1.025078e+03	 2200	 7.666990e+02	 98	 3.890112e+02	 750.00	 716.67	 55.00	 39	 0.65	 
BFE_103	 1	 3	 2106.jpg	 3.919812e+02	 24	 999000	 240	 999000	 999	 3.929989e+02	 750.00	 716.67	 62.00	 6	 0.49	 
BFE_103	 1	 3	 2104.jpg	 3.939834e+02	 24	 999000	 240	 999000	 999	 3.950012e+02	 750.00	 716.67	 59.00	 4	 0.53	 
BFE_103	 1	 3	 2211.jpg	 3.959857e+02	 24	 999000	 240	 999000	 999	 3.970034e+02	 750.00	 716.67	 51.00	 32	 0.68	 
BFE_103	 1	 3	 2205.jpg	 3.979879e+02	 24	 999000	 240	 999000	 999	 3.990057e+02	 750.00	 716.67	 56.00	 26	 0.64	 
BFE_103	 1	 3	 1213.jpg	 4.029936e+02	 11	 9.689576e+02	 110	 7.500301e+02	 98	 4.040113e+02	 766.67	 716.67	 12.00	 34	 0.67	 
BFE_103	 1	 3	 1111.jpg	 4.049788e+02	 12	 999000	 120	 999000	 999	 4.059968e+02	 766.67	 716.67	 38.00	 11	 0.16	 
BFE_103	 1	 3	 1214.jpg	 4.069815e+02	 11	 1.037014e+03	 1100	 7.667014e+02	 98	 4.079991e+02	 716.67	 716.67	 18.00	 35	 0.49	 
BFE_103	 1	 3	 1211.jpg	 4.099847e+02	 12	 999000	 120	 999000	 999	 4.110026e+02	 716.67	 716.67	 20.00	 32	 0.47	 
