subjectID	 order	 runNum	 itemName	 onsetTime	 shuff_trialType	 RT	 respInTime	 AudioTime	 response	 fixationTime	 ladder1	 ladder2	 bidIndex	 itemNameIndex	 bidValue	 
BFE_109	 1	 2	 2110.jpg	 1.311651e+02	 24	 999000	 240	 999000	 999	 1.321829e+02	 650.00	 783.33	 57.00	 10	 0.58	 
BFE_109	 1	 2	 1213.jpg	 1.341519e+02	 12	 999000	 120	 999000	 999	 1.351695e+02	 650.00	 783.33	 14.00	 34	 0.60	 
BFE_109	 1	 2	 1201.jpg	 1.361541e+02	 12	 999000	 120	 999000	 999	 1.371719e+02	 650.00	 783.33	 8.00	 22	 0.68	 
BFE_109	 1	 2	 1105.jpg	 1.381563e+02	 12	 999000	 120	 999000	 999	 1.391741e+02	 650.00	 783.33	 37.00	 5	 0.17	 
BFE_109	 1	 2	 2208.jpg	 1.401586e+02	 24	 999000	 240	 999000	 999	 1.411763e+02	 650.00	 783.33	 56.00	 29	 0.59	 
BFE_109	 1	 2	 2210.jpg	 1.431619e+02	 22	 1.080392e+03	 2200	 7.833818e+02	 98	 1.441797e+02	 650.00	 733.33	 47.00	 31	 0.71	 
BFE_109	 1	 2	 2112.jpg	 1.451472e+02	 24	 999000	 240	 999000	 999	 1.461653e+02	 650.00	 733.33	 78.00	 12	 0.20	 
BFE_109	 1	 2	 1206.jpg	 1.491519e+02	 11	 9.143338e+02	 110	 6.500400e+02	 98	 1.501698e+02	 666.67	 733.33	 7.00	 27	 0.74	 
BFE_109	 1	 2	 1208.jpg	 1.511542e+02	 12	 999000	 120	 999000	 999	 1.521720e+02	 666.67	 733.33	 11.00	 29	 0.67	 
BFE_109	 1	 2	 2212.jpg	 1.561598e+02	 22	 9.464090e+02	 220	 7.333700e+02	 98	 1.571776e+02	 666.67	 750.00	 53.00	 33	 0.62	 
BFE_109	 1	 2	 1216.jpg	 1.581621e+02	 12	 999000	 120	 999000	 999	 1.591798e+02	 666.67	 750.00	 4.00	 37	 0.81	 
BFE_109	 1	 2	 2209.jpg	 1.621499e+02	 24	 999000	 240	 999000	 999	 1.631676e+02	 666.67	 750.00	 44.00	 30	 0.80	 
BFE_109	 1	 2	 1121.jpg	 1.641520e+02	 12	 999000	 120	 999000	 999	 1.651700e+02	 666.67	 750.00	 21.00	 21	 0.53	 
BFE_109	 1	 2	 2215.jpg	 1.671554e+02	 24	 999000	 240	 999000	 999	 1.681732e+02	 666.67	 750.00	 60.00	 36	 0.50	 
BFE_109	 1	 2	 1102.jpg	 1.721611e+02	 12	 999000	 120	 999000	 999	 1.731788e+02	 666.67	 750.00	 16.00	 2	 0.59	 
BFE_109	 1	 2	 1205.jpg	 1.741463e+02	 11	 9.439140e+02	 110	 6.667066e+02	 98	 1.751644e+02	 683.33	 750.00	 13.00	 26	 0.62	 
BFE_109	 1	 2	 2105.jpg	 1.761488e+02	 24	 999000	 240	 999000	 999	 1.771666e+02	 683.33	 750.00	 77.00	 5	 0.20	 
BFE_109	 1	 2	 2202.jpg	 1.801533e+02	 22	 9.849292e+02	 220	 7.500296e+02	 98	 1.811711e+02	 683.33	 766.67	 55.00	 23	 0.59	 
BFE_109	 1	 2	 1119.jpg	 1.841580e+02	 12	 999000	 120	 999000	 999	 1.851756e+02	 683.33	 766.67	 38.00	 19	 0.17	 
BFE_109	 1	 2	 1218.jpg	 1.881624e+02	 11	 9.278487e+02	 110	 6.833674e+02	 98	 1.891801e+02	 700.00	 766.67	 12.00	 39	 0.64	 
BFE_109	 1	 2	 2218.jpg	 1.901479e+02	 24	 999000	 240	 999000	 999	 1.911657e+02	 700.00	 766.67	 59.00	 39	 0.53	 
BFE_109	 1	 2	 1215.jpg	 1.921501e+02	 12	 999000	 120	 999000	 999	 1.931679e+02	 700.00	 766.67	 9.00	 36	 0.68	 
BFE_109	 1	 2	 1210.jpg	 1.941525e+02	 12	 999000	 120	 999000	 999	 1.951701e+02	 700.00	 766.67	 3.00	 31	 0.81	 
BFE_109	 1	 2	 2213.jpg	 1.961546e+02	 24	 999000	 240	 999000	 999	 1.971724e+02	 700.00	 766.67	 61.00	 34	 0.48	 
BFE_109	 1	 2	 2201.jpg	 2.021614e+02	 24	 999000	 240	 999000	 999	 2.031791e+02	 700.00	 766.67	 43.00	 22	 0.81	 
BFE_109	 1	 2	 2107.jpg	 2.051480e+02	 24	 999000	 240	 999000	 999	 2.061658e+02	 700.00	 766.67	 54.00	 7	 0.61	 
BFE_109	 1	 2	 1110.jpg	 2.071505e+02	 12	 999000	 120	 999000	 999	 2.081681e+02	 700.00	 766.67	 20.00	 10	 0.54	 
BFE_109	 1	 2	 2207.jpg	 2.091526e+02	 22	 1.017681e+03	 2200	 7.666998e+02	 98	 2.101704e+02	 700.00	 716.67	 50.00	 28	 0.68	 
BFE_109	 1	 2	 2203.jpg	 2.121559e+02	 22	 9.343400e+02	 220	 7.167047e+02	 98	 2.131737e+02	 700.00	 733.33	 58.00	 24	 0.58	 
BFE_109	 1	 2	 1103.jpg	 2.141582e+02	 11	 9.160880e+02	 110	 7.000341e+02	 98	 2.151760e+02	 716.67	 733.33	 15.00	 3	 0.60	 
BFE_109	 1	 2	 1214.jpg	 2.161603e+02	 12	 999000	 120	 999000	 999	 2.171781e+02	 716.67	 733.33	 22.00	 35	 0.51	 
BFE_109	 1	 2	 2217.jpg	 2.181627e+02	 22	 9.435694e+02	 220	 7.333661e+02	 98	 2.191804e+02	 716.67	 750.00	 52.00	 38	 0.62	 
BFE_109	 1	 2	 2205.jpg	 2.211493e+02	 24	 999000	 240	 999000	 999	 2.221671e+02	 716.67	 750.00	 51.00	 26	 0.63	 
BFE_109	 1	 2	 2204.jpg	 2.231515e+02	 24	 999000	 240	 999000	 999	 2.241693e+02	 716.67	 750.00	 48.00	 25	 0.71	 
BFE_109	 1	 2	 1106.jpg	 2.251538e+02	 11	 9.524540e+02	 110	 7.167037e+02	 98	 2.261715e+02	 733.33	 750.00	 18.00	 6	 0.55	 
BFE_109	 1	 2	 2211.jpg	 2.271561e+02	 24	 999000	 240	 999000	 999	 2.281738e+02	 733.33	 750.00	 49.00	 32	 0.69	 
BFE_109	 1	 2	 2111.jpg	 2.291583e+02	 24	 999000	 240	 999000	 999	 2.301760e+02	 733.33	 750.00	 62.00	 11	 0.47	 
BFE_109	 1	 2	 1211.jpg	 2.351484e+02	 12	 3.578949e+02	 12	 999000	 98	 2.361661e+02	 733.33	 750.00	 19.00	 32	 0.55	 
BFE_109	 1	 2	 1203.jpg	 2.381517e+02	 11	 9.865263e+02	 110	 7.333628e+02	 98	 2.391695e+02	 750.00	 750.00	 10.00	 24	 0.68	 
BFE_109	 1	 2	 1219.jpg	 2.421562e+02	 12	 999000	 120	 999000	 999	 2.431739e+02	 750.00	 750.00	 17.00	 40	 0.55	 
