subjectID	 order	 runNum	 itemName	 onsetTime	 shuff_trialType	 RT	 respInTime	 AudioTime	 response	 fixationTime	 ladder1	 ladder2	 bidIndex	 itemNameIndex	 bidValue	 
BFE_110	 2	 20	 1115.jpg	 2.809677e+03	 12	 999000	 120	 999000	 999	 2.810695e+03	 450.00	 650.00	 20.00	 15	 0.50	 
BFE_110	 2	 20	 1214.jpg	 2.814666e+03	 12	 999000	 120	 999000	 999	 2.815684e+03	 450.00	 650.00	 12.00	 35	 0.61	 
BFE_110	 2	 20	 2102.jpg	 2.816668e+03	 24	 999000	 240	 999000	 999	 2.817686e+03	 450.00	 650.00	 62.00	 2	 0.58	 
BFE_110	 2	 20	 2211.jpg	 2.818671e+03	 22	 1.203632e+03	 2200	 6.500494e+02	 98	 2.819688e+03	 450.00	 600.00	 49.00	 32	 0.71	 
BFE_110	 2	 20	 2206.jpg	 2.824661e+03	 24	 999000	 240	 999000	 999	 2.825678e+03	 450.00	 600.00	 47.00	 27	 0.78	 
BFE_110	 2	 20	 2219.jpg	 2.826663e+03	 24	 999000	 240	 999000	 999	 2.827681e+03	 450.00	 600.00	 50.00	 40	 0.70	 
BFE_110	 2	 20	 2217.jpg	 2.829666e+03	 24	 999000	 240	 999000	 999	 2.830684e+03	 450.00	 600.00	 60.00	 38	 0.59	 
BFE_110	 2	 20	 2213.jpg	 2.831668e+03	 24	 999000	 240	 999000	 999	 2.832686e+03	 450.00	 600.00	 43.00	 34	 0.84	 
BFE_110	 2	 20	 2205.jpg	 2.835673e+03	 22	 1.025319e+03	 2200	 6.000309e+02	 98	 2.836691e+03	 450.00	 550.00	 57.00	 26	 0.62	 
BFE_110	 2	 20	 2210.jpg	 2.837658e+03	 24	 999000	 240	 999000	 999	 2.838676e+03	 450.00	 550.00	 77.00	 31	 0.25	 
BFE_110	 2	 20	 1206.jpg	 2.842664e+03	 12	 999000	 120	 999000	 999	 2.843682e+03	 450.00	 550.00	 3.00	 27	 0.83	 
BFE_110	 2	 20	 2218.jpg	 2.849672e+03	 24	 999000	 240	 999000	 999	 2.850690e+03	 450.00	 550.00	 44.00	 39	 0.81	 
BFE_110	 2	 20	 1117.jpg	 2.851674e+03	 11	 8.078233e+02	 110	 4.500361e+02	 98	 2.852692e+03	 466.67	 550.00	 14.00	 17	 0.59	 
BFE_110	 2	 20	 1219.jpg	 2.854661e+03	 12	 999000	 120	 999000	 999	 2.855679e+03	 466.67	 550.00	 15.00	 40	 0.59	 
BFE_110	 2	 20	 1114.jpg	 2.857664e+03	 11	 1.026022e+03	 1100	 4.667002e+02	 98	 2.858682e+03	 416.67	 550.00	 11.00	 14	 0.67	 
BFE_110	 2	 20	 1211.jpg	 2.861669e+03	 12	 999000	 120	 999000	 999	 2.862687e+03	 416.67	 550.00	 10.00	 32	 0.70	 
BFE_110	 2	 20	 1109.jpg	 2.865673e+03	 12	 999000	 120	 999000	 999	 2.866691e+03	 416.67	 550.00	 19.00	 9	 0.51	 
BFE_110	 2	 20	 1105.jpg	 2.869661e+03	 12	 999000	 120	 999000	 999	 2.870679e+03	 416.67	 550.00	 21.00	 5	 0.48	 
BFE_110	 2	 20	 2120.jpg	 2.872664e+03	 22	 9.537594e+02	 220	 5.500345e+02	 98	 2.873682e+03	 416.67	 566.67	 51.00	 20	 0.69	 
BFE_110	 2	 20	 2121.jpg	 2.878671e+03	 24	 999000	 240	 999000	 999	 2.879689e+03	 416.67	 566.67	 52.00	 21	 0.65	 
BFE_110	 2	 20	 1120.jpg	 2.880673e+03	 12	 999000	 120	 999000	 999	 2.881691e+03	 416.67	 566.67	 13.00	 20	 0.60	 
BFE_110	 2	 20	 2104.jpg	 2.883660e+03	 24	 999000	 240	 999000	 999	 2.884678e+03	 416.67	 566.67	 61.00	 4	 0.59	 
BFE_110	 2	 20	 2109.jpg	 2.885662e+03	 22	 1.203847e+03	 2200	 5.667080e+02	 98	 2.886680e+03	 416.67	 516.67	 54.00	 9	 0.63	 
BFE_110	 2	 20	 2214.jpg	 2.887665e+03	 24	 999000	 240	 999000	 999	 2.888682e+03	 416.67	 516.67	 58.00	 35	 0.61	 
BFE_110	 2	 20	 1119.jpg	 2.889667e+03	 12	 999000	 120	 999000	 999	 2.890685e+03	 416.67	 516.67	 38.00	 19	 0.15	 
BFE_110	 2	 20	 1216.jpg	 2.892670e+03	 11	 8.120423e+02	 110	 4.167066e+02	 98	 2.893688e+03	 433.33	 516.67	 8.00	 37	 0.74	 
BFE_110	 2	 20	 1102.jpg	 2.896658e+03	 12	 999000	 120	 999000	 999	 2.897676e+03	 433.33	 516.67	 37.00	 2	 0.16	 
BFE_110	 2	 20	 1210.jpg	 2.898660e+03	 12	 999000	 120	 999000	 999	 2.899678e+03	 433.33	 516.67	 22.00	 31	 0.47	 
BFE_110	 2	 20	 2207.jpg	 2.900662e+03	 24	 999000	 240	 999000	 999	 2.901680e+03	 433.33	 516.67	 53.00	 28	 0.64	 
BFE_110	 2	 20	 2204.jpg	 2.902665e+03	 22	 1.065520e+03	 2200	 5.166917e+02	 98	 2.903682e+03	 433.33	 466.67	 48.00	 25	 0.76	 
BFE_110	 2	 20	 1205.jpg	 2.904667e+03	 12	 999000	 120	 999000	 999	 2.905685e+03	 433.33	 466.67	 4.00	 26	 0.78	 
BFE_110	 2	 20	 1218.jpg	 2.906669e+03	 11	 9.169650e+02	 110	 4.333580e+02	 98	 2.907687e+03	 450.00	 466.67	 9.00	 39	 0.73	 
BFE_110	 2	 20	 2115.jpg	 2.910674e+03	 22	 1.040531e+03	 2200	 4.667055e+02	 98	 2.911692e+03	 450.00	 416.67	 56.00	 15	 0.63	 
BFE_110	 2	 20	 2202.jpg	 2.914662e+03	 24	 999000	 240	 999000	 999	 2.915679e+03	 450.00	 416.67	 59.00	 23	 0.60	 
BFE_110	 2	 20	 1121.jpg	 2.916664e+03	 11	 8.342517e+02	 110	 4.500326e+02	 98	 2.917682e+03	 466.67	 416.67	 16.00	 21	 0.58	 
BFE_110	 2	 20	 2208.jpg	 2.918666e+03	 24	 999000	 240	 999000	 999	 2.919684e+03	 466.67	 416.67	 55.00	 29	 0.63	 
BFE_110	 2	 20	 1204.jpg	 2.920668e+03	 11	 8.619151e+02	 110	 4.667069e+02	 98	 2.921686e+03	 483.33	 416.67	 17.00	 25	 0.54	 
BFE_110	 2	 20	 1209.jpg	 2.922671e+03	 12	 999000	 120	 999000	 999	 2.923688e+03	 483.33	 416.67	 7.00	 30	 0.76	 
BFE_110	 2	 20	 1106.jpg	 2.928661e+03	 12	 999000	 120	 999000	 999	 2.929678e+03	 483.33	 416.67	 18.00	 6	 0.54	 
BFE_110	 2	 20	 2119.jpg	 2.930663e+03	 24	 999000	 240	 999000	 999	 2.931681e+03	 483.33	 416.67	 78.00	 19	 0.22	 
