subjectID	 order	 runNum	 itemName	 onsetTime	 shuff_trialType	 RT	 respInTime	 AudioTime	 response	 fixationTime	 ladder1	 ladder2	 bidIndex	 itemNameIndex	 bidValue	 
BFE_201	 1	 17	 1114.jpg	 1.995540e+03	 11	 9.577961e+02	 110	 6.167155e+02	 98	 1.996558e+03	 633.33	 683.33	 13.00	 14	 0.62	 
BFE_201	 1	 17	 1216.jpg	 1.997525e+03	 12	 999000	 120	 999000	 999	 1.998544e+03	 633.33	 683.33	 8.00	 37	 0.72	 
BFE_201	 1	 17	 2205.jpg	 2.001530e+03	 24	 999000	 240	 999000	 999	 2.002548e+03	 633.33	 683.33	 59.00	 26	 0.55	 
BFE_201	 1	 17	 2211.jpg	 2.004534e+03	 24	 999000	 240	 999000	 999	 2.005551e+03	 633.33	 683.33	 62.00	 32	 0.49	 
BFE_201	 1	 17	 1219.jpg	 2.006536e+03	 12	 999000	 120	 999000	 999	 2.007553e+03	 633.33	 683.33	 21.00	 40	 0.52	 
BFE_201	 1	 17	 1209.jpg	 2.009539e+03	 11	 6.548505e+02	 110	 6.333815e+02	 98	 2.010557e+03	 650.00	 683.33	 15.00	 30	 0.59	 
BFE_201	 1	 17	 1103.jpg	 2.013527e+03	 12	 999000	 120	 999000	 999	 2.014545e+03	 650.00	 683.33	 9.00	 3	 0.70	 
BFE_201	 1	 17	 2114.jpg	 2.017531e+03	 24	 999000	 240	 999000	 999	 2.018549e+03	 650.00	 683.33	 54.00	 14	 0.60	 
BFE_201	 1	 17	 1218.jpg	 2.019534e+03	 11	 9.562931e+02	 110	 6.500330e+02	 98	 2.020551e+03	 666.67	 683.33	 7.00	 39	 0.76	 
BFE_201	 1	 17	 2214.jpg	 2.024539e+03	 22	 1.022693e+03	 2200	 6.833783e+02	 98	 2.025557e+03	 666.67	 633.33	 58.00	 35	 0.56	 
BFE_201	 1	 17	 1105.jpg	 2.026542e+03	 12	 999000	 120	 999000	 999	 2.027559e+03	 666.67	 633.33	 37.00	 5	 0.18	 
BFE_201	 1	 17	 1208.jpg	 2.028527e+03	 12	 999000	 120	 999000	 999	 2.029545e+03	 666.67	 633.33	 17.00	 29	 0.58	 
BFE_201	 1	 17	 2204.jpg	 2.034534e+03	 22	 9.161540e+02	 220	 6.333579e+02	 98	 2.035552e+03	 666.67	 650.00	 55.00	 25	 0.59	 
BFE_201	 1	 17	 2110.jpg	 2.036536e+03	 22	 8.899186e+02	 220	 6.500380e+02	 98	 2.037554e+03	 666.67	 666.67	 52.00	 10	 0.67	 
BFE_201	 1	 17	 2208.jpg	 2.038538e+03	 24	 999000	 240	 999000	 999	 2.039556e+03	 666.67	 666.67	 60.00	 29	 0.52	 
BFE_201	 1	 17	 2116.jpg	 2.040541e+03	 24	 999000	 240	 999000	 999	 2.041558e+03	 666.67	 666.67	 56.00	 16	 0.59	 
BFE_201	 1	 17	 1116.jpg	 2.044528e+03	 12	 999000	 120	 999000	 999	 2.045546e+03	 666.67	 666.67	 20.00	 16	 0.53	 
BFE_201	 1	 17	 1211.jpg	 2.048533e+03	 11	 9.491281e+02	 110	 6.667237e+02	 98	 2.049551e+03	 683.33	 666.67	 12.00	 32	 0.63	 
BFE_201	 1	 17	 1121.jpg	 2.051536e+03	 12	 999000	 120	 999000	 999	 2.052554e+03	 683.33	 666.67	 4.00	 21	 0.83	 
BFE_201	 1	 17	 2120.jpg	 2.055541e+03	 24	 999000	 240	 999000	 999	 2.056558e+03	 683.33	 666.67	 51.00	 20	 0.67	 
BFE_201	 1	 17	 1205.jpg	 2.058527e+03	 12	 999000	 120	 999000	 999	 2.059545e+03	 683.33	 666.67	 3.00	 26	 0.83	 
BFE_201	 1	 17	 2103.jpg	 2.060530e+03	 24	 999000	 240	 999000	 999	 2.061547e+03	 683.33	 666.67	 57.00	 3	 0.58	 
BFE_201	 1	 17	 2209.jpg	 2.064534e+03	 22	 9.718295e+02	 220	 6.667036e+02	 98	 2.065552e+03	 683.33	 683.33	 50.00	 30	 0.68	 
BFE_201	 1	 17	 1206.jpg	 2.066536e+03	 12	 999000	 120	 999000	 999	 2.067554e+03	 683.33	 683.33	 11.00	 27	 0.64	 
BFE_201	 1	 17	 2117.jpg	 2.068539e+03	 24	 999000	 240	 999000	 999	 2.069556e+03	 683.33	 683.33	 77.00	 17	 0.19	 
BFE_201	 1	 17	 2109.jpg	 2.072526e+03	 22	 9.797932e+02	 220	 6.833592e+02	 98	 2.073544e+03	 683.33	 700.00	 53.00	 9	 0.64	 
BFE_201	 1	 17	 1102.jpg	 2.074529e+03	 12	 999000	 120	 999000	 999	 2.075546e+03	 683.33	 700.00	 22.00	 2	 0.48	 
BFE_201	 1	 17	 2217.jpg	 2.078533e+03	 22	 9.967693e+02	 220	 7.000323e+02	 98	 2.079551e+03	 683.33	 716.67	 47.00	 38	 0.72	 
BFE_201	 1	 17	 1108.jpg	 2.082538e+03	 12	 999000	 120	 999000	 999	 2.083555e+03	 683.33	 716.67	 38.00	 8	 0.17	 
BFE_201	 1	 17	 2206.jpg	 2.085541e+03	 24	 999000	 240	 999000	 999	 2.086559e+03	 683.33	 716.67	 49.00	 27	 0.69	 
BFE_201	 1	 17	 2118.jpg	 2.091531e+03	 24	 999000	 240	 999000	 999	 2.092549e+03	 683.33	 716.67	 78.00	 18	 0.18	 
BFE_201	 1	 17	 1207.jpg	 2.093533e+03	 12	 999000	 120	 999000	 999	 2.094551e+03	 683.33	 716.67	 16.00	 28	 0.59	 
BFE_201	 1	 17	 1109.jpg	 2.097538e+03	 11	 9.922411e+02	 110	 6.833646e+02	 98	 2.098555e+03	 700.00	 716.67	 10.00	 9	 0.67	 
BFE_201	 1	 17	 1217.jpg	 2.099540e+03	 12	 999000	 120	 999000	 999	 2.100558e+03	 700.00	 716.67	 19.00	 38	 0.53	 
BFE_201	 1	 17	 2215.jpg	 2.101525e+03	 24	 999000	 240	 999000	 999	 2.102543e+03	 700.00	 716.67	 43.00	 36	 0.82	 
BFE_201	 1	 17	 2213.jpg	 2.103528e+03	 24	 999000	 240	 999000	 999	 2.104546e+03	 700.00	 716.67	 44.00	 34	 0.78	 
BFE_201	 1	 17	 1214.jpg	 2.108533e+03	 12	 999000	 120	 999000	 999	 2.109551e+03	 700.00	 716.67	 14.00	 35	 0.62	 
BFE_201	 1	 17	 1203.jpg	 2.110536e+03	 11	 1.026296e+03	 1100	 7.000274e+02	 98	 2.111553e+03	 650.00	 716.67	 18.00	 24	 0.54	 
BFE_201	 1	 17	 2218.jpg	 2.112538e+03	 24	 999000	 240	 999000	 999	 2.113556e+03	 650.00	 716.67	 48.00	 39	 0.71	 
BFE_201	 1	 17	 2212.jpg	 2.115541e+03	 24	 999000	 240	 999000	 999	 2.116559e+03	 650.00	 716.67	 61.00	 33	 0.52	 
