subjectID	 order	 runNum	 itemName	 onsetTime	 shuff_trialType	 RT	 respInTime	 AudioTime	 response	 fixationTime	 ladder1	 ladder2	 bidIndex	 itemNameIndex	 bidValue	 
BFE_203	 1	 4	 2202.jpg	 4.142391e+02	 24	 999000	 240	 999000	 999	 4.152567e+02	 650.00	 650.00	 61.00	 23	 0.49	 
BFE_203	 1	 4	 2211.jpg	 4.192279e+02	 24	 999000	 240	 999000	 999	 4.202457e+02	 650.00	 650.00	 62.00	 32	 0.47	 
BFE_203	 1	 4	 2107.jpg	 4.212302e+02	 22	 1.012195e+03	 2200	 6.500459e+02	 98	 4.222496e+02	 650.00	 600.00	 55.00	 7	 0.57	 
BFE_203	 1	 4	 1107.jpg	 4.232324e+02	 12	 999000	 120	 999000	 999	 4.242502e+02	 650.00	 600.00	 4.00	 7	 0.80	 
BFE_203	 1	 4	 1209.jpg	 4.292225e+02	 12	 999000	 120	 999000	 999	 4.302403e+02	 650.00	 600.00	 16.00	 30	 0.58	 
BFE_203	 1	 4	 2104.jpg	 4.312247e+02	 22	 8.896529e+02	 220	 6.000357e+02	 98	 4.322425e+02	 650.00	 616.67	 58.00	 4	 0.54	 
BFE_203	 1	 4	 1102.jpg	 4.342280e+02	 12	 999000	 120	 999000	 999	 4.352458e+02	 650.00	 616.67	 21.00	 2	 0.52	 
BFE_203	 1	 4	 1111.jpg	 4.362304e+02	 11	 9.240090e+02	 110	 6.500470e+02	 98	 4.372481e+02	 666.67	 616.67	 18.00	 11	 0.57	 
BFE_203	 1	 4	 1110.jpg	 4.402348e+02	 12	 999000	 120	 999000	 999	 4.412526e+02	 666.67	 616.67	 19.00	 10	 0.54	 
BFE_203	 1	 4	 2216.jpg	 4.422370e+02	 24	 999000	 240	 999000	 999	 4.432548e+02	 666.67	 616.67	 51.00	 37	 0.67	 
BFE_203	 1	 4	 2201.jpg	 4.472260e+02	 24	 999000	 240	 999000	 999	 4.482438e+02	 666.67	 616.67	 57.00	 22	 0.54	 
BFE_203	 1	 4	 2204.jpg	 4.542338e+02	 24	 999000	 240	 999000	 999	 4.552516e+02	 666.67	 616.67	 60.00	 25	 0.50	 
BFE_203	 1	 4	 1202.jpg	 4.562361e+02	 12	 999000	 120	 999000	 999	 4.572539e+02	 666.67	 616.67	 38.00	 23	 0.20	 
BFE_203	 1	 4	 2108.jpg	 4.592228e+02	 24	 999000	 240	 999000	 999	 4.602405e+02	 666.67	 616.67	 77.00	 8	 0.21	 
BFE_203	 1	 4	 2121.jpg	 4.622261e+02	 24	 999000	 240	 999000	 999	 4.632439e+02	 666.67	 616.67	 44.00	 21	 0.85	 
BFE_203	 1	 4	 1104.jpg	 4.662306e+02	 12	 999000	 120	 999000	 999	 4.672484e+02	 666.67	 616.67	 11.00	 4	 0.69	 
BFE_203	 1	 4	 1206.jpg	 4.702351e+02	 11	 9.673212e+02	 110	 6.667070e+02	 98	 4.712528e+02	 683.33	 616.67	 7.00	 27	 0.74	 
BFE_203	 1	 4	 2203.jpg	 4.742229e+02	 24	 999000	 240	 999000	 999	 4.752407e+02	 683.33	 616.67	 78.00	 24	 0.13	 
BFE_203	 1	 4	 2106.jpg	 4.772263e+02	 24	 999000	 240	 999000	 999	 4.782441e+02	 683.33	 616.67	 43.00	 6	 0.88	 
BFE_203	 1	 4	 1113.jpg	 4.832330e+02	 11	 9.213953e+02	 110	 6.833731e+02	 98	 4.842507e+02	 700.00	 616.67	 13.00	 13	 0.66	 
BFE_203	 1	 4	 2115.jpg	 4.852352e+02	 22	 9.511622e+02	 220	 6.166973e+02	 98	 4.862530e+02	 700.00	 633.33	 53.00	 15	 0.62	 
BFE_203	 1	 4	 1205.jpg	 4.882219e+02	 12	 999000	 120	 999000	 999	 4.892397e+02	 700.00	 633.33	 3.00	 26	 0.80	 
BFE_203	 1	 4	 1109.jpg	 4.902252e+02	 11	 1.169145e+03	 1100	 7.000547e+02	 98	 4.912420e+02	 650.00	 633.33	 12.00	 9	 0.67	 
BFE_203	 1	 4	 1108.jpg	 4.922264e+02	 12	 999000	 120	 999000	 999	 4.932442e+02	 650.00	 633.33	 37.00	 8	 0.21	 
BFE_203	 1	 4	 1105.jpg	 4.942287e+02	 12	 999000	 120	 999000	 999	 4.952464e+02	 650.00	 633.33	 17.00	 5	 0.57	 
BFE_203	 1	 4	 1115.jpg	 4.972320e+02	 11	 8.824002e+02	 110	 6.500290e+02	 98	 4.982498e+02	 666.67	 633.33	 10.00	 15	 0.71	 
BFE_203	 1	 4	 2113.jpg	 5.012365e+02	 22	 8.378849e+02	 220	 6.333596e+02	 98	 5.022543e+02	 666.67	 650.00	 50.00	 13	 0.67	 
BFE_203	 1	 4	 2205.jpg	 5.032221e+02	 24	 999000	 240	 999000	 999	 5.042398e+02	 666.67	 650.00	 48.00	 26	 0.70	 
BFE_203	 1	 4	 1204.jpg	 5.052243e+02	 12	 999000	 120	 999000	 999	 5.062420e+02	 666.67	 650.00	 9.00	 25	 0.72	 
BFE_203	 1	 4	 2217.jpg	 5.072267e+02	 24	 999000	 240	 999000	 999	 5.082443e+02	 666.67	 650.00	 59.00	 38	 0.51	 
BFE_203	 1	 4	 2103.jpg	 5.092288e+02	 24	 999000	 240	 999000	 999	 5.102466e+02	 666.67	 650.00	 54.00	 3	 0.59	 
BFE_203	 1	 4	 1214.jpg	 5.112310e+02	 12	 999000	 120	 999000	 999	 5.122488e+02	 666.67	 650.00	 22.00	 35	 0.49	 
BFE_203	 1	 4	 2116.jpg	 5.152355e+02	 22	 9.028692e+02	 220	 6.500273e+02	 98	 5.162532e+02	 666.67	 666.67	 52.00	 16	 0.67	 
BFE_203	 1	 4	 1217.jpg	 5.192233e+02	 12	 999000	 120	 999000	 999	 5.202411e+02	 666.67	 666.67	 20.00	 38	 0.53	 
BFE_203	 1	 4	 1117.jpg	 5.212255e+02	 12	 999000	 120	 999000	 999	 5.222434e+02	 666.67	 666.67	 14.00	 17	 0.64	 
BFE_203	 1	 4	 2219.jpg	 5.232279e+02	 24	 999000	 240	 999000	 999	 5.242456e+02	 666.67	 666.67	 56.00	 40	 0.56	 
BFE_203	 1	 4	 2102.jpg	 5.252301e+02	 24	 999000	 240	 999000	 999	 5.262478e+02	 666.67	 666.67	 49.00	 2	 0.68	 
BFE_203	 1	 4	 1114.jpg	 5.272324e+02	 12	 999000	 120	 999000	 999	 5.282501e+02	 666.67	 666.67	 8.00	 14	 0.73	 
BFE_203	 1	 4	 1201.jpg	 5.332223e+02	 11	 9.000998e+02	 110	 6.667013e+02	 98	 5.342401e+02	 683.33	 666.67	 15.00	 22	 0.60	 
BFE_203	 1	 4	 2109.jpg	 5.352245e+02	 22	 8.978818e+02	 220	 6.666980e+02	 98	 5.362424e+02	 683.33	 683.33	 47.00	 9	 0.74	 
