subjectID	 order	 runNum	 itemName	 onsetTime	 shuff_trialType	 RT	 respInTime	 AudioTime	 response	 fixationTime	 ladder1	 ladder2	 bidIndex	 itemNameIndex	 bidValue	 
BFE_107	 1	 12	 2217.jpg	 1.595871e+03	 24	 999000	 240	 999000	 999	 1.596889e+03	 716.67	 783.33	 43.00	 38	 0.81	 
BFE_107	 1	 12	 2121.jpg	 1.600860e+03	 24	 999000	 240	 999000	 999	 1.601878e+03	 716.67	 783.33	 60.00	 21	 0.50	 
BFE_107	 1	 12	 1113.jpg	 1.602862e+03	 12	 999000	 120	 999000	 999	 1.603880e+03	 716.67	 783.33	 8.00	 13	 0.73	 
BFE_107	 1	 12	 2109.jpg	 1.604865e+03	 24	 999000	 240	 999000	 999	 1.605882e+03	 716.67	 783.33	 56.00	 9	 0.58	 
BFE_107	 1	 12	 2209.jpg	 1.610855e+03	 24	 999000	 240	 999000	 999	 1.611872e+03	 716.67	 783.33	 59.00	 30	 0.51	 
BFE_107	 1	 12	 1110.jpg	 1.612857e+03	 12	 999000	 120	 999000	 999	 1.613875e+03	 716.67	 783.33	 21.00	 10	 0.46	 
BFE_107	 1	 12	 1105.jpg	 1.615860e+03	 12	 999000	 120	 999000	 999	 1.616878e+03	 716.67	 783.33	 3.00	 5	 0.84	 
BFE_107	 1	 12	 1106.jpg	 1.617863e+03	 11	 9.078246e+02	 110	 7.167128e+02	 98	 1.618880e+03	 733.33	 783.33	 7.00	 6	 0.74	 
BFE_107	 1	 12	 1103.jpg	 1.621867e+03	 12	 999000	 120	 999000	 999	 1.622885e+03	 733.33	 783.33	 9.00	 3	 0.71	 
BFE_107	 1	 12	 2101.jpg	 1.623852e+03	 24	 999000	 240	 999000	 999	 1.624870e+03	 733.33	 783.33	 77.00	 1	 0.18	 
BFE_107	 1	 12	 1201.jpg	 1.628858e+03	 12	 999000	 120	 999000	 999	 1.629876e+03	 733.33	 783.33	 11.00	 22	 0.66	 
BFE_107	 1	 12	 1107.jpg	 1.635866e+03	 11	 9.283604e+02	 110	 7.333708e+02	 98	 1.636884e+03	 750.00	 783.33	 18.00	 7	 0.53	 
BFE_107	 1	 12	 2218.jpg	 1.637868e+03	 24	 999000	 240	 999000	 999	 1.638886e+03	 750.00	 783.33	 57.00	 39	 0.58	 
BFE_107	 1	 12	 1205.jpg	 1.640855e+03	 12	 999000	 120	 999000	 999	 1.641873e+03	 750.00	 783.33	 4.00	 26	 0.82	 
BFE_107	 1	 12	 2111.jpg	 1.643859e+03	 22	 9.431715e+02	 220	 7.833869e+02	 98	 1.644876e+03	 750.00	 800.00	 52.00	 11	 0.63	 
BFE_107	 1	 12	 2207.jpg	 1.647863e+03	 24	 999000	 240	 999000	 999	 1.648881e+03	 750.00	 800.00	 62.00	 28	 0.47	 
BFE_107	 1	 12	 1214.jpg	 1.651867e+03	 11	 9.269994e+02	 110	 7.500307e+02	 98	 1.652885e+03	 766.67	 800.00	 15.00	 35	 0.59	 
BFE_107	 1	 12	 2116.jpg	 1.655855e+03	 22	 9.872045e+02	 220	 8.000414e+02	 98	 1.656873e+03	 766.67	 816.67	 58.00	 16	 0.55	 
BFE_107	 1	 12	 2219.jpg	 1.658859e+03	 22	 1.015823e+03	 2200	 8.166980e+02	 98	 1.659876e+03	 766.67	 766.67	 55.00	 40	 0.58	 
BFE_107	 1	 12	 1109.jpg	 1.664865e+03	 11	 9.769551e+02	 110	 7.666956e+02	 98	 1.665883e+03	 783.33	 766.67	 13.00	 9	 0.63	 
BFE_107	 1	 12	 1115.jpg	 1.666868e+03	 12	 9.187602e+02	 12	 999000	 98	 1.667885e+03	 783.33	 766.67	 14.00	 15	 0.62	 
BFE_107	 1	 12	 2205.jpg	 1.669854e+03	 24	 999000	 240	 999000	 999	 1.670872e+03	 783.33	 766.67	 48.00	 26	 0.73	 
BFE_107	 1	 12	 2104.jpg	 1.671857e+03	 22	 9.698395e+02	 220	 7.667016e+02	 98	 1.672874e+03	 783.33	 783.33	 50.00	 4	 0.67	 
BFE_107	 1	 12	 1213.jpg	 1.673859e+03	 12	 999000	 120	 999000	 999	 1.674877e+03	 783.33	 783.33	 19.00	 34	 0.49	 
BFE_107	 1	 12	 2214.jpg	 1.675861e+03	 24	 999000	 240	 999000	 999	 1.676879e+03	 783.33	 783.33	 44.00	 35	 0.80	 
BFE_107	 1	 12	 1212.jpg	 1.678864e+03	 12	 999000	 120	 999000	 999	 1.679882e+03	 783.33	 783.33	 37.00	 33	 0.21	 
BFE_107	 1	 12	 2203.jpg	 1.682869e+03	 22	 1.101520e+03	 2200	 7.833594e+02	 98	 1.683887e+03	 783.33	 733.33	 53.00	 24	 0.60	 
BFE_107	 1	 12	 1216.jpg	 1.684854e+03	 12	 999000	 120	 999000	 999	 1.685872e+03	 783.33	 733.33	 22.00	 37	 0.46	 
BFE_107	 1	 12	 1118.jpg	 1.686857e+03	 12	 999000	 120	 999000	 999	 1.687875e+03	 783.33	 733.33	 38.00	 18	 0.12	 
BFE_107	 1	 12	 2113.jpg	 1.688859e+03	 24	 999000	 240	 999000	 999	 1.689877e+03	 783.33	 733.33	 54.00	 13	 0.60	 
BFE_107	 1	 12	 1209.jpg	 1.690861e+03	 12	 999000	 120	 999000	 999	 1.691879e+03	 783.33	 733.33	 16.00	 30	 0.58	 
BFE_107	 1	 12	 1202.jpg	 1.692863e+03	 11	 9.549512e+02	 110	 7.833639e+02	 98	 1.693881e+03	 800.00	 733.33	 10.00	 23	 0.69	 
BFE_107	 1	 12	 2117.jpg	 1.696868e+03	 24	 999000	 240	 999000	 999	 1.697886e+03	 800.00	 733.33	 78.00	 17	 0.15	 
BFE_107	 1	 12	 2202.jpg	 1.700856e+03	 24	 999000	 240	 999000	 999	 1.701873e+03	 800.00	 733.33	 51.00	 23	 0.64	 
BFE_107	 1	 12	 2105.jpg	 1.702858e+03	 22	 9.044244e+02	 220	 7.333701e+02	 98	 1.703876e+03	 800.00	 750.00	 47.00	 5	 0.76	 
BFE_107	 1	 12	 1111.jpg	 1.704860e+03	 12	 999000	 120	 999000	 999	 1.705878e+03	 800.00	 750.00	 17.00	 11	 0.57	 
BFE_107	 1	 12	 2213.jpg	 1.706862e+03	 24	 999000	 240	 999000	 999	 1.707880e+03	 800.00	 750.00	 61.00	 34	 0.49	 
BFE_107	 1	 12	 2201.jpg	 1.708865e+03	 24	 999000	 240	 999000	 999	 1.709882e+03	 800.00	 750.00	 49.00	 22	 0.73	 
BFE_107	 1	 12	 1217.jpg	 1.714855e+03	 11	 1.043523e+03	 1100	 8.000289e+02	 98	 1.715873e+03	 750.00	 750.00	 12.00	 38	 0.63	 
BFE_107	 1	 12	 1211.jpg	 1.716857e+03	 12	 999000	 120	 999000	 999	 1.717875e+03	 750.00	 750.00	 20.00	 32	 0.46	 
