subjectID	 order	 runNum	 itemName	 onsetTime	 shuff_trialType	 RT	 respInTime	 AudioTime	 response	 fixationTime	 ladder1	 ladder2	 bidIndex	 itemNameIndex	 bidValue	 
BFE_204	 2	 18	 1215.jpg	 2.949008e+03	 11	 8.416215e+02	 110	 5.833891e+02	 98	 2.950026e+03	 600.00	 650.00	 11.00	 36	 0.66	 
BFE_204	 2	 18	 1120.jpg	 2.951995e+03	 12	 999000	 120	 999000	 999	 2.953013e+03	 600.00	 650.00	 15.00	 20	 0.59	 
BFE_204	 2	 18	 2108.jpg	 2.953997e+03	 22	 9.086752e+02	 220	 6.500428e+02	 98	 2.955015e+03	 600.00	 666.67	 49.00	 8	 0.72	 
BFE_204	 2	 18	 2214.jpg	 2.956000e+03	 24	 999000	 240	 999000	 999	 2.957017e+03	 600.00	 666.67	 47.00	 35	 0.78	 
BFE_204	 2	 18	 1206.jpg	 2.958002e+03	 12	 999000	 120	 999000	 999	 2.959020e+03	 600.00	 666.67	 10.00	 27	 0.67	 
BFE_204	 2	 18	 1218.jpg	 2.961005e+03	 12	 999000	 120	 999000	 999	 2.962023e+03	 600.00	 666.67	 4.00	 39	 0.77	 
BFE_204	 2	 18	 2110.jpg	 2.962990e+03	 24	 999000	 240	 999000	 999	 2.964009e+03	 600.00	 666.67	 77.00	 10	 0.23	 
BFE_204	 2	 18	 2216.jpg	 2.966995e+03	 24	 999000	 240	 999000	 999	 2.968013e+03	 600.00	 666.67	 52.00	 37	 0.62	 
BFE_204	 2	 18	 1217.jpg	 2.968998e+03	 12	 999000	 120	 999000	 999	 2.970015e+03	 600.00	 666.67	 13.00	 38	 0.61	 
BFE_204	 2	 18	 1109.jpg	 2.974003e+03	 12	 999000	 120	 999000	 999	 2.975021e+03	 600.00	 666.67	 19.00	 9	 0.55	 
BFE_204	 2	 18	 1101.jpg	 2.976005e+03	 12	 999000	 120	 999000	 999	 2.977023e+03	 600.00	 666.67	 7.00	 1	 0.72	 
BFE_204	 2	 18	 1118.jpg	 2.979993e+03	 12	 999000	 120	 999000	 999	 2.981011e+03	 600.00	 666.67	 37.00	 18	 0.15	 
BFE_204	 2	 18	 1210.jpg	 2.981995e+03	 12	 999000	 120	 999000	 999	 2.983013e+03	 600.00	 666.67	 22.00	 31	 0.49	 
BFE_204	 2	 18	 2209.jpg	 2.984999e+03	 24	 999000	 240	 999000	 999	 2.986017e+03	 600.00	 666.67	 44.00	 30	 0.84	 
BFE_204	 2	 18	 2117.jpg	 2.990004e+03	 24	 999000	 240	 999000	 999	 2.991022e+03	 600.00	 666.67	 78.00	 17	 0.22	 
BFE_204	 2	 18	 1117.jpg	 2.992007e+03	 12	 999000	 120	 999000	 999	 2.993024e+03	 600.00	 666.67	 38.00	 17	 0.15	 
BFE_204	 2	 18	 1108.jpg	 2.993992e+03	 11	 1.049780e+03	 1100	 6.000387e+02	 98	 2.995010e+03	 550.00	 666.67	 16.00	 8	 0.59	 
BFE_204	 2	 18	 2208.jpg	 2.997997e+03	 22	 1.061353e+03	 2200	 6.666940e+02	 98	 2.999014e+03	 550.00	 616.67	 57.00	 29	 0.55	 
BFE_204	 2	 18	 2204.jpg	 3.002001e+03	 24	 999000	 240	 999000	 999	 3.003019e+03	 550.00	 616.67	 60.00	 25	 0.51	 
BFE_204	 2	 18	 2120.jpg	 3.006006e+03	 24	 999000	 240	 999000	 999	 3.007023e+03	 550.00	 616.67	 55.00	 20	 0.57	 
BFE_204	 2	 18	 2219.jpg	 3.007991e+03	 22	 9.871291e+02	 220	 6.167236e+02	 98	 3.009009e+03	 550.00	 633.33	 51.00	 40	 0.65	 
BFE_204	 2	 18	 1209.jpg	 3.009994e+03	 11	 9.044546e+02	 110	 5.500409e+02	 98	 3.011011e+03	 566.67	 633.33	 8.00	 30	 0.69	 
BFE_204	 2	 18	 2202.jpg	 3.011996e+03	 22	 1.014141e+03	 2200	 6.333628e+02	 98	 3.013014e+03	 566.67	 583.33	 48.00	 23	 0.75	 
BFE_204	 2	 18	 1219.jpg	 3.013998e+03	 12	 999000	 120	 999000	 999	 3.015016e+03	 566.67	 583.33	 3.00	 40	 0.84	 
BFE_204	 2	 18	 1203.jpg	 3.020005e+03	 12	 3.573594e+02	 120	 999000	 106	 3.021022e+03	 566.67	 583.33	 20.00	 24	 0.52	 
BFE_204	 2	 18	 2203.jpg	 3.022991e+03	 24	 999000	 240	 999000	 999	 3.024009e+03	 566.67	 583.33	 53.00	 24	 0.59	 
BFE_204	 2	 18	 2212.jpg	 3.024994e+03	 24	 999000	 240	 999000	 999	 3.026011e+03	 566.67	 583.33	 61.00	 33	 0.50	 
BFE_204	 2	 18	 1205.jpg	 3.026996e+03	 11	 9.021876e+02	 110	 5.667034e+02	 98	 3.028014e+03	 583.33	 583.33	 17.00	 26	 0.56	 
BFE_204	 2	 18	 2106.jpg	 3.029999e+03	 22	 9.067664e+02	 220	 5.833754e+02	 98	 3.031017e+03	 583.33	 600.00	 56.00	 6	 0.56	 
BFE_204	 2	 18	 2103.jpg	 3.032001e+03	 24	 999000	 240	 999000	 999	 3.033019e+03	 583.33	 600.00	 62.00	 3	 0.47	 
BFE_204	 2	 18	 2218.jpg	 3.034004e+03	 24	 999000	 240	 999000	 999	 3.035021e+03	 583.33	 600.00	 43.00	 39	 0.87	 
BFE_204	 2	 18	 1207.jpg	 3.036006e+03	 12	 999000	 120	 999000	 999	 3.037024e+03	 583.33	 600.00	 21.00	 28	 0.51	 
BFE_204	 2	 18	 1208.jpg	 3.038993e+03	 11	 9.932976e+02	 110	 5.833712e+02	 98	 3.040010e+03	 600.00	 600.00	 14.00	 29	 0.60	 
BFE_204	 2	 18	 2206.jpg	 3.040995e+03	 24	 999000	 240	 999000	 999	 3.042013e+03	 600.00	 600.00	 50.00	 27	 0.68	 
BFE_204	 2	 18	 2101.jpg	 3.042997e+03	 22	 9.568496e+02	 220	 6.000325e+02	 98	 3.044015e+03	 600.00	 616.67	 54.00	 1	 0.58	 
BFE_204	 2	 18	 1204.jpg	 3.044999e+03	 11	 9.866092e+02	 110	 6.000464e+02	 98	 3.046017e+03	 616.67	 616.67	 9.00	 25	 0.68	 
BFE_204	 2	 18	 1214.jpg	 3.047002e+03	 12	 999000	 120	 999000	 999	 3.048019e+03	 616.67	 616.67	 12.00	 35	 0.64	 
BFE_204	 2	 18	 2215.jpg	 3.052992e+03	 24	 999000	 240	 999000	 999	 3.054009e+03	 616.67	 616.67	 58.00	 36	 0.54	 
BFE_204	 2	 18	 1111.jpg	 3.055995e+03	 12	 999000	 120	 999000	 999	 3.057013e+03	 616.67	 616.67	 18.00	 11	 0.56	 
BFE_204	 2	 18	 2210.jpg	 3.060000e+03	 24	 999000	 240	 999000	 999	 3.061017e+03	 616.67	 616.67	 59.00	 31	 0.53	 
