subjectID	 order	 runNum	 itemName	 onsetTime	 shuff_trialType	 RT	 respInTime	 AudioTime	 response	 fixationTime	 ladder1	 ladder2	 bidIndex	 itemNameIndex	 bidValue	 
BFE_111	 1	 8	 1113.jpg	 1.262869e+03	 12	 999000	 120	 999000	 999	 1.263887e+03	 716.67	 583.33	 21.00	 13	 0.49	 
BFE_111	 1	 8	 1218.jpg	 1.265856e+03	 11	 9.386567e+02	 110	 7.167377e+02	 98	 1.266873e+03	 733.33	 583.33	 7.00	 39	 0.66	 
BFE_111	 1	 8	 2205.jpg	 1.267858e+03	 24	 999000	 240	 999000	 999	 1.268876e+03	 733.33	 583.33	 59.00	 26	 0.50	 
BFE_111	 1	 8	 2214.jpg	 1.269860e+03	 22	 8.222075e+02	 220	 5.833743e+02	 98	 1.270878e+03	 733.33	 600.00	 47.00	 35	 0.68	 
BFE_111	 1	 8	 2209.jpg	 1.271862e+03	 24	 999000	 240	 999000	 999	 1.272880e+03	 733.33	 600.00	 54.00	 30	 0.56	 
BFE_111	 1	 8	 2218.jpg	 1.274866e+03	 24	 999000	 240	 999000	 999	 1.275883e+03	 733.33	 600.00	 61.00	 39	 0.45	 
BFE_111	 1	 8	 2120.jpg	 1.276851e+03	 22	 1.006832e+03	 2200	 6.000374e+02	 98	 1.277869e+03	 733.33	 550.00	 53.00	 20	 0.60	 
BFE_111	 1	 8	 1102.jpg	 1.280856e+03	 12	 999000	 120	 999000	 999	 1.281874e+03	 733.33	 550.00	 19.00	 2	 0.52	 
BFE_111	 1	 8	 1209.jpg	 1.282858e+03	 12	 999000	 120	 999000	 999	 1.283876e+03	 733.33	 550.00	 8.00	 30	 0.64	 
BFE_111	 1	 8	 2104.jpg	 1.287864e+03	 22	 8.026312e+02	 220	 5.500300e+02	 98	 1.288881e+03	 733.33	 566.67	 55.00	 4	 0.56	 
BFE_111	 1	 8	 2103.jpg	 1.289866e+03	 24	 999000	 240	 999000	 999	 1.290884e+03	 733.33	 566.67	 57.00	 3	 0.53	 
BFE_111	 1	 8	 1116.jpg	 1.293854e+03	 12	 999000	 120	 999000	 999	 1.294872e+03	 733.33	 566.67	 38.00	 16	 0.23	 
BFE_111	 1	 8	 2216.jpg	 1.295856e+03	 24	 999000	 240	 999000	 999	 1.296874e+03	 733.33	 566.67	 56.00	 37	 0.55	 
BFE_111	 1	 8	 2207.jpg	 1.298859e+03	 24	 999000	 240	 999000	 999	 1.299877e+03	 733.33	 566.67	 44.00	 28	 0.72	 
BFE_111	 1	 8	 1210.jpg	 1.303865e+03	 12	 999000	 120	 999000	 999	 1.304883e+03	 733.33	 566.67	 11.00	 31	 0.61	 
BFE_111	 1	 8	 1114.jpg	 1.305850e+03	 12	 999000	 120	 999000	 999	 1.306868e+03	 733.33	 566.67	 4.00	 14	 0.79	 
BFE_111	 1	 8	 2211.jpg	 1.307853e+03	 22	 9.495436e+02	 220	 5.667044e+02	 98	 1.308870e+03	 733.33	 583.33	 58.00	 32	 0.51	 
BFE_111	 1	 8	 1107.jpg	 1.311857e+03	 11	 1.000965e+03	 1100	 7.333603e+02	 98	 1.312875e+03	 683.33	 583.33	 12.00	 7	 0.60	 
BFE_111	 1	 8	 1117.jpg	 1.315862e+03	 11	 1.116561e+03	 1100	 6.833691e+02	 98	 1.316879e+03	 633.33	 583.33	 15.00	 17	 0.55	 
BFE_111	 1	 8	 2110.jpg	 1.319866e+03	 24	 999000	 240	 999000	 999	 1.320884e+03	 633.33	 583.33	 62.00	 10	 0.44	 
BFE_111	 1	 8	 2119.jpg	 1.321852e+03	 24	 999000	 240	 999000	 999	 1.322869e+03	 633.33	 583.33	 77.00	 19	 0.30	 
BFE_111	 1	 8	 1205.jpg	 1.323854e+03	 11	 8.922968e+02	 110	 6.333645e+02	 98	 1.324872e+03	 650.00	 583.33	 18.00	 26	 0.52	 
BFE_111	 1	 8	 2113.jpg	 1.325856e+03	 24	 999000	 240	 999000	 999	 1.326874e+03	 650.00	 583.33	 51.00	 13	 0.64	 
BFE_111	 1	 8	 1213.jpg	 1.327858e+03	 12	 999000	 120	 999000	 999	 1.328876e+03	 650.00	 583.33	 37.00	 34	 0.23	 
BFE_111	 1	 8	 2112.jpg	 1.333865e+03	 24	 999000	 240	 999000	 999	 1.334883e+03	 650.00	 583.33	 60.00	 12	 0.48	 
BFE_111	 1	 8	 1216.jpg	 1.336852e+03	 11	 1.046329e+03	 1100	 6.500592e+02	 98	 1.337870e+03	 600.00	 583.33	 10.00	 37	 0.61	 
BFE_111	 1	 8	 2102.jpg	 1.338854e+03	 24	 999000	 240	 999000	 999	 1.339872e+03	 600.00	 583.33	 48.00	 2	 0.67	 
BFE_111	 1	 8	 2210.jpg	 1.340856e+03	 22	 9.379412e+02	 220	 5.833704e+02	 98	 1.341874e+03	 600.00	 600.00	 52.00	 31	 0.61	 
BFE_111	 1	 8	 2111.jpg	 1.343860e+03	 24	 999000	 240	 999000	 999	 1.344877e+03	 600.00	 600.00	 49.00	 11	 0.66	 
BFE_111	 1	 8	 2213.jpg	 1.345862e+03	 22	 8.442859e+02	 220	 6.000390e+02	 98	 1.346880e+03	 600.00	 616.67	 50.00	 34	 0.65	 
BFE_111	 1	 8	 1202.jpg	 1.347864e+03	 12	 999000	 120	 999000	 999	 1.348882e+03	 600.00	 616.67	 22.00	 23	 0.46	 
BFE_111	 1	 8	 1109.jpg	 1.349866e+03	 12	 999000	 120	 999000	 999	 1.350884e+03	 600.00	 616.67	 17.00	 9	 0.54	 
BFE_111	 1	 8	 2217.jpg	 1.352853e+03	 24	 999000	 240	 999000	 999	 1.353871e+03	 600.00	 616.67	 43.00	 38	 0.77	 
BFE_111	 1	 8	 2116.jpg	 1.354855e+03	 24	 999000	 240	 999000	 999	 1.355873e+03	 600.00	 616.67	 78.00	 16	 0.25	 
BFE_111	 1	 8	 1219.jpg	 1.356858e+03	 11	 8.886294e+02	 110	 6.000360e+02	 98	 1.357875e+03	 616.67	 616.67	 13.00	 40	 0.58	 
BFE_111	 1	 8	 1217.jpg	 1.358860e+03	 12	 999000	 120	 999000	 999	 1.359878e+03	 616.67	 616.67	 3.00	 38	 0.87	 
BFE_111	 1	 8	 1120.jpg	 1.360862e+03	 12	 999000	 120	 999000	 999	 1.361880e+03	 616.67	 616.67	 20.00	 20	 0.49	 
BFE_111	 1	 8	 1214.jpg	 1.366852e+03	 12	 999000	 120	 999000	 999	 1.367870e+03	 616.67	 616.67	 9.00	 35	 0.63	 
BFE_111	 1	 8	 1105.jpg	 1.369856e+03	 12	 999000	 120	 999000	 999	 1.370873e+03	 616.67	 616.67	 14.00	 5	 0.57	 
BFE_111	 1	 8	 1215.jpg	 1.373860e+03	 12	 999000	 120	 999000	 999	 1.374878e+03	 616.67	 616.67	 16.00	 36	 0.54	 
