subjectID	 order	 runNum	 itemName	 onsetTime	 shuff_trialType	 RT	 respInTime	 AudioTime	 response	 fixationTime	 ladder1	 ladder2	 bidIndex	 itemNameIndex	 bidValue	 
BFE_102	 2	 8	 1203.jpg	 9.310704e+02	 12	 999000	 120	 999000	 999	 9.320881e+02	 650.00	 783.33	 3.00	 24	 0.87	 
BFE_102	 2	 8	 2206.jpg	 9.340570e+02	 24	 999000	 240	 999000	 999	 9.350748e+02	 650.00	 783.33	 43.00	 27	 0.87	 
BFE_102	 2	 8	 1218.jpg	 9.360592e+02	 12	 999000	 120	 999000	 999	 9.370771e+02	 650.00	 783.33	 4.00	 39	 0.79	 
BFE_102	 2	 8	 2203.jpg	 9.380616e+02	 22	 1.076524e+03	 2200	 7.833732e+02	 98	 9.390792e+02	 650.00	 733.33	 54.00	 24	 0.72	 
BFE_102	 2	 8	 2104.jpg	 9.400637e+02	 24	 999000	 240	 999000	 999	 9.410815e+02	 650.00	 733.33	 58.00	 4	 0.63	 
BFE_102	 2	 8	 1205.jpg	 9.430671e+02	 12	 999000	 120	 999000	 999	 9.440849e+02	 650.00	 733.33	 7.00	 26	 0.71	 
BFE_102	 2	 8	 2101.jpg	 9.450693e+02	 24	 999000	 240	 999000	 999	 9.460872e+02	 650.00	 733.33	 44.00	 1	 0.87	 
BFE_102	 2	 8	 2218.jpg	 9.490571e+02	 24	 999000	 240	 999000	 999	 9.500749e+02	 650.00	 733.33	 55.00	 39	 0.72	 
BFE_102	 2	 8	 2204.jpg	 9.510594e+02	 24	 999000	 240	 999000	 999	 9.520772e+02	 650.00	 733.33	 50.00	 25	 0.75	 
BFE_102	 2	 8	 1108.jpg	 9.560650e+02	 12	 999000	 120	 999000	 999	 9.570828e+02	 650.00	 733.33	 10.00	 8	 0.68	 
BFE_102	 2	 8	 1106.jpg	 9.580673e+02	 12	 999000	 120	 999000	 999	 9.590851e+02	 650.00	 733.33	 18.00	 6	 0.53	 
BFE_102	 2	 8	 1211.jpg	 9.620551e+02	 11	 8.910210e+02	 110	 6.500461e+02	 98	 9.630729e+02	 666.67	 733.33	 9.00	 32	 0.70	 
BFE_102	 2	 8	 2115.jpg	 9.640573e+02	 24	 999000	 240	 999000	 999	 9.650750e+02	 666.67	 733.33	 61.00	 15	 0.53	 
BFE_102	 2	 8	 2103.jpg	 9.670607e+02	 24	 999000	 240	 999000	 999	 9.680785e+02	 666.67	 733.33	 52.00	 3	 0.75	 
BFE_102	 2	 8	 2114.jpg	 9.720664e+02	 24	 999000	 240	 999000	 999	 9.730840e+02	 666.67	 733.33	 47.00	 14	 0.85	 
BFE_102	 2	 8	 1110.jpg	 9.740686e+02	 12	 999000	 120	 999000	 999	 9.750863e+02	 666.67	 733.33	 20.00	 10	 0.52	 
BFE_102	 2	 8	 1209.jpg	 9.760538e+02	 11	 9.242950e+02	 110	 6.667071e+02	 98	 9.770719e+02	 683.33	 733.33	 16.00	 30	 0.55	 
BFE_102	 2	 8	 2105.jpg	 9.800585e+02	 24	 999000	 240	 999000	 999	 9.810764e+02	 683.33	 733.33	 77.00	 5	 0.32	 
BFE_102	 2	 8	 2111.jpg	 9.840630e+02	 24	 999000	 240	 999000	 999	 9.850808e+02	 683.33	 733.33	 59.00	 11	 0.62	 
BFE_102	 2	 8	 2211.jpg	 9.880677e+02	 22	 1.254393e+03	 2200	 7.333682e+02	 98	 9.890853e+02	 683.33	 683.33	 51.00	 32	 0.75	 
BFE_102	 2	 8	 1116.jpg	 9.900698e+02	 12	 999000	 120	 999000	 999	 9.910875e+02	 683.33	 683.33	 37.00	 16	 0.20	 
BFE_102	 2	 8	 1115.jpg	 9.920554e+02	 12	 999000	 120	 999000	 999	 9.930730e+02	 683.33	 683.33	 22.00	 15	 0.48	 
BFE_102	 2	 8	 2209.jpg	 9.940576e+02	 22	 1.064527e+03	 2200	 6.833689e+02	 98	 9.950754e+02	 683.33	 633.33	 56.00	 30	 0.68	 
BFE_102	 2	 8	 2217.jpg	 9.960599e+02	 22	 8.702304e+02	 220	 6.333779e+02	 98	 9.970776e+02	 683.33	 650.00	 49.00	 38	 0.76	 
BFE_102	 2	 8	 2118.jpg	 1.002067e+03	 24	 999000	 240	 999000	 999	 1.003084e+03	 683.33	 650.00	 78.00	 18	 0.32	 
BFE_102	 2	 8	 1109.jpg	 1.005070e+03	 12	 999000	 120	 999000	 999	 1.006088e+03	 683.33	 650.00	 21.00	 9	 0.50	 
BFE_102	 2	 8	 2201.jpg	 1.007056e+03	 22	 1.074563e+03	 2200	 6.500307e+02	 98	 1.008073e+03	 683.33	 600.00	 57.00	 22	 0.66	 
BFE_102	 2	 8	 1121.jpg	 1.009058e+03	 11	 9.283493e+02	 110	 6.833684e+02	 98	 1.010076e+03	 700.00	 600.00	 17.00	 21	 0.55	 
BFE_102	 2	 8	 2207.jpg	 1.012061e+03	 22	 9.170377e+02	 220	 6.000342e+02	 98	 1.013079e+03	 700.00	 616.67	 48.00	 28	 0.80	 
BFE_102	 2	 8	 1201.jpg	 1.014063e+03	 12	 999000	 120	 999000	 999	 1.015081e+03	 700.00	 616.67	 13.00	 22	 0.60	 
BFE_102	 2	 8	 2110.jpg	 1.016066e+03	 24	 999000	 240	 999000	 999	 1.017083e+03	 700.00	 616.67	 53.00	 10	 0.73	 
BFE_102	 2	 8	 1105.jpg	 1.018068e+03	 12	 999000	 120	 999000	 999	 1.019086e+03	 700.00	 616.67	 19.00	 5	 0.53	 
BFE_102	 2	 8	 2213.jpg	 1.021055e+03	 24	 999000	 240	 999000	 999	 1.022072e+03	 700.00	 616.67	 62.00	 34	 0.52	 
BFE_102	 2	 8	 1104.jpg	 1.023057e+03	 12	 999000	 120	 999000	 999	 1.024075e+03	 700.00	 616.67	 15.00	 4	 0.56	 
BFE_102	 2	 8	 1207.jpg	 1.025059e+03	 11	 1.271116e+03	 1100	 7.000310e+02	 98	 1.026077e+03	 650.00	 616.67	 8.00	 28	 0.70	 
BFE_102	 2	 8	 1208.jpg	 1.027061e+03	 12	 999000	 120	 999000	 999	 1.028079e+03	 650.00	 616.67	 12.00	 29	 0.62	 
BFE_102	 2	 8	 1102.jpg	 1.029064e+03	 11	 9.226054e+02	 110	 6.500334e+02	 98	 1.030081e+03	 666.67	 616.67	 14.00	 2	 0.60	 
BFE_102	 2	 8	 2214.jpg	 1.035070e+03	 24	 999000	 240	 999000	 999	 1.036088e+03	 666.67	 616.67	 60.00	 35	 0.57	 
BFE_102	 2	 8	 1204.jpg	 1.038057e+03	 11	 9.613568e+02	 110	 6.667053e+02	 98	 1.039075e+03	 683.33	 616.67	 11.00	 25	 0.65	 
BFE_102	 2	 8	 1212.jpg	 1.042061e+03	 12	 999000	 120	 999000	 999	 1.043079e+03	 683.33	 616.67	 38.00	 33	 0.20	 
