subjectID	 order	 runNum	 itemName	 onsetTime	 shuff_trialType	 RT	 respInTime	 AudioTime	 response	 fixationTime	 ladder1	 ladder2	 bidIndex	 itemNameIndex	 bidValue	 
BFE_109	 1	 8	 2112.jpg	 9.013112e+02	 24	 999000	 240	 999000	 999	 9.023293e+02	 716.67	 783.33	 78.00	 12	 0.20	 
BFE_109	 1	 8	 1106.jpg	 9.063171e+02	 11	 9.251236e+02	 110	 7.167138e+02	 98	 9.073349e+02	 733.33	 783.33	 18.00	 6	 0.55	 
BFE_109	 1	 8	 1103.jpg	 9.083194e+02	 11	 9.308436e+02	 110	 7.333617e+02	 98	 9.093372e+02	 750.00	 783.33	 15.00	 3	 0.60	 
BFE_109	 1	 8	 2207.jpg	 9.103216e+02	 22	 1.040675e+03	 2200	 7.833861e+02	 98	 9.113394e+02	 750.00	 733.33	 50.00	 28	 0.68	 
BFE_109	 1	 8	 1102.jpg	 9.163116e+02	 12	 999000	 120	 999000	 999	 9.173295e+02	 750.00	 733.33	 16.00	 2	 0.59	 
BFE_109	 1	 8	 2209.jpg	 9.183139e+02	 24	 999000	 240	 999000	 999	 9.193317e+02	 750.00	 733.33	 44.00	 30	 0.80	 
BFE_109	 1	 8	 1205.jpg	 9.213173e+02	 11	 999000	 1	 7.500401e+02	 999	 9.223350e+02	 700.00	 733.33	 13.00	 26	 0.62	 
BFE_109	 1	 8	 2211.jpg	 9.233196e+02	 24	 999000	 240	 999000	 999	 9.243375e+02	 700.00	 733.33	 49.00	 32	 0.69	 
BFE_109	 1	 8	 1216.jpg	 9.273073e+02	 12	 999000	 120	 999000	 999	 9.283250e+02	 700.00	 733.33	 4.00	 37	 0.81	 
BFE_109	 1	 8	 1210.jpg	 9.293096e+02	 12	 999000	 120	 999000	 999	 9.303273e+02	 700.00	 733.33	 3.00	 31	 0.81	 
BFE_109	 1	 8	 1213.jpg	 9.343151e+02	 12	 999000	 120	 999000	 999	 9.353329e+02	 700.00	 733.33	 14.00	 34	 0.60	 
BFE_109	 1	 8	 1215.jpg	 9.413063e+02	 12	 999000	 120	 999000	 999	 9.423241e+02	 700.00	 733.33	 9.00	 36	 0.68	 
BFE_109	 1	 8	 2107.jpg	 9.433087e+02	 24	 999000	 240	 999000	 999	 9.443263e+02	 700.00	 733.33	 54.00	 7	 0.61	 
BFE_109	 1	 8	 2215.jpg	 9.463120e+02	 24	 999000	 240	 999000	 999	 9.473297e+02	 700.00	 733.33	 60.00	 36	 0.50	 
BFE_109	 1	 8	 2202.jpg	 9.493153e+02	 22	 9.429896e+02	 220	 7.333730e+02	 98	 9.503331e+02	 700.00	 750.00	 55.00	 23	 0.59	 
BFE_109	 1	 8	 2204.jpg	 9.533198e+02	 24	 999000	 240	 999000	 999	 9.543376e+02	 700.00	 750.00	 48.00	 25	 0.71	 
BFE_109	 1	 8	 1105.jpg	 9.573077e+02	 12	 999000	 120	 999000	 999	 9.583253e+02	 700.00	 750.00	 37.00	 5	 0.17	 
BFE_109	 1	 8	 2218.jpg	 9.613121e+02	 24	 999000	 240	 999000	 999	 9.623299e+02	 700.00	 750.00	 59.00	 39	 0.53	 
BFE_109	 1	 8	 2212.jpg	 9.643155e+02	 22	 1.038735e+03	 2200	 7.500409e+02	 98	 9.653333e+02	 700.00	 700.00	 53.00	 33	 0.62	 
BFE_109	 1	 8	 2213.jpg	 9.703224e+02	 24	 999000	 240	 999000	 999	 9.713400e+02	 700.00	 700.00	 61.00	 34	 0.48	 
BFE_109	 1	 8	 2205.jpg	 9.723078e+02	 24	 999000	 240	 999000	 999	 9.733255e+02	 700.00	 700.00	 51.00	 26	 0.63	 
BFE_109	 1	 8	 2111.jpg	 9.753111e+02	 24	 999000	 240	 999000	 999	 9.763289e+02	 700.00	 700.00	 62.00	 11	 0.47	 
BFE_109	 1	 8	 2203.jpg	 9.773134e+02	 22	 9.528863e+02	 220	 7.000412e+02	 98	 9.783312e+02	 700.00	 716.67	 58.00	 24	 0.58	 
BFE_109	 1	 8	 2210.jpg	 9.793156e+02	 22	 9.026378e+02	 220	 7.167100e+02	 98	 9.803333e+02	 700.00	 733.33	 47.00	 31	 0.71	 
BFE_109	 1	 8	 2201.jpg	 9.813178e+02	 24	 999000	 240	 999000	 999	 9.823356e+02	 700.00	 733.33	 43.00	 22	 0.81	 
BFE_109	 1	 8	 1208.jpg	 9.843213e+02	 12	 999000	 120	 999000	 999	 9.853390e+02	 700.00	 733.33	 11.00	 29	 0.67	 
BFE_109	 1	 8	 1119.jpg	 9.883090e+02	 12	 999000	 120	 999000	 999	 9.893268e+02	 700.00	 733.33	 38.00	 19	 0.17	 
BFE_109	 1	 8	 1121.jpg	 9.903113e+02	 12	 999000	 120	 999000	 999	 9.913290e+02	 700.00	 733.33	 21.00	 21	 0.53	 
BFE_109	 1	 8	 1203.jpg	 9.923135e+02	 11	 8.967987e+02	 110	 7.000305e+02	 98	 9.933313e+02	 716.67	 733.33	 10.00	 24	 0.68	 
BFE_109	 1	 8	 1219.jpg	 9.943158e+02	 12	 999000	 120	 999000	 999	 9.953335e+02	 716.67	 733.33	 17.00	 40	 0.55	 
BFE_109	 1	 8	 2110.jpg	 9.963179e+02	 24	 999000	 240	 999000	 999	 9.973357e+02	 716.67	 733.33	 57.00	 10	 0.58	 
BFE_109	 1	 8	 1214.jpg	 9.983202e+02	 12	 999000	 120	 999000	 999	 9.993380e+02	 716.67	 733.33	 22.00	 35	 0.51	 
BFE_109	 1	 8	 1218.jpg	 1.002308e+03	 11	 9.421259e+02	 110	 7.167341e+02	 98	 1.003326e+03	 733.33	 733.33	 12.00	 39	 0.64	 
BFE_109	 1	 8	 2217.jpg	 1.006312e+03	 22	 9.777736e+02	 220	 7.333686e+02	 98	 1.007330e+03	 733.33	 750.00	 52.00	 38	 0.62	 
BFE_109	 1	 8	 2105.jpg	 1.008315e+03	 24	 999000	 240	 999000	 999	 1.009333e+03	 733.33	 750.00	 77.00	 5	 0.20	 
BFE_109	 1	 8	 1110.jpg	 1.010317e+03	 12	 999000	 120	 999000	 999	 1.011335e+03	 733.33	 750.00	 20.00	 10	 0.54	 
BFE_109	 1	 8	 1201.jpg	 1.012319e+03	 12	 999000	 120	 999000	 999	 1.013337e+03	 733.33	 750.00	 8.00	 22	 0.68	 
BFE_109	 1	 8	 2208.jpg	 1.014322e+03	 24	 999000	 240	 999000	 999	 1.015339e+03	 733.33	 750.00	 56.00	 29	 0.59	 
BFE_109	 1	 8	 1206.jpg	 1.020312e+03	 11	 1.074669e+03	 1100	 7.334029e+02	 98	 1.021329e+03	 683.33	 750.00	 7.00	 27	 0.74	 
BFE_109	 1	 8	 1211.jpg	 1.022314e+03	 12	 999000	 120	 999000	 999	 1.023332e+03	 683.33	 750.00	 19.00	 32	 0.55	 
