subjectID	 order	 runNum	 itemName	 onsetTime	 shuff_trialType	 RT	 respInTime	 AudioTime	 response	 fixationTime	 ladder1	 ladder2	 bidIndex	 itemNameIndex	 bidValue	 
BFE_108	 2	 13	 1106.jpg	 1.517283e+03	 11	 9.913285e+02	 110	 7.500613e+02	 98	 1.518301e+03	 766.67	 750.00	 8.00	 6	 0.71	 
BFE_108	 2	 13	 1105.jpg	 1.520270e+03	 12	 999000	 120	 999000	 999	 1.521288e+03	 766.67	 750.00	 13.00	 5	 0.55	 
BFE_108	 2	 13	 1203.jpg	 1.524274e+03	 11	 1.032172e+03	 1100	 7.667055e+02	 98	 1.525292e+03	 716.67	 750.00	 11.00	 24	 0.63	 
BFE_108	 2	 13	 2102.jpg	 1.526277e+03	 24	 999000	 240	 999000	 999	 1.527294e+03	 716.67	 750.00	 59.00	 2	 0.52	 
BFE_108	 2	 13	 2117.jpg	 1.528279e+03	 24	 999000	 240	 999000	 999	 1.529297e+03	 716.67	 750.00	 47.00	 17	 0.74	 
BFE_108	 2	 13	 2210.jpg	 1.532267e+03	 22	 9.919332e+02	 220	 7.500471e+02	 98	 1.533284e+03	 716.67	 766.67	 48.00	 31	 0.73	 
BFE_108	 2	 13	 2219.jpg	 1.534269e+03	 24	 999000	 240	 999000	 999	 1.535287e+03	 716.67	 766.67	 50.00	 40	 0.67	 
BFE_108	 2	 13	 2217.jpg	 1.539275e+03	 24	 999000	 240	 999000	 999	 1.540292e+03	 716.67	 766.67	 44.00	 38	 0.81	 
BFE_108	 2	 13	 1201.jpg	 1.541277e+03	 12	 999000	 120	 999000	 999	 1.542295e+03	 716.67	 766.67	 3.00	 22	 0.88	 
BFE_108	 2	 13	 1121.jpg	 1.544280e+03	 12	 999000	 120	 999000	 999	 1.545298e+03	 716.67	 766.67	 7.00	 21	 0.71	 
BFE_108	 2	 13	 1114.jpg	 1.547267e+03	 12	 999000	 120	 999000	 999	 1.548285e+03	 716.67	 766.67	 10.00	 14	 0.65	 
BFE_108	 2	 13	 1113.jpg	 1.551271e+03	 12	 999000	 120	 999000	 999	 1.552289e+03	 716.67	 766.67	 20.00	 13	 0.50	 
BFE_108	 2	 13	 2204.jpg	 1.554275e+03	 24	 999000	 240	 999000	 999	 1.555293e+03	 716.67	 766.67	 61.00	 25	 0.48	 
BFE_108	 2	 13	 2111.jpg	 1.556277e+03	 22	 1.045547e+03	 2200	 7.666958e+02	 98	 1.557295e+03	 716.67	 716.67	 51.00	 11	 0.65	 
BFE_108	 2	 13	 2208.jpg	 1.559280e+03	 24	 999000	 240	 999000	 999	 1.560298e+03	 716.67	 716.67	 62.00	 29	 0.46	 
BFE_108	 2	 13	 1210.jpg	 1.563268e+03	 12	 999000	 120	 999000	 999	 1.564286e+03	 716.67	 716.67	 37.00	 31	 0.21	 
BFE_108	 2	 13	 2213.jpg	 1.566271e+03	 24	 999000	 240	 999000	 999	 1.567289e+03	 716.67	 716.67	 52.00	 34	 0.62	 
BFE_108	 2	 13	 2109.jpg	 1.568274e+03	 22	 9.528759e+02	 220	 7.167033e+02	 98	 1.569292e+03	 716.67	 733.33	 56.00	 9	 0.57	 
BFE_108	 2	 13	 1216.jpg	 1.570276e+03	 12	 999000	 120	 999000	 999	 1.571294e+03	 716.67	 733.33	 38.00	 37	 0.20	 
BFE_108	 2	 13	 2103.jpg	 1.575265e+03	 24	 999000	 240	 999000	 999	 1.576283e+03	 716.67	 733.33	 43.00	 3	 0.83	 
BFE_108	 2	 13	 1213.jpg	 1.579269e+03	 11	 9.491277e+02	 110	 7.166973e+02	 98	 1.580287e+03	 733.33	 733.33	 9.00	 34	 0.71	 
BFE_108	 2	 13	 2218.jpg	 1.583274e+03	 22	 9.926996e+02	 220	 7.333627e+02	 98	 1.584292e+03	 733.33	 750.00	 57.00	 39	 0.57	 
BFE_108	 2	 13	 1211.jpg	 1.589281e+03	 11	 9.699811e+02	 110	 7.333641e+02	 98	 1.590298e+03	 750.00	 750.00	 14.00	 32	 0.54	 
BFE_108	 2	 13	 1218.jpg	 1.591266e+03	 12	 999000	 120	 999000	 999	 1.592284e+03	 750.00	 750.00	 12.00	 39	 0.62	 
BFE_108	 2	 13	 1215.jpg	 1.593269e+03	 12	 999000	 120	 999000	 999	 1.594286e+03	 750.00	 750.00	 22.00	 36	 0.47	 
BFE_108	 2	 13	 2209.jpg	 1.595271e+03	 24	 999000	 240	 999000	 999	 1.596288e+03	 750.00	 750.00	 53.00	 30	 0.61	 
BFE_108	 2	 13	 1102.jpg	 1.597273e+03	 11	 9.936447e+02	 110	 7.500289e+02	 98	 1.598291e+03	 766.67	 750.00	 16.00	 2	 0.53	 
BFE_108	 2	 13	 1115.jpg	 1.601277e+03	 12	 999000	 120	 999000	 999	 1.602295e+03	 766.67	 750.00	 15.00	 15	 0.54	 
BFE_108	 2	 13	 2205.jpg	 1.603280e+03	 24	 999000	 240	 999000	 999	 1.604297e+03	 766.67	 750.00	 58.00	 26	 0.54	 
BFE_108	 2	 13	 2106.jpg	 1.607267e+03	 22	 9.911082e+02	 220	 7.500319e+02	 98	 1.608285e+03	 766.67	 766.67	 54.00	 6	 0.61	 
BFE_108	 2	 13	 2121.jpg	 1.609270e+03	 22	 9.890432e+02	 220	 7.666927e+02	 98	 1.610288e+03	 766.67	 783.33	 49.00	 21	 0.69	 
BFE_108	 2	 13	 2113.jpg	 1.611272e+03	 24	 999000	 240	 999000	 999	 1.612290e+03	 766.67	 783.33	 60.00	 13	 0.51	 
BFE_108	 2	 13	 1111.jpg	 1.613274e+03	 12	 999000	 120	 999000	 999	 1.614292e+03	 766.67	 783.33	 19.00	 11	 0.51	 
BFE_108	 2	 13	 2112.jpg	 1.618280e+03	 24	 999000	 240	 999000	 999	 1.619298e+03	 766.67	 783.33	 77.00	 12	 0.22	 
BFE_108	 2	 13	 2101.jpg	 1.620265e+03	 24	 999000	 240	 999000	 999	 1.621283e+03	 766.67	 783.33	 55.00	 1	 0.58	 
BFE_108	 2	 13	 1117.jpg	 1.622268e+03	 12	 999000	 120	 999000	 999	 1.623285e+03	 766.67	 783.33	 21.00	 17	 0.50	 
BFE_108	 2	 13	 1202.jpg	 1.625271e+03	 11	 9.876810e+02	 110	 7.666933e+02	 98	 1.626289e+03	 783.33	 783.33	 17.00	 23	 0.53	 
BFE_108	 2	 13	 1219.jpg	 1.632279e+03	 12	 999000	 120	 999000	 999	 1.633297e+03	 783.33	 783.33	 4.00	 40	 0.78	 
BFE_108	 2	 13	 2212.jpg	 1.636267e+03	 24	 999000	 240	 999000	 999	 1.637284e+03	 783.33	 783.33	 78.00	 33	 0.21	 
BFE_108	 2	 13	 1214.jpg	 1.643274e+03	 12	 999000	 120	 999000	 999	 1.644292e+03	 783.33	 783.33	 18.00	 35	 0.52	 
