subjectID	 order	 runNum	 itemName	 onsetTime	 shuff_trialType	 RT	 respInTime	 AudioTime	 response	 fixationTime	 ladder1	 ladder2	 bidIndex	 itemNameIndex	 bidValue	 
BFE_102	 2	 5	 1108.jpg	 5.308886e+02	 12	 999000	 120	 999000	 999	 5.319064e+02	 683.33	 750.00	 10.00	 8	 0.68	 
BFE_102	 2	 5	 1205.jpg	 5.328741e+02	 12	 999000	 120	 999000	 999	 5.338918e+02	 683.33	 750.00	 7.00	 26	 0.71	 
BFE_102	 2	 5	 1207.jpg	 5.368786e+02	 11	 8.754983e+02	 110	 6.833821e+02	 98	 5.378964e+02	 700.00	 750.00	 8.00	 28	 0.70	 
BFE_102	 2	 5	 1209.jpg	 5.398820e+02	 11	 8.721092e+02	 110	 7.000376e+02	 98	 5.408997e+02	 716.67	 750.00	 16.00	 30	 0.55	 
BFE_102	 2	 5	 1110.jpg	 5.418673e+02	 12	 999000	 120	 999000	 999	 5.428853e+02	 716.67	 750.00	 20.00	 10	 0.52	 
BFE_102	 2	 5	 2110.jpg	 5.448708e+02	 24	 999000	 240	 999000	 999	 5.458886e+02	 716.67	 750.00	 53.00	 10	 0.73	 
BFE_102	 2	 5	 2201.jpg	 5.488754e+02	 22	 9.987032e+02	 220	 7.500505e+02	 98	 5.498931e+02	 716.67	 766.67	 57.00	 22	 0.66	 
BFE_102	 2	 5	 1212.jpg	 5.528799e+02	 12	 999000	 120	 999000	 999	 5.538976e+02	 716.67	 766.67	 38.00	 33	 0.20	 
BFE_102	 2	 5	 1106.jpg	 5.548821e+02	 12	 999000	 120	 999000	 999	 5.558999e+02	 716.67	 766.67	 18.00	 6	 0.53	 
BFE_102	 2	 5	 2217.jpg	 5.598711e+02	 22	 9.870463e+02	 220	 7.666943e+02	 98	 5.608888e+02	 716.67	 783.33	 49.00	 38	 0.76	 
BFE_102	 2	 5	 2218.jpg	 5.618732e+02	 24	 999000	 240	 999000	 999	 5.628910e+02	 716.67	 783.33	 55.00	 39	 0.72	 
BFE_102	 2	 5	 2105.jpg	 5.638755e+02	 24	 999000	 240	 999000	 999	 5.648933e+02	 716.67	 783.33	 77.00	 5	 0.32	 
BFE_102	 2	 5	 2207.jpg	 5.698823e+02	 22	 1.023823e+03	 2200	 7.833660e+02	 98	 5.709001e+02	 716.67	 733.33	 48.00	 28	 0.80	 
BFE_102	 2	 5	 2211.jpg	 5.718675e+02	 22	 9.906685e+02	 220	 7.333640e+02	 98	 5.728856e+02	 716.67	 750.00	 51.00	 32	 0.75	 
BFE_102	 2	 5	 2206.jpg	 5.738703e+02	 24	 999000	 240	 999000	 999	 5.748878e+02	 716.67	 750.00	 43.00	 27	 0.87	 
BFE_102	 2	 5	 1109.jpg	 5.758723e+02	 12	 999000	 120	 999000	 999	 5.768900e+02	 716.67	 750.00	 21.00	 9	 0.50	 
BFE_102	 2	 5	 1204.jpg	 5.798768e+02	 11	 9.493245e+02	 110	 7.167063e+02	 98	 5.808946e+02	 733.33	 750.00	 11.00	 25	 0.65	 
BFE_102	 2	 5	 2209.jpg	 5.838812e+02	 22	 9.528797e+02	 220	 7.500366e+02	 98	 5.848991e+02	 733.33	 766.67	 56.00	 30	 0.68	 
BFE_102	 2	 5	 2118.jpg	 5.868680e+02	 24	 999000	 240	 999000	 999	 5.878857e+02	 733.33	 766.67	 78.00	 18	 0.32	 
BFE_102	 2	 5	 1211.jpg	 5.908724e+02	 11	 9.616772e+02	 110	 7.333751e+02	 98	 5.918902e+02	 750.00	 766.67	 9.00	 32	 0.70	 
BFE_102	 2	 5	 2214.jpg	 5.938758e+02	 24	 999000	 240	 999000	 999	 5.948936e+02	 750.00	 766.67	 60.00	 35	 0.57	 
BFE_102	 2	 5	 2101.jpg	 5.958781e+02	 24	 999000	 240	 999000	 999	 5.968958e+02	 750.00	 766.67	 44.00	 1	 0.87	 
BFE_102	 2	 5	 1116.jpg	 5.998825e+02	 12	 999000	 120	 999000	 999	 6.009003e+02	 750.00	 766.67	 37.00	 16	 0.20	 
BFE_102	 2	 5	 1201.jpg	 6.018678e+02	 12	 999000	 120	 999000	 999	 6.028859e+02	 750.00	 766.67	 13.00	 22	 0.60	 
BFE_102	 2	 5	 2203.jpg	 6.038703e+02	 22	 9.718668e+02	 220	 7.667035e+02	 98	 6.048881e+02	 750.00	 783.33	 54.00	 24	 0.72	 
BFE_102	 2	 5	 1104.jpg	 6.078749e+02	 12	 999000	 120	 999000	 999	 6.088926e+02	 750.00	 783.33	 15.00	 4	 0.56	 
BFE_102	 2	 5	 1102.jpg	 6.098771e+02	 11	 1.037011e+03	 1100	 7.500313e+02	 98	 6.108949e+02	 700.00	 783.33	 14.00	 2	 0.60	 
BFE_102	 2	 5	 2103.jpg	 6.138815e+02	 24	 999000	 240	 999000	 999	 6.148994e+02	 700.00	 783.33	 52.00	 3	 0.75	 
BFE_102	 2	 5	 2115.jpg	 6.178694e+02	 24	 999000	 240	 999000	 999	 6.188872e+02	 700.00	 783.33	 61.00	 15	 0.53	 
BFE_102	 2	 5	 1218.jpg	 6.208727e+02	 12	 999000	 120	 999000	 999	 6.218905e+02	 700.00	 783.33	 4.00	 39	 0.79	 
BFE_102	 2	 5	 1121.jpg	 6.268795e+02	 11	 9.225841e+02	 110	 7.000338e+02	 98	 6.278973e+02	 716.67	 783.33	 17.00	 21	 0.55	 
BFE_102	 2	 5	 1208.jpg	 6.288817e+02	 12	 999000	 120	 999000	 999	 6.298995e+02	 716.67	 783.33	 12.00	 29	 0.62	 
BFE_102	 2	 5	 2104.jpg	 6.328696e+02	 24	 999000	 240	 999000	 999	 6.338873e+02	 716.67	 783.33	 58.00	 4	 0.63	 
BFE_102	 2	 5	 1115.jpg	 6.348723e+02	 12	 999000	 120	 999000	 999	 6.358895e+02	 716.67	 783.33	 22.00	 15	 0.48	 
BFE_102	 2	 5	 2111.jpg	 6.368740e+02	 24	 999000	 240	 999000	 999	 6.378917e+02	 716.67	 783.33	 59.00	 11	 0.62	 
BFE_102	 2	 5	 1105.jpg	 6.388762e+02	 12	 999000	 120	 999000	 999	 6.398940e+02	 716.67	 783.33	 19.00	 5	 0.53	 
BFE_102	 2	 5	 2213.jpg	 6.438818e+02	 24	 999000	 240	 999000	 999	 6.448997e+02	 716.67	 783.33	 62.00	 34	 0.52	 
BFE_102	 2	 5	 1203.jpg	 6.458672e+02	 12	 999000	 120	 999000	 999	 6.468852e+02	 716.67	 783.33	 3.00	 24	 0.87	 
BFE_102	 2	 5	 2204.jpg	 6.478697e+02	 24	 999000	 240	 999000	 999	 6.488874e+02	 716.67	 783.33	 50.00	 25	 0.75	 
BFE_102	 2	 5	 2114.jpg	 6.508731e+02	 24	 999000	 240	 999000	 999	 6.518908e+02	 716.67	 783.33	 47.00	 14	 0.85	 
