subjectID	 order	 runNum	 itemName	 onsetTime	 shuff_trialType	 RT	 respInTime	 AudioTime	 response	 fixationTime	 ladder1	 ladder2	 bidIndex	 itemNameIndex	 bidValue	 
BFE_103	 1	 12	 1211.jpg	 1.463835e+03	 12	 999000	 120	 999000	 999	 1.464853e+03	 783.33	 783.33	 20.00	 32	 0.47	 
BFE_103	 1	 12	 2213.jpg	 1.466821e+03	 22	 9.730256e+02	 220	 7.833727e+02	 98	 1.467839e+03	 783.33	 800.00	 50.00	 34	 0.70	 
BFE_103	 1	 12	 1104.jpg	 1.468824e+03	 12	 999000	 120	 999000	 999	 1.469842e+03	 783.33	 800.00	 9.00	 4	 0.73	 
BFE_103	 1	 12	 1203.jpg	 1.470826e+03	 12	 999000	 120	 999000	 999	 1.471844e+03	 783.33	 800.00	 19.00	 24	 0.48	 
BFE_103	 1	 12	 1217.jpg	 1.472828e+03	 12	 999000	 120	 999000	 999	 1.473846e+03	 783.33	 800.00	 3.00	 38	 0.84	 
BFE_103	 1	 12	 2113.jpg	 1.475815e+03	 24	 999000	 240	 999000	 999	 1.476833e+03	 783.33	 800.00	 44.00	 13	 0.76	 
BFE_103	 1	 12	 2205.jpg	 1.477817e+03	 24	 999000	 240	 999000	 999	 1.478835e+03	 783.33	 800.00	 56.00	 26	 0.64	 
BFE_103	 1	 12	 2116.jpg	 1.481822e+03	 24	 999000	 240	 999000	 999	 1.482839e+03	 783.33	 800.00	 61.00	 16	 0.49	 
BFE_103	 1	 12	 1114.jpg	 1.483824e+03	 12	 999000	 120	 999000	 999	 1.484842e+03	 783.33	 800.00	 14.00	 14	 0.57	 
BFE_103	 1	 12	 2120.jpg	 1.488830e+03	 24	 999000	 240	 999000	 999	 1.489847e+03	 783.33	 800.00	 78.00	 20	 0.16	 
BFE_103	 1	 12	 2207.jpg	 1.490815e+03	 22	 9.316350e+02	 220	 8.000427e+02	 98	 1.491833e+03	 783.33	 816.67	 52.00	 28	 0.67	 
BFE_103	 1	 12	 2209.jpg	 1.494820e+03	 24	 999000	 240	 999000	 999	 1.495837e+03	 783.33	 816.67	 43.00	 30	 0.78	 
BFE_103	 1	 12	 1102.jpg	 1.496822e+03	 12	 999000	 120	 999000	 999	 1.497840e+03	 783.33	 816.67	 17.00	 2	 0.50	 
BFE_103	 1	 12	 2217.jpg	 1.499825e+03	 24	 999000	 240	 999000	 999	 1.500843e+03	 783.33	 816.67	 54.00	 38	 0.65	 
BFE_103	 1	 12	 2119.jpg	 1.504814e+03	 24	 999000	 240	 999000	 999	 1.505832e+03	 783.33	 816.67	 77.00	 19	 0.19	 
BFE_103	 1	 12	 2109.jpg	 1.506816e+03	 22	 1.018089e+03	 2200	 8.167035e+02	 98	 1.507834e+03	 783.33	 766.67	 58.00	 9	 0.58	 
BFE_103	 1	 12	 1110.jpg	 1.508819e+03	 11	 9.437990e+02	 110	 7.833829e+02	 98	 1.509837e+03	 800.00	 766.67	 13.00	 10	 0.61	 
BFE_103	 1	 12	 2106.jpg	 1.512823e+03	 24	 999000	 240	 999000	 999	 1.513841e+03	 800.00	 766.67	 62.00	 6	 0.49	 
BFE_103	 1	 12	 1218.jpg	 1.516828e+03	 12	 999000	 120	 999000	 999	 1.517846e+03	 800.00	 766.67	 16.00	 39	 0.53	 
BFE_103	 1	 12	 1121.jpg	 1.520815e+03	 12	 999000	 120	 999000	 999	 1.521833e+03	 800.00	 766.67	 21.00	 21	 0.46	 
BFE_103	 1	 12	 1111.jpg	 1.522818e+03	 12	 999000	 120	 999000	 999	 1.523835e+03	 800.00	 766.67	 38.00	 11	 0.16	 
BFE_103	 1	 12	 2105.jpg	 1.524820e+03	 22	 9.025981e+02	 220	 7.666983e+02	 98	 1.525838e+03	 800.00	 783.33	 47.00	 5	 0.73	 
BFE_103	 1	 12	 2206.jpg	 1.526822e+03	 24	 999000	 240	 999000	 999	 1.527840e+03	 800.00	 783.33	 60.00	 27	 0.51	 
BFE_103	 1	 12	 1213.jpg	 1.528824e+03	 11	 5.300156e+02	 11	 8.000285e+02	 98	 1.529842e+03	 816.67	 783.33	 12.00	 34	 0.67	 
BFE_103	 1	 12	 1112.jpg	 1.534814e+03	 12	 999000	 120	 999000	 999	 1.535832e+03	 816.67	 783.33	 37.00	 12	 0.18	 
BFE_103	 1	 12	 2121.jpg	 1.537818e+03	 22	 1.008578e+03	 2200	 7.833712e+02	 98	 1.538837e+03	 816.67	 733.33	 53.00	 21	 0.67	 
BFE_103	 1	 12	 2115.jpg	 1.539820e+03	 24	 999000	 240	 999000	 999	 1.540838e+03	 816.67	 733.33	 57.00	 15	 0.58	 
BFE_103	 1	 12	 2218.jpg	 1.541822e+03	 22	 9.880713e+02	 220	 7.333749e+02	 98	 1.542840e+03	 816.67	 750.00	 55.00	 39	 0.65	 
BFE_103	 1	 12	 1117.jpg	 1.544826e+03	 12	 999000	 120	 999000	 999	 1.545844e+03	 816.67	 750.00	 22.00	 17	 0.46	 
BFE_103	 1	 12	 1209.jpg	 1.546828e+03	 12	 999000	 120	 999000	 999	 1.547846e+03	 816.67	 750.00	 8.00	 30	 0.74	 
BFE_103	 1	 12	 1115.jpg	 1.548830e+03	 11	 1.004271e+03	 1100	 8.167052e+02	 98	 1.549848e+03	 766.67	 750.00	 10.00	 15	 0.72	 
BFE_103	 1	 12	 2219.jpg	 1.550816e+03	 24	 999000	 240	 999000	 999	 1.551834e+03	 766.67	 750.00	 48.00	 40	 0.73	 
BFE_103	 1	 12	 2104.jpg	 1.553819e+03	 24	 999000	 240	 999000	 999	 1.554837e+03	 766.67	 750.00	 59.00	 4	 0.53	 
BFE_103	 1	 12	 1113.jpg	 1.555822e+03	 12	 999000	 120	 999000	 999	 1.556839e+03	 766.67	 750.00	 4.00	 13	 0.81	 
BFE_103	 1	 12	 1204.jpg	 1.557824e+03	 11	 1.066777e+03	 1100	 7.667038e+02	 98	 1.558841e+03	 716.67	 750.00	 7.00	 25	 0.78	 
BFE_103	 1	 12	 2203.jpg	 1.559826e+03	 24	 999000	 240	 999000	 999	 1.560844e+03	 716.67	 750.00	 49.00	 24	 0.70	 
BFE_103	 1	 12	 1109.jpg	 1.561828e+03	 12	 999000	 120	 999000	 999	 1.562846e+03	 716.67	 750.00	 11.00	 9	 0.71	 
BFE_103	 1	 12	 1214.jpg	 1.567818e+03	 11	 9.202642e+02	 110	 7.167031e+02	 98	 1.568836e+03	 733.33	 750.00	 18.00	 35	 0.49	 
BFE_103	 1	 12	 2211.jpg	 1.570822e+03	 24	 999000	 240	 999000	 999	 1.571839e+03	 733.33	 750.00	 51.00	 32	 0.68	 
BFE_103	 1	 12	 1105.jpg	 1.574826e+03	 11	 9.203227e+02	 110	 7.333585e+02	 98	 1.575844e+03	 750.00	 750.00	 15.00	 5	 0.55	 
