subjectID	 order	 runNum	 itemName	 onsetTime	 shuff_trialType	 RT	 respInTime	 AudioTime	 response	 fixationTime	 ladder1	 ladder2	 bidIndex	 itemNameIndex	 bidValue	 
BFE_110	 2	 2	 1106.jpg	 1.161575e+02	 12	 999000	 120	 999000	 999	 1.171753e+02	 650.00	 650.00	 18.00	 6	 0.54	 
BFE_110	 2	 2	 1115.jpg	 1.191441e+02	 12	 999000	 120	 999000	 999	 1.201619e+02	 650.00	 650.00	 20.00	 15	 0.50	 
BFE_110	 2	 2	 1204.jpg	 1.211464e+02	 11	 9.117578e+02	 110	 6.500519e+02	 98	 1.221642e+02	 666.67	 650.00	 17.00	 25	 0.54	 
BFE_110	 2	 2	 2217.jpg	 1.231487e+02	 24	 999000	 240	 999000	 999	 1.241664e+02	 666.67	 650.00	 60.00	 38	 0.59	 
BFE_110	 2	 2	 2115.jpg	 1.251509e+02	 22	 9.312665e+02	 220	 6.500389e+02	 98	 1.261686e+02	 666.67	 666.67	 56.00	 15	 0.63	 
BFE_110	 2	 2	 1105.jpg	 1.281543e+02	 12	 999000	 120	 999000	 999	 1.291720e+02	 666.67	 666.67	 21.00	 5	 0.48	 
BFE_110	 2	 2	 2202.jpg	 1.301565e+02	 24	 999000	 240	 999000	 999	 1.311743e+02	 666.67	 666.67	 59.00	 23	 0.60	 
BFE_110	 2	 2	 1114.jpg	 1.341443e+02	 11	 9.378687e+02	 110	 6.667116e+02	 98	 1.351621e+02	 683.33	 666.67	 11.00	 14	 0.67	 
BFE_110	 2	 2	 2204.jpg	 1.361466e+02	 22	 9.996559e+02	 220	 6.667048e+02	 98	 1.371644e+02	 683.33	 683.33	 48.00	 25	 0.76	 
BFE_110	 2	 2	 2205.jpg	 1.411522e+02	 22	 9.620206e+02	 220	 6.833609e+02	 98	 1.421699e+02	 683.33	 700.00	 57.00	 26	 0.62	 
BFE_110	 2	 2	 2219.jpg	 1.431544e+02	 24	 999000	 240	 999000	 999	 1.441721e+02	 683.33	 700.00	 50.00	 40	 0.70	 
BFE_110	 2	 2	 2121.jpg	 1.471423e+02	 24	 999000	 240	 999000	 999	 1.481600e+02	 683.33	 700.00	 52.00	 21	 0.65	 
BFE_110	 2	 2	 1210.jpg	 1.491445e+02	 12	 999000	 120	 999000	 999	 1.501622e+02	 683.33	 700.00	 22.00	 31	 0.47	 
BFE_110	 2	 2	 2210.jpg	 1.521478e+02	 24	 999000	 240	 999000	 999	 1.531656e+02	 683.33	 700.00	 77.00	 31	 0.25	 
BFE_110	 2	 2	 2120.jpg	 1.571535e+02	 22	 9.927518e+02	 220	 7.000326e+02	 98	 1.581712e+02	 683.33	 716.67	 51.00	 20	 0.69	 
BFE_110	 2	 2	 2218.jpg	 1.591557e+02	 24	 999000	 240	 999000	 999	 1.601734e+02	 683.33	 716.67	 44.00	 39	 0.81	 
BFE_110	 2	 2	 1121.jpg	 1.611409e+02	 11	 1.021278e+03	 1100	 6.833692e+02	 98	 1.621590e+02	 633.33	 716.67	 16.00	 21	 0.58	 
BFE_110	 2	 2	 1206.jpg	 1.651458e+02	 12	 999000	 120	 999000	 999	 1.661636e+02	 633.33	 716.67	 3.00	 27	 0.83	 
BFE_110	 2	 2	 2206.jpg	 1.691502e+02	 24	 999000	 240	 999000	 999	 1.701680e+02	 633.33	 716.67	 47.00	 27	 0.78	 
BFE_110	 2	 2	 1119.jpg	 1.731547e+02	 12	 999000	 120	 999000	 999	 1.741725e+02	 633.33	 716.67	 38.00	 19	 0.15	 
BFE_110	 2	 2	 1214.jpg	 1.751571e+02	 12	 999000	 120	 999000	 999	 1.761748e+02	 633.33	 716.67	 12.00	 35	 0.61	 
BFE_110	 2	 2	 2104.jpg	 1.771426e+02	 24	 999000	 240	 999000	 999	 1.781602e+02	 633.33	 716.67	 61.00	 4	 0.59	 
BFE_110	 2	 2	 2214.jpg	 1.791448e+02	 24	 999000	 240	 999000	 999	 1.801625e+02	 633.33	 716.67	 58.00	 35	 0.61	 
BFE_110	 2	 2	 1219.jpg	 1.811471e+02	 12	 999000	 120	 999000	 999	 1.821648e+02	 633.33	 716.67	 15.00	 40	 0.59	 
BFE_110	 2	 2	 2109.jpg	 1.871537e+02	 22	 1.008508e+03	 2200	 7.166946e+02	 98	 1.881732e+02	 633.33	 666.67	 54.00	 9	 0.63	 
BFE_110	 2	 2	 1211.jpg	 1.901572e+02	 12	 999000	 120	 999000	 999	 1.911749e+02	 633.33	 666.67	 10.00	 32	 0.70	 
BFE_110	 2	 2	 2211.jpg	 1.921427e+02	 22	 9.635006e+02	 220	 6.666986e+02	 98	 1.931605e+02	 633.33	 683.33	 49.00	 32	 0.71	 
BFE_110	 2	 2	 2213.jpg	 1.941450e+02	 24	 999000	 240	 999000	 999	 1.951627e+02	 633.33	 683.33	 43.00	 34	 0.84	 
BFE_110	 2	 2	 1216.jpg	 1.971487e+02	 11	 9.655457e+02	 110	 6.333609e+02	 98	 1.981661e+02	 650.00	 683.33	 8.00	 37	 0.74	 
BFE_110	 2	 2	 2102.jpg	 1.991505e+02	 24	 999000	 240	 999000	 999	 2.001684e+02	 650.00	 683.33	 62.00	 2	 0.58	 
BFE_110	 2	 2	 2207.jpg	 2.011527e+02	 24	 999000	 240	 999000	 999	 2.021706e+02	 650.00	 683.33	 53.00	 28	 0.64	 
BFE_110	 2	 2	 1102.jpg	 2.031550e+02	 12	 999000	 120	 999000	 999	 2.041728e+02	 650.00	 683.33	 37.00	 2	 0.16	 
BFE_110	 2	 2	 1117.jpg	 2.061414e+02	 11	 9.088545e+02	 110	 6.500311e+02	 98	 2.071595e+02	 666.67	 683.33	 14.00	 17	 0.59	 
BFE_110	 2	 2	 1218.jpg	 2.081439e+02	 11	 9.543127e+02	 110	 6.666994e+02	 98	 2.091617e+02	 683.33	 683.33	 9.00	 39	 0.73	 
BFE_110	 2	 2	 1109.jpg	 2.101462e+02	 12	 4.160434e+02	 12	 999000	 98	 2.111640e+02	 683.33	 683.33	 19.00	 9	 0.51	 
BFE_110	 2	 2	 1120.jpg	 2.121485e+02	 12	 999000	 120	 999000	 999	 2.131662e+02	 683.33	 683.33	 13.00	 20	 0.60	 
BFE_110	 2	 2	 2208.jpg	 2.141506e+02	 24	 999000	 240	 999000	 999	 2.151685e+02	 683.33	 683.33	 55.00	 29	 0.63	 
BFE_110	 2	 2	 1209.jpg	 2.201586e+02	 12	 999000	 120	 999000	 999	 2.211751e+02	 683.33	 683.33	 7.00	 30	 0.76	 
BFE_110	 2	 2	 1205.jpg	 2.231441e+02	 12	 999000	 120	 999000	 999	 2.241618e+02	 683.33	 683.33	 4.00	 26	 0.78	 
BFE_110	 2	 2	 2119.jpg	 2.271487e+02	 24	 999000	 240	 999000	 999	 2.281664e+02	 683.33	 683.33	 78.00	 19	 0.22	 
