subjectID	 order	 runNum	 itemName	 onsetTime	 shuff_trialType	 RT	 respInTime	 AudioTime	 response	 fixationTime	 ladder1	 ladder2	 bidIndex	 itemNameIndex	 bidValue	 
BFE_103	 1	 20	 1104.jpg	 2.585945e+03	 12	 999000	 120	 999000	 999	 2.586963e+03	 783.33	 783.33	 9.00	 4	 0.73	 
BFE_103	 1	 20	 2211.jpg	 2.587930e+03	 24	 999000	 240	 999000	 999	 2.588948e+03	 783.33	 783.33	 51.00	 32	 0.68	 
BFE_103	 1	 20	 1217.jpg	 2.591935e+03	 12	 999000	 120	 999000	 999	 2.592953e+03	 783.33	 783.33	 3.00	 38	 0.84	 
BFE_103	 1	 20	 1102.jpg	 2.594939e+03	 12	 999000	 120	 999000	 999	 2.595956e+03	 783.33	 783.33	 17.00	 2	 0.50	 
BFE_103	 1	 20	 1218.jpg	 2.596941e+03	 12	 999000	 120	 999000	 999	 2.597959e+03	 783.33	 783.33	 16.00	 39	 0.53	 
BFE_103	 1	 20	 1105.jpg	 2.599927e+03	 11	 6.110351e+02	 11	 7.833804e+02	 98	 2.600945e+03	 800.00	 783.33	 15.00	 5	 0.55	 
BFE_103	 1	 20	 1211.jpg	 2.603932e+03	 12	 999000	 120	 999000	 999	 2.604950e+03	 800.00	 783.33	 20.00	 32	 0.47	 
BFE_103	 1	 20	 1109.jpg	 2.607937e+03	 12	 999000	 120	 999000	 999	 2.608954e+03	 800.00	 783.33	 11.00	 9	 0.71	 
BFE_103	 1	 20	 2207.jpg	 2.609939e+03	 22	 7.358061e+02	 22	 7.833928e+02	 98	 2.610957e+03	 800.00	 800.00	 52.00	 28	 0.67	 
BFE_103	 1	 20	 2119.jpg	 2.614928e+03	 24	 999000	 240	 999000	 999	 2.615945e+03	 800.00	 800.00	 77.00	 19	 0.19	 
BFE_103	 1	 20	 1214.jpg	 2.616930e+03	 11	 7.606247e+02	 11	 8.000328e+02	 98	 2.617948e+03	 816.67	 800.00	 18.00	 35	 0.49	 
BFE_103	 1	 20	 2104.jpg	 2.618932e+03	 24	 999000	 240	 999000	 999	 2.619950e+03	 816.67	 800.00	 59.00	 4	 0.53	 
BFE_103	 1	 20	 2219.jpg	 2.624939e+03	 24	 999000	 240	 999000	 999	 2.625957e+03	 816.67	 800.00	 48.00	 40	 0.73	 
BFE_103	 1	 20	 2206.jpg	 2.626941e+03	 24	 999000	 240	 999000	 999	 2.627959e+03	 816.67	 800.00	 60.00	 27	 0.51	 
BFE_103	 1	 20	 2213.jpg	 2.628927e+03	 22	 6.357744e+02	 22	 8.000697e+02	 98	 2.629944e+03	 816.67	 816.67	 50.00	 34	 0.70	 
BFE_103	 1	 20	 1110.jpg	 2.630929e+03	 11	 6.895521e+02	 11	 8.167069e+02	 98	 2.631947e+03	 833.33	 816.67	 13.00	 10	 0.61	 
BFE_103	 1	 20	 2217.jpg	 2.634933e+03	 24	 999000	 240	 999000	 999	 2.635951e+03	 833.33	 816.67	 54.00	 38	 0.65	 
BFE_103	 1	 20	 2105.jpg	 2.638938e+03	 22	 7.367752e+02	 22	 8.166993e+02	 98	 2.639956e+03	 833.33	 833.33	 47.00	 5	 0.73	 
BFE_103	 1	 20	 1115.jpg	 2.641925e+03	 11	 1.165980e+03	 1100	 8.333658e+02	 98	 2.642942e+03	 783.33	 833.33	 10.00	 15	 0.72	 
BFE_103	 1	 20	 2203.jpg	 2.645929e+03	 24	 999000	 240	 999000	 999	 2.646947e+03	 783.33	 833.33	 49.00	 24	 0.70	 
BFE_103	 1	 20	 2205.jpg	 2.648932e+03	 24	 999000	 240	 999000	 999	 2.649950e+03	 783.33	 833.33	 56.00	 26	 0.64	 
BFE_103	 1	 20	 2106.jpg	 2.650935e+03	 24	 999000	 240	 999000	 999	 2.651953e+03	 783.33	 833.33	 62.00	 6	 0.49	 
BFE_103	 1	 20	 2115.jpg	 2.654939e+03	 24	 9.992823e+02	 24	 999000	 98	 2.655957e+03	 783.33	 833.33	 57.00	 15	 0.58	 
BFE_103	 1	 20	 1213.jpg	 2.656941e+03	 11	 6.210337e+02	 11	 7.833764e+02	 98	 2.657959e+03	 800.00	 833.33	 12.00	 34	 0.67	 
BFE_103	 1	 20	 1117.jpg	 2.658927e+03	 12	 999000	 120	 999000	 999	 2.659945e+03	 800.00	 833.33	 22.00	 17	 0.46	 
BFE_103	 1	 20	 2120.jpg	 2.662932e+03	 24	 999000	 240	 999000	 999	 2.663949e+03	 800.00	 833.33	 78.00	 20	 0.16	 
BFE_103	 1	 20	 1112.jpg	 2.664934e+03	 12	 999000	 120	 999000	 999	 2.665952e+03	 800.00	 833.33	 37.00	 12	 0.18	 
BFE_103	 1	 20	 2113.jpg	 2.668938e+03	 24	 999000	 240	 999000	 999	 2.669956e+03	 800.00	 833.33	 44.00	 13	 0.76	 
BFE_103	 1	 20	 2109.jpg	 2.672926e+03	 22	 1.060321e+03	 2200	 8.333674e+02	 98	 2.673944e+03	 800.00	 783.33	 58.00	 9	 0.58	 
BFE_103	 1	 20	 1204.jpg	 2.675929e+03	 11	 1.017105e+03	 1100	 8.000322e+02	 98	 2.676947e+03	 750.00	 783.33	 7.00	 25	 0.78	 
BFE_103	 1	 20	 1111.jpg	 2.681936e+03	 12	 999000	 120	 999000	 999	 2.682954e+03	 750.00	 783.33	 38.00	 11	 0.16	 
BFE_103	 1	 20	 1121.jpg	 2.683939e+03	 12	 7.039734e+02	 12	 999000	 98	 2.684956e+03	 750.00	 783.33	 21.00	 21	 0.46	 
BFE_103	 1	 20	 2116.jpg	 2.687926e+03	 24	 999000	 240	 999000	 999	 2.688944e+03	 750.00	 783.33	 61.00	 16	 0.49	 
BFE_103	 1	 20	 1209.jpg	 2.689929e+03	 12	 999000	 120	 999000	 999	 2.690946e+03	 750.00	 783.33	 8.00	 30	 0.74	 
BFE_103	 1	 20	 2218.jpg	 2.691931e+03	 22	 1.023739e+03	 2200	 7.833635e+02	 98	 2.692949e+03	 750.00	 733.33	 55.00	 39	 0.65	 
BFE_103	 1	 20	 2121.jpg	 2.693933e+03	 22	 8.053999e+02	 220	 7.333721e+02	 98	 2.694951e+03	 750.00	 750.00	 53.00	 21	 0.67	 
BFE_103	 1	 20	 1203.jpg	 2.698939e+03	 12	 999000	 120	 999000	 999	 2.699956e+03	 750.00	 750.00	 19.00	 24	 0.48	 
BFE_103	 1	 20	 1113.jpg	 2.700941e+03	 12	 999000	 120	 999000	 999	 2.701959e+03	 750.00	 750.00	 4.00	 13	 0.81	 
BFE_103	 1	 20	 1114.jpg	 2.702927e+03	 12	 999000	 120	 999000	 999	 2.703944e+03	 750.00	 750.00	 14.00	 14	 0.57	 
BFE_103	 1	 20	 2209.jpg	 2.705930e+03	 24	 999000	 240	 999000	 999	 2.706947e+03	 750.00	 750.00	 43.00	 30	 0.78	 
