subjectID	 order	 runNum	 itemName	 onsetTime	 shuff_trialType	 RT	 respInTime	 AudioTime	 response	 fixationTime	 ladder1	 ladder2	 bidIndex	 itemNameIndex	 bidValue	 
BFE_102	 2	 13	 2204.jpg	 1.625048e+03	 24	 999000	 240	 999000	 999	 1.626066e+03	 616.67	 616.67	 50.00	 25	 0.75	 
BFE_102	 2	 13	 2101.jpg	 1.627034e+03	 24	 999000	 240	 999000	 999	 1.628051e+03	 616.67	 616.67	 44.00	 1	 0.87	 
BFE_102	 2	 13	 1116.jpg	 1.631038e+03	 12	 999000	 120	 999000	 999	 1.632056e+03	 616.67	 616.67	 37.00	 16	 0.20	 
BFE_102	 2	 13	 2217.jpg	 1.634041e+03	 22	 8.247252e+02	 220	 6.167145e+02	 98	 1.635059e+03	 616.67	 633.33	 49.00	 38	 0.76	 
BFE_102	 2	 13	 1109.jpg	 1.636044e+03	 12	 999000	 120	 999000	 999	 1.637061e+03	 616.67	 633.33	 21.00	 9	 0.50	 
BFE_102	 2	 13	 1209.jpg	 1.639047e+03	 11	 7.790835e+02	 110	 6.167159e+02	 98	 1.640065e+03	 633.33	 633.33	 16.00	 30	 0.55	 
BFE_102	 2	 13	 2115.jpg	 1.643035e+03	 24	 999000	 240	 999000	 999	 1.644053e+03	 633.33	 633.33	 61.00	 15	 0.53	 
BFE_102	 2	 13	 1104.jpg	 1.647039e+03	 12	 999000	 120	 999000	 999	 1.648057e+03	 633.33	 633.33	 15.00	 4	 0.56	 
BFE_102	 2	 13	 2104.jpg	 1.649042e+03	 24	 999000	 240	 999000	 999	 1.650059e+03	 633.33	 633.33	 58.00	 4	 0.63	 
BFE_102	 2	 13	 2110.jpg	 1.654030e+03	 24	 999000	 240	 999000	 999	 1.655048e+03	 633.33	 633.33	 53.00	 10	 0.73	 
BFE_102	 2	 13	 2207.jpg	 1.656033e+03	 22	 8.652774e+02	 220	 6.333653e+02	 98	 1.657051e+03	 633.33	 650.00	 48.00	 28	 0.80	 
BFE_102	 2	 13	 1105.jpg	 1.658035e+03	 12	 999000	 120	 999000	 999	 1.659053e+03	 633.33	 650.00	 19.00	 5	 0.53	 
BFE_102	 2	 13	 1203.jpg	 1.664042e+03	 12	 999000	 120	 999000	 999	 1.665060e+03	 633.33	 650.00	 3.00	 24	 0.87	 
BFE_102	 2	 13	 1212.jpg	 1.666044e+03	 12	 999000	 120	 999000	 999	 1.667062e+03	 633.33	 650.00	 38.00	 33	 0.20	 
BFE_102	 2	 13	 2114.jpg	 1.668046e+03	 24	 999000	 240	 999000	 999	 1.669064e+03	 633.33	 650.00	 47.00	 14	 0.85	 
BFE_102	 2	 13	 1207.jpg	 1.670032e+03	 11	 9.382251e+02	 1	 6.333602e+02	 103	 1.671050e+03	 583.33	 650.00	 8.00	 28	 0.70	 
BFE_102	 2	 13	 1108.jpg	 1.674036e+03	 12	 999000	 120	 999000	 999	 1.675054e+03	 583.33	 650.00	 10.00	 8	 0.68	 
BFE_102	 2	 13	 1218.jpg	 1.678041e+03	 12	 999000	 120	 999000	 999	 1.679059e+03	 583.33	 650.00	 4.00	 39	 0.79	 
BFE_102	 2	 13	 1204.jpg	 1.681044e+03	 11	 7.979991e+02	 110	 5.833731e+02	 98	 1.682062e+03	 600.00	 650.00	 11.00	 25	 0.65	 
BFE_102	 2	 13	 2213.jpg	 1.685032e+03	 24	 999000	 240	 999000	 999	 1.686050e+03	 600.00	 650.00	 62.00	 34	 0.52	 
BFE_102	 2	 13	 2118.jpg	 1.688035e+03	 24	 999000	 240	 999000	 999	 1.689053e+03	 600.00	 650.00	 78.00	 18	 0.32	 
BFE_102	 2	 13	 2103.jpg	 1.690038e+03	 24	 999000	 240	 999000	 999	 1.691055e+03	 600.00	 650.00	 52.00	 3	 0.75	 
BFE_102	 2	 13	 1211.jpg	 1.694042e+03	 11	 8.320914e+02	 110	 6.000323e+02	 98	 1.695060e+03	 616.67	 650.00	 9.00	 32	 0.70	 
BFE_102	 2	 13	 2111.jpg	 1.696044e+03	 24	 999000	 240	 999000	 999	 1.697062e+03	 616.67	 650.00	 59.00	 11	 0.62	 
BFE_102	 2	 13	 1208.jpg	 1.698047e+03	 12	 999000	 120	 999000	 999	 1.699064e+03	 616.67	 650.00	 12.00	 29	 0.62	 
BFE_102	 2	 13	 1205.jpg	 1.702034e+03	 12	 999000	 120	 999000	 999	 1.703052e+03	 616.67	 650.00	 7.00	 26	 0.71	 
BFE_102	 2	 13	 2206.jpg	 1.704037e+03	 24	 999000	 240	 999000	 999	 1.705054e+03	 616.67	 650.00	 43.00	 27	 0.87	 
BFE_102	 2	 13	 2211.jpg	 1.708041e+03	 22	 9.450212e+02	 220	 6.500355e+02	 98	 1.709059e+03	 616.67	 666.67	 51.00	 32	 0.75	 
BFE_102	 2	 13	 2218.jpg	 1.712046e+03	 24	 999000	 240	 999000	 999	 1.713063e+03	 616.67	 666.67	 55.00	 39	 0.72	 
BFE_102	 2	 13	 1115.jpg	 1.715032e+03	 12	 999000	 120	 999000	 999	 1.716050e+03	 616.67	 666.67	 22.00	 15	 0.48	 
BFE_102	 2	 13	 1201.jpg	 1.721039e+03	 12	 999000	 120	 999000	 999	 1.722057e+03	 616.67	 666.67	 13.00	 22	 0.60	 
BFE_102	 2	 13	 2203.jpg	 1.723041e+03	 22	 6.969239e+02	 220	 6.667036e+02	 98	 1.724059e+03	 616.67	 683.33	 54.00	 24	 0.72	 
BFE_102	 2	 13	 1121.jpg	 1.727046e+03	 11	 8.764367e+02	 110	 6.166967e+02	 98	 1.728063e+03	 633.33	 683.33	 17.00	 21	 0.55	 
BFE_102	 2	 13	 1110.jpg	 1.729031e+03	 12	 999000	 120	 999000	 999	 1.730049e+03	 633.33	 683.33	 20.00	 10	 0.52	 
BFE_102	 2	 13	 2214.jpg	 1.731034e+03	 24	 999000	 240	 999000	 999	 1.732051e+03	 633.33	 683.33	 60.00	 35	 0.57	 
BFE_102	 2	 13	 2105.jpg	 1.733036e+03	 24	 999000	 240	 999000	 999	 1.734053e+03	 633.33	 683.33	 77.00	 5	 0.32	 
BFE_102	 2	 13	 1106.jpg	 1.738041e+03	 12	 999000	 120	 999000	 999	 1.739059e+03	 633.33	 683.33	 18.00	 6	 0.53	 
BFE_102	 2	 13	 1102.jpg	 1.740044e+03	 11	 8.946253e+02	 110	 6.334121e+02	 98	 1.741061e+03	 650.00	 683.33	 14.00	 2	 0.60	 
BFE_102	 2	 13	 2201.jpg	 1.742046e+03	 22	 9.322743e+02	 220	 6.833724e+02	 98	 1.743064e+03	 650.00	 700.00	 57.00	 22	 0.66	 
BFE_102	 2	 13	 2209.jpg	 1.745033e+03	 22	 8.976059e+02	 220	 7.000292e+02	 98	 1.746050e+03	 650.00	 716.67	 56.00	 30	 0.68	 
