subjectID	 order	 runNum	 itemName	 onsetTime	 shuff_trialType	 RT	 respInTime	 AudioTime	 response	 fixationTime	 ladder1	 ladder2	 bidIndex	 itemNameIndex	 bidValue	 
BFE_104	 2	 19	 1112.jpg	 2.443290e+03	 12	 999000	 120	 999000	 999	 2.444308e+03	 916.67	 883.33	 22.00	 12	 0.47	 
BFE_104	 2	 19	 1212.jpg	 2.446277e+03	 12	 999000	 120	 999000	 999	 2.447294e+03	 916.67	 883.33	 21.00	 33	 0.47	 
BFE_104	 2	 19	 1103.jpg	 2.448279e+03	 12	 999000	 120	 999000	 999	 2.449297e+03	 916.67	 883.33	 18.00	 3	 0.49	 
BFE_104	 2	 19	 1204.jpg	 2.450281e+03	 11	 1.080663e+03	 1100	 9.167100e+02	 98	 2.451299e+03	 866.67	 883.33	 9.00	 25	 0.58	 
BFE_104	 2	 19	 2113.jpg	 2.452283e+03	 22	 5.824863e+02	 22	 8.833835e+02	 98	 2.453301e+03	 866.67	 900.00	 56.00	 13	 0.54	 
BFE_104	 2	 19	 2103.jpg	 2.455287e+03	 24	 999000	 240	 999000	 999	 2.456304e+03	 866.67	 900.00	 43.00	 3	 0.80	 
BFE_104	 2	 19	 2205.jpg	 2.457272e+03	 24	 999000	 240	 999000	 999	 2.458290e+03	 866.67	 900.00	 50.00	 26	 0.65	 
BFE_104	 2	 19	 1207.jpg	 2.461277e+03	 12	 999000	 120	 999000	 999	 2.462294e+03	 866.67	 900.00	 7.00	 28	 0.63	 
BFE_104	 2	 19	 2213.jpg	 2.463279e+03	 24	 999000	 240	 999000	 999	 2.464297e+03	 866.67	 900.00	 62.00	 34	 0.49	 
BFE_104	 2	 19	 2216.jpg	 2.468285e+03	 24	 999000	 240	 999000	 999	 2.469302e+03	 866.67	 900.00	 47.00	 37	 0.67	 
BFE_104	 2	 19	 1115.jpg	 2.470287e+03	 12	 999000	 120	 999000	 999	 2.471305e+03	 866.67	 900.00	 13.00	 15	 0.54	 
BFE_104	 2	 19	 1119.jpg	 2.474275e+03	 12	 999000	 120	 999000	 999	 2.475292e+03	 866.67	 900.00	 19.00	 19	 0.49	 
BFE_104	 2	 19	 2217.jpg	 2.476277e+03	 24	 999000	 240	 999000	 999	 2.477295e+03	 866.67	 900.00	 44.00	 38	 0.75	 
BFE_104	 2	 19	 1121.jpg	 2.479280e+03	 11	 6.255678e+02	 11	 8.667026e+02	 98	 2.480298e+03	 883.33	 900.00	 8.00	 21	 0.61	 
BFE_104	 2	 19	 1118.jpg	 2.484286e+03	 12	 999000	 120	 999000	 999	 2.485304e+03	 883.33	 900.00	 10.00	 18	 0.57	 
BFE_104	 2	 19	 2114.jpg	 2.486271e+03	 22	 1.314783e+03	 2200	 9.000372e+02	 98	 2.487289e+03	 883.33	 850.00	 51.00	 14	 0.65	 
BFE_104	 2	 19	 2211.jpg	 2.488274e+03	 22	 7.041639e+02	 22	 8.500533e+02	 98	 2.489291e+03	 883.33	 866.67	 54.00	 32	 0.55	 
BFE_104	 2	 19	 1111.jpg	 2.492278e+03	 12	 999000	 120	 999000	 999	 2.493296e+03	 883.33	 866.67	 12.00	 11	 0.54	 
BFE_104	 2	 19	 1113.jpg	 2.496283e+03	 12	 999000	 120	 999000	 999	 2.497300e+03	 883.33	 866.67	 37.00	 13	 0.34	 
BFE_104	 2	 19	 1104.jpg	 2.500270e+03	 11	 1.211427e+03	 1100	 8.833717e+02	 98	 2.501288e+03	 833.33	 866.67	 17.00	 4	 0.50	 
BFE_104	 2	 19	 2208.jpg	 2.502273e+03	 22	 5.291494e+02	 22	 8.667076e+02	 98	 2.503290e+03	 833.33	 883.33	 57.00	 29	 0.52	 
BFE_104	 2	 19	 2119.jpg	 2.504275e+03	 24	 999000	 240	 999000	 999	 2.505293e+03	 833.33	 883.33	 60.00	 19	 0.51	 
BFE_104	 2	 19	 2202.jpg	 2.506277e+03	 24	 999000	 240	 999000	 999	 2.507295e+03	 833.33	 883.33	 61.00	 23	 0.50	 
BFE_104	 2	 19	 1201.jpg	 2.508279e+03	 12	 999000	 120	 999000	 999	 2.509297e+03	 833.33	 883.33	 3.00	 22	 0.73	 
BFE_104	 2	 19	 1210.jpg	 2.514286e+03	 12	 1.419709e+03	 12	 999000	 98	 2.515304e+03	 833.33	 883.33	 38.00	 31	 0.30	 
BFE_104	 2	 19	 2110.jpg	 2.517273e+03	 24	 999000	 240	 999000	 999	 2.518291e+03	 833.33	 883.33	 59.00	 10	 0.52	 
BFE_104	 2	 19	 2115.jpg	 2.519275e+03	 24	 999000	 240	 999000	 999	 2.520293e+03	 833.33	 883.33	 55.00	 15	 0.54	 
BFE_104	 2	 19	 1213.jpg	 2.521277e+03	 12	 999000	 120	 999000	 999	 2.522295e+03	 833.33	 883.33	 4.00	 34	 0.71	 
BFE_104	 2	 19	 1211.jpg	 2.524281e+03	 12	 8.891263e+02	 12	 999000	 98	 2.525298e+03	 833.33	 883.33	 20.00	 32	 0.47	 
BFE_104	 2	 19	 2107.jpg	 2.526283e+03	 24	 999000	 240	 999000	 999	 2.527301e+03	 833.33	 883.33	 77.00	 7	 0.26	 
BFE_104	 2	 19	 1116.jpg	 2.528285e+03	 12	 999000	 120	 999000	 999	 2.529303e+03	 833.33	 883.33	 15.00	 16	 0.54	 
BFE_104	 2	 19	 1102.jpg	 2.530287e+03	 11	 7.943790e+02	 11	 8.333724e+02	 98	 2.531305e+03	 850.00	 883.33	 14.00	 2	 0.54	 
BFE_104	 2	 19	 1114.jpg	 2.533274e+03	 11	 7.356762e+02	 11	 8.500303e+02	 98	 2.534292e+03	 866.67	 883.33	 16.00	 14	 0.53	 
BFE_104	 2	 19	 2102.jpg	 2.535276e+03	 24	 7.575236e+02	 24	 999000	 98	 2.536294e+03	 866.67	 883.33	 58.00	 2	 0.52	 
BFE_104	 2	 19	 2117.jpg	 2.537279e+03	 24	 999000	 240	 999000	 999	 2.538296e+03	 866.67	 883.33	 78.00	 17	 0.22	 
BFE_104	 2	 19	 1215.jpg	 2.539281e+03	 11	 7.529569e+02	 11	 8.666971e+02	 98	 2.540299e+03	 883.33	 883.33	 11.00	 36	 0.57	 
BFE_104	 2	 19	 2209.jpg	 2.541283e+03	 22	 6.147373e+02	 22	 8.833778e+02	 98	 2.542301e+03	 883.33	 900.00	 49.00	 30	 0.66	 
BFE_104	 2	 19	 2206.jpg	 2.547273e+03	 22	 5.286412e+02	 22	 9.000382e+02	 98	 2.548291e+03	 883.33	 916.67	 48.00	 27	 0.66	 
BFE_104	 2	 19	 2201.jpg	 2.550277e+03	 24	 999000	 240	 999000	 999	 2.551294e+03	 883.33	 916.67	 52.00	 22	 0.60	 
BFE_104	 2	 19	 2112.jpg	 2.554281e+03	 24	 999000	 240	 999000	 999	 2.555299e+03	 883.33	 916.67	 53.00	 12	 0.58	 
