subjectID	 order	 runNum	 itemName	 onsetTime	 shuff_trialType	 RT	 respInTime	 AudioTime	 response	 fixationTime	 ladder1	 ladder2	 bidIndex	 itemNameIndex	 bidValue	 
BFE_111	 1	 1	 2111.jpg	 1.321197e+00	 24	 999000	 240	 999000	 999	 2.338891e+00	 750.00	 750.00	 49.00	 11	 0.66	 
BFE_111	 1	 1	 2110.jpg	 4.307840e+00	 24	 999000	 240	 999000	 999	 5.325653e+00	 750.00	 750.00	 62.00	 10	 0.44	 
BFE_111	 1	 1	 2112.jpg	 8.312395e+00	 24	 999000	 240	 999000	 999	 9.330152e+00	 750.00	 750.00	 60.00	 12	 0.48	 
BFE_111	 1	 1	 1214.jpg	 1.031456e+01	 12	 999000	 120	 999000	 999	 1.133241e+01	 750.00	 750.00	 9.00	 35	 0.63	 
BFE_111	 1	 1	 2116.jpg	 1.230025e+01	 24	 999000	 240	 999000	 999	 1.331793e+01	 750.00	 750.00	 78.00	 16	 0.25	 
BFE_111	 1	 1	 2216.jpg	 1.630465e+01	 24	 999000	 240	 999000	 999	 1.732236e+01	 750.00	 750.00	 56.00	 37	 0.55	 
BFE_111	 1	 1	 1102.jpg	 1.830683e+01	 12	 999000	 120	 999000	 999	 1.932460e+01	 750.00	 750.00	 19.00	 2	 0.52	 
BFE_111	 1	 1	 2213.jpg	 2.331245e+01	 22	 1.017752e+03	 2200	 7.500606e+02	 98	 2.433022e+01	 750.00	 700.00	 50.00	 34	 0.65	 
BFE_111	 1	 1	 1219.jpg	 2.531478e+01	 11	 1.135413e+03	 1100	 7.500547e+02	 98	 2.633248e+01	 700.00	 700.00	 13.00	 40	 0.58	 
BFE_111	 1	 1	 2217.jpg	 2.830150e+01	 24	 999000	 240	 999000	 999	 2.931922e+01	 700.00	 700.00	 43.00	 38	 0.77	 
BFE_111	 1	 1	 2218.jpg	 3.130475e+01	 24	 999000	 240	 999000	 999	 3.232266e+01	 700.00	 700.00	 61.00	 39	 0.45	 
BFE_111	 1	 1	 2210.jpg	 3.530930e+01	 22	 9.729083e+02	 220	 7.000363e+02	 98	 3.632703e+01	 700.00	 716.67	 52.00	 31	 0.61	 
BFE_111	 1	 1	 1113.jpg	 3.831272e+01	 12	 999000	 120	 999000	 999	 3.933043e+01	 700.00	 716.67	 21.00	 13	 0.49	 
BFE_111	 1	 1	 2214.jpg	 4.031493e+01	 22	 1.007303e+03	 2200	 7.167030e+02	 98	 4.133263e+01	 700.00	 666.67	 47.00	 35	 0.68	 
BFE_111	 1	 1	 2209.jpg	 4.330166e+01	 24	 999000	 240	 999000	 999	 4.431935e+01	 700.00	 666.67	 54.00	 30	 0.56	 
BFE_111	 1	 1	 1202.jpg	 4.730607e+01	 12	 999000	 120	 999000	 999	 4.832382e+01	 700.00	 666.67	 22.00	 23	 0.46	 
BFE_111	 1	 1	 1215.jpg	 5.030943e+01	 12	 999000	 120	 999000	 999	 5.132713e+01	 700.00	 666.67	 16.00	 36	 0.54	 
BFE_111	 1	 1	 2211.jpg	 5.231165e+01	 22	 1.066560e+03	 2200	 6.667133e+02	 98	 5.332948e+01	 700.00	 616.67	 58.00	 32	 0.51	 
BFE_111	 1	 1	 2102.jpg	 5.431391e+01	 24	 999000	 240	 999000	 999	 5.533168e+01	 700.00	 616.67	 48.00	 2	 0.67	 
BFE_111	 1	 1	 1105.jpg	 5.930281e+01	 12	 999000	 120	 999000	 999	 6.032061e+01	 700.00	 616.67	 14.00	 5	 0.57	 
BFE_111	 1	 1	 1117.jpg	 6.330731e+01	 11	 9.348992e+02	 110	 7.000370e+02	 98	 6.432510e+01	 716.67	 616.67	 15.00	 17	 0.55	 
BFE_111	 1	 1	 2119.jpg	 6.731182e+01	 24	 999000	 240	 999000	 999	 6.832962e+01	 716.67	 616.67	 77.00	 19	 0.30	 
BFE_111	 1	 1	 1205.jpg	 7.330187e+01	 11	 9.563318e+02	 110	 7.167185e+02	 98	 7.431961e+01	 733.33	 616.67	 18.00	 26	 0.52	 
BFE_111	 1	 1	 2104.jpg	 7.530406e+01	 22	 9.621705e+02	 220	 6.167079e+02	 98	 7.632190e+01	 733.33	 633.33	 55.00	 4	 0.56	 
BFE_111	 1	 1	 1213.jpg	 7.730642e+01	 12	 999000	 120	 999000	 999	 7.832410e+01	 733.33	 633.33	 37.00	 34	 0.23	 
BFE_111	 1	 1	 1210.jpg	 7.930859e+01	 12	 999000	 120	 999000	 999	 8.032643e+01	 733.33	 633.33	 11.00	 31	 0.61	 
BFE_111	 1	 1	 1217.jpg	 8.131086e+01	 12	 999000	 120	 999000	 999	 8.232859e+01	 733.33	 633.33	 3.00	 38	 0.87	 
BFE_111	 1	 1	 2103.jpg	 8.531537e+01	 24	 999000	 240	 999000	 999	 8.633310e+01	 733.33	 633.33	 57.00	 3	 0.53	 
BFE_111	 1	 1	 2205.jpg	 8.730088e+01	 24	 999000	 240	 999000	 999	 8.831867e+01	 733.33	 633.33	 59.00	 26	 0.50	 
BFE_111	 1	 1	 2113.jpg	 9.130534e+01	 24	 999000	 240	 999000	 999	 9.232312e+01	 733.33	 633.33	 51.00	 13	 0.64	 
BFE_111	 1	 1	 1116.jpg	 9.330765e+01	 12	 999000	 120	 999000	 999	 9.432536e+01	 733.33	 633.33	 38.00	 16	 0.23	 
BFE_111	 1	 1	 1209.jpg	 9.530992e+01	 12	 999000	 120	 999000	 999	 9.632778e+01	 733.33	 633.33	 8.00	 30	 0.64	 
BFE_111	 1	 1	 1114.jpg	 9.731206e+01	 12	 999000	 120	 999000	 999	 9.832986e+01	 733.33	 633.33	 4.00	 14	 0.79	 
BFE_111	 1	 1	 1216.jpg	 1.023010e+02	 11	 1.005192e+03	 1100	 7.333603e+02	 98	 1.033188e+02	 683.33	 633.33	 10.00	 37	 0.61	 
BFE_111	 1	 1	 2207.jpg	 1.043033e+02	 24	 999000	 240	 999000	 999	 1.053210e+02	 683.33	 633.33	 44.00	 28	 0.72	 
BFE_111	 1	 1	 1109.jpg	 1.063056e+02	 12	 999000	 120	 999000	 999	 1.073233e+02	 683.33	 633.33	 17.00	 9	 0.54	 
BFE_111	 1	 1	 1120.jpg	 1.093089e+02	 12	 999000	 120	 999000	 999	 1.103266e+02	 683.33	 633.33	 20.00	 20	 0.49	 
BFE_111	 1	 1	 1107.jpg	 1.162998e+02	 11	 9.583997e+02	 110	 6.833606e+02	 98	 1.173179e+02	 700.00	 633.33	 12.00	 7	 0.60	 
BFE_111	 1	 1	 1218.jpg	 1.203046e+02	 11	 9.936064e+02	 110	 7.000413e+02	 98	 1.213223e+02	 716.67	 633.33	 7.00	 39	 0.66	 
BFE_111	 1	 1	 2120.jpg	 1.273124e+02	 22	 8.817969e+02	 220	 6.333769e+02	 98	 1.283301e+02	 716.67	 650.00	 53.00	 20	 0.60	 
