subjectID	 order	 runNum	 itemName	 onsetTime	 shuff_trialType	 RT	 respInTime	 AudioTime	 response	 fixationTime	 ladder1	 ladder2	 bidIndex	 itemNameIndex	 bidValue	 
BFE_103	 1	 9	 2116.jpg	 1.060282e+03	 24	 999000	 240	 999000	 999	 1.061299e+03	 750.00	 816.67	 61.00	 16	 0.49	 
BFE_103	 1	 9	 2207.jpg	 1.063268e+03	 22	 9.901608e+02	 220	 8.167084e+02	 98	 1.064286e+03	 750.00	 833.33	 52.00	 28	 0.67	 
BFE_103	 1	 9	 2219.jpg	 1.067273e+03	 24	 999000	 240	 999000	 999	 1.068291e+03	 750.00	 833.33	 48.00	 40	 0.73	 
BFE_103	 1	 9	 2119.jpg	 1.069275e+03	 24	 999000	 240	 999000	 999	 1.070293e+03	 750.00	 833.33	 77.00	 19	 0.19	 
BFE_103	 1	 9	 1111.jpg	 1.071277e+03	 12	 999000	 120	 999000	 999	 1.072295e+03	 750.00	 833.33	 38.00	 11	 0.16	 
BFE_103	 1	 9	 2213.jpg	 1.075265e+03	 22	 1.009476e+03	 2200	 8.333746e+02	 98	 1.076285e+03	 750.00	 783.33	 50.00	 34	 0.70	 
BFE_103	 1	 9	 2113.jpg	 1.077267e+03	 24	 999000	 240	 999000	 999	 1.078285e+03	 750.00	 783.33	 44.00	 13	 0.76	 
BFE_103	 1	 9	 2218.jpg	 1.082273e+03	 22	 1.033442e+03	 2200	 7.833732e+02	 98	 1.083291e+03	 750.00	 733.33	 55.00	 39	 0.65	 
BFE_103	 1	 9	 1104.jpg	 1.084275e+03	 12	 999000	 120	 999000	 999	 1.085293e+03	 750.00	 733.33	 9.00	 4	 0.73	 
BFE_103	 1	 9	 2106.jpg	 1.087262e+03	 24	 999000	 240	 999000	 999	 1.088280e+03	 750.00	 733.33	 62.00	 6	 0.49	 
BFE_103	 1	 9	 1218.jpg	 1.090265e+03	 12	 999000	 120	 999000	 999	 1.091283e+03	 750.00	 733.33	 16.00	 39	 0.53	 
BFE_103	 1	 9	 2120.jpg	 1.094270e+03	 24	 999000	 240	 999000	 999	 1.095288e+03	 750.00	 733.33	 78.00	 20	 0.16	 
BFE_103	 1	 9	 2115.jpg	 1.097273e+03	 24	 999000	 240	 999000	 999	 1.098291e+03	 750.00	 733.33	 57.00	 15	 0.58	 
BFE_103	 1	 9	 2105.jpg	 1.099275e+03	 22	 1.031076e+03	 2200	 7.333737e+02	 98	 1.100293e+03	 750.00	 683.33	 47.00	 5	 0.73	 
BFE_103	 1	 9	 1105.jpg	 1.102262e+03	 11	 9.646405e+02	 110	 7.500503e+02	 98	 1.103280e+03	 766.67	 683.33	 15.00	 5	 0.55	 
BFE_103	 1	 9	 1109.jpg	 1.106267e+03	 12	 999000	 120	 999000	 999	 1.107284e+03	 766.67	 683.33	 11.00	 9	 0.71	 
BFE_103	 1	 9	 1213.jpg	 1.109270e+03	 11	 5.245649e+02	 11	 7.667069e+02	 98	 1.110288e+03	 783.33	 683.33	 12.00	 34	 0.67	 
BFE_103	 1	 9	 1110.jpg	 1.111272e+03	 11	 8.901841e+02	 110	 7.833727e+02	 98	 1.112290e+03	 800.00	 683.33	 13.00	 10	 0.61	 
BFE_103	 1	 9	 2217.jpg	 1.113275e+03	 24	 999000	 240	 999000	 999	 1.114292e+03	 800.00	 683.33	 54.00	 38	 0.65	 
BFE_103	 1	 9	 2203.jpg	 1.118263e+03	 24	 3.631086e+02	 240	 999000	 106	 1.119281e+03	 800.00	 683.33	 49.00	 24	 0.70	 
BFE_103	 1	 9	 2104.jpg	 1.122268e+03	 24	 999000	 240	 999000	 999	 1.123286e+03	 800.00	 683.33	 59.00	 4	 0.53	 
BFE_103	 1	 9	 1115.jpg	 1.126272e+03	 11	 1.026111e+03	 1100	 8.000373e+02	 98	 1.127290e+03	 750.00	 683.33	 10.00	 15	 0.72	 
BFE_103	 1	 9	 1209.jpg	 1.132262e+03	 12	 999000	 120	 999000	 999	 1.133280e+03	 750.00	 683.33	 8.00	 30	 0.74	 
BFE_103	 1	 9	 1112.jpg	 1.134265e+03	 12	 999000	 120	 999000	 999	 1.135282e+03	 750.00	 683.33	 37.00	 12	 0.18	 
BFE_103	 1	 9	 1204.jpg	 1.136267e+03	 11	 9.755085e+02	 110	 7.500370e+02	 98	 1.137285e+03	 766.67	 683.33	 7.00	 25	 0.78	 
BFE_103	 1	 9	 1203.jpg	 1.138269e+03	 12	 999000	 120	 999000	 999	 1.139287e+03	 766.67	 683.33	 19.00	 24	 0.48	 
BFE_103	 1	 9	 2206.jpg	 1.140271e+03	 24	 999000	 240	 999000	 999	 1.141289e+03	 766.67	 683.33	 60.00	 27	 0.51	 
BFE_103	 1	 9	 2109.jpg	 1.144276e+03	 22	 9.023493e+02	 220	 6.833664e+02	 98	 1.145294e+03	 766.67	 700.00	 58.00	 9	 0.58	 
BFE_103	 1	 9	 2209.jpg	 1.146261e+03	 24	 999000	 240	 999000	 999	 1.147279e+03	 766.67	 700.00	 43.00	 30	 0.78	 
BFE_103	 1	 9	 1102.jpg	 1.150266e+03	 12	 999000	 120	 999000	 999	 1.151284e+03	 766.67	 700.00	 17.00	 2	 0.50	 
BFE_103	 1	 9	 1214.jpg	 1.152268e+03	 11	 9.742223e+02	 110	 7.667063e+02	 98	 1.153286e+03	 783.33	 700.00	 18.00	 35	 0.49	 
BFE_103	 1	 9	 1113.jpg	 1.154271e+03	 12	 999000	 120	 999000	 999	 1.155288e+03	 783.33	 700.00	 4.00	 13	 0.81	 
BFE_103	 1	 9	 1217.jpg	 1.156273e+03	 12	 999000	 120	 999000	 999	 1.157291e+03	 783.33	 700.00	 3.00	 38	 0.84	 
BFE_103	 1	 9	 2211.jpg	 1.161261e+03	 24	 999000	 240	 999000	 999	 1.162280e+03	 783.33	 700.00	 51.00	 32	 0.68	 
BFE_103	 1	 9	 2121.jpg	 1.163264e+03	 22	 8.983637e+02	 220	 7.000589e+02	 98	 1.164282e+03	 783.33	 716.67	 53.00	 21	 0.67	 
BFE_103	 1	 9	 1114.jpg	 1.165266e+03	 12	 999000	 120	 999000	 999	 1.166284e+03	 783.33	 716.67	 14.00	 14	 0.57	 
BFE_103	 1	 9	 1117.jpg	 1.168270e+03	 12	 999000	 120	 999000	 999	 1.169287e+03	 783.33	 716.67	 22.00	 17	 0.46	 
BFE_103	 1	 9	 2205.jpg	 1.175278e+03	 24	 999000	 240	 999000	 999	 1.176295e+03	 783.33	 716.67	 56.00	 26	 0.64	 
BFE_103	 1	 9	 1121.jpg	 1.179265e+03	 12	 999000	 120	 999000	 999	 1.180283e+03	 783.33	 716.67	 21.00	 21	 0.46	 
BFE_103	 1	 9	 1211.jpg	 1.186273e+03	 12	 999000	 120	 999000	 999	 1.187291e+03	 783.33	 716.67	 20.00	 32	 0.47	 
