subjectID	 order	 runNum	 itemName	 onsetTime	 shuff_trialType	 RT	 respInTime	 AudioTime	 response	 fixationTime	 ladder1	 ladder2	 bidIndex	 itemNameIndex	 bidValue	 
BFE_101	 1	 14	 1208.jpg	 1.648579e+03	 11	 1.110145e+03	 1100	 7.833756e+02	 98	 1.649597e+03	 733.33	 783.33	 18.00	 29	 0.51	 
BFE_101	 1	 14	 2216.jpg	 1.651583e+03	 24	 999000	 240	 999000	 999	 1.652600e+03	 733.33	 783.33	 48.00	 37	 0.66	 
BFE_101	 1	 14	 1201.jpg	 1.653585e+03	 12	 999000	 120	 999000	 999	 1.654603e+03	 733.33	 783.33	 22.00	 22	 0.50	 
BFE_101	 1	 14	 1204.jpg	 1.655587e+03	 12	 999000	 120	 999000	 999	 1.656605e+03	 733.33	 783.33	 17.00	 25	 0.52	 
BFE_101	 1	 14	 1101.jpg	 1.657589e+03	 12	 999000	 120	 999000	 999	 1.658607e+03	 733.33	 783.33	 37.00	 1	 0.27	 
BFE_101	 1	 14	 1202.jpg	 1.660576e+03	 12	 999000	 120	 999000	 999	 1.661594e+03	 733.33	 783.33	 16.00	 23	 0.54	 
BFE_101	 1	 14	 2118.jpg	 1.662578e+03	 22	 9.828190e+02	 220	 7.833735e+02	 98	 1.663596e+03	 733.33	 800.00	 47.00	 18	 0.67	 
BFE_101	 1	 14	 2211.jpg	 1.666583e+03	 22	 1.026349e+03	 2200	 8.000380e+02	 98	 1.667601e+03	 733.33	 750.00	 52.00	 32	 0.62	 
BFE_101	 1	 14	 1111.jpg	 1.668585e+03	 12	 999000	 120	 999000	 999	 1.669603e+03	 733.33	 750.00	 14.00	 11	 0.55	 
BFE_101	 1	 14	 1216.jpg	 1.673574e+03	 11	 7.394664e+02	 110	 7.333623e+02	 98	 1.674592e+03	 750.00	 750.00	 15.00	 37	 0.55	 
BFE_101	 1	 14	 2209.jpg	 1.675576e+03	 22	 1.008892e+03	 2200	 7.500352e+02	 98	 1.676596e+03	 750.00	 700.00	 55.00	 30	 0.56	 
BFE_101	 1	 14	 2120.jpg	 1.679581e+03	 22	 8.525435e+02	 220	 7.000388e+02	 98	 1.680598e+03	 750.00	 716.67	 58.00	 20	 0.55	 
BFE_101	 1	 14	 2213.jpg	 1.681583e+03	 24	 999000	 240	 999000	 999	 1.682601e+03	 750.00	 716.67	 44.00	 34	 0.71	 
BFE_101	 1	 14	 2208.jpg	 1.684586e+03	 24	 999000	 240	 999000	 999	 1.685604e+03	 750.00	 716.67	 51.00	 29	 0.63	 
BFE_101	 1	 14	 2102.jpg	 1.689575e+03	 24	 999000	 240	 999000	 999	 1.690593e+03	 750.00	 716.67	 61.00	 2	 0.54	 
BFE_101	 1	 14	 2110.jpg	 1.691577e+03	 22	 1.007720e+03	 2200	 7.166912e+02	 98	 1.692595e+03	 750.00	 666.67	 50.00	 10	 0.65	 
BFE_101	 1	 14	 1102.jpg	 1.693580e+03	 11	 9.733349e+02	 110	 7.500277e+02	 98	 1.694597e+03	 766.67	 666.67	 10.00	 2	 0.66	 
BFE_101	 1	 14	 2205.jpg	 1.697584e+03	 24	 999000	 240	 999000	 999	 1.698602e+03	 766.67	 666.67	 77.00	 26	 0.21	 
BFE_101	 1	 14	 1206.jpg	 1.701589e+03	 12	 999000	 120	 999000	 999	 1.702606e+03	 766.67	 666.67	 4.00	 27	 0.74	 
BFE_101	 1	 14	 1106.jpg	 1.705576e+03	 11	 7.687041e+02	 110	 7.666980e+02	 98	 1.706594e+03	 783.33	 666.67	 12.00	 6	 0.58	 
BFE_101	 1	 14	 1207.jpg	 1.707579e+03	 11	 9.504939e+02	 110	 7.833625e+02	 98	 1.708596e+03	 800.00	 666.67	 13.00	 28	 0.56	 
BFE_101	 1	 14	 2114.jpg	 1.709581e+03	 24	 999000	 240	 999000	 999	 1.710599e+03	 800.00	 666.67	 62.00	 14	 0.50	 
BFE_101	 1	 14	 2207.jpg	 1.711583e+03	 24	 6.340137e+02	 24	 999000	 98	 1.712601e+03	 800.00	 666.67	 49.00	 28	 0.66	 
BFE_101	 1	 14	 1118.jpg	 1.713585e+03	 12	 999000	 120	 999000	 999	 1.714603e+03	 800.00	 666.67	 3.00	 18	 0.78	 
BFE_101	 1	 14	 2214.jpg	 1.719575e+03	 22	 9.617111e+02	 220	 6.667033e+02	 98	 1.720593e+03	 800.00	 683.33	 53.00	 35	 0.59	 
BFE_101	 1	 14	 2113.jpg	 1.722579e+03	 24	 999000	 240	 999000	 999	 1.723597e+03	 800.00	 683.33	 60.00	 13	 0.54	 
BFE_101	 1	 14	 1205.jpg	 1.724581e+03	 12	 999000	 120	 999000	 999	 1.725599e+03	 800.00	 683.33	 11.00	 26	 0.62	 
BFE_101	 1	 14	 2103.jpg	 1.726583e+03	 24	 999000	 240	 999000	 999	 1.727601e+03	 800.00	 683.33	 43.00	 3	 0.74	 
BFE_101	 1	 14	 2115.jpg	 1.729587e+03	 24	 999000	 240	 999000	 999	 1.730604e+03	 800.00	 683.33	 57.00	 15	 0.55	 
BFE_101	 1	 14	 1115.jpg	 1.731589e+03	 12	 999000	 120	 999000	 999	 1.732607e+03	 800.00	 683.33	 38.00	 15	 0.23	 
BFE_101	 1	 14	 1116.jpg	 1.733574e+03	 12	 999000	 120	 999000	 999	 1.734592e+03	 800.00	 683.33	 19.00	 16	 0.51	 
BFE_101	 1	 14	 1214.jpg	 1.735577e+03	 12	 999000	 120	 999000	 999	 1.736594e+03	 800.00	 683.33	 21.00	 35	 0.50	 
BFE_101	 1	 14	 1103.jpg	 1.738580e+03	 12	 999000	 120	 999000	 999	 1.739598e+03	 800.00	 683.33	 9.00	 3	 0.68	 
BFE_101	 1	 14	 1121.jpg	 1.740582e+03	 11	 6.988014e+02	 11	 8.000379e+02	 98	 1.741600e+03	 816.67	 683.33	 7.00	 21	 0.70	 
BFE_101	 1	 14	 2104.jpg	 1.742585e+03	 24	 999000	 240	 999000	 999	 1.743602e+03	 816.67	 683.33	 56.00	 4	 0.55	 
BFE_101	 1	 14	 2203.jpg	 1.744587e+03	 24	 999000	 240	 999000	 999	 1.745605e+03	 816.67	 683.33	 59.00	 24	 0.54	 
BFE_101	 1	 14	 1109.jpg	 1.746572e+03	 12	 999000	 120	 999000	 999	 1.747590e+03	 816.67	 683.33	 20.00	 9	 0.50	 
BFE_101	 1	 14	 2217.jpg	 1.752579e+03	 24	 999000	 240	 999000	 999	 1.753597e+03	 816.67	 683.33	 54.00	 38	 0.58	 
BFE_101	 1	 14	 2117.jpg	 1.755582e+03	 24	 999000	 240	 999000	 999	 1.756600e+03	 816.67	 683.33	 78.00	 17	 0.18	 
BFE_101	 1	 14	 1213.jpg	 1.759587e+03	 12	 999000	 120	 999000	 999	 1.760605e+03	 816.67	 683.33	 8.00	 34	 0.68	 
