subjectID	 order	 runNum	 itemName	 onsetTime	 shuff_trialType	 RT	 respInTime	 AudioTime	 response	 fixationTime	 ladder1	 ladder2	 bidIndex	 itemNameIndex	 bidValue	 
BFE_106	 2	 7	 1204.jpg	 8.413880e+02	 12	 4.943528e+02	 12	 999000	 98	 8.424057e+02	 916.67	 883.33	 20.00	 25	 0.51	 
BFE_106	 2	 7	 2209.jpg	 8.433735e+02	 22	 4.768010e+02	 22	 8.833816e+02	 98	 8.443912e+02	 916.67	 900.00	 56.00	 30	 0.59	 
BFE_106	 2	 7	 2211.jpg	 8.473780e+02	 24	 999000	 240	 999000	 999	 8.483957e+02	 916.67	 900.00	 43.00	 32	 0.87	 
BFE_106	 2	 7	 1106.jpg	 8.503814e+02	 12	 999000	 120	 999000	 999	 8.513991e+02	 916.67	 900.00	 7.00	 6	 0.73	 
BFE_106	 2	 7	 1203.jpg	 8.523836e+02	 12	 999000	 120	 999000	 999	 8.534014e+02	 916.67	 900.00	 22.00	 24	 0.50	 
BFE_106	 2	 7	 2106.jpg	 8.553703e+02	 24	 999000	 240	 999000	 999	 8.563879e+02	 916.67	 900.00	 60.00	 6	 0.54	 
BFE_106	 2	 7	 1109.jpg	 8.593748e+02	 12	 6.354986e+02	 12	 999000	 98	 8.603925e+02	 916.67	 900.00	 4.00	 9	 0.82	 
BFE_106	 2	 7	 2107.jpg	 8.633792e+02	 24	 999000	 240	 999000	 999	 8.643969e+02	 916.67	 900.00	 78.00	 7	 0.20	 
BFE_106	 2	 7	 2113.jpg	 8.653816e+02	 24	 999000	 240	 999000	 999	 8.663992e+02	 916.67	 900.00	 50.00	 13	 0.69	 
BFE_106	 2	 7	 1119.jpg	 8.703704e+02	 12	 999000	 120	 999000	 999	 8.713882e+02	 916.67	 900.00	 38.00	 19	 0.15	 
BFE_106	 2	 7	 1207.jpg	 8.723727e+02	 12	 999000	 120	 999000	 999	 8.733905e+02	 916.67	 900.00	 21.00	 28	 0.50	 
BFE_106	 2	 7	 2110.jpg	 8.743749e+02	 24	 999000	 240	 999000	 999	 8.753928e+02	 916.67	 900.00	 53.00	 10	 0.60	 
BFE_106	 2	 7	 1213.jpg	 8.803816e+02	 11	 6.367515e+02	 11	 9.167643e+02	 98	 8.813995e+02	 916.67	 900.00	 9.00	 34	 0.69	 
BFE_106	 2	 7	 1209.jpg	 8.823839e+02	 11	 7.064454e+02	 11	 9.167044e+02	 98	 8.834016e+02	 916.67	 900.00	 11.00	 30	 0.68	 
BFE_106	 2	 7	 1121.jpg	 8.843694e+02	 12	 999000	 120	 999000	 999	 8.853873e+02	 916.67	 900.00	 12.00	 21	 0.65	 
BFE_106	 2	 7	 1115.jpg	 8.863717e+02	 11	 5.985900e+02	 11	 9.167019e+02	 98	 8.873894e+02	 916.67	 900.00	 8.00	 15	 0.70	 
BFE_106	 2	 7	 1101.jpg	 8.903761e+02	 12	 999000	 120	 999000	 999	 8.913939e+02	 916.67	 900.00	 37.00	 1	 0.16	 
BFE_106	 2	 7	 2207.jpg	 8.943807e+02	 24	 6.136281e+02	 24	 999000	 98	 8.953984e+02	 916.67	 900.00	 58.00	 28	 0.58	 
BFE_106	 2	 7	 2206.jpg	 8.973840e+02	 22	 999000	 2	 9.000324e+02	 999	 8.984018e+02	 916.67	 850.00	 48.00	 27	 0.73	 
BFE_106	 2	 7	 2105.jpg	 9.013719e+02	 24	 999000	 240	 999000	 999	 9.023895e+02	 916.67	 850.00	 55.00	 5	 0.59	 
BFE_106	 2	 7	 1211.jpg	 9.043751e+02	 12	 999000	 120	 999000	 999	 9.053931e+02	 916.67	 850.00	 15.00	 32	 0.58	 
BFE_106	 2	 7	 1205.jpg	 9.063774e+02	 12	 999000	 120	 999000	 999	 9.073952e+02	 916.67	 850.00	 3.00	 26	 0.83	 
BFE_106	 2	 7	 2204.jpg	 9.103821e+02	 24	 999000	 240	 999000	 999	 9.113997e+02	 916.67	 850.00	 61.00	 25	 0.52	 
BFE_106	 2	 7	 1216.jpg	 9.123842e+02	 11	 4.820933e+02	 11	 9.166997e+02	 98	 9.134019e+02	 916.67	 850.00	 17.00	 37	 0.56	 
BFE_106	 2	 7	 2115.jpg	 9.143698e+02	 22	 4.965390e+02	 22	 8.500361e+02	 98	 9.153875e+02	 916.67	 866.67	 57.00	 15	 0.58	 
BFE_106	 2	 7	 1214.jpg	 9.183742e+02	 11	 4.520975e+02	 11	 9.167044e+02	 98	 9.193920e+02	 916.67	 866.67	 14.00	 35	 0.62	 
BFE_106	 2	 7	 1217.jpg	 9.203765e+02	 12	 999000	 120	 999000	 999	 9.213942e+02	 916.67	 866.67	 18.00	 38	 0.54	 
BFE_106	 2	 7	 2121.jpg	 9.243810e+02	 24	 999000	 240	 999000	 999	 9.253988e+02	 916.67	 866.67	 47.00	 21	 0.75	 
BFE_106	 2	 7	 2103.jpg	 9.283687e+02	 24	 999000	 240	 999000	 999	 9.293865e+02	 916.67	 866.67	 44.00	 3	 0.83	 
BFE_106	 2	 7	 1219.jpg	 9.313721e+02	 11	 7.022629e+02	 11	 9.166946e+02	 98	 9.323899e+02	 916.67	 866.67	 16.00	 40	 0.57	 
BFE_106	 2	 7	 2119.jpg	 9.373788e+02	 24	 999000	 240	 999000	 999	 9.383966e+02	 916.67	 866.67	 77.00	 19	 0.21	 
BFE_106	 2	 7	 2205.jpg	 9.393811e+02	 24	 999000	 240	 999000	 999	 9.403989e+02	 916.67	 866.67	 59.00	 26	 0.57	 
BFE_106	 2	 7	 2214.jpg	 9.433686e+02	 22	 5.856773e+02	 22	 8.666949e+02	 98	 9.443867e+02	 916.67	 883.33	 54.00	 35	 0.59	 
BFE_106	 2	 7	 1208.jpg	 9.453712e+02	 12	 7.910994e+02	 12	 999000	 98	 9.463889e+02	 916.67	 883.33	 13.00	 29	 0.63	 
BFE_106	 2	 7	 2218.jpg	 9.473733e+02	 24	 999000	 240	 999000	 999	 9.483912e+02	 916.67	 883.33	 52.00	 39	 0.60	 
BFE_106	 2	 7	 2208.jpg	 9.493756e+02	 22	 6.746964e+02	 22	 8.833705e+02	 98	 9.503934e+02	 916.67	 900.00	 51.00	 29	 0.65	 
BFE_106	 2	 7	 1218.jpg	 9.543812e+02	 12	 999000	 120	 999000	 999	 9.553991e+02	 916.67	 900.00	 19.00	 39	 0.54	 
BFE_106	 2	 7	 2111.jpg	 9.563834e+02	 24	 999000	 240	 999000	 999	 9.574012e+02	 916.67	 900.00	 62.00	 11	 0.52	 
BFE_106	 2	 7	 2109.jpg	 9.583688e+02	 22	 999000	 2	 9.000357e+02	 999	 9.593868e+02	 916.67	 850.00	 49.00	 9	 0.73	 
BFE_106	 2	 7	 1110.jpg	 9.613724e+02	 12	 999000	 120	 999000	 999	 9.623902e+02	 916.67	 850.00	 10.00	 10	 0.68	 
