subjectID	 order	 runNum	 itemName	 onsetTime	 shuff_trialType	 RT	 respInTime	 AudioTime	 response	 fixationTime	 ladder1	 ladder2	 bidIndex	 itemNameIndex	 bidValue	 
BFE_201	 1	 15	 1105.jpg	 1.763296e+03	 12	 999000	 120	 999000	 999	 1.764314e+03	 616.67	 616.67	 37.00	 5	 0.18	 
BFE_201	 1	 15	 2217.jpg	 1.766283e+03	 22	 9.507409e+02	 220	 6.167361e+02	 98	 1.767301e+03	 616.67	 633.33	 47.00	 38	 0.72	 
BFE_201	 1	 15	 2205.jpg	 1.768285e+03	 24	 999000	 240	 999000	 999	 1.769303e+03	 616.67	 633.33	 59.00	 26	 0.55	 
BFE_201	 1	 15	 2114.jpg	 1.770288e+03	 24	 999000	 240	 999000	 999	 1.771305e+03	 616.67	 633.33	 54.00	 14	 0.60	 
BFE_201	 1	 15	 1109.jpg	 1.772290e+03	 11	 8.959360e+02	 110	 6.167486e+02	 98	 1.773308e+03	 633.33	 633.33	 10.00	 9	 0.67	 
BFE_201	 1	 15	 1217.jpg	 1.775293e+03	 12	 999000	 120	 999000	 999	 1.776311e+03	 633.33	 633.33	 19.00	 38	 0.53	 
BFE_201	 1	 15	 1219.jpg	 1.777279e+03	 12	 999000	 120	 999000	 999	 1.778297e+03	 633.33	 633.33	 21.00	 40	 0.52	 
BFE_201	 1	 15	 1205.jpg	 1.781283e+03	 12	 999000	 120	 999000	 999	 1.782301e+03	 633.33	 633.33	 3.00	 26	 0.83	 
BFE_201	 1	 15	 2214.jpg	 1.783286e+03	 22	 9.803183e+02	 220	 6.333646e+02	 98	 1.784303e+03	 633.33	 650.00	 58.00	 35	 0.56	 
BFE_201	 1	 15	 2212.jpg	 1.788291e+03	 24	 999000	 240	 999000	 999	 1.789309e+03	 633.33	 650.00	 61.00	 33	 0.52	 
BFE_201	 1	 15	 2208.jpg	 1.790277e+03	 24	 999000	 240	 999000	 999	 1.791295e+03	 633.33	 650.00	 60.00	 29	 0.52	 
BFE_201	 1	 15	 2118.jpg	 1.794281e+03	 24	 999000	 240	 999000	 999	 1.795299e+03	 633.33	 650.00	 78.00	 18	 0.18	 
BFE_201	 1	 15	 1206.jpg	 1.796284e+03	 12	 999000	 120	 999000	 999	 1.797301e+03	 633.33	 650.00	 11.00	 27	 0.64	 
BFE_201	 1	 15	 2218.jpg	 1.799287e+03	 24	 999000	 240	 999000	 999	 1.800305e+03	 633.33	 650.00	 48.00	 39	 0.71	 
BFE_201	 1	 15	 2213.jpg	 1.804293e+03	 24	 999000	 240	 999000	 999	 1.805310e+03	 633.33	 650.00	 44.00	 34	 0.78	 
BFE_201	 1	 15	 1114.jpg	 1.806278e+03	 11	 1.091859e+03	 1100	 6.333661e+02	 98	 1.807296e+03	 583.33	 650.00	 13.00	 14	 0.62	 
BFE_201	 1	 15	 2120.jpg	 1.808280e+03	 24	 999000	 240	 999000	 999	 1.809298e+03	 583.33	 650.00	 51.00	 20	 0.67	 
BFE_201	 1	 15	 1208.jpg	 1.812285e+03	 12	 999000	 120	 999000	 999	 1.813302e+03	 583.33	 650.00	 17.00	 29	 0.58	 
BFE_201	 1	 15	 1116.jpg	 1.816289e+03	 12	 999000	 120	 999000	 999	 1.817307e+03	 583.33	 650.00	 20.00	 16	 0.53	 
BFE_201	 1	 15	 2215.jpg	 1.820294e+03	 24	 999000	 240	 999000	 999	 1.821312e+03	 583.33	 650.00	 43.00	 36	 0.82	 
BFE_201	 1	 15	 1108.jpg	 1.822279e+03	 12	 999000	 120	 999000	 999	 1.823297e+03	 583.33	 650.00	 38.00	 8	 0.17	 
BFE_201	 1	 15	 1203.jpg	 1.824281e+03	 11	 8.484276e+02	 110	 5.833671e+02	 98	 1.825299e+03	 600.00	 650.00	 18.00	 24	 0.54	 
BFE_201	 1	 15	 1102.jpg	 1.826284e+03	 12	 999000	 120	 999000	 999	 1.827302e+03	 600.00	 650.00	 22.00	 2	 0.48	 
BFE_201	 1	 15	 1209.jpg	 1.828286e+03	 11	 8.839471e+02	 110	 6.000294e+02	 98	 1.829304e+03	 616.67	 650.00	 15.00	 30	 0.59	 
BFE_201	 1	 15	 2204.jpg	 1.834293e+03	 22	 9.891227e+02	 220	 6.500294e+02	 98	 1.835311e+03	 616.67	 666.67	 55.00	 25	 0.59	 
BFE_201	 1	 15	 2103.jpg	 1.837279e+03	 24	 999000	 240	 999000	 999	 1.838297e+03	 616.67	 666.67	 57.00	 3	 0.58	 
BFE_201	 1	 15	 1214.jpg	 1.839282e+03	 12	 999000	 120	 999000	 999	 1.840299e+03	 616.67	 666.67	 14.00	 35	 0.62	 
BFE_201	 1	 15	 2109.jpg	 1.841284e+03	 22	 9.180657e+02	 220	 6.666997e+02	 98	 1.842302e+03	 616.67	 683.33	 53.00	 9	 0.64	 
BFE_201	 1	 15	 1103.jpg	 1.844287e+03	 12	 999000	 120	 999000	 999	 1.845305e+03	 616.67	 683.33	 9.00	 3	 0.70	 
BFE_201	 1	 15	 1121.jpg	 1.846290e+03	 12	 999000	 120	 999000	 999	 1.847307e+03	 616.67	 683.33	 4.00	 21	 0.83	 
BFE_201	 1	 15	 1207.jpg	 1.848292e+03	 12	 999000	 120	 999000	 999	 1.849310e+03	 616.67	 683.33	 16.00	 28	 0.59	 
BFE_201	 1	 15	 2110.jpg	 1.850277e+03	 22	 9.728733e+02	 220	 6.833661e+02	 98	 1.851295e+03	 616.67	 700.00	 52.00	 10	 0.67	 
BFE_201	 1	 15	 2116.jpg	 1.853281e+03	 24	 999000	 240	 999000	 999	 1.854299e+03	 616.67	 700.00	 56.00	 16	 0.59	 
BFE_201	 1	 15	 1216.jpg	 1.855283e+03	 12	 999000	 120	 999000	 999	 1.856301e+03	 616.67	 700.00	 8.00	 37	 0.72	 
BFE_201	 1	 15	 2117.jpg	 1.857285e+03	 24	 999000	 240	 999000	 999	 1.858303e+03	 616.67	 700.00	 77.00	 17	 0.19	 
BFE_201	 1	 15	 1211.jpg	 1.859287e+03	 11	 8.905498e+02	 110	 6.166959e+02	 98	 1.860305e+03	 633.33	 700.00	 12.00	 32	 0.63	 
BFE_201	 1	 15	 2211.jpg	 1.861290e+03	 24	 999000	 240	 999000	 999	 1.862307e+03	 633.33	 700.00	 62.00	 32	 0.49	 
BFE_201	 1	 15	 1218.jpg	 1.867280e+03	 11	 9.942342e+02	 110	 6.333727e+02	 98	 1.868297e+03	 650.00	 700.00	 7.00	 39	 0.76	 
BFE_201	 1	 15	 2209.jpg	 1.870283e+03	 22	 1.006901e+03	 2200	 7.000274e+02	 98	 1.871301e+03	 650.00	 650.00	 50.00	 30	 0.68	 
BFE_201	 1	 15	 2206.jpg	 1.874288e+03	 24	 999000	 240	 999000	 999	 1.875305e+03	 650.00	 650.00	 49.00	 27	 0.69	 
