subjectID	 order	 runNum	 itemName	 onsetTime	 shuff_trialType	 RT	 respInTime	 AudioTime	 response	 fixationTime	 ladder1	 ladder2	 bidIndex	 itemNameIndex	 bidValue	 
BFE_106	 2	 10	 2121.jpg	 1.231826e+03	 24	 999000	 240	 999000	 999	 1.232843e+03	 916.67	 916.67	 47.00	 21	 0.75	 
BFE_106	 2	 10	 1207.jpg	 1.236814e+03	 12	 999000	 120	 999000	 999	 1.237832e+03	 916.67	 916.67	 21.00	 28	 0.50	 
BFE_106	 2	 10	 2207.jpg	 1.238817e+03	 24	 999000	 240	 999000	 999	 1.239835e+03	 916.67	 916.67	 58.00	 28	 0.58	 
BFE_106	 2	 10	 1101.jpg	 1.240819e+03	 12	 999000	 120	 999000	 999	 1.241837e+03	 916.67	 916.67	 37.00	 1	 0.16	 
BFE_106	 2	 10	 1121.jpg	 1.246809e+03	 12	 999000	 120	 999000	 999	 1.247827e+03	 916.67	 916.67	 12.00	 21	 0.65	 
BFE_106	 2	 10	 2110.jpg	 1.248811e+03	 24	 999000	 240	 999000	 999	 1.249829e+03	 916.67	 916.67	 53.00	 10	 0.60	 
BFE_106	 2	 10	 1203.jpg	 1.251815e+03	 12	 999000	 120	 999000	 999	 1.252832e+03	 916.67	 916.67	 22.00	 24	 0.50	 
BFE_106	 2	 10	 1214.jpg	 1.253817e+03	 11	 6.813388e+02	 11	 9.167266e+02	 98	 1.254835e+03	 916.67	 916.67	 14.00	 35	 0.62	 
BFE_106	 2	 10	 1211.jpg	 1.257821e+03	 12	 999000	 120	 999000	 999	 1.258839e+03	 916.67	 916.67	 15.00	 32	 0.58	 
BFE_106	 2	 10	 1213.jpg	 1.259807e+03	 11	 5.396736e+02	 11	 9.167060e+02	 98	 1.260825e+03	 916.67	 916.67	 9.00	 34	 0.69	 
BFE_106	 2	 10	 2119.jpg	 1.264813e+03	 24	 999000	 240	 999000	 999	 1.265830e+03	 916.67	 916.67	 77.00	 19	 0.21	 
BFE_106	 2	 10	 2109.jpg	 1.271820e+03	 22	 6.138394e+02	 22	 9.167344e+02	 98	 1.272838e+03	 916.67	 916.67	 49.00	 9	 0.73	 
BFE_106	 2	 10	 1216.jpg	 1.273823e+03	 11	 6.594951e+02	 11	 9.166995e+02	 98	 1.274840e+03	 916.67	 916.67	 17.00	 37	 0.56	 
BFE_106	 2	 10	 1106.jpg	 1.276809e+03	 12	 999000	 120	 999000	 999	 1.277827e+03	 916.67	 916.67	 7.00	 6	 0.73	 
BFE_106	 2	 10	 1217.jpg	 1.279813e+03	 12	 999000	 120	 999000	 999	 1.280831e+03	 916.67	 916.67	 18.00	 38	 0.54	 
BFE_106	 2	 10	 1209.jpg	 1.283817e+03	 11	 5.371318e+02	 11	 9.167037e+02	 98	 1.284835e+03	 916.67	 916.67	 11.00	 30	 0.68	 
BFE_106	 2	 10	 1219.jpg	 1.287822e+03	 11	 6.925677e+02	 11	 9.167068e+02	 98	 1.288840e+03	 916.67	 916.67	 16.00	 40	 0.57	 
BFE_106	 2	 10	 2204.jpg	 1.291809e+03	 24	 999000	 240	 999000	 999	 1.292827e+03	 916.67	 916.67	 61.00	 25	 0.52	 
BFE_106	 2	 10	 1204.jpg	 1.294813e+03	 12	 999000	 120	 999000	 999	 1.295831e+03	 916.67	 916.67	 20.00	 25	 0.51	 
BFE_106	 2	 10	 2214.jpg	 1.300820e+03	 22	 6.146682e+02	 22	 9.166976e+02	 98	 1.301837e+03	 916.67	 916.67	 54.00	 35	 0.59	 
BFE_106	 2	 10	 2115.jpg	 1.302822e+03	 22	 6.604030e+02	 22	 9.166969e+02	 98	 1.303840e+03	 916.67	 916.67	 57.00	 15	 0.58	 
BFE_106	 2	 10	 1110.jpg	 1.305809e+03	 12	 999000	 120	 999000	 999	 1.306826e+03	 916.67	 916.67	 10.00	 10	 0.68	 
BFE_106	 2	 10	 2209.jpg	 1.307811e+03	 22	 7.754988e+02	 22	 9.167032e+02	 98	 1.308829e+03	 916.67	 916.67	 56.00	 30	 0.59	 
BFE_106	 2	 10	 2211.jpg	 1.309813e+03	 24	 999000	 240	 999000	 999	 1.310831e+03	 916.67	 916.67	 43.00	 32	 0.87	 
BFE_106	 2	 10	 2208.jpg	 1.311815e+03	 22	 8.590378e+02	 22	 9.166968e+02	 98	 1.312833e+03	 916.67	 916.67	 51.00	 29	 0.65	 
BFE_106	 2	 10	 2105.jpg	 1.314819e+03	 24	 999000	 240	 999000	 999	 1.315836e+03	 916.67	 916.67	 55.00	 5	 0.59	 
BFE_106	 2	 10	 2218.jpg	 1.318823e+03	 24	 999000	 240	 999000	 999	 1.319841e+03	 916.67	 916.67	 52.00	 39	 0.60	 
BFE_106	 2	 10	 1205.jpg	 1.320809e+03	 12	 999000	 120	 999000	 999	 1.321826e+03	 916.67	 916.67	 3.00	 26	 0.83	 
BFE_106	 2	 10	 1119.jpg	 1.322811e+03	 12	 999000	 120	 999000	 999	 1.323829e+03	 916.67	 916.67	 38.00	 19	 0.15	 
BFE_106	 2	 10	 1115.jpg	 1.324813e+03	 11	 5.811247e+02	 11	 9.167041e+02	 98	 1.325831e+03	 916.67	 916.67	 8.00	 15	 0.70	 
BFE_106	 2	 10	 1109.jpg	 1.326815e+03	 12	 4.989650e+02	 12	 999000	 98	 1.327833e+03	 916.67	 916.67	 4.00	 9	 0.82	 
BFE_106	 2	 10	 2113.jpg	 1.328818e+03	 24	 999000	 240	 999000	 999	 1.329835e+03	 916.67	 916.67	 50.00	 13	 0.69	 
BFE_106	 2	 10	 2206.jpg	 1.332822e+03	 22	 5.401535e+02	 22	 9.167001e+02	 98	 1.333840e+03	 916.67	 916.67	 48.00	 27	 0.73	 
BFE_106	 2	 10	 1218.jpg	 1.336810e+03	 12	 999000	 120	 999000	 999	 1.337828e+03	 916.67	 916.67	 19.00	 39	 0.54	 
BFE_106	 2	 10	 2107.jpg	 1.338812e+03	 24	 999000	 240	 999000	 999	 1.339830e+03	 916.67	 916.67	 78.00	 7	 0.20	 
BFE_106	 2	 10	 1208.jpg	 1.340814e+03	 12	 6.758238e+02	 12	 999000	 98	 1.341832e+03	 916.67	 916.67	 13.00	 29	 0.63	 
BFE_106	 2	 10	 2205.jpg	 1.342817e+03	 24	 999000	 240	 999000	 999	 1.343834e+03	 916.67	 916.67	 59.00	 26	 0.57	 
BFE_106	 2	 10	 2106.jpg	 1.344819e+03	 24	 999000	 240	 999000	 999	 1.345837e+03	 916.67	 916.67	 60.00	 6	 0.54	 
BFE_106	 2	 10	 2103.jpg	 1.350809e+03	 24	 999000	 240	 999000	 999	 1.351827e+03	 916.67	 916.67	 44.00	 3	 0.83	 
BFE_106	 2	 10	 2111.jpg	 1.352811e+03	 24	 999000	 240	 999000	 999	 1.353829e+03	 916.67	 916.67	 62.00	 11	 0.52	 
