subjectID	 order	 runNum	 itemName	 onsetTime	 shuff_trialType	 RT	 respInTime	 AudioTime	 response	 fixationTime	 ladder1	 ladder2	 bidIndex	 itemNameIndex	 bidValue	 
BFE_105	 1	 4	 2208.jpg	 3.958924e+02	 24	 999000	 240	 999000	 999	 3.969103e+02	 716.67	 716.67	 60.00	 29	 0.53	 
BFE_105	 1	 4	 1106.jpg	 3.978780e+02	 12	 999000	 120	 999000	 999	 3.988958e+02	 716.67	 716.67	 3.00	 6	 0.80	 
BFE_105	 1	 4	 2218.jpg	 4.018825e+02	 22	 1.047586e+03	 2200	 7.167143e+02	 98	 4.029003e+02	 716.67	 666.67	 55.00	 39	 0.62	 
BFE_105	 1	 4	 1203.jpg	 4.048859e+02	 12	 999000	 120	 999000	 999	 4.059036e+02	 716.67	 666.67	 20.00	 24	 0.51	 
BFE_105	 1	 4	 1112.jpg	 4.068881e+02	 12	 999000	 120	 999000	 999	 4.079059e+02	 716.67	 666.67	 38.00	 12	 0.20	 
BFE_105	 1	 4	 2216.jpg	 4.098749e+02	 22	 9.911660e+02	 220	 6.667010e+02	 98	 4.108926e+02	 716.67	 683.33	 50.00	 37	 0.68	 
BFE_105	 1	 4	 1216.jpg	 4.138792e+02	 11	 1.018805e+03	 1100	 7.167034e+02	 98	 4.148970e+02	 666.67	 683.33	 12.00	 37	 0.64	 
BFE_105	 1	 4	 2106.jpg	 4.178838e+02	 22	 9.742494e+02	 220	 6.833630e+02	 98	 4.189016e+02	 666.67	 700.00	 47.00	 6	 0.74	 
BFE_105	 1	 4	 1110.jpg	 4.198860e+02	 12	 999000	 120	 999000	 999	 4.209038e+02	 666.67	 700.00	 37.00	 10	 0.20	 
BFE_105	 1	 4	 2114.jpg	 4.248750e+02	 24	 999000	 240	 999000	 999	 4.258927e+02	 666.67	 700.00	 44.00	 14	 0.80	 
BFE_105	 1	 4	 2214.jpg	 4.268773e+02	 24	 999000	 240	 999000	 999	 4.278950e+02	 666.67	 700.00	 54.00	 35	 0.62	 
BFE_105	 1	 4	 2103.jpg	 4.288795e+02	 24	 999000	 240	 999000	 999	 4.298972e+02	 666.67	 700.00	 43.00	 3	 0.82	 
BFE_105	 1	 4	 1103.jpg	 4.348862e+02	 11	 8.518108e+02	 110	 6.666989e+02	 98	 4.359040e+02	 683.33	 700.00	 15.00	 3	 0.60	 
BFE_105	 1	 4	 1107.jpg	 4.368884e+02	 12	 999000	 120	 999000	 999	 4.379063e+02	 683.33	 700.00	 22.00	 7	 0.45	 
BFE_105	 1	 4	 2206.jpg	 4.388740e+02	 24	 999000	 240	 999000	 999	 4.398918e+02	 683.33	 700.00	 61.00	 27	 0.52	 
BFE_105	 1	 4	 2215.jpg	 4.408763e+02	 24	 999000	 240	 999000	 999	 4.418941e+02	 683.33	 700.00	 59.00	 36	 0.54	 
BFE_105	 1	 4	 2118.jpg	 4.448808e+02	 24	 999000	 240	 999000	 999	 4.458985e+02	 683.33	 700.00	 78.00	 18	 0.18	 
BFE_105	 1	 4	 2217.jpg	 4.488852e+02	 22	 9.808087e+02	 220	 7.000312e+02	 98	 4.499031e+02	 683.33	 716.67	 53.00	 38	 0.64	 
BFE_105	 1	 4	 1202.jpg	 4.518718e+02	 12	 999000	 120	 999000	 999	 4.528897e+02	 683.33	 716.67	 8.00	 23	 0.75	 
BFE_105	 1	 4	 1219.jpg	 4.558764e+02	 12	 999000	 120	 999000	 999	 4.568942e+02	 683.33	 716.67	 14.00	 40	 0.61	 
BFE_105	 1	 4	 2211.jpg	 4.588798e+02	 24	 999000	 240	 999000	 999	 4.598976e+02	 683.33	 716.67	 48.00	 32	 0.73	 
BFE_105	 1	 4	 2121.jpg	 4.608821e+02	 24	 999000	 240	 999000	 999	 4.618998e+02	 683.33	 716.67	 51.00	 21	 0.66	 
BFE_105	 1	 4	 1113.jpg	 4.648866e+02	 12	 999000	 120	 999000	 999	 4.659043e+02	 683.33	 716.67	 9.00	 13	 0.70	 
BFE_105	 1	 4	 2204.jpg	 4.668719e+02	 24	 999000	 240	 999000	 999	 4.678899e+02	 683.33	 716.67	 57.00	 25	 0.58	 
BFE_105	 1	 4	 1208.jpg	 4.688744e+02	 11	 1.007608e+03	 1100	 6.833696e+02	 98	 4.698938e+02	 633.33	 716.67	 18.00	 29	 0.52	 
BFE_105	 1	 4	 2202.jpg	 4.728789e+02	 24	 999000	 240	 999000	 999	 4.738966e+02	 633.33	 716.67	 56.00	 23	 0.60	 
BFE_105	 1	 4	 1102.jpg	 4.748810e+02	 11	 9.370046e+02	 110	 6.333731e+02	 98	 4.758990e+02	 650.00	 716.67	 13.00	 2	 0.62	 
BFE_105	 1	 4	 2219.jpg	 4.788856e+02	 24	 999000	 240	 999000	 999	 4.799033e+02	 650.00	 716.67	 62.00	 40	 0.51	 
BFE_105	 1	 4	 1209.jpg	 4.828734e+02	 11	 8.806108e+02	 110	 6.500327e+02	 98	 4.838912e+02	 666.67	 716.67	 10.00	 30	 0.69	 
BFE_105	 1	 4	 1201.jpg	 4.858767e+02	 12	 999000	 120	 999000	 999	 4.868945e+02	 666.67	 716.67	 4.00	 22	 0.78	 
BFE_105	 1	 4	 1218.jpg	 4.918836e+02	 12	 999000	 120	 999000	 999	 4.929013e+02	 666.67	 716.67	 16.00	 39	 0.60	 
BFE_105	 1	 4	 2117.jpg	 4.938858e+02	 24	 999000	 240	 999000	 999	 4.949035e+02	 666.67	 716.67	 77.00	 17	 0.20	 
BFE_105	 1	 4	 1215.jpg	 4.978736e+02	 12	 999000	 120	 999000	 999	 4.988914e+02	 666.67	 716.67	 19.00	 36	 0.51	 
BFE_105	 1	 4	 1119.jpg	 4.998758e+02	 12	 999000	 120	 999000	 999	 5.008936e+02	 666.67	 716.67	 21.00	 19	 0.49	 
BFE_105	 1	 4	 1121.jpg	 5.018781e+02	 12	 999000	 120	 999000	 999	 5.028958e+02	 666.67	 716.67	 17.00	 21	 0.52	 
BFE_105	 1	 4	 1213.jpg	 5.038804e+02	 12	 999000	 120	 999000	 999	 5.048981e+02	 666.67	 716.67	 11.00	 34	 0.68	 
BFE_105	 1	 4	 2209.jpg	 5.088860e+02	 24	 999000	 240	 999000	 999	 5.099038e+02	 666.67	 716.67	 49.00	 30	 0.73	 
BFE_105	 1	 4	 2109.jpg	 5.108714e+02	 22	 9.467044e+02	 220	 7.166951e+02	 98	 5.118893e+02	 666.67	 733.33	 58.00	 9	 0.56	 
BFE_105	 1	 4	 2213.jpg	 5.128738e+02	 22	 1.072285e+03	 2200	 7.333576e+02	 98	 5.138915e+02	 666.67	 683.33	 52.00	 34	 0.65	 
BFE_105	 1	 4	 1205.jpg	 5.158772e+02	 11	 9.408556e+02	 110	 6.666978e+02	 98	 5.168950e+02	 683.33	 683.33	 7.00	 26	 0.77	 
