subjectID	 order	 runNum	 itemName	 onsetTime	 shuff_trialType	 RT	 respInTime	 AudioTime	 response	 fixationTime	 ladder1	 ladder2	 bidIndex	 itemNameIndex	 bidValue	 
BFE_110	 2	 14	 2211.jpg	 2.001571e+03	 22	 9.990251e+02	 220	 5.167178e+02	 98	 2.002589e+03	 516.67	 533.33	 49.00	 32	 0.71	 
BFE_110	 2	 14	 2206.jpg	 2.004558e+03	 24	 999000	 240	 999000	 999	 2.005576e+03	 516.67	 533.33	 47.00	 27	 0.78	 
BFE_110	 2	 14	 2217.jpg	 2.008562e+03	 24	 999000	 240	 999000	 999	 2.009580e+03	 516.67	 533.33	 60.00	 38	 0.59	 
BFE_110	 2	 14	 2218.jpg	 2.010565e+03	 24	 999000	 240	 999000	 999	 2.011582e+03	 516.67	 533.33	 44.00	 39	 0.81	 
BFE_110	 2	 14	 1205.jpg	 2.012550e+03	 12	 999000	 120	 999000	 999	 2.013568e+03	 516.67	 533.33	 4.00	 26	 0.78	 
BFE_110	 2	 14	 1204.jpg	 2.016555e+03	 11	 8.875448e+02	 110	 5.167182e+02	 98	 2.017572e+03	 533.33	 533.33	 17.00	 25	 0.54	 
BFE_110	 2	 14	 2210.jpg	 2.018557e+03	 24	 999000	 240	 999000	 999	 2.019575e+03	 533.33	 533.33	 77.00	 31	 0.25	 
BFE_110	 2	 14	 1209.jpg	 2.023563e+03	 12	 999000	 120	 999000	 999	 2.024580e+03	 533.33	 533.33	 7.00	 30	 0.76	 
BFE_110	 2	 14	 2102.jpg	 2.025565e+03	 24	 999000	 240	 999000	 999	 2.026583e+03	 533.33	 533.33	 62.00	 2	 0.58	 
BFE_110	 2	 14	 1121.jpg	 2.028551e+03	 11	 1.002796e+03	 1100	 5.333772e+02	 98	 2.029569e+03	 483.33	 533.33	 16.00	 21	 0.58	 
BFE_110	 2	 14	 1219.jpg	 2.031555e+03	 12	 999000	 120	 999000	 999	 2.032573e+03	 483.33	 533.33	 15.00	 40	 0.59	 
BFE_110	 2	 14	 2204.jpg	 2.035559e+03	 22	 9.629610e+02	 220	 5.333703e+02	 98	 2.036577e+03	 483.33	 550.00	 48.00	 25	 0.76	 
BFE_110	 2	 14	 2205.jpg	 2.038563e+03	 22	 8.314880e+02	 220	 5.500294e+02	 98	 2.039580e+03	 483.33	 566.67	 57.00	 26	 0.62	 
BFE_110	 2	 14	 1105.jpg	 2.040565e+03	 12	 999000	 120	 999000	 999	 2.041583e+03	 483.33	 566.67	 21.00	 5	 0.48	 
BFE_110	 2	 14	 2121.jpg	 2.043552e+03	 24	 999000	 240	 999000	 999	 2.044569e+03	 483.33	 566.67	 52.00	 21	 0.65	 
BFE_110	 2	 14	 2104.jpg	 2.047556e+03	 24	 999000	 240	 999000	 999	 2.048574e+03	 483.33	 566.67	 61.00	 4	 0.59	 
BFE_110	 2	 14	 1114.jpg	 2.050559e+03	 11	 8.507790e+02	 110	 4.833629e+02	 98	 2.051577e+03	 500.00	 566.67	 11.00	 14	 0.67	 
BFE_110	 2	 14	 2109.jpg	 2.052562e+03	 22	 9.685417e+02	 220	 5.667066e+02	 98	 2.053579e+03	 500.00	 583.33	 54.00	 9	 0.63	 
BFE_110	 2	 14	 2120.jpg	 2.054564e+03	 22	 9.823156e+02	 220	 5.833608e+02	 98	 2.055582e+03	 500.00	 600.00	 51.00	 20	 0.69	 
BFE_110	 2	 14	 1206.jpg	 2.059553e+03	 12	 999000	 120	 999000	 999	 2.060571e+03	 500.00	 600.00	 3.00	 27	 0.83	 
BFE_110	 2	 14	 1214.jpg	 2.063557e+03	 12	 999000	 120	 999000	 999	 2.064575e+03	 500.00	 600.00	 12.00	 35	 0.61	 
BFE_110	 2	 14	 1109.jpg	 2.067562e+03	 12	 999000	 120	 999000	 999	 2.068580e+03	 500.00	 600.00	 19.00	 9	 0.51	 
BFE_110	 2	 14	 2208.jpg	 2.073552e+03	 24	 999000	 240	 999000	 999	 2.074570e+03	 500.00	 600.00	 55.00	 29	 0.63	 
BFE_110	 2	 14	 2115.jpg	 2.075554e+03	 22	 1.136116e+03	 2200	 6.000272e+02	 98	 2.076572e+03	 500.00	 550.00	 56.00	 15	 0.63	 
BFE_110	 2	 14	 1119.jpg	 2.077556e+03	 12	 999000	 120	 999000	 999	 2.078574e+03	 500.00	 550.00	 38.00	 19	 0.15	 
BFE_110	 2	 14	 1210.jpg	 2.079559e+03	 12	 999000	 120	 999000	 999	 2.080576e+03	 500.00	 550.00	 22.00	 31	 0.47	 
BFE_110	 2	 14	 1120.jpg	 2.081561e+03	 12	 999000	 120	 999000	 999	 2.082579e+03	 500.00	 550.00	 13.00	 20	 0.60	 
BFE_110	 2	 14	 1218.jpg	 2.085565e+03	 11	 8.768277e+02	 110	 5.000341e+02	 98	 2.086583e+03	 516.67	 550.00	 9.00	 39	 0.73	 
BFE_110	 2	 14	 1216.jpg	 2.087551e+03	 11	 8.355411e+02	 110	 5.166965e+02	 98	 2.088569e+03	 533.33	 550.00	 8.00	 37	 0.74	 
BFE_110	 2	 14	 1115.jpg	 2.091555e+03	 12	 999000	 120	 999000	 999	 2.092573e+03	 533.33	 550.00	 20.00	 15	 0.50	 
BFE_110	 2	 14	 1102.jpg	 2.093558e+03	 12	 999000	 120	 999000	 999	 2.094575e+03	 533.33	 550.00	 37.00	 2	 0.16	 
BFE_110	 2	 14	 2202.jpg	 2.095560e+03	 24	 999000	 240	 999000	 999	 2.096578e+03	 533.33	 550.00	 59.00	 23	 0.60	 
BFE_110	 2	 14	 1211.jpg	 2.097562e+03	 12	 999000	 120	 999000	 999	 2.098580e+03	 533.33	 550.00	 10.00	 32	 0.70	 
BFE_110	 2	 14	 1106.jpg	 2.102551e+03	 12	 999000	 120	 999000	 999	 2.103569e+03	 533.33	 550.00	 18.00	 6	 0.54	 
BFE_110	 2	 14	 2207.jpg	 2.104553e+03	 24	 999000	 240	 999000	 999	 2.105571e+03	 533.33	 550.00	 53.00	 28	 0.64	 
BFE_110	 2	 14	 2213.jpg	 2.106555e+03	 24	 999000	 240	 999000	 999	 2.107573e+03	 533.33	 550.00	 43.00	 34	 0.84	 
BFE_110	 2	 14	 2214.jpg	 2.109559e+03	 24	 999000	 240	 999000	 999	 2.110577e+03	 533.33	 550.00	 58.00	 35	 0.61	 
BFE_110	 2	 14	 1117.jpg	 2.116567e+03	 11	 1.171498e+03	 1100	 5.333580e+02	 98	 2.117585e+03	 483.33	 550.00	 14.00	 17	 0.59	 
BFE_110	 2	 14	 2119.jpg	 2.120555e+03	 24	 999000	 240	 999000	 999	 2.121572e+03	 483.33	 550.00	 78.00	 19	 0.22	 
BFE_110	 2	 14	 2219.jpg	 2.127562e+03	 24	 999000	 240	 999000	 999	 2.128580e+03	 483.33	 550.00	 50.00	 40	 0.70	 
