subjectID	 order	 runNum	 itemName	 onsetTime	 shuff_trialType	 RT	 respInTime	 AudioTime	 response	 fixationTime	 ladder1	 ladder2	 bidIndex	 itemNameIndex	 bidValue	 
BFE_201	 1	 6	 1102.jpg	 6.339311e+02	 12	 999000	 120	 999000	 999	 6.349489e+02	 583.33	 583.33	 22.00	 2	 0.48	 
BFE_201	 1	 6	 1203.jpg	 6.369178e+02	 11	 9.241012e+02	 110	 5.833773e+02	 98	 6.379356e+02	 600.00	 583.33	 18.00	 24	 0.54	 
BFE_201	 1	 6	 2212.jpg	 6.389200e+02	 24	 999000	 240	 999000	 999	 6.399379e+02	 600.00	 583.33	 61.00	 33	 0.52	 
BFE_201	 1	 6	 2116.jpg	 6.409223e+02	 24	 999000	 240	 999000	 999	 6.419401e+02	 600.00	 583.33	 56.00	 16	 0.59	 
BFE_201	 1	 6	 2208.jpg	 6.429246e+02	 24	 999000	 240	 999000	 999	 6.439424e+02	 600.00	 583.33	 60.00	 29	 0.52	 
BFE_201	 1	 6	 2218.jpg	 6.459110e+02	 24	 999000	 240	 999000	 999	 6.469291e+02	 600.00	 583.33	 48.00	 39	 0.71	 
BFE_201	 1	 6	 1206.jpg	 6.479135e+02	 12	 999000	 120	 999000	 999	 6.489313e+02	 600.00	 583.33	 11.00	 27	 0.64	 
BFE_201	 1	 6	 1214.jpg	 6.519180e+02	 12	 999000	 120	 999000	 999	 6.529357e+02	 600.00	 583.33	 14.00	 35	 0.62	 
BFE_201	 1	 6	 2117.jpg	 6.539203e+02	 24	 999000	 240	 999000	 999	 6.549380e+02	 600.00	 583.33	 77.00	 17	 0.19	 
BFE_201	 1	 6	 2110.jpg	 6.589258e+02	 22	 9.960893e+02	 220	 5.833755e+02	 98	 6.599437e+02	 600.00	 600.00	 52.00	 10	 0.67	 
BFE_201	 1	 6	 1105.jpg	 6.609280e+02	 12	 999000	 120	 999000	 999	 6.619458e+02	 600.00	 600.00	 37.00	 5	 0.18	 
BFE_201	 1	 6	 1211.jpg	 6.649159e+02	 11	 9.580267e+02	 110	 6.000389e+02	 98	 6.659336e+02	 616.67	 600.00	 12.00	 32	 0.63	 
BFE_201	 1	 6	 1218.jpg	 6.669181e+02	 11	 9.638714e+02	 110	 6.166990e+02	 98	 6.679358e+02	 633.33	 600.00	 7.00	 39	 0.76	 
BFE_201	 1	 6	 2204.jpg	 6.699216e+02	 22	 9.123728e+02	 220	 6.000262e+02	 98	 6.709392e+02	 633.33	 616.67	 55.00	 25	 0.59	 
BFE_201	 1	 6	 1216.jpg	 6.749271e+02	 12	 999000	 120	 999000	 999	 6.759449e+02	 633.33	 616.67	 8.00	 37	 0.72	 
BFE_201	 1	 6	 2205.jpg	 6.769127e+02	 24	 999000	 240	 999000	 999	 6.779304e+02	 633.33	 616.67	 59.00	 26	 0.55	 
BFE_201	 1	 6	 1205.jpg	 6.789148e+02	 12	 999000	 120	 999000	 999	 6.799327e+02	 633.33	 616.67	 3.00	 26	 0.83	 
BFE_201	 1	 6	 2206.jpg	 6.829193e+02	 24	 999000	 240	 999000	 999	 6.839371e+02	 633.33	 616.67	 49.00	 27	 0.69	 
BFE_201	 1	 6	 1108.jpg	 6.869239e+02	 12	 999000	 120	 999000	 999	 6.879416e+02	 633.33	 616.67	 38.00	 8	 0.17	 
BFE_201	 1	 6	 2217.jpg	 6.909114e+02	 22	 9.944956e+02	 220	 6.167014e+02	 98	 6.919296e+02	 633.33	 633.33	 47.00	 38	 0.72	 
BFE_201	 1	 6	 1217.jpg	 6.929140e+02	 12	 999000	 120	 999000	 999	 6.939316e+02	 633.33	 633.33	 19.00	 38	 0.53	 
BFE_201	 1	 6	 2109.jpg	 6.949161e+02	 22	 9.898307e+02	 220	 6.333630e+02	 98	 6.959340e+02	 633.33	 650.00	 53.00	 9	 0.64	 
BFE_201	 1	 6	 1209.jpg	 6.969185e+02	 11	 8.994822e+02	 110	 6.333743e+02	 98	 6.979362e+02	 650.00	 650.00	 15.00	 30	 0.59	 
BFE_201	 1	 6	 1114.jpg	 6.989206e+02	 11	 8.973401e+02	 110	 6.500363e+02	 98	 6.999384e+02	 666.67	 650.00	 13.00	 14	 0.62	 
BFE_201	 1	 6	 2120.jpg	 7.049274e+02	 24	 999000	 240	 999000	 999	 7.059452e+02	 666.67	 650.00	 51.00	 20	 0.67	 
BFE_201	 1	 6	 1207.jpg	 7.079141e+02	 12	 999000	 120	 999000	 999	 7.089318e+02	 666.67	 650.00	 16.00	 28	 0.59	 
BFE_201	 1	 6	 2209.jpg	 7.099175e+02	 22	 1.092481e+03	 2200	 6.500374e+02	 98	 7.109341e+02	 666.67	 600.00	 50.00	 30	 0.68	 
BFE_201	 1	 6	 2211.jpg	 7.119186e+02	 24	 999000	 240	 999000	 999	 7.129363e+02	 666.67	 600.00	 62.00	 32	 0.49	 
BFE_201	 1	 6	 2213.jpg	 7.149219e+02	 24	 999000	 240	 999000	 999	 7.159397e+02	 666.67	 600.00	 44.00	 34	 0.78	 
BFE_201	 1	 6	 1219.jpg	 7.169241e+02	 12	 999000	 120	 999000	 999	 7.179420e+02	 666.67	 600.00	 21.00	 40	 0.52	 
BFE_201	 1	 6	 1208.jpg	 7.189264e+02	 12	 999000	 120	 999000	 999	 7.199443e+02	 666.67	 600.00	 17.00	 29	 0.58	 
BFE_201	 1	 6	 1103.jpg	 7.209117e+02	 12	 999000	 120	 999000	 999	 7.219297e+02	 666.67	 600.00	 9.00	 3	 0.70	 
BFE_201	 1	 6	 2215.jpg	 7.239153e+02	 24	 999000	 240	 999000	 999	 7.249331e+02	 666.67	 600.00	 43.00	 36	 0.82	 
BFE_201	 1	 6	 1121.jpg	 7.259175e+02	 12	 999000	 120	 999000	 999	 7.269354e+02	 666.67	 600.00	 4.00	 21	 0.83	 
BFE_201	 1	 6	 1116.jpg	 7.279198e+02	 12	 999000	 120	 999000	 999	 7.289375e+02	 666.67	 600.00	 20.00	 16	 0.53	 
BFE_201	 1	 6	 1109.jpg	 7.299221e+02	 11	 1.079855e+03	 1100	 6.666919e+02	 98	 7.309398e+02	 616.67	 600.00	 10.00	 9	 0.67	 
BFE_201	 1	 6	 2214.jpg	 7.319242e+02	 22	 1.125706e+03	 2200	 6.000370e+02	 98	 7.329420e+02	 616.67	 550.00	 58.00	 35	 0.56	 
BFE_201	 1	 6	 2103.jpg	 7.379144e+02	 24	 999000	 240	 999000	 999	 7.389322e+02	 616.67	 550.00	 57.00	 3	 0.58	 
BFE_201	 1	 6	 2114.jpg	 7.409177e+02	 24	 999000	 240	 999000	 999	 7.419355e+02	 616.67	 550.00	 54.00	 14	 0.60	 
BFE_201	 1	 6	 2118.jpg	 7.449222e+02	 24	 999000	 240	 999000	 999	 7.459399e+02	 616.67	 550.00	 78.00	 18	 0.18	 
