subjectID	 order	 runNum	 itemName	 onsetTime	 shuff_trialType	 RT	 respInTime	 AudioTime	 response	 fixationTime	 ladder1	 ladder2	 bidIndex	 itemNameIndex	 bidValue	 
BFE_106	 2	 16	 1203.jpg	 2.059770e+03	 12	 999000	 120	 999000	 999	 2.060788e+03	 916.67	 916.67	 22.00	 24	 0.50	 
BFE_106	 2	 16	 2107.jpg	 2.062757e+03	 24	 999000	 240	 999000	 999	 2.063775e+03	 916.67	 916.67	 78.00	 7	 0.20	 
BFE_106	 2	 16	 2105.jpg	 2.066762e+03	 24	 999000	 240	 999000	 999	 2.067779e+03	 916.67	 916.67	 55.00	 5	 0.59	 
BFE_106	 2	 16	 2218.jpg	 2.068764e+03	 24	 999000	 240	 999000	 999	 2.069782e+03	 916.67	 916.67	 52.00	 39	 0.60	 
BFE_106	 2	 16	 2205.jpg	 2.070766e+03	 24	 999000	 240	 999000	 999	 2.071784e+03	 916.67	 916.67	 59.00	 26	 0.57	 
BFE_106	 2	 16	 1121.jpg	 2.074754e+03	 12	 999000	 120	 999000	 999	 2.075772e+03	 916.67	 916.67	 12.00	 21	 0.65	 
BFE_106	 2	 16	 1211.jpg	 2.076756e+03	 12	 999000	 120	 999000	 999	 2.077774e+03	 916.67	 916.67	 15.00	 32	 0.58	 
BFE_106	 2	 16	 1209.jpg	 2.081762e+03	 11	 6.323944e+02	 11	 9.167173e+02	 98	 2.082780e+03	 916.67	 916.67	 11.00	 30	 0.68	 
BFE_106	 2	 16	 2206.jpg	 2.083764e+03	 22	 5.742036e+02	 22	 9.167104e+02	 98	 2.084782e+03	 916.67	 916.67	 48.00	 27	 0.73	 
BFE_106	 2	 16	 1218.jpg	 2.086767e+03	 12	 999000	 120	 999000	 999	 2.087785e+03	 916.67	 916.67	 19.00	 39	 0.54	 
BFE_106	 2	 16	 1110.jpg	 2.089754e+03	 12	 999000	 120	 999000	 999	 2.090772e+03	 916.67	 916.67	 10.00	 10	 0.68	 
BFE_106	 2	 16	 1213.jpg	 2.093759e+03	 11	 5.717119e+02	 11	 9.166978e+02	 98	 2.094776e+03	 916.67	 916.67	 9.00	 34	 0.69	 
BFE_106	 2	 16	 1208.jpg	 2.096762e+03	 12	 999000	 120	 999000	 999	 2.097780e+03	 916.67	 916.67	 13.00	 29	 0.63	 
BFE_106	 2	 16	 1214.jpg	 2.098764e+03	 11	 6.141021e+02	 11	 9.166986e+02	 98	 2.099782e+03	 916.67	 916.67	 14.00	 35	 0.62	 
BFE_106	 2	 16	 2207.jpg	 2.101768e+03	 24	 999000	 240	 999000	 999	 2.102785e+03	 916.67	 916.67	 58.00	 28	 0.58	 
BFE_106	 2	 16	 2115.jpg	 2.105755e+03	 22	 5.508924e+02	 22	 9.166994e+02	 98	 2.106773e+03	 916.67	 916.67	 57.00	 15	 0.58	 
BFE_106	 2	 16	 2119.jpg	 2.108759e+03	 24	 999000	 240	 999000	 999	 2.109777e+03	 916.67	 916.67	 77.00	 19	 0.21	 
BFE_106	 2	 16	 1204.jpg	 2.110761e+03	 12	 999000	 120	 999000	 999	 2.111779e+03	 916.67	 916.67	 20.00	 25	 0.51	 
BFE_106	 2	 16	 2113.jpg	 2.112763e+03	 24	 999000	 240	 999000	 999	 2.113781e+03	 916.67	 916.67	 50.00	 13	 0.69	 
BFE_106	 2	 16	 2110.jpg	 2.117769e+03	 24	 999000	 240	 999000	 999	 2.118787e+03	 916.67	 916.67	 53.00	 10	 0.60	 
BFE_106	 2	 16	 1207.jpg	 2.121757e+03	 12	 999000	 120	 999000	 999	 2.122775e+03	 916.67	 916.67	 21.00	 28	 0.50	 
BFE_106	 2	 16	 2209.jpg	 2.125761e+03	 22	 5.851719e+02	 22	 9.167063e+02	 98	 2.126779e+03	 916.67	 916.67	 56.00	 30	 0.59	 
BFE_106	 2	 16	 1115.jpg	 2.131768e+03	 11	 8.263992e+02	 11	 9.167013e+02	 98	 2.132786e+03	 916.67	 916.67	 8.00	 15	 0.70	 
BFE_106	 2	 16	 2121.jpg	 2.133753e+03	 24	 999000	 240	 999000	 999	 2.134771e+03	 916.67	 916.67	 47.00	 21	 0.75	 
BFE_106	 2	 16	 2211.jpg	 2.135756e+03	 24	 999000	 240	 999000	 999	 2.136773e+03	 916.67	 916.67	 43.00	 32	 0.87	 
BFE_106	 2	 16	 1219.jpg	 2.137758e+03	 11	 5.483201e+02	 11	 9.166954e+02	 98	 2.138776e+03	 916.67	 916.67	 16.00	 40	 0.57	 
BFE_106	 2	 16	 2103.jpg	 2.139760e+03	 24	 999000	 240	 999000	 999	 2.140778e+03	 916.67	 916.67	 44.00	 3	 0.83	 
BFE_106	 2	 16	 2106.jpg	 2.143765e+03	 24	 999000	 240	 999000	 999	 2.144783e+03	 916.67	 916.67	 60.00	 6	 0.54	 
BFE_106	 2	 16	 1205.jpg	 2.145767e+03	 12	 999000	 120	 999000	 999	 2.146785e+03	 916.67	 916.67	 3.00	 26	 0.83	 
BFE_106	 2	 16	 2109.jpg	 2.149755e+03	 22	 7.914804e+02	 22	 9.167046e+02	 98	 2.150773e+03	 916.67	 916.67	 49.00	 9	 0.73	 
BFE_106	 2	 16	 2204.jpg	 2.151757e+03	 24	 999000	 240	 999000	 999	 2.152775e+03	 916.67	 916.67	 61.00	 25	 0.52	 
BFE_106	 2	 16	 1217.jpg	 2.153759e+03	 12	 999000	 120	 999000	 999	 2.154777e+03	 916.67	 916.67	 18.00	 38	 0.54	 
BFE_106	 2	 16	 1119.jpg	 2.155761e+03	 12	 999000	 120	 999000	 999	 2.156779e+03	 916.67	 916.67	 38.00	 19	 0.15	 
BFE_106	 2	 16	 1109.jpg	 2.160767e+03	 12	 999000	 120	 999000	 999	 2.161785e+03	 916.67	 916.67	 4.00	 9	 0.82	 
BFE_106	 2	 16	 1216.jpg	 2.162753e+03	 11	 8.017303e+02	 11	 9.167020e+02	 98	 2.163770e+03	 916.67	 916.67	 17.00	 37	 0.56	 
BFE_106	 2	 16	 2214.jpg	 2.164755e+03	 22	 4.873831e+02	 22	 9.166947e+02	 98	 2.165773e+03	 916.67	 916.67	 54.00	 35	 0.59	 
BFE_106	 2	 16	 2208.jpg	 2.167758e+03	 22	 7.800537e+02	 22	 9.167254e+02	 98	 2.168776e+03	 916.67	 916.67	 51.00	 29	 0.65	 
BFE_106	 2	 16	 2111.jpg	 2.174766e+03	 24	 999000	 240	 999000	 999	 2.175784e+03	 916.67	 916.67	 62.00	 11	 0.52	 
BFE_106	 2	 16	 1101.jpg	 2.178754e+03	 12	 999000	 120	 999000	 999	 2.179772e+03	 916.67	 916.67	 37.00	 1	 0.16	 
BFE_106	 2	 16	 1106.jpg	 2.185762e+03	 12	 999000	 120	 999000	 999	 2.186780e+03	 916.67	 916.67	 7.00	 6	 0.73	 
