subjectID	 order	 runNum	 itemName	 onsetTime	 shuff_trialType	 RT	 respInTime	 AudioTime	 response	 fixationTime	 ladder1	 ladder2	 bidIndex	 itemNameIndex	 bidValue	 
BFE_107	 1	 9	 2117.jpg	 1.209454e+03	 24	 999000	 240	 999000	 999	 1.210472e+03	 750.00	 750.00	 78.00	 17	 0.15	 
BFE_107	 1	 9	 2104.jpg	 1.212441e+03	 22	 9.298620e+02	 220	 7.500489e+02	 98	 1.213458e+03	 750.00	 766.67	 50.00	 4	 0.67	 
BFE_107	 1	 9	 1115.jpg	 1.214443e+03	 12	 999000	 120	 999000	 999	 1.215461e+03	 750.00	 766.67	 14.00	 15	 0.62	 
BFE_107	 1	 9	 2213.jpg	 1.216445e+03	 24	 999000	 240	 999000	 999	 1.217463e+03	 750.00	 766.67	 61.00	 34	 0.49	 
BFE_107	 1	 9	 2217.jpg	 1.218447e+03	 24	 999000	 240	 999000	 999	 1.219465e+03	 750.00	 766.67	 43.00	 38	 0.81	 
BFE_107	 1	 9	 2209.jpg	 1.221451e+03	 24	 999000	 240	 999000	 999	 1.222468e+03	 750.00	 766.67	 59.00	 30	 0.51	 
BFE_107	 1	 9	 1217.jpg	 1.223436e+03	 11	 9.583533e+02	 110	 7.500390e+02	 98	 1.224454e+03	 766.67	 766.67	 12.00	 38	 0.63	 
BFE_107	 1	 9	 1211.jpg	 1.227441e+03	 12	 999000	 120	 999000	 999	 1.228458e+03	 766.67	 766.67	 20.00	 32	 0.46	 
BFE_107	 1	 9	 1107.jpg	 1.229443e+03	 11	 9.674672e+02	 110	 7.667028e+02	 98	 1.230461e+03	 783.33	 766.67	 18.00	 7	 0.53	 
BFE_107	 1	 9	 1212.jpg	 1.234449e+03	 12	 999000	 120	 999000	 999	 1.235466e+03	 783.33	 766.67	 37.00	 33	 0.21	 
BFE_107	 1	 9	 2101.jpg	 1.236451e+03	 24	 999000	 240	 999000	 999	 1.237469e+03	 783.33	 766.67	 77.00	 1	 0.18	 
BFE_107	 1	 9	 1205.jpg	 1.240439e+03	 12	 999000	 120	 999000	 999	 1.241456e+03	 783.33	 766.67	 4.00	 26	 0.82	 
BFE_107	 1	 9	 2218.jpg	 1.242441e+03	 24	 999000	 240	 999000	 999	 1.243459e+03	 783.33	 766.67	 57.00	 39	 0.58	 
BFE_107	 1	 9	 2219.jpg	 1.245444e+03	 22	 9.580915e+02	 220	 7.666980e+02	 98	 1.246462e+03	 783.33	 783.33	 55.00	 40	 0.58	 
BFE_107	 1	 9	 2202.jpg	 1.250450e+03	 24	 999000	 240	 999000	 999	 1.251468e+03	 783.33	 783.33	 51.00	 23	 0.64	 
BFE_107	 1	 9	 2105.jpg	 1.252452e+03	 22	 9.662035e+02	 220	 7.833607e+02	 98	 1.253470e+03	 783.33	 800.00	 47.00	 5	 0.76	 
BFE_107	 1	 9	 1106.jpg	 1.254438e+03	 11	 9.806830e+02	 110	 7.833674e+02	 98	 1.255456e+03	 800.00	 800.00	 7.00	 6	 0.74	 
BFE_107	 1	 9	 2121.jpg	 1.258442e+03	 24	 999000	 240	 999000	 999	 1.259462e+03	 800.00	 800.00	 60.00	 21	 0.50	 
BFE_107	 1	 9	 1103.jpg	 1.262447e+03	 12	 999000	 120	 999000	 999	 1.263464e+03	 800.00	 800.00	 9.00	 3	 0.71	 
BFE_107	 1	 9	 2116.jpg	 1.266451e+03	 22	 9.671774e+02	 220	 8.000402e+02	 98	 1.267469e+03	 800.00	 816.67	 58.00	 16	 0.55	 
BFE_107	 1	 9	 1105.jpg	 1.268436e+03	 12	 999000	 120	 999000	 999	 1.269455e+03	 800.00	 816.67	 3.00	 5	 0.84	 
BFE_107	 1	 9	 2109.jpg	 1.270439e+03	 24	 999000	 240	 999000	 999	 1.271457e+03	 800.00	 816.67	 56.00	 9	 0.58	 
BFE_107	 1	 9	 1214.jpg	 1.272441e+03	 11	 9.771391e+02	 110	 8.000481e+02	 98	 1.273459e+03	 816.67	 816.67	 15.00	 35	 0.59	 
BFE_107	 1	 9	 1109.jpg	 1.274444e+03	 11	 1.062881e+03	 1100	 8.167053e+02	 98	 1.275461e+03	 766.67	 816.67	 13.00	 9	 0.63	 
BFE_107	 1	 9	 1111.jpg	 1.280450e+03	 12	 999000	 120	 999000	 999	 1.281468e+03	 766.67	 816.67	 17.00	 11	 0.57	 
BFE_107	 1	 9	 1209.jpg	 1.283437e+03	 12	 999000	 120	 999000	 999	 1.284455e+03	 766.67	 816.67	 16.00	 30	 0.58	 
BFE_107	 1	 9	 1118.jpg	 1.285439e+03	 12	 999000	 120	 999000	 999	 1.286457e+03	 766.67	 816.67	 38.00	 18	 0.12	 
BFE_107	 1	 9	 2214.jpg	 1.287441e+03	 24	 999000	 240	 999000	 999	 1.288459e+03	 766.67	 816.67	 44.00	 35	 0.80	 
BFE_107	 1	 9	 1216.jpg	 1.290445e+03	 12	 999000	 120	 999000	 999	 1.291463e+03	 766.67	 816.67	 22.00	 37	 0.46	 
BFE_107	 1	 9	 1201.jpg	 1.292447e+03	 12	 999000	 120	 999000	 999	 1.293465e+03	 766.67	 816.67	 11.00	 22	 0.66	 
BFE_107	 1	 9	 1113.jpg	 1.294449e+03	 12	 999000	 120	 999000	 999	 1.295467e+03	 766.67	 816.67	 8.00	 13	 0.73	 
BFE_107	 1	 9	 2113.jpg	 1.296451e+03	 24	 999000	 240	 999000	 999	 1.297469e+03	 766.67	 816.67	 54.00	 13	 0.60	 
BFE_107	 1	 9	 1213.jpg	 1.299438e+03	 12	 999000	 120	 999000	 999	 1.300456e+03	 766.67	 816.67	 19.00	 34	 0.49	 
BFE_107	 1	 9	 1202.jpg	 1.301441e+03	 11	 9.778546e+02	 110	 7.666967e+02	 98	 1.302458e+03	 783.33	 816.67	 10.00	 23	 0.69	 
BFE_107	 1	 9	 2203.jpg	 1.303443e+03	 22	 1.047608e+03	 2200	 8.167081e+02	 98	 1.304461e+03	 783.33	 766.67	 53.00	 24	 0.60	 
BFE_107	 1	 9	 2111.jpg	 1.305445e+03	 22	 9.893503e+02	 220	 7.667027e+02	 98	 1.306463e+03	 783.33	 783.33	 52.00	 11	 0.63	 
BFE_107	 1	 9	 2207.jpg	 1.307447e+03	 24	 999000	 240	 999000	 999	 1.308465e+03	 783.33	 783.33	 62.00	 28	 0.47	 
BFE_107	 1	 9	 1110.jpg	 1.313437e+03	 12	 999000	 120	 999000	 999	 1.314455e+03	 783.33	 783.33	 21.00	 10	 0.46	 
BFE_107	 1	 9	 2201.jpg	 1.316441e+03	 24	 999000	 240	 999000	 999	 1.317458e+03	 783.33	 783.33	 49.00	 22	 0.73	 
BFE_107	 1	 9	 2205.jpg	 1.320445e+03	 24	 999000	 240	 999000	 999	 1.321463e+03	 783.33	 783.33	 48.00	 26	 0.73	 
