subjectID	 order	 runNum	 itemName	 onsetTime	 shuff_trialType	 RT	 respInTime	 AudioTime	 response	 fixationTime	 ladder1	 ladder2	 bidIndex	 itemNameIndex	 bidValue	 
BFE_203	 1	 5	 2102.jpg	 5.559978e+02	 24	 999000	 240	 999000	 999	 5.570156e+02	 683.33	 683.33	 49.00	 2	 0.68	 
BFE_203	 1	 5	 1117.jpg	 5.579835e+02	 12	 999000	 120	 999000	 999	 5.590012e+02	 683.33	 683.33	 14.00	 17	 0.64	 
BFE_203	 1	 5	 1109.jpg	 5.619879e+02	 11	 9.344878e+02	 110	 6.833754e+02	 98	 5.630057e+02	 700.00	 683.33	 12.00	 9	 0.67	 
BFE_203	 1	 5	 1102.jpg	 5.649913e+02	 12	 999000	 120	 999000	 999	 5.660091e+02	 700.00	 683.33	 21.00	 2	 0.52	 
BFE_203	 1	 5	 2201.jpg	 5.669936e+02	 24	 999000	 240	 999000	 999	 5.680113e+02	 700.00	 683.33	 57.00	 22	 0.54	 
BFE_203	 1	 5	 2202.jpg	 5.699799e+02	 24	 999000	 240	 999000	 999	 5.709980e+02	 700.00	 683.33	 61.00	 23	 0.49	 
BFE_203	 1	 5	 1205.jpg	 5.739846e+02	 12	 999000	 120	 999000	 999	 5.750024e+02	 700.00	 683.33	 3.00	 26	 0.80	 
BFE_203	 1	 5	 2107.jpg	 5.779891e+02	 22	 8.852482e+02	 220	 6.833789e+02	 98	 5.790070e+02	 700.00	 700.00	 55.00	 7	 0.57	 
BFE_203	 1	 5	 2204.jpg	 5.799914e+02	 24	 999000	 240	 999000	 999	 5.810092e+02	 700.00	 700.00	 60.00	 25	 0.50	 
BFE_203	 1	 5	 1104.jpg	 5.849800e+02	 12	 999000	 120	 999000	 999	 5.859981e+02	 700.00	 700.00	 11.00	 4	 0.69	 
BFE_203	 1	 5	 2108.jpg	 5.869825e+02	 24	 999000	 240	 999000	 999	 5.880004e+02	 700.00	 700.00	 77.00	 8	 0.21	 
BFE_203	 1	 5	 1113.jpg	 5.889849e+02	 11	 9.214933e+02	 110	 7.000371e+02	 98	 5.900026e+02	 716.67	 700.00	 13.00	 13	 0.66	 
BFE_203	 1	 5	 2219.jpg	 5.949915e+02	 24	 999000	 240	 999000	 999	 5.960093e+02	 716.67	 700.00	 56.00	 40	 0.56	 
BFE_203	 1	 5	 2205.jpg	 5.969938e+02	 24	 999000	 240	 999000	 999	 5.980116e+02	 716.67	 700.00	 48.00	 26	 0.70	 
BFE_203	 1	 5	 2121.jpg	 5.989790e+02	 24	 999000	 240	 999000	 999	 5.999971e+02	 716.67	 700.00	 44.00	 21	 0.85	 
BFE_203	 1	 5	 2216.jpg	 6.009816e+02	 24	 999000	 240	 999000	 999	 6.019993e+02	 716.67	 700.00	 51.00	 37	 0.67	 
BFE_203	 1	 5	 1202.jpg	 6.049861e+02	 12	 999000	 120	 999000	 999	 6.060038e+02	 716.67	 700.00	 38.00	 23	 0.20	 
BFE_203	 1	 5	 1206.jpg	 6.089906e+02	 11	 9.558369e+02	 110	 7.167025e+02	 98	 6.100084e+02	 733.33	 700.00	 7.00	 27	 0.74	 
BFE_203	 1	 5	 2113.jpg	 6.119940e+02	 22	 9.204234e+02	 220	 7.000302e+02	 98	 6.130117e+02	 733.33	 716.67	 50.00	 13	 0.67	 
BFE_203	 1	 5	 1114.jpg	 6.159818e+02	 12	 999000	 120	 999000	 999	 6.169996e+02	 733.33	 716.67	 8.00	 14	 0.73	 
BFE_203	 1	 5	 2103.jpg	 6.189851e+02	 24	 999000	 240	 999000	 999	 6.200028e+02	 733.33	 716.67	 54.00	 3	 0.59	 
BFE_203	 1	 5	 1111.jpg	 6.209873e+02	 11	 1.079080e+03	 1100	 7.333697e+02	 98	 6.220052e+02	 683.33	 716.67	 18.00	 11	 0.57	 
BFE_203	 1	 5	 1209.jpg	 6.249918e+02	 12	 999000	 120	 999000	 999	 6.260097e+02	 683.33	 716.67	 16.00	 30	 0.58	 
BFE_203	 1	 5	 2116.jpg	 6.269941e+02	 22	 9.283220e+02	 220	 7.167163e+02	 98	 6.280119e+02	 683.33	 733.33	 52.00	 16	 0.67	 
BFE_203	 1	 5	 2217.jpg	 6.289964e+02	 24	 999000	 240	 999000	 999	 6.300141e+02	 683.33	 733.33	 59.00	 38	 0.51	 
BFE_203	 1	 5	 1201.jpg	 6.329842e+02	 11	 8.981996e+02	 110	 6.833719e+02	 98	 6.340019e+02	 700.00	 733.33	 15.00	 22	 0.60	 
BFE_203	 1	 5	 2106.jpg	 6.349864e+02	 24	 999000	 240	 999000	 999	 6.360041e+02	 700.00	 733.33	 43.00	 6	 0.88	 
BFE_203	 1	 5	 2115.jpg	 6.389908e+02	 22	 1.003595e+03	 2200	 7.333645e+02	 98	 6.400086e+02	 700.00	 683.33	 53.00	 15	 0.62	 
BFE_203	 1	 5	 1115.jpg	 6.429954e+02	 11	 9.590122e+02	 110	 7.000341e+02	 98	 6.440131e+02	 716.67	 683.33	 10.00	 15	 0.71	 
BFE_203	 1	 5	 2109.jpg	 6.459821e+02	 22	 9.482531e+02	 220	 6.833698e+02	 98	 6.469998e+02	 716.67	 700.00	 47.00	 9	 0.74	 
BFE_203	 1	 5	 2203.jpg	 6.519887e+02	 24	 999000	 240	 999000	 999	 6.530066e+02	 716.67	 700.00	 78.00	 24	 0.13	 
BFE_203	 1	 5	 1105.jpg	 6.539910e+02	 12	 999000	 120	 999000	 999	 6.550088e+02	 716.67	 700.00	 17.00	 5	 0.57	 
BFE_203	 1	 5	 1108.jpg	 6.579955e+02	 12	 999000	 120	 999000	 999	 6.590133e+02	 716.67	 700.00	 37.00	 8	 0.21	 
BFE_203	 1	 5	 1217.jpg	 6.599811e+02	 12	 999000	 120	 999000	 999	 6.609988e+02	 716.67	 700.00	 20.00	 38	 0.53	 
BFE_203	 1	 5	 1204.jpg	 6.619832e+02	 12	 999000	 120	 999000	 999	 6.630011e+02	 716.67	 700.00	 9.00	 25	 0.72	 
BFE_203	 1	 5	 1214.jpg	 6.639856e+02	 12	 999000	 120	 999000	 999	 6.650033e+02	 716.67	 700.00	 22.00	 35	 0.49	 
BFE_203	 1	 5	 1107.jpg	 6.689912e+02	 12	 999000	 120	 999000	 999	 6.700089e+02	 716.67	 700.00	 4.00	 7	 0.80	 
BFE_203	 1	 5	 1110.jpg	 6.709934e+02	 12	 999000	 120	 999000	 999	 6.720111e+02	 716.67	 700.00	 19.00	 10	 0.54	 
BFE_203	 1	 5	 2104.jpg	 6.729956e+02	 22	 9.987729e+02	 220	 7.000360e+02	 98	 6.740135e+02	 716.67	 716.67	 58.00	 4	 0.54	 
BFE_203	 1	 5	 2211.jpg	 6.759824e+02	 24	 999000	 240	 999000	 999	 6.770000e+02	 716.67	 716.67	 62.00	 32	 0.47	 
