subjectID	 order	 runNum	 itemName	 onsetTime	 shuff_trialType	 RT	 respInTime	 AudioTime	 response	 fixationTime	 ladder1	 ladder2	 bidIndex	 itemNameIndex	 bidValue	 
BFE_109	 1	 13	 2204.jpg	 1.616096e+03	 24	 999000	 240	 999000	 999	 1.617114e+03	 683.33	 750.00	 48.00	 25	 0.71	 
BFE_109	 1	 13	 2105.jpg	 1.619083e+03	 24	 999000	 240	 999000	 999	 1.620100e+03	 683.33	 750.00	 77.00	 5	 0.20	 
BFE_109	 1	 13	 1121.jpg	 1.623087e+03	 12	 999000	 120	 999000	 999	 1.624105e+03	 683.33	 750.00	 21.00	 21	 0.53	 
BFE_109	 1	 13	 1203.jpg	 1.625089e+03	 11	 8.808059e+02	 110	 6.833794e+02	 98	 1.626107e+03	 700.00	 750.00	 10.00	 24	 0.68	 
BFE_109	 1	 13	 2218.jpg	 1.627092e+03	 24	 999000	 240	 999000	 999	 1.628109e+03	 700.00	 750.00	 59.00	 39	 0.53	 
BFE_109	 1	 13	 2202.jpg	 1.631079e+03	 22	 9.710942e+02	 220	 7.500383e+02	 98	 1.632097e+03	 700.00	 766.67	 55.00	 23	 0.59	 
BFE_109	 1	 13	 1102.jpg	 1.633082e+03	 12	 999000	 120	 999000	 999	 1.634099e+03	 700.00	 766.67	 16.00	 2	 0.59	 
BFE_109	 1	 13	 2210.jpg	 1.638087e+03	 22	 9.629180e+02	 220	 7.667014e+02	 98	 1.639105e+03	 700.00	 783.33	 47.00	 31	 0.71	 
BFE_109	 1	 13	 2207.jpg	 1.640090e+03	 22	 9.846751e+02	 220	 7.833610e+02	 98	 1.641107e+03	 700.00	 800.00	 50.00	 28	 0.68	 
BFE_109	 1	 13	 2208.jpg	 1.643093e+03	 24	 999000	 240	 999000	 999	 1.644111e+03	 700.00	 800.00	 56.00	 29	 0.59	 
BFE_109	 1	 13	 1219.jpg	 1.646096e+03	 12	 999000	 120	 999000	 999	 1.647114e+03	 700.00	 800.00	 17.00	 40	 0.55	 
BFE_109	 1	 13	 1103.jpg	 1.650084e+03	 11	 9.102091e+02	 110	 7.000325e+02	 98	 1.651102e+03	 716.67	 800.00	 15.00	 3	 0.60	 
BFE_109	 1	 13	 2205.jpg	 1.653087e+03	 24	 999000	 240	 999000	 999	 1.654105e+03	 716.67	 800.00	 51.00	 26	 0.63	 
BFE_109	 1	 13	 2209.jpg	 1.655090e+03	 24	 999000	 240	 999000	 999	 1.656107e+03	 716.67	 800.00	 44.00	 30	 0.80	 
BFE_109	 1	 13	 2215.jpg	 1.658093e+03	 24	 999000	 240	 999000	 999	 1.659111e+03	 716.67	 800.00	 60.00	 36	 0.50	 
BFE_109	 1	 13	 2111.jpg	 1.662081e+03	 24	 999000	 240	 999000	 999	 1.663099e+03	 716.67	 800.00	 62.00	 11	 0.47	 
BFE_109	 1	 13	 2201.jpg	 1.665084e+03	 24	 999000	 240	 999000	 999	 1.666102e+03	 716.67	 800.00	 43.00	 22	 0.81	 
BFE_109	 1	 13	 1218.jpg	 1.667086e+03	 11	 9.398294e+02	 110	 7.167018e+02	 98	 1.668104e+03	 733.33	 800.00	 12.00	 39	 0.64	 
BFE_109	 1	 13	 2211.jpg	 1.669089e+03	 24	 999000	 240	 999000	 999	 1.670106e+03	 733.33	 800.00	 49.00	 32	 0.69	 
BFE_109	 1	 13	 1213.jpg	 1.674094e+03	 12	 999000	 120	 999000	 999	 1.675112e+03	 733.33	 800.00	 14.00	 34	 0.60	 
BFE_109	 1	 13	 1105.jpg	 1.678082e+03	 12	 999000	 120	 999000	 999	 1.679100e+03	 733.33	 800.00	 37.00	 5	 0.17	 
BFE_109	 1	 13	 1215.jpg	 1.682087e+03	 12	 4.361388e+01	 120	 999000	 121	 1.683104e+03	 733.33	 800.00	 9.00	 36	 0.68	 
BFE_109	 1	 13	 1201.jpg	 1.688093e+03	 12	 999000	 120	 999000	 999	 1.689111e+03	 733.33	 800.00	 8.00	 22	 0.68	 
BFE_109	 1	 13	 1208.jpg	 1.690096e+03	 12	 999000	 120	 999000	 999	 1.691113e+03	 733.33	 800.00	 11.00	 29	 0.67	 
BFE_109	 1	 13	 1216.jpg	 1.692081e+03	 12	 999000	 120	 999000	 999	 1.693099e+03	 733.33	 800.00	 4.00	 37	 0.81	 
BFE_109	 1	 13	 1214.jpg	 1.694083e+03	 12	 999000	 120	 999000	 999	 1.695101e+03	 733.33	 800.00	 22.00	 35	 0.51	 
BFE_109	 1	 13	 1211.jpg	 1.696086e+03	 12	 999000	 120	 999000	 999	 1.697103e+03	 733.33	 800.00	 19.00	 32	 0.55	 
BFE_109	 1	 13	 2112.jpg	 1.700090e+03	 24	 999000	 240	 999000	 999	 1.701108e+03	 733.33	 800.00	 78.00	 12	 0.20	 
BFE_109	 1	 13	 2217.jpg	 1.702092e+03	 22	 1.005818e+03	 2200	 8.000292e+02	 98	 1.703110e+03	 733.33	 750.00	 52.00	 38	 0.62	 
BFE_109	 1	 13	 1119.jpg	 1.706080e+03	 12	 999000	 120	 999000	 999	 1.707098e+03	 733.33	 750.00	 38.00	 19	 0.17	 
BFE_109	 1	 13	 1210.jpg	 1.708082e+03	 12	 999000	 120	 999000	 999	 1.709100e+03	 733.33	 750.00	 3.00	 31	 0.81	 
BFE_109	 1	 13	 1206.jpg	 1.710085e+03	 11	 9.415374e+02	 110	 7.333584e+02	 98	 1.711102e+03	 750.00	 750.00	 7.00	 27	 0.74	 
BFE_109	 1	 13	 1110.jpg	 1.712087e+03	 12	 999000	 120	 999000	 999	 1.713105e+03	 750.00	 750.00	 20.00	 10	 0.54	 
BFE_109	 1	 13	 2203.jpg	 1.717093e+03	 22	 1.005749e+03	 2200	 7.500338e+02	 98	 1.718110e+03	 750.00	 700.00	 58.00	 24	 0.58	 
BFE_109	 1	 13	 1106.jpg	 1.719095e+03	 11	 9.714565e+02	 110	 7.500365e+02	 98	 1.720112e+03	 766.67	 700.00	 18.00	 6	 0.55	 
BFE_109	 1	 13	 2212.jpg	 1.721080e+03	 22	 9.222684e+02	 220	 7.000283e+02	 98	 1.722098e+03	 766.67	 716.67	 53.00	 33	 0.62	 
BFE_109	 1	 13	 2110.jpg	 1.724084e+03	 24	 999000	 240	 999000	 999	 1.725102e+03	 766.67	 716.67	 57.00	 10	 0.58	 
BFE_109	 1	 13	 2107.jpg	 1.731092e+03	 24	 999000	 240	 999000	 999	 1.732109e+03	 766.67	 716.67	 54.00	 7	 0.61	 
BFE_109	 1	 13	 2213.jpg	 1.735096e+03	 24	 999000	 240	 999000	 999	 1.736114e+03	 766.67	 716.67	 61.00	 34	 0.48	 
BFE_109	 1	 13	 1205.jpg	 1.742087e+03	 11	 1.291128e+03	 1100	 7.666999e+02	 98	 1.743105e+03	 716.67	 716.67	 13.00	 26	 0.62	 
