subjectID	 order	 runNum	 itemName	 onsetTime	 shuff_trialType	 RT	 respInTime	 AudioTime	 response	 fixationTime	 ladder1	 ladder2	 bidIndex	 itemNameIndex	 bidValue	 
BFE_110	 2	 19	 1209.jpg	 2.694848e+03	 12	 999000	 120	 999000	 999	 2.695866e+03	 483.33	 550.00	 7.00	 30	 0.76	 
BFE_110	 2	 19	 2217.jpg	 2.697835e+03	 24	 999000	 240	 999000	 999	 2.698853e+03	 483.33	 550.00	 60.00	 38	 0.59	 
BFE_110	 2	 19	 1218.jpg	 2.699837e+03	 11	 1.196897e+03	 1100	 4.833810e+02	 98	 2.700855e+03	 433.33	 550.00	 9.00	 39	 0.73	 
BFE_110	 2	 19	 2207.jpg	 2.701839e+03	 24	 999000	 240	 999000	 999	 2.702857e+03	 433.33	 550.00	 53.00	 28	 0.64	 
BFE_110	 2	 19	 1106.jpg	 2.703842e+03	 12	 999000	 120	 999000	 999	 2.704860e+03	 433.33	 550.00	 18.00	 6	 0.54	 
BFE_110	 2	 19	 1114.jpg	 2.706828e+03	 11	 8.220149e+02	 110	 4.333658e+02	 98	 2.707846e+03	 450.00	 550.00	 11.00	 14	 0.67	 
BFE_110	 2	 19	 1216.jpg	 2.708831e+03	 11	 8.195319e+02	 110	 4.500326e+02	 98	 2.709848e+03	 466.67	 550.00	 8.00	 37	 0.74	 
BFE_110	 2	 19	 2205.jpg	 2.712835e+03	 22	 9.509997e+02	 220	 5.500477e+02	 98	 2.713853e+03	 466.67	 566.67	 57.00	 26	 0.62	 
BFE_110	 2	 19	 2102.jpg	 2.714837e+03	 24	 999000	 240	 999000	 999	 2.715855e+03	 466.67	 566.67	 62.00	 2	 0.58	 
BFE_110	 2	 19	 2120.jpg	 2.719843e+03	 22	 9.910322e+02	 220	 5.666950e+02	 98	 2.720861e+03	 466.67	 583.33	 51.00	 20	 0.69	 
BFE_110	 2	 19	 1109.jpg	 2.721828e+03	 12	 999000	 120	 999000	 999	 2.722846e+03	 466.67	 583.33	 19.00	 9	 0.51	 
BFE_110	 2	 19	 2206.jpg	 2.725833e+03	 24	 999000	 240	 999000	 999	 2.726851e+03	 466.67	 583.33	 47.00	 27	 0.78	 
BFE_110	 2	 19	 1102.jpg	 2.727835e+03	 12	 999000	 120	 999000	 999	 2.728853e+03	 466.67	 583.33	 37.00	 2	 0.16	 
BFE_110	 2	 19	 1204.jpg	 2.730839e+03	 11	 1.019518e+03	 1100	 4.666989e+02	 98	 2.731857e+03	 416.67	 583.33	 17.00	 25	 0.54	 
BFE_110	 2	 19	 1206.jpg	 2.735844e+03	 12	 999000	 120	 999000	 999	 2.736862e+03	 416.67	 583.33	 3.00	 27	 0.83	 
BFE_110	 2	 19	 1211.jpg	 2.737830e+03	 12	 999000	 120	 999000	 999	 2.738848e+03	 416.67	 583.33	 10.00	 32	 0.70	 
BFE_110	 2	 19	 2208.jpg	 2.739832e+03	 24	 999000	 240	 999000	 999	 2.740850e+03	 416.67	 583.33	 55.00	 29	 0.63	 
BFE_110	 2	 19	 2202.jpg	 2.743837e+03	 24	 999000	 240	 999000	 999	 2.744854e+03	 416.67	 583.33	 59.00	 23	 0.60	 
BFE_110	 2	 19	 1205.jpg	 2.747841e+03	 12	 999000	 120	 999000	 999	 2.748859e+03	 416.67	 583.33	 4.00	 26	 0.78	 
BFE_110	 2	 19	 1210.jpg	 2.751829e+03	 12	 999000	 120	 999000	 999	 2.752847e+03	 416.67	 583.33	 22.00	 31	 0.47	 
BFE_110	 2	 19	 2219.jpg	 2.753831e+03	 24	 999000	 240	 999000	 999	 2.754849e+03	 416.67	 583.33	 50.00	 40	 0.70	 
BFE_110	 2	 19	 2213.jpg	 2.755833e+03	 24	 999000	 240	 999000	 999	 2.756851e+03	 416.67	 583.33	 43.00	 34	 0.84	 
BFE_110	 2	 19	 2109.jpg	 2.757836e+03	 22	 9.665079e+02	 220	 5.833655e+02	 98	 2.758854e+03	 416.67	 600.00	 54.00	 9	 0.63	 
BFE_110	 2	 19	 2119.jpg	 2.759838e+03	 24	 999000	 240	 999000	 999	 2.760856e+03	 416.67	 600.00	 78.00	 19	 0.22	 
BFE_110	 2	 19	 2210.jpg	 2.765828e+03	 24	 999000	 240	 999000	 999	 2.766846e+03	 416.67	 600.00	 77.00	 31	 0.25	 
BFE_110	 2	 19	 2104.jpg	 2.768831e+03	 24	 999000	 240	 999000	 999	 2.769849e+03	 416.67	 600.00	 61.00	 4	 0.59	 
BFE_110	 2	 19	 1115.jpg	 2.770834e+03	 12	 999000	 120	 999000	 999	 2.771851e+03	 416.67	 600.00	 20.00	 15	 0.50	 
BFE_110	 2	 19	 2121.jpg	 2.772836e+03	 24	 999000	 240	 999000	 999	 2.773854e+03	 416.67	 600.00	 52.00	 21	 0.65	 
BFE_110	 2	 19	 1105.jpg	 2.775839e+03	 12	 999000	 120	 999000	 999	 2.776857e+03	 416.67	 600.00	 21.00	 5	 0.48	 
BFE_110	 2	 19	 1117.jpg	 2.777841e+03	 11	 8.168312e+02	 110	 4.167177e+02	 98	 2.778859e+03	 433.33	 600.00	 14.00	 17	 0.59	 
BFE_110	 2	 19	 2204.jpg	 2.779844e+03	 22	 9.905245e+02	 220	 6.000586e+02	 98	 2.780862e+03	 433.33	 616.67	 48.00	 25	 0.76	 
BFE_110	 2	 19	 1219.jpg	 2.781829e+03	 12	 999000	 120	 999000	 999	 2.782847e+03	 433.33	 616.67	 15.00	 40	 0.59	 
BFE_110	 2	 19	 1121.jpg	 2.784833e+03	 11	 7.696256e+02	 110	 4.333656e+02	 98	 2.785850e+03	 450.00	 616.67	 16.00	 21	 0.58	 
BFE_110	 2	 19	 2211.jpg	 2.786835e+03	 22	 9.034234e+02	 220	 6.166929e+02	 98	 2.787853e+03	 450.00	 633.33	 49.00	 32	 0.71	 
BFE_110	 2	 19	 2218.jpg	 2.788837e+03	 24	 999000	 240	 999000	 999	 2.789855e+03	 450.00	 633.33	 44.00	 39	 0.81	 
BFE_110	 2	 19	 2115.jpg	 2.790839e+03	 22	 9.788875e+02	 220	 6.333622e+02	 98	 2.791857e+03	 450.00	 650.00	 56.00	 15	 0.63	 
BFE_110	 2	 19	 1214.jpg	 2.792842e+03	 12	 999000	 120	 999000	 999	 2.793859e+03	 450.00	 650.00	 12.00	 35	 0.61	 
BFE_110	 2	 19	 1119.jpg	 2.798832e+03	 12	 999000	 120	 999000	 999	 2.799849e+03	 450.00	 650.00	 38.00	 19	 0.15	 
BFE_110	 2	 19	 1120.jpg	 2.801835e+03	 12	 999000	 120	 999000	 999	 2.802853e+03	 450.00	 650.00	 13.00	 20	 0.60	 
BFE_110	 2	 19	 2214.jpg	 2.805839e+03	 24	 999000	 240	 999000	 999	 2.806857e+03	 450.00	 650.00	 58.00	 35	 0.61	 
