subjectID	 order	 runNum	 itemName	 onsetTime	 shuff_trialType	 RT	 respInTime	 AudioTime	 response	 fixationTime	 ladder1	 ladder2	 bidIndex	 itemNameIndex	 bidValue	 
BFE_202	 2	 7	 1206.jpg	 7.850404e+02	 12	 999000	 120	 999000	 999	 7.860586e+02	 683.33	 683.33	 21.00	 27	 0.54	 
BFE_202	 2	 7	 1119.jpg	 7.880443e+02	 12	 999000	 120	 999000	 999	 7.890618e+02	 683.33	 683.33	 38.00	 19	 0.17	 
BFE_202	 2	 7	 2101.jpg	 7.920487e+02	 24	 999000	 240	 999000	 999	 7.930664e+02	 683.33	 683.33	 55.00	 1	 0.61	 
BFE_202	 2	 7	 2213.jpg	 7.940508e+02	 24	 999000	 240	 999000	 999	 7.950686e+02	 683.33	 683.33	 58.00	 34	 0.54	 
BFE_202	 2	 7	 1219.jpg	 7.960365e+02	 11	 9.339192e+02	 110	 6.833867e+02	 98	 7.970541e+02	 700.00	 683.33	 9.00	 40	 0.66	 
BFE_202	 2	 7	 1111.jpg	 8.000409e+02	 12	 999000	 120	 999000	 999	 8.010587e+02	 700.00	 683.33	 19.00	 11	 0.56	 
BFE_202	 2	 7	 1213.jpg	 8.020430e+02	 12	 999000	 120	 999000	 999	 8.030609e+02	 700.00	 683.33	 15.00	 34	 0.60	 
BFE_202	 2	 7	 1205.jpg	 8.070487e+02	 11	 9.217470e+02	 110	 7.000321e+02	 98	 8.080665e+02	 716.67	 683.33	 14.00	 26	 0.62	 
BFE_202	 2	 7	 2117.jpg	 8.090509e+02	 24	 999000	 240	 999000	 999	 8.100687e+02	 716.67	 683.33	 61.00	 17	 0.47	 
BFE_202	 2	 7	 1203.jpg	 8.120376e+02	 12	 999000	 120	 999000	 999	 8.130554e+02	 716.67	 683.33	 10.00	 24	 0.66	 
BFE_202	 2	 7	 2219.jpg	 8.150411e+02	 24	 999000	 240	 999000	 999	 8.160588e+02	 716.67	 683.33	 59.00	 40	 0.51	 
BFE_202	 2	 7	 1117.jpg	 8.190455e+02	 12	 999000	 120	 999000	 999	 8.200633e+02	 716.67	 683.33	 37.00	 17	 0.23	 
BFE_202	 2	 7	 2119.jpg	 8.220489e+02	 24	 999000	 240	 999000	 999	 8.230667e+02	 716.67	 683.33	 77.00	 19	 0.24	 
BFE_202	 2	 7	 2209.jpg	 8.240511e+02	 22	 8.792962e+02	 220	 6.833850e+02	 98	 8.250689e+02	 716.67	 700.00	 51.00	 30	 0.62	 
BFE_202	 2	 7	 1204.jpg	 8.270378e+02	 11	 9.245656e+02	 110	 7.167050e+02	 98	 8.280555e+02	 733.33	 700.00	 11.00	 25	 0.65	 
BFE_202	 2	 7	 2205.jpg	 8.310422e+02	 22	 9.121841e+02	 220	 7.000263e+02	 98	 8.320600e+02	 733.33	 716.67	 48.00	 26	 0.68	 
BFE_202	 2	 7	 2216.jpg	 8.340457e+02	 24	 999000	 240	 999000	 999	 8.350635e+02	 733.33	 716.67	 53.00	 37	 0.62	 
BFE_202	 2	 7	 1207.jpg	 8.360479e+02	 11	 9.464931e+02	 110	 7.333643e+02	 98	 8.370656e+02	 750.00	 716.67	 17.00	 28	 0.58	 
BFE_202	 2	 7	 2102.jpg	 8.380501e+02	 24	 999000	 240	 999000	 999	 8.390680e+02	 750.00	 716.67	 52.00	 2	 0.62	 
BFE_202	 2	 7	 1216.jpg	 8.430390e+02	 12	 999000	 120	 999000	 999	 8.440567e+02	 750.00	 716.67	 3.00	 37	 0.77	 
BFE_202	 2	 7	 2113.jpg	 8.470435e+02	 22	 9.509240e+02	 220	 7.166996e+02	 98	 8.480613e+02	 750.00	 733.33	 56.00	 13	 0.60	 
BFE_202	 2	 7	 2118.jpg	 8.510480e+02	 22	 9.544069e+02	 220	 7.333620e+02	 98	 8.520658e+02	 750.00	 750.00	 54.00	 18	 0.61	 
BFE_202	 2	 7	 2107.jpg	 8.570381e+02	 24	 999000	 240	 999000	 999	 8.580559e+02	 750.00	 750.00	 78.00	 7	 0.24	 
BFE_202	 2	 7	 1215.jpg	 8.590403e+02	 12	 999000	 120	 999000	 999	 8.600581e+02	 750.00	 750.00	 4.00	 36	 0.74	 
BFE_202	 2	 7	 1210.jpg	 8.610426e+02	 12	 999000	 120	 999000	 999	 8.620603e+02	 750.00	 750.00	 18.00	 31	 0.57	 
BFE_202	 2	 7	 1106.jpg	 8.630448e+02	 12	 999000	 120	 999000	 999	 8.640626e+02	 750.00	 750.00	 13.00	 6	 0.62	 
BFE_202	 2	 7	 1120.jpg	 8.650471e+02	 12	 999000	 120	 999000	 999	 8.660648e+02	 750.00	 750.00	 22.00	 20	 0.52	 
BFE_202	 2	 7	 2115.jpg	 8.690347e+02	 24	 999000	 240	 999000	 999	 8.700526e+02	 750.00	 750.00	 50.00	 15	 0.64	 
BFE_202	 2	 7	 2202.jpg	 8.710372e+02	 24	 999000	 240	 999000	 999	 8.720549e+02	 750.00	 750.00	 62.00	 23	 0.47	 
BFE_202	 2	 7	 2210.jpg	 8.750416e+02	 22	 1.064823e+03	 2200	 7.500434e+02	 98	 8.760594e+02	 750.00	 700.00	 57.00	 31	 0.59	 
BFE_202	 2	 7	 1209.jpg	 8.770438e+02	 12	 999000	 120	 999000	 999	 8.780616e+02	 750.00	 700.00	 7.00	 30	 0.68	 
BFE_202	 2	 7	 1107.jpg	 8.790461e+02	 11	 9.723109e+02	 110	 7.500363e+02	 98	 8.800638e+02	 766.67	 700.00	 16.00	 7	 0.60	 
BFE_202	 2	 7	 1214.jpg	 8.810483e+02	 12	 999000	 120	 999000	 999	 8.820661e+02	 766.67	 700.00	 20.00	 35	 0.56	 
BFE_202	 2	 7	 2218.jpg	 8.860373e+02	 22	 9.011315e+02	 220	 7.000375e+02	 98	 8.870550e+02	 766.67	 716.67	 49.00	 39	 0.64	 
BFE_202	 2	 7	 2103.jpg	 8.880395e+02	 24	 999000	 240	 999000	 999	 8.890573e+02	 766.67	 716.67	 60.00	 3	 0.51	 
BFE_202	 2	 7	 2203.jpg	 8.900417e+02	 24	 999000	 240	 999000	 999	 8.910595e+02	 766.67	 716.67	 47.00	 24	 0.69	 
BFE_202	 2	 7	 2211.jpg	 8.930451e+02	 24	 999000	 240	 999000	 999	 8.940628e+02	 766.67	 716.67	 43.00	 32	 0.82	 
BFE_202	 2	 7	 1115.jpg	 9.000361e+02	 11	 1.038342e+03	 1100	 7.666970e+02	 98	 9.010542e+02	 716.67	 716.67	 8.00	 15	 0.67	 
BFE_202	 2	 7	 2215.jpg	 9.040408e+02	 24	 999000	 240	 999000	 999	 9.050585e+02	 716.67	 716.67	 44.00	 36	 0.82	 
BFE_202	 2	 7	 1104.jpg	 9.110487e+02	 12	 999000	 120	 999000	 999	 9.120664e+02	 716.67	 716.67	 12.00	 4	 0.63	 
