subjectID	 order	 runNum	 itemName	 onsetTime	 shuff_trialType	 RT	 respInTime	 AudioTime	 response	 fixationTime	 ladder1	 ladder2	 bidIndex	 itemNameIndex	 bidValue	 
BFE_203	 1	 3	 2219.jpg	 2.894159e+02	 24	 999000	 240	 999000	 999	 2.904336e+02	 683.33	 683.33	 56.00	 40	 0.56	 
BFE_203	 1	 3	 1109.jpg	 2.944046e+02	 11	 9.977423e+02	 110	 6.834326e+02	 98	 2.954225e+02	 700.00	 683.33	 12.00	 9	 0.67	 
BFE_203	 1	 3	 1217.jpg	 2.964069e+02	 12	 999000	 120	 999000	 999	 2.974247e+02	 700.00	 683.33	 20.00	 38	 0.53	 
BFE_203	 1	 3	 2205.jpg	 2.984092e+02	 24	 999000	 240	 999000	 999	 2.994270e+02	 700.00	 683.33	 48.00	 26	 0.70	 
BFE_203	 1	 3	 1102.jpg	 3.043993e+02	 12	 999000	 120	 999000	 999	 3.054170e+02	 700.00	 683.33	 21.00	 2	 0.52	 
BFE_203	 1	 3	 1108.jpg	 3.064016e+02	 12	 999000	 120	 999000	 999	 3.074192e+02	 700.00	 683.33	 37.00	 8	 0.21	 
BFE_203	 1	 3	 2113.jpg	 3.094048e+02	 22	 9.576305e+02	 220	 6.833997e+02	 98	 3.104226e+02	 700.00	 700.00	 50.00	 13	 0.67	 
BFE_203	 1	 3	 2203.jpg	 3.114071e+02	 24	 999000	 240	 999000	 999	 3.124248e+02	 700.00	 700.00	 78.00	 24	 0.13	 
BFE_203	 1	 3	 1202.jpg	 3.154116e+02	 12	 999000	 120	 999000	 999	 3.164294e+02	 700.00	 700.00	 38.00	 23	 0.20	 
BFE_203	 1	 3	 1117.jpg	 3.173969e+02	 12	 999000	 120	 999000	 999	 3.184149e+02	 700.00	 700.00	 14.00	 17	 0.64	 
BFE_203	 1	 3	 1114.jpg	 3.224029e+02	 12	 999000	 120	 999000	 999	 3.234205e+02	 700.00	 700.00	 8.00	 14	 0.73	 
BFE_203	 1	 3	 2106.jpg	 3.294107e+02	 24	 999000	 240	 999000	 999	 3.304284e+02	 700.00	 700.00	 43.00	 6	 0.88	 
BFE_203	 1	 3	 1214.jpg	 3.314128e+02	 12	 999000	 120	 999000	 999	 3.324306e+02	 700.00	 700.00	 22.00	 35	 0.49	 
BFE_203	 1	 3	 2202.jpg	 3.343996e+02	 24	 999000	 240	 999000	 999	 3.354174e+02	 700.00	 700.00	 61.00	 23	 0.49	 
BFE_203	 1	 3	 1113.jpg	 3.374029e+02	 11	 1.007516e+03	 1100	 7.000298e+02	 98	 3.384207e+02	 650.00	 700.00	 13.00	 13	 0.66	 
BFE_203	 1	 3	 2116.jpg	 3.414073e+02	 22	 9.871059e+02	 220	 7.000271e+02	 98	 3.424252e+02	 650.00	 716.67	 52.00	 16	 0.67	 
BFE_203	 1	 3	 1111.jpg	 3.454119e+02	 11	 8.865093e+02	 110	 6.500386e+02	 98	 3.464297e+02	 666.67	 716.67	 18.00	 11	 0.57	 
BFE_203	 1	 3	 2108.jpg	 3.493997e+02	 24	 999000	 240	 999000	 999	 3.504174e+02	 666.67	 716.67	 77.00	 8	 0.21	 
BFE_203	 1	 3	 2204.jpg	 3.524031e+02	 24	 999000	 240	 999000	 999	 3.534209e+02	 666.67	 716.67	 60.00	 25	 0.50	 
BFE_203	 1	 3	 1204.jpg	 3.584097e+02	 12	 999000	 120	 999000	 999	 3.594276e+02	 666.67	 716.67	 9.00	 25	 0.72	 
BFE_203	 1	 3	 2103.jpg	 3.604120e+02	 24	 999000	 240	 999000	 999	 3.614299e+02	 666.67	 716.67	 54.00	 3	 0.59	 
BFE_203	 1	 3	 2102.jpg	 3.633987e+02	 24	 999000	 240	 999000	 999	 3.644164e+02	 666.67	 716.67	 49.00	 2	 0.68	 
BFE_203	 1	 3	 1107.jpg	 3.654009e+02	 12	 999000	 120	 999000	 999	 3.664189e+02	 666.67	 716.67	 4.00	 7	 0.80	 
BFE_203	 1	 3	 1115.jpg	 3.674031e+02	 11	 1.039257e+03	 1100	 6.667001e+02	 98	 3.684209e+02	 616.67	 716.67	 10.00	 15	 0.71	 
BFE_203	 1	 3	 2216.jpg	 3.694054e+02	 24	 999000	 240	 999000	 999	 3.704232e+02	 616.67	 716.67	 51.00	 37	 0.67	 
BFE_203	 1	 3	 2104.jpg	 3.724088e+02	 22	 1.041614e+03	 2200	 7.166980e+02	 98	 3.734266e+02	 616.67	 666.67	 58.00	 4	 0.54	 
BFE_203	 1	 3	 1104.jpg	 3.764133e+02	 12	 999000	 120	 999000	 999	 3.774311e+02	 616.67	 666.67	 11.00	 4	 0.69	 
BFE_203	 1	 3	 2211.jpg	 3.783988e+02	 24	 999000	 240	 999000	 999	 3.794166e+02	 616.67	 666.67	 62.00	 32	 0.47	 
BFE_203	 1	 3	 1206.jpg	 3.804011e+02	 11	 8.493213e+02	 110	 6.166909e+02	 98	 3.814189e+02	 633.33	 666.67	 7.00	 27	 0.74	 
BFE_203	 1	 3	 2217.jpg	 3.824033e+02	 24	 999000	 240	 999000	 999	 3.834211e+02	 633.33	 666.67	 59.00	 38	 0.51	 
BFE_203	 1	 3	 2201.jpg	 3.844057e+02	 24	 999000	 240	 999000	 999	 3.854233e+02	 633.33	 666.67	 57.00	 22	 0.54	 
BFE_203	 1	 3	 1205.jpg	 3.864078e+02	 12	 999000	 120	 999000	 999	 3.874255e+02	 633.33	 666.67	 3.00	 26	 0.80	 
BFE_203	 1	 3	 2109.jpg	 3.904124e+02	 22	 9.180340e+02	 220	 6.667027e+02	 98	 3.914301e+02	 633.33	 683.33	 47.00	 9	 0.74	 
BFE_203	 1	 3	 2121.jpg	 3.944001e+02	 24	 999000	 240	 999000	 999	 3.954179e+02	 633.33	 683.33	 44.00	 21	 0.85	 
BFE_203	 1	 3	 1201.jpg	 3.964024e+02	 11	 8.720229e+02	 110	 6.333616e+02	 98	 3.974201e+02	 650.00	 683.33	 15.00	 22	 0.60	 
BFE_203	 1	 3	 1209.jpg	 3.984046e+02	 12	 999000	 120	 999000	 999	 3.994223e+02	 650.00	 683.33	 16.00	 30	 0.58	 
BFE_203	 1	 3	 2115.jpg	 4.004068e+02	 22	 9.155964e+02	 220	 6.833832e+02	 98	 4.014246e+02	 650.00	 700.00	 53.00	 15	 0.62	 
BFE_203	 1	 3	 2107.jpg	 4.024090e+02	 22	 1.033362e+03	 2200	 7.000356e+02	 98	 4.034268e+02	 650.00	 650.00	 55.00	 7	 0.57	 
BFE_203	 1	 3	 1110.jpg	 4.083992e+02	 12	 999000	 120	 999000	 999	 4.094169e+02	 650.00	 650.00	 19.00	 10	 0.54	 
BFE_203	 1	 3	 1105.jpg	 4.104014e+02	 12	 999000	 120	 999000	 999	 4.114192e+02	 650.00	 650.00	 17.00	 5	 0.57	 
