subjectID	 order	 runNum	 itemName	 onsetTime	 shuff_trialType	 RT	 respInTime	 AudioTime	 response	 fixationTime	 ladder1	 ladder2	 bidIndex	 itemNameIndex	 bidValue	 
BFE_202	 2	 16	 2215.jpg	 1.950614e+03	 24	 999000	 240	 999000	 999	 1.951632e+03	 716.67	 783.33	 44.00	 36	 0.82	 
BFE_202	 2	 16	 1107.jpg	 1.952600e+03	 11	 9.227674e+02	 110	 7.167050e+02	 98	 1.953617e+03	 733.33	 783.33	 16.00	 7	 0.60	 
BFE_202	 2	 16	 1206.jpg	 1.956604e+03	 12	 999000	 120	 999000	 999	 1.957622e+03	 733.33	 783.33	 21.00	 27	 0.54	 
BFE_202	 2	 16	 1213.jpg	 1.959607e+03	 12	 999000	 120	 999000	 999	 1.960625e+03	 733.33	 783.33	 15.00	 34	 0.60	 
BFE_202	 2	 16	 2107.jpg	 1.961593e+03	 24	 999000	 240	 999000	 999	 1.962611e+03	 733.33	 783.33	 78.00	 7	 0.24	 
BFE_202	 2	 16	 1111.jpg	 1.964596e+03	 12	 999000	 120	 999000	 999	 1.965614e+03	 733.33	 783.33	 19.00	 11	 0.56	 
BFE_202	 2	 16	 2218.jpg	 1.968601e+03	 22	 1.001566e+03	 2200	 7.833830e+02	 98	 1.969619e+03	 733.33	 733.33	 49.00	 39	 0.64	 
BFE_202	 2	 16	 2216.jpg	 1.972605e+03	 24	 999000	 240	 999000	 999	 1.973623e+03	 733.33	 733.33	 53.00	 37	 0.62	 
BFE_202	 2	 16	 1104.jpg	 1.974608e+03	 12	 999000	 120	 999000	 999	 1.975625e+03	 733.33	 733.33	 12.00	 4	 0.63	 
BFE_202	 2	 16	 2103.jpg	 1.979597e+03	 24	 999000	 240	 999000	 999	 1.980614e+03	 733.33	 733.33	 60.00	 3	 0.51	 
BFE_202	 2	 16	 1106.jpg	 1.981599e+03	 12	 999000	 120	 999000	 999	 1.982616e+03	 733.33	 733.33	 13.00	 6	 0.62	 
BFE_202	 2	 16	 1215.jpg	 1.983601e+03	 12	 999000	 120	 999000	 999	 1.984619e+03	 733.33	 733.33	 4.00	 36	 0.74	 
BFE_202	 2	 16	 1205.jpg	 1.989608e+03	 11	 9.464486e+02	 110	 7.333632e+02	 98	 1.990626e+03	 750.00	 733.33	 14.00	 26	 0.62	 
BFE_202	 2	 16	 1219.jpg	 1.991593e+03	 11	 9.453192e+02	 110	 7.500338e+02	 98	 1.992611e+03	 766.67	 733.33	 9.00	 40	 0.66	 
BFE_202	 2	 16	 1115.jpg	 1.993596e+03	 11	 9.748081e+02	 110	 7.666964e+02	 98	 1.994613e+03	 783.33	 733.33	 8.00	 15	 0.67	 
BFE_202	 2	 16	 1203.jpg	 1.995598e+03	 12	 999000	 120	 999000	 999	 1.996616e+03	 783.33	 733.33	 10.00	 24	 0.66	 
BFE_202	 2	 16	 2119.jpg	 1.999602e+03	 24	 999000	 240	 999000	 999	 2.000620e+03	 783.33	 733.33	 77.00	 19	 0.24	 
BFE_202	 2	 16	 2211.jpg	 2.003607e+03	 24	 999000	 240	 999000	 999	 2.004625e+03	 783.33	 733.33	 43.00	 32	 0.82	 
BFE_202	 2	 16	 1120.jpg	 2.006610e+03	 12	 999000	 120	 999000	 999	 2.007628e+03	 783.33	 733.33	 22.00	 20	 0.52	 
BFE_202	 2	 16	 2210.jpg	 2.010598e+03	 22	 9.724109e+02	 220	 7.333615e+02	 98	 2.011616e+03	 783.33	 750.00	 57.00	 31	 0.59	 
BFE_202	 2	 16	 2202.jpg	 2.013601e+03	 24	 999000	 240	 999000	 999	 2.014619e+03	 783.33	 750.00	 62.00	 23	 0.47	 
BFE_202	 2	 16	 1216.jpg	 2.015604e+03	 12	 999000	 120	 999000	 999	 2.016621e+03	 783.33	 750.00	 3.00	 37	 0.77	 
BFE_202	 2	 16	 1209.jpg	 2.019608e+03	 12	 999000	 120	 999000	 999	 2.020626e+03	 783.33	 750.00	 7.00	 30	 0.68	 
BFE_202	 2	 16	 1204.jpg	 2.021594e+03	 11	 1.016886e+03	 1100	 7.833695e+02	 98	 2.022611e+03	 733.33	 750.00	 11.00	 25	 0.65	 
BFE_202	 2	 16	 2205.jpg	 2.023596e+03	 22	 9.744778e+02	 220	 7.500324e+02	 98	 2.024614e+03	 733.33	 766.67	 48.00	 26	 0.68	 
BFE_202	 2	 16	 2113.jpg	 2.027600e+03	 22	 1.034038e+03	 2200	 7.666948e+02	 98	 2.028618e+03	 733.33	 716.67	 56.00	 13	 0.60	 
BFE_202	 2	 16	 1210.jpg	 2.029603e+03	 12	 999000	 120	 999000	 999	 2.030620e+03	 733.33	 716.67	 18.00	 31	 0.57	 
BFE_202	 2	 16	 1119.jpg	 2.033607e+03	 12	 999000	 120	 999000	 999	 2.034625e+03	 733.33	 716.67	 38.00	 19	 0.17	 
BFE_202	 2	 16	 2101.jpg	 2.037595e+03	 24	 999000	 240	 999000	 999	 2.038613e+03	 733.33	 716.67	 55.00	 1	 0.61	 
BFE_202	 2	 16	 1214.jpg	 2.040598e+03	 12	 999000	 120	 999000	 999	 2.041616e+03	 733.33	 716.67	 20.00	 35	 0.56	 
BFE_202	 2	 16	 2117.jpg	 2.046605e+03	 24	 999000	 240	 999000	 999	 2.047623e+03	 733.33	 716.67	 61.00	 17	 0.47	 
BFE_202	 2	 16	 2115.jpg	 2.048607e+03	 24	 999000	 240	 999000	 999	 2.049625e+03	 733.33	 716.67	 50.00	 15	 0.64	 
BFE_202	 2	 16	 2118.jpg	 2.052595e+03	 22	 9.273389e+02	 220	 7.166974e+02	 98	 2.053613e+03	 733.33	 733.33	 54.00	 18	 0.61	 
BFE_202	 2	 16	 2209.jpg	 2.054597e+03	 22	 9.410830e+02	 220	 7.333631e+02	 98	 2.055615e+03	 733.33	 750.00	 51.00	 30	 0.62	 
BFE_202	 2	 16	 1117.jpg	 2.056600e+03	 12	 999000	 120	 999000	 999	 2.057617e+03	 733.33	 750.00	 37.00	 17	 0.23	 
BFE_202	 2	 16	 2102.jpg	 2.058602e+03	 24	 999000	 240	 999000	 999	 2.059620e+03	 733.33	 750.00	 52.00	 2	 0.62	 
BFE_202	 2	 16	 2213.jpg	 2.063607e+03	 24	 999000	 240	 999000	 999	 2.064625e+03	 733.33	 750.00	 58.00	 34	 0.54	 
BFE_202	 2	 16	 2203.jpg	 2.065610e+03	 24	 999000	 240	 999000	 999	 2.066627e+03	 733.33	 750.00	 47.00	 24	 0.69	 
BFE_202	 2	 16	 1207.jpg	 2.067595e+03	 11	 9.511078e+02	 110	 7.333672e+02	 98	 2.068613e+03	 750.00	 750.00	 17.00	 28	 0.58	 
BFE_202	 2	 16	 2219.jpg	 2.070599e+03	 24	 999000	 240	 999000	 999	 2.071616e+03	 750.00	 750.00	 59.00	 40	 0.51	 
