subjectID	 order	 runNum	 itemName	 onsetTime	 shuff_trialType	 RT	 respInTime	 AudioTime	 response	 fixationTime	 ladder1	 ladder2	 bidIndex	 itemNameIndex	 bidValue	 
BFE_111	 1	 16	 1120.jpg	 2.571770e+03	 12	 999000	 120	 999000	 999	 2.572787e+03	 650.00	 583.33	 20.00	 20	 0.49	 
BFE_111	 1	 16	 2102.jpg	 2.574756e+03	 24	 999000	 240	 999000	 999	 2.575774e+03	 650.00	 583.33	 48.00	 2	 0.67	 
BFE_111	 1	 16	 1107.jpg	 2.576759e+03	 11	 9.075622e+02	 110	 6.500462e+02	 98	 2.577776e+03	 666.67	 583.33	 12.00	 7	 0.60	 
BFE_111	 1	 16	 1215.jpg	 2.578761e+03	 12	 999000	 120	 999000	 999	 2.579779e+03	 666.67	 583.33	 16.00	 36	 0.54	 
BFE_111	 1	 16	 1102.jpg	 2.580763e+03	 12	 999000	 120	 999000	 999	 2.581781e+03	 666.67	 583.33	 19.00	 2	 0.52	 
BFE_111	 1	 16	 1216.jpg	 2.583766e+03	 11	 1.067752e+03	 1100	 6.667073e+02	 98	 2.584784e+03	 616.67	 583.33	 10.00	 37	 0.61	 
BFE_111	 1	 16	 2217.jpg	 2.585769e+03	 24	 999000	 240	 999000	 999	 2.586786e+03	 616.67	 583.33	 43.00	 38	 0.77	 
BFE_111	 1	 16	 1213.jpg	 2.589757e+03	 12	 999000	 120	 999000	 999	 2.590774e+03	 616.67	 583.33	 37.00	 34	 0.23	 
BFE_111	 1	 16	 1202.jpg	 2.591759e+03	 12	 999000	 120	 999000	 999	 2.592777e+03	 616.67	 583.33	 22.00	 23	 0.46	 
BFE_111	 1	 16	 1117.jpg	 2.596764e+03	 11	 8.698407e+02	 110	 6.166936e+02	 98	 2.597782e+03	 633.33	 583.33	 15.00	 17	 0.55	 
BFE_111	 1	 16	 2210.jpg	 2.598767e+03	 22	 9.236292e+02	 220	 5.833791e+02	 98	 2.599784e+03	 633.33	 600.00	 52.00	 31	 0.61	 
BFE_111	 1	 16	 1113.jpg	 2.602754e+03	 12	 999000	 120	 999000	 999	 2.603772e+03	 633.33	 600.00	 21.00	 13	 0.49	 
BFE_111	 1	 16	 2218.jpg	 2.604757e+03	 24	 999000	 240	 999000	 999	 2.605774e+03	 633.33	 600.00	 61.00	 39	 0.45	 
BFE_111	 1	 16	 1114.jpg	 2.607760e+03	 12	 999000	 120	 999000	 999	 2.608778e+03	 633.33	 600.00	 4.00	 14	 0.79	 
BFE_111	 1	 16	 1209.jpg	 2.612766e+03	 12	 999000	 120	 999000	 999	 2.613783e+03	 633.33	 600.00	 8.00	 30	 0.64	 
BFE_111	 1	 16	 2103.jpg	 2.614768e+03	 24	 999000	 240	 999000	 999	 2.615786e+03	 633.33	 600.00	 57.00	 3	 0.53	 
BFE_111	 1	 16	 2110.jpg	 2.616753e+03	 24	 999000	 240	 999000	 999	 2.617771e+03	 633.33	 600.00	 62.00	 10	 0.44	 
BFE_111	 1	 16	 1109.jpg	 2.620758e+03	 12	 999000	 120	 999000	 999	 2.621776e+03	 633.33	 600.00	 17.00	 9	 0.54	 
BFE_111	 1	 16	 1210.jpg	 2.624762e+03	 12	 999000	 120	 999000	 999	 2.625780e+03	 633.33	 600.00	 11.00	 31	 0.61	 
BFE_111	 1	 16	 2207.jpg	 2.628767e+03	 24	 999000	 240	 999000	 999	 2.629785e+03	 633.33	 600.00	 44.00	 28	 0.72	 
BFE_111	 1	 16	 2119.jpg	 2.630769e+03	 24	 999000	 240	 999000	 999	 2.631787e+03	 633.33	 600.00	 77.00	 19	 0.30	 
BFE_111	 1	 16	 2111.jpg	 2.632755e+03	 24	 999000	 240	 999000	 999	 2.633773e+03	 633.33	 600.00	 49.00	 11	 0.66	 
BFE_111	 1	 16	 2104.jpg	 2.634757e+03	 22	 9.732713e+02	 220	 6.000368e+02	 98	 2.635775e+03	 633.33	 616.67	 55.00	 4	 0.56	 
BFE_111	 1	 16	 1217.jpg	 2.636759e+03	 12	 999000	 120	 999000	 999	 2.637777e+03	 633.33	 616.67	 3.00	 38	 0.87	 
BFE_111	 1	 16	 1205.jpg	 2.642766e+03	 11	 9.722630e+02	 110	 6.333595e+02	 98	 2.643784e+03	 650.00	 616.67	 18.00	 26	 0.52	 
BFE_111	 1	 16	 2213.jpg	 2.645769e+03	 22	 9.209083e+02	 220	 6.167143e+02	 98	 2.646787e+03	 650.00	 633.33	 50.00	 34	 0.65	 
BFE_111	 1	 16	 2113.jpg	 2.647755e+03	 24	 999000	 240	 999000	 999	 2.648773e+03	 650.00	 633.33	 51.00	 13	 0.64	 
BFE_111	 1	 16	 2116.jpg	 2.649757e+03	 24	 999000	 240	 999000	 999	 2.650775e+03	 650.00	 633.33	 78.00	 16	 0.25	 
BFE_111	 1	 16	 1219.jpg	 2.652760e+03	 11	 8.737287e+02	 110	 6.500353e+02	 98	 2.653778e+03	 666.67	 633.33	 13.00	 40	 0.58	 
BFE_111	 1	 16	 1116.jpg	 2.654763e+03	 12	 999000	 120	 999000	 999	 2.655781e+03	 666.67	 633.33	 38.00	 16	 0.23	 
BFE_111	 1	 16	 2209.jpg	 2.656765e+03	 24	 999000	 240	 999000	 999	 2.657783e+03	 666.67	 633.33	 54.00	 30	 0.56	 
BFE_111	 1	 16	 2211.jpg	 2.658767e+03	 22	 9.869482e+02	 220	 6.333647e+02	 98	 2.659785e+03	 666.67	 650.00	 58.00	 32	 0.51	 
BFE_111	 1	 16	 2120.jpg	 2.661754e+03	 22	 9.206213e+02	 220	 6.500621e+02	 98	 2.662772e+03	 666.67	 666.67	 53.00	 20	 0.60	 
BFE_111	 1	 16	 2112.jpg	 2.663756e+03	 24	 999000	 240	 999000	 999	 2.664774e+03	 666.67	 666.67	 60.00	 12	 0.48	 
BFE_111	 1	 16	 2205.jpg	 2.665758e+03	 24	 999000	 240	 999000	 999	 2.666776e+03	 666.67	 666.67	 59.00	 26	 0.50	 
BFE_111	 1	 16	 1214.jpg	 2.667761e+03	 12	 999000	 120	 999000	 999	 2.668778e+03	 666.67	 666.67	 9.00	 35	 0.63	 
BFE_111	 1	 16	 1105.jpg	 2.669763e+03	 12	 999000	 120	 999000	 999	 2.670781e+03	 666.67	 666.67	 14.00	 5	 0.57	 
BFE_111	 1	 16	 2214.jpg	 2.675770e+03	 22	 8.885420e+02	 220	 6.667058e+02	 98	 2.676787e+03	 666.67	 683.33	 47.00	 35	 0.68	 
BFE_111	 1	 16	 2216.jpg	 2.678756e+03	 24	 999000	 240	 999000	 999	 2.679774e+03	 666.67	 683.33	 56.00	 37	 0.55	 
BFE_111	 1	 16	 1218.jpg	 2.682761e+03	 11	 9.052944e+02	 110	 6.666983e+02	 98	 2.683779e+03	 683.33	 683.33	 7.00	 39	 0.66	 
