subjectID	 order	 runNum	 itemName	 onsetTime	 shuff_trialType	 RT	 respInTime	 AudioTime	 response	 fixationTime	 ladder1	 ladder2	 bidIndex	 itemNameIndex	 bidValue	 
BFE_204	 2	 19	 1108.jpg	 3.070878e+03	 11	 1.131650e+03	 1100	 6.167118e+02	 98	 3.071896e+03	 566.67	 616.67	 16.00	 8	 0.59	 
BFE_204	 2	 19	 2117.jpg	 3.073865e+03	 24	 999000	 240	 999000	 999	 3.074883e+03	 566.67	 616.67	 78.00	 17	 0.22	 
BFE_204	 2	 19	 2214.jpg	 3.075867e+03	 24	 999000	 240	 999000	 999	 3.076885e+03	 566.67	 616.67	 47.00	 35	 0.78	 
BFE_204	 2	 19	 1205.jpg	 3.077870e+03	 11	 1.044418e+03	 1100	 5.666955e+02	 98	 3.078887e+03	 516.67	 616.67	 17.00	 26	 0.56	 
BFE_204	 2	 19	 2106.jpg	 3.079872e+03	 22	 1.090220e+03	 2200	 6.167067e+02	 98	 3.080890e+03	 516.67	 566.67	 56.00	 6	 0.56	 
BFE_204	 2	 19	 2210.jpg	 3.082875e+03	 24	 999000	 240	 999000	 999	 3.083893e+03	 516.67	 566.67	 59.00	 31	 0.53	 
BFE_204	 2	 19	 1101.jpg	 3.084860e+03	 12	 999000	 120	 999000	 999	 3.085879e+03	 516.67	 566.67	 7.00	 1	 0.72	 
BFE_204	 2	 19	 2204.jpg	 3.088865e+03	 24	 999000	 240	 999000	 999	 3.089883e+03	 516.67	 566.67	 60.00	 25	 0.51	 
BFE_204	 2	 19	 1209.jpg	 3.090867e+03	 11	 1.006530e+03	 1100	 5.166944e+02	 98	 3.091885e+03	 466.67	 566.67	 8.00	 30	 0.69	 
BFE_204	 2	 19	 2209.jpg	 3.095873e+03	 24	 999000	 240	 999000	 999	 3.096891e+03	 466.67	 566.67	 44.00	 30	 0.84	 
BFE_204	 2	 19	 2108.jpg	 3.097875e+03	 22	 999000	 2	 5.667018e+02	 999	 3.098893e+03	 466.67	 516.67	 49.00	 8	 0.72	 
BFE_204	 2	 19	 2216.jpg	 3.101863e+03	 24	 999000	 240	 999000	 999	 3.102881e+03	 466.67	 516.67	 52.00	 37	 0.62	 
BFE_204	 2	 19	 1219.jpg	 3.103865e+03	 12	 999000	 120	 999000	 999	 3.104883e+03	 466.67	 516.67	 3.00	 40	 0.84	 
BFE_204	 2	 19	 2202.jpg	 3.106869e+03	 22	 1.109240e+03	 2200	 5.167039e+02	 98	 3.107886e+03	 466.67	 466.67	 48.00	 23	 0.75	 
BFE_204	 2	 19	 2206.jpg	 3.111874e+03	 24	 999000	 240	 999000	 999	 3.112892e+03	 466.67	 466.67	 50.00	 27	 0.68	 
BFE_204	 2	 19	 1207.jpg	 3.113860e+03	 12	 999000	 120	 999000	 999	 3.114878e+03	 466.67	 466.67	 21.00	 28	 0.51	 
BFE_204	 2	 19	 1109.jpg	 3.115862e+03	 12	 999000	 120	 999000	 999	 3.116880e+03	 466.67	 466.67	 19.00	 9	 0.55	 
BFE_204	 2	 19	 2110.jpg	 3.119867e+03	 24	 999000	 240	 999000	 999	 3.120884e+03	 466.67	 466.67	 77.00	 10	 0.23	 
BFE_204	 2	 19	 2208.jpg	 3.123871e+03	 22	 8.748458e+02	 220	 4.666996e+02	 98	 3.124889e+03	 466.67	 483.33	 57.00	 29	 0.55	 
BFE_204	 2	 19	 2203.jpg	 3.127876e+03	 24	 999000	 240	 999000	 999	 3.128893e+03	 466.67	 483.33	 53.00	 24	 0.59	 
BFE_204	 2	 19	 2219.jpg	 3.129861e+03	 22	 9.807118e+02	 220	 4.833592e+02	 98	 3.130879e+03	 466.67	 500.00	 51.00	 40	 0.65	 
BFE_204	 2	 19	 1118.jpg	 3.131863e+03	 12	 999000	 120	 999000	 999	 3.132881e+03	 466.67	 500.00	 37.00	 18	 0.15	 
BFE_204	 2	 19	 2101.jpg	 3.133866e+03	 22	 9.842452e+02	 220	 5.000300e+02	 98	 3.134883e+03	 466.67	 516.67	 54.00	 1	 0.58	 
BFE_204	 2	 19	 2218.jpg	 3.135868e+03	 24	 999000	 240	 999000	 999	 3.136886e+03	 466.67	 516.67	 43.00	 39	 0.87	 
BFE_204	 2	 19	 1214.jpg	 3.141875e+03	 12	 999000	 120	 999000	 999	 3.142892e+03	 466.67	 516.67	 12.00	 35	 0.64	 
BFE_204	 2	 19	 1204.jpg	 3.144861e+03	 11	 8.126235e+02	 110	 4.667301e+02	 98	 3.145879e+03	 483.33	 516.67	 9.00	 25	 0.68	 
BFE_204	 2	 19	 1120.jpg	 3.146864e+03	 12	 1.384157e+02	 120	 999000	 82	 3.147881e+03	 483.33	 516.67	 15.00	 20	 0.59	 
BFE_204	 2	 19	 1203.jpg	 3.148866e+03	 12	 999000	 120	 999000	 999	 3.149884e+03	 483.33	 516.67	 20.00	 24	 0.52	 
BFE_204	 2	 19	 2212.jpg	 3.151869e+03	 24	 999000	 240	 999000	 999	 3.152887e+03	 483.33	 516.67	 61.00	 33	 0.50	 
BFE_204	 2	 19	 2215.jpg	 3.153871e+03	 24	 999000	 240	 999000	 999	 3.154889e+03	 483.33	 516.67	 58.00	 36	 0.54	 
BFE_204	 2	 19	 1215.jpg	 3.155874e+03	 11	 8.643464e+02	 110	 4.833713e+02	 98	 3.156891e+03	 500.00	 516.67	 11.00	 36	 0.66	 
BFE_204	 2	 19	 1210.jpg	 3.157876e+03	 12	 999000	 120	 999000	 999	 3.158894e+03	 500.00	 516.67	 22.00	 31	 0.49	 
BFE_204	 2	 19	 1218.jpg	 3.160863e+03	 12	 999000	 120	 999000	 999	 3.161880e+03	 500.00	 516.67	 4.00	 39	 0.77	 
BFE_204	 2	 19	 1208.jpg	 3.162865e+03	 11	 9.851524e+02	 110	 5.000274e+02	 98	 3.163883e+03	 516.67	 516.67	 14.00	 29	 0.60	 
BFE_204	 2	 19	 1206.jpg	 3.164867e+03	 12	 999000	 120	 999000	 999	 3.165885e+03	 516.67	 516.67	 10.00	 27	 0.67	 
BFE_204	 2	 19	 1111.jpg	 3.166869e+03	 12	 999000	 120	 999000	 999	 3.167887e+03	 516.67	 516.67	 18.00	 11	 0.56	 
BFE_204	 2	 19	 2120.jpg	 3.168871e+03	 24	 999000	 240	 999000	 999	 3.169889e+03	 516.67	 516.67	 55.00	 20	 0.57	 
BFE_204	 2	 19	 2103.jpg	 3.174862e+03	 24	 999000	 240	 999000	 999	 3.175879e+03	 516.67	 516.67	 62.00	 3	 0.47	 
BFE_204	 2	 19	 1217.jpg	 3.177865e+03	 12	 999000	 120	 999000	 999	 3.178883e+03	 516.67	 516.67	 13.00	 38	 0.61	 
BFE_204	 2	 19	 1117.jpg	 3.181869e+03	 12	 999000	 120	 999000	 999	 3.182887e+03	 516.67	 516.67	 38.00	 17	 0.15	 
