subjectID	 order	 runNum	 itemName	 onsetTime	 shuff_trialType	 RT	 respInTime	 AudioTime	 response	 fixationTime	 ladder1	 ladder2	 bidIndex	 itemNameIndex	 bidValue	 
BFE_101	 1	 5	 1214.jpg	 5.069500e+02	 12	 999000	 120	 999000	 999	 5.079682e+02	 683.33	 750.00	 21.00	 35	 0.50	 
BFE_101	 1	 5	 2205.jpg	 5.099537e+02	 24	 999000	 240	 999000	 999	 5.109715e+02	 683.33	 750.00	 77.00	 26	 0.21	 
BFE_101	 1	 5	 1207.jpg	 5.139582e+02	 11	 8.829439e+02	 110	 6.833753e+02	 98	 5.149759e+02	 700.00	 750.00	 13.00	 28	 0.56	 
BFE_101	 1	 5	 2110.jpg	 5.159605e+02	 22	 1.040688e+03	 2200	 7.500453e+02	 98	 5.169782e+02	 700.00	 700.00	 50.00	 10	 0.65	 
BFE_101	 1	 5	 1206.jpg	 5.179457e+02	 12	 999000	 120	 999000	 999	 5.189638e+02	 700.00	 700.00	 4.00	 27	 0.74	 
BFE_101	 1	 5	 2103.jpg	 5.219506e+02	 24	 999000	 240	 999000	 999	 5.229683e+02	 700.00	 700.00	 43.00	 3	 0.74	 
BFE_101	 1	 5	 2118.jpg	 5.239528e+02	 22	 8.963186e+02	 220	 7.000323e+02	 98	 5.249705e+02	 700.00	 716.67	 47.00	 18	 0.67	 
BFE_101	 1	 5	 1121.jpg	 5.289583e+02	 11	 8.748294e+02	 110	 7.000406e+02	 98	 5.299762e+02	 716.67	 716.67	 7.00	 21	 0.70	 
BFE_101	 1	 5	 1201.jpg	 5.309606e+02	 12	 999000	 120	 999000	 999	 5.319784e+02	 716.67	 716.67	 22.00	 22	 0.50	 
BFE_101	 1	 5	 2217.jpg	 5.339473e+02	 24	 999000	 240	 999000	 999	 5.349651e+02	 716.67	 716.67	 54.00	 38	 0.58	 
BFE_101	 1	 5	 1102.jpg	 5.369506e+02	 11	 9.305403e+02	 110	 7.166969e+02	 98	 5.379684e+02	 733.33	 716.67	 10.00	 2	 0.66	 
BFE_101	 1	 5	 1101.jpg	 5.409552e+02	 12	 999000	 120	 999000	 999	 5.419729e+02	 733.33	 716.67	 37.00	 1	 0.27	 
BFE_101	 1	 5	 2209.jpg	 5.439585e+02	 22	 9.386346e+02	 220	 7.166954e+02	 98	 5.449763e+02	 733.33	 733.33	 55.00	 30	 0.56	 
BFE_101	 1	 5	 1208.jpg	 5.459607e+02	 11	 9.364539e+02	 110	 7.333735e+02	 98	 5.469785e+02	 750.00	 733.33	 18.00	 29	 0.51	 
BFE_101	 1	 5	 2216.jpg	 5.489475e+02	 24	 5.176892e+02	 24	 999000	 98	 5.499652e+02	 750.00	 733.33	 48.00	 37	 0.66	 
BFE_101	 1	 5	 1213.jpg	 5.529519e+02	 12	 999000	 120	 999000	 999	 5.539697e+02	 750.00	 733.33	 8.00	 34	 0.68	 
BFE_101	 1	 5	 2117.jpg	 5.559553e+02	 24	 999000	 240	 999000	 999	 5.569730e+02	 750.00	 733.33	 78.00	 17	 0.18	 
BFE_101	 1	 5	 1109.jpg	 5.579575e+02	 12	 999000	 120	 999000	 999	 5.589752e+02	 750.00	 733.33	 20.00	 9	 0.50	 
BFE_101	 1	 5	 1115.jpg	 5.599598e+02	 12	 999000	 120	 999000	 999	 5.609776e+02	 750.00	 733.33	 38.00	 15	 0.23	 
BFE_101	 1	 5	 2203.jpg	 5.649487e+02	 24	 999000	 240	 999000	 999	 5.659664e+02	 750.00	 733.33	 59.00	 24	 0.54	 
BFE_101	 1	 5	 2214.jpg	 5.689533e+02	 22	 1.063820e+03	 2200	 7.333660e+02	 98	 5.699709e+02	 750.00	 683.33	 53.00	 35	 0.59	 
BFE_101	 1	 5	 1205.jpg	 5.729576e+02	 12	 999000	 120	 999000	 999	 5.739754e+02	 750.00	 683.33	 11.00	 26	 0.62	 
BFE_101	 1	 5	 1202.jpg	 5.789477e+02	 12	 999000	 120	 999000	 999	 5.799655e+02	 750.00	 683.33	 16.00	 23	 0.54	 
BFE_101	 1	 5	 2104.jpg	 5.809499e+02	 24	 999000	 240	 999000	 999	 5.819677e+02	 750.00	 683.33	 56.00	 4	 0.55	 
BFE_101	 1	 5	 2120.jpg	 5.829521e+02	 22	 8.570261e+02	 220	 6.833702e+02	 98	 5.839699e+02	 750.00	 700.00	 58.00	 20	 0.55	 
BFE_101	 1	 5	 2213.jpg	 5.849544e+02	 24	 999000	 240	 999000	 999	 5.859721e+02	 750.00	 700.00	 44.00	 34	 0.71	 
BFE_101	 1	 5	 2207.jpg	 5.869567e+02	 24	 999000	 240	 999000	 999	 5.879744e+02	 750.00	 700.00	 49.00	 28	 0.66	 
BFE_101	 1	 5	 1116.jpg	 5.909612e+02	 12	 999000	 120	 999000	 999	 5.919790e+02	 750.00	 700.00	 19.00	 16	 0.51	 
BFE_101	 1	 5	 1103.jpg	 5.929468e+02	 12	 999000	 120	 999000	 999	 5.939645e+02	 750.00	 700.00	 9.00	 3	 0.68	 
BFE_101	 1	 5	 1204.jpg	 5.969512e+02	 12	 999000	 120	 999000	 999	 5.979690e+02	 750.00	 700.00	 17.00	 25	 0.52	 
BFE_101	 1	 5	 2211.jpg	 5.989535e+02	 22	 8.556493e+02	 220	 7.000355e+02	 98	 5.999711e+02	 750.00	 716.67	 52.00	 32	 0.62	 
BFE_101	 1	 5	 1118.jpg	 6.009558e+02	 12	 999000	 120	 999000	 999	 6.019734e+02	 750.00	 716.67	 3.00	 18	 0.78	 
BFE_101	 1	 5	 1106.jpg	 6.029579e+02	 11	 8.832419e+02	 110	 7.500332e+02	 98	 6.039757e+02	 766.67	 716.67	 12.00	 6	 0.58	 
BFE_101	 1	 5	 2115.jpg	 6.079470e+02	 24	 999000	 240	 999000	 999	 6.089646e+02	 766.67	 716.67	 57.00	 15	 0.55	 
BFE_101	 1	 5	 2208.jpg	 6.099492e+02	 24	 999000	 240	 999000	 999	 6.109669e+02	 766.67	 716.67	 51.00	 29	 0.63	 
BFE_101	 1	 5	 2113.jpg	 6.119513e+02	 24	 999000	 240	 999000	 999	 6.129691e+02	 766.67	 716.67	 60.00	 13	 0.54	 
BFE_101	 1	 5	 2102.jpg	 6.149547e+02	 24	 999000	 240	 999000	 999	 6.159725e+02	 766.67	 716.67	 61.00	 2	 0.54	 
BFE_101	 1	 5	 1216.jpg	 6.219457e+02	 11	 9.674651e+02	 110	 7.667026e+02	 98	 6.229636e+02	 783.33	 716.67	 15.00	 37	 0.55	 
BFE_101	 1	 5	 1111.jpg	 6.259503e+02	 12	 999000	 120	 999000	 999	 6.269681e+02	 783.33	 716.67	 14.00	 11	 0.55	 
BFE_101	 1	 5	 2114.jpg	 6.329581e+02	 24	 999000	 240	 999000	 999	 6.339760e+02	 783.33	 716.67	 62.00	 14	 0.50	 
