subjectID	 order	 runNum	 itemName	 onsetTime	 shuff_trialType	 RT	 respInTime	 AudioTime	 response	 fixationTime	 ladder1	 ladder2	 bidIndex	 itemNameIndex	 bidValue	 
BFE_203	 1	 17	 2217.jpg	 2.106102e+03	 24	 999000	 240	 999000	 999	 2.107119e+03	 750.00	 683.33	 59.00	 38	 0.51	 
BFE_203	 1	 17	 2106.jpg	 2.111091e+03	 24	 999000	 240	 999000	 999	 2.112108e+03	 750.00	 683.33	 43.00	 6	 0.88	 
BFE_203	 1	 17	 1102.jpg	 2.113093e+03	 12	 999000	 120	 999000	 999	 2.114111e+03	 750.00	 683.33	 21.00	 2	 0.52	 
BFE_203	 1	 17	 2121.jpg	 2.115095e+03	 24	 999000	 240	 999000	 999	 2.116113e+03	 750.00	 683.33	 44.00	 21	 0.85	 
BFE_203	 1	 17	 2104.jpg	 2.121085e+03	 22	 9.095298e+02	 220	 6.833842e+02	 98	 2.122103e+03	 750.00	 700.00	 58.00	 4	 0.54	 
BFE_203	 1	 17	 1205.jpg	 2.123087e+03	 12	 999000	 120	 999000	 999	 2.124105e+03	 750.00	 700.00	 3.00	 26	 0.80	 
BFE_203	 1	 17	 2115.jpg	 2.126091e+03	 22	 9.277872e+02	 220	 7.000308e+02	 98	 2.127108e+03	 750.00	 716.67	 53.00	 15	 0.62	 
BFE_203	 1	 17	 2107.jpg	 2.128093e+03	 22	 9.495120e+02	 220	 7.167039e+02	 98	 2.129111e+03	 750.00	 733.33	 55.00	 7	 0.57	 
BFE_203	 1	 17	 1115.jpg	 2.132097e+03	 11	 9.770530e+02	 110	 7.500483e+02	 98	 2.133115e+03	 766.67	 733.33	 10.00	 15	 0.71	 
BFE_203	 1	 17	 2109.jpg	 2.134100e+03	 22	 9.987810e+02	 220	 7.333629e+02	 98	 2.135117e+03	 766.67	 750.00	 47.00	 9	 0.74	 
BFE_203	 1	 17	 2201.jpg	 2.139088e+03	 24	 999000	 240	 999000	 999	 2.140106e+03	 766.67	 750.00	 57.00	 22	 0.54	 
BFE_203	 1	 17	 1117.jpg	 2.146096e+03	 12	 999000	 120	 999000	 999	 2.147114e+03	 766.67	 750.00	 14.00	 17	 0.64	 
BFE_203	 1	 17	 1114.jpg	 2.148099e+03	 12	 999000	 120	 999000	 999	 2.149116e+03	 766.67	 750.00	 8.00	 14	 0.73	 
BFE_203	 1	 17	 2211.jpg	 2.151102e+03	 24	 999000	 240	 999000	 999	 2.152120e+03	 766.67	 750.00	 62.00	 32	 0.47	 
BFE_203	 1	 17	 1113.jpg	 2.154089e+03	 11	 9.937004e+02	 110	 7.667085e+02	 98	 2.155106e+03	 783.33	 750.00	 13.00	 13	 0.66	 
BFE_203	 1	 17	 2205.jpg	 2.158093e+03	 24	 999000	 240	 999000	 999	 2.159111e+03	 783.33	 750.00	 48.00	 26	 0.70	 
BFE_203	 1	 17	 2219.jpg	 2.162098e+03	 24	 999000	 240	 999000	 999	 2.163115e+03	 783.33	 750.00	 56.00	 40	 0.56	 
BFE_203	 1	 17	 1108.jpg	 2.166085e+03	 12	 999000	 120	 999000	 999	 2.167103e+03	 783.33	 750.00	 37.00	 8	 0.21	 
BFE_203	 1	 17	 2108.jpg	 2.169089e+03	 24	 999000	 240	 999000	 999	 2.170107e+03	 783.33	 750.00	 77.00	 8	 0.21	 
BFE_203	 1	 17	 2103.jpg	 2.175096e+03	 24	 999000	 240	 999000	 999	 2.176113e+03	 783.33	 750.00	 54.00	 3	 0.59	 
BFE_203	 1	 17	 1111.jpg	 2.177098e+03	 11	 1.040612e+03	 1100	 7.833587e+02	 98	 2.178116e+03	 733.33	 750.00	 18.00	 11	 0.57	 
BFE_203	 1	 17	 1206.jpg	 2.180101e+03	 11	 9.571718e+02	 110	 7.333714e+02	 98	 2.181119e+03	 750.00	 750.00	 7.00	 27	 0.74	 
BFE_203	 1	 17	 1204.jpg	 2.182087e+03	 12	 999000	 120	 999000	 999	 2.183104e+03	 750.00	 750.00	 9.00	 25	 0.72	 
BFE_203	 1	 17	 2204.jpg	 2.184089e+03	 24	 999000	 240	 999000	 999	 2.185107e+03	 750.00	 750.00	 60.00	 25	 0.50	 
BFE_203	 1	 17	 1105.jpg	 2.186091e+03	 12	 999000	 120	 999000	 999	 2.187109e+03	 750.00	 750.00	 17.00	 5	 0.57	 
BFE_203	 1	 17	 1109.jpg	 2.189095e+03	 11	 1.003734e+03	 1100	 7.500350e+02	 98	 2.190112e+03	 700.00	 750.00	 12.00	 9	 0.67	 
BFE_203	 1	 17	 2102.jpg	 2.193099e+03	 24	 999000	 240	 999000	 999	 2.194117e+03	 700.00	 750.00	 49.00	 2	 0.68	 
BFE_203	 1	 17	 1217.jpg	 2.195101e+03	 12	 999000	 120	 999000	 999	 2.196119e+03	 700.00	 750.00	 20.00	 38	 0.53	 
BFE_203	 1	 17	 2113.jpg	 2.197087e+03	 22	 9.955547e+02	 220	 7.500467e+02	 98	 2.198105e+03	 700.00	 766.67	 50.00	 13	 0.67	 
BFE_203	 1	 17	 1209.jpg	 2.199089e+03	 12	 999000	 120	 999000	 999	 2.200107e+03	 700.00	 766.67	 16.00	 30	 0.58	 
BFE_203	 1	 17	 1110.jpg	 2.201091e+03	 12	 999000	 120	 999000	 999	 2.202109e+03	 700.00	 766.67	 19.00	 10	 0.54	 
BFE_203	 1	 17	 2216.jpg	 2.203094e+03	 24	 999000	 240	 999000	 999	 2.204111e+03	 700.00	 766.67	 51.00	 37	 0.67	 
BFE_203	 1	 17	 1104.jpg	 2.207098e+03	 12	 999000	 120	 999000	 999	 2.208116e+03	 700.00	 766.67	 11.00	 4	 0.69	 
BFE_203	 1	 17	 1214.jpg	 2.211086e+03	 12	 999000	 120	 999000	 999	 2.212104e+03	 700.00	 766.67	 22.00	 35	 0.49	 
BFE_203	 1	 17	 2116.jpg	 2.213088e+03	 22	 1.146235e+03	 2200	 7.666981e+02	 98	 2.214106e+03	 700.00	 716.67	 52.00	 16	 0.67	 
BFE_203	 1	 17	 2203.jpg	 2.215090e+03	 24	 999000	 240	 999000	 999	 2.216108e+03	 700.00	 716.67	 78.00	 24	 0.13	 
BFE_203	 1	 17	 1202.jpg	 2.217093e+03	 12	 999000	 120	 999000	 999	 2.218110e+03	 700.00	 716.67	 38.00	 23	 0.20	 
BFE_203	 1	 17	 1201.jpg	 2.219095e+03	 11	 9.475576e+02	 110	 7.000306e+02	 98	 2.220113e+03	 716.67	 716.67	 15.00	 22	 0.60	 
BFE_203	 1	 17	 2202.jpg	 2.225102e+03	 24	 999000	 240	 999000	 999	 2.226119e+03	 716.67	 716.67	 61.00	 23	 0.49	 
BFE_203	 1	 17	 1107.jpg	 2.227087e+03	 12	 999000	 120	 999000	 999	 2.228105e+03	 716.67	 716.67	 4.00	 7	 0.80	 
