subjectID	 order	 runNum	 itemName	 onsetTime	 shuff_trialType	 RT	 respInTime	 AudioTime	 response	 fixationTime	 ladder1	 ladder2	 bidIndex	 itemNameIndex	 bidValue	 
BFE_204	 2	 16	 1206.jpg	 2.697393e+03	 12	 999000	 120	 999000	 999	 2.698411e+03	 450.00	 516.67	 10.00	 27	 0.67	 
BFE_204	 2	 16	 1217.jpg	 2.702382e+03	 12	 999000	 120	 999000	 999	 2.703400e+03	 450.00	 516.67	 13.00	 38	 0.61	 
BFE_204	 2	 16	 2103.jpg	 2.704384e+03	 24	 999000	 240	 999000	 999	 2.705402e+03	 450.00	 516.67	 62.00	 3	 0.47	 
BFE_204	 2	 16	 1108.jpg	 2.706386e+03	 11	 7.435887e+02	 110	 4.500457e+02	 98	 2.707404e+03	 466.67	 516.67	 16.00	 8	 0.59	 
BFE_204	 2	 16	 1215.jpg	 2.712376e+03	 11	 7.455715e+02	 110	 4.667011e+02	 98	 2.713394e+03	 483.33	 516.67	 11.00	 36	 0.66	 
BFE_204	 2	 16	 1214.jpg	 2.714379e+03	 12	 999000	 120	 999000	 999	 2.715396e+03	 483.33	 516.67	 12.00	 35	 0.64	 
BFE_204	 2	 16	 2203.jpg	 2.717382e+03	 24	 999000	 240	 999000	 999	 2.718400e+03	 483.33	 516.67	 53.00	 24	 0.59	 
BFE_204	 2	 16	 1120.jpg	 2.719384e+03	 12	 999000	 120	 999000	 999	 2.720402e+03	 483.33	 516.67	 15.00	 20	 0.59	 
BFE_204	 2	 16	 2120.jpg	 2.723389e+03	 24	 999000	 240	 999000	 999	 2.724407e+03	 483.33	 516.67	 55.00	 20	 0.57	 
BFE_204	 2	 16	 1219.jpg	 2.725391e+03	 12	 999000	 120	 999000	 999	 2.726409e+03	 483.33	 516.67	 3.00	 40	 0.84	 
BFE_204	 2	 16	 2117.jpg	 2.730380e+03	 24	 999000	 240	 999000	 999	 2.731398e+03	 483.33	 516.67	 78.00	 17	 0.22	 
BFE_204	 2	 16	 2101.jpg	 2.737388e+03	 22	 9.661611e+02	 220	 5.167187e+02	 98	 2.738406e+03	 483.33	 533.33	 54.00	 1	 0.58	 
BFE_204	 2	 16	 1207.jpg	 2.739390e+03	 12	 999000	 120	 999000	 999	 2.740408e+03	 483.33	 533.33	 21.00	 28	 0.51	 
BFE_204	 2	 16	 2206.jpg	 2.742377e+03	 24	 999000	 240	 999000	 999	 2.743395e+03	 483.33	 533.33	 50.00	 27	 0.68	 
BFE_204	 2	 16	 2106.jpg	 2.745380e+03	 22	 8.298200e+02	 220	 5.333711e+02	 98	 2.746398e+03	 483.33	 550.00	 56.00	 6	 0.56	 
BFE_204	 2	 16	 2208.jpg	 2.749385e+03	 22	 8.414781e+02	 220	 5.500409e+02	 98	 2.750402e+03	 483.33	 566.67	 57.00	 29	 0.55	 
BFE_204	 2	 16	 1118.jpg	 2.753389e+03	 12	 999000	 120	 999000	 999	 2.754407e+03	 483.33	 566.67	 37.00	 18	 0.15	 
BFE_204	 2	 16	 2212.jpg	 2.757377e+03	 24	 999000	 240	 999000	 999	 2.758395e+03	 483.33	 566.67	 61.00	 33	 0.50	 
BFE_204	 2	 16	 1109.jpg	 2.760380e+03	 12	 999000	 120	 999000	 999	 2.761398e+03	 483.33	 566.67	 19.00	 9	 0.55	 
BFE_204	 2	 16	 1205.jpg	 2.766388e+03	 11	 3.818712e+02	 11	 4.833745e+02	 98	 2.767405e+03	 500.00	 566.67	 17.00	 26	 0.56	 
BFE_204	 2	 16	 1203.jpg	 2.768389e+03	 12	 999000	 120	 999000	 999	 2.769407e+03	 500.00	 566.67	 20.00	 24	 0.52	 
BFE_204	 2	 16	 2108.jpg	 2.771376e+03	 22	 8.183970e+02	 220	 5.667009e+02	 98	 2.772394e+03	 500.00	 583.33	 49.00	 8	 0.72	 
BFE_204	 2	 16	 2209.jpg	 2.773378e+03	 24	 999000	 240	 999000	 999	 2.774396e+03	 500.00	 583.33	 44.00	 30	 0.84	 
BFE_204	 2	 16	 1204.jpg	 2.775380e+03	 11	 8.135090e+02	 110	 5.000294e+02	 98	 2.776398e+03	 516.67	 583.33	 9.00	 25	 0.68	 
BFE_204	 2	 16	 2202.jpg	 2.777383e+03	 22	 8.673623e+02	 220	 5.833631e+02	 98	 2.778400e+03	 516.67	 600.00	 48.00	 23	 0.75	 
BFE_204	 2	 16	 1209.jpg	 2.780386e+03	 11	 8.159326e+02	 110	 5.167049e+02	 98	 2.781404e+03	 533.33	 600.00	 8.00	 30	 0.69	 
BFE_204	 2	 16	 2216.jpg	 2.784390e+03	 24	 999000	 240	 999000	 999	 2.785408e+03	 533.33	 600.00	 52.00	 37	 0.62	 
BFE_204	 2	 16	 2219.jpg	 2.786376e+03	 22	 9.141782e+02	 220	 6.000274e+02	 98	 2.787394e+03	 533.33	 616.67	 51.00	 40	 0.65	 
BFE_204	 2	 16	 2214.jpg	 2.788378e+03	 24	 999000	 240	 999000	 999	 2.789396e+03	 533.33	 616.67	 47.00	 35	 0.78	 
BFE_204	 2	 16	 2204.jpg	 2.790381e+03	 24	 999000	 240	 999000	 999	 2.791398e+03	 533.33	 616.67	 60.00	 25	 0.51	 
BFE_204	 2	 16	 1218.jpg	 2.792383e+03	 12	 999000	 120	 999000	 999	 2.793401e+03	 533.33	 616.67	 4.00	 39	 0.77	 
BFE_204	 2	 16	 1117.jpg	 2.794385e+03	 12	 999000	 120	 999000	 999	 2.795403e+03	 533.33	 616.67	 38.00	 17	 0.15	 
BFE_204	 2	 16	 2210.jpg	 2.798390e+03	 24	 999000	 240	 999000	 999	 2.799408e+03	 533.33	 616.67	 59.00	 31	 0.53	 
BFE_204	 2	 16	 1101.jpg	 2.802377e+03	 12	 999000	 120	 999000	 999	 2.803395e+03	 533.33	 616.67	 7.00	 1	 0.72	 
BFE_204	 2	 16	 1210.jpg	 2.804380e+03	 12	 999000	 120	 999000	 999	 2.805397e+03	 533.33	 616.67	 22.00	 31	 0.49	 
BFE_204	 2	 16	 2110.jpg	 2.806382e+03	 24	 999000	 240	 999000	 999	 2.807400e+03	 533.33	 616.67	 77.00	 10	 0.23	 
BFE_204	 2	 16	 2218.jpg	 2.808384e+03	 24	 999000	 240	 999000	 999	 2.809402e+03	 533.33	 616.67	 43.00	 39	 0.87	 
BFE_204	 2	 16	 2215.jpg	 2.810386e+03	 24	 999000	 240	 999000	 999	 2.811404e+03	 533.33	 616.67	 58.00	 36	 0.54	 
BFE_204	 2	 16	 1111.jpg	 2.816376e+03	 12	 999000	 120	 999000	 999	 2.817394e+03	 533.33	 616.67	 18.00	 11	 0.56	 
BFE_204	 2	 16	 1208.jpg	 2.818379e+03	 11	 9.513831e+02	 110	 5.333585e+02	 98	 2.819396e+03	 550.00	 616.67	 14.00	 29	 0.60	 
