subjectID	 order	 runNum	 itemName	 onsetTime	 shuff_trialType	 RT	 respInTime	 AudioTime	 response	 fixationTime	 ladder1	 ladder2	 bidIndex	 itemNameIndex	 bidValue	 
BFE_203	 1	 16	 1114.jpg	 1.961122e+03	 12	 999000	 120	 999000	 999	 1.962140e+03	 650.00	 716.67	 8.00	 14	 0.73	 
BFE_203	 1	 16	 2203.jpg	 1.964109e+03	 24	 999000	 240	 999000	 999	 1.965127e+03	 650.00	 716.67	 78.00	 24	 0.13	 
BFE_203	 1	 16	 2108.jpg	 1.968114e+03	 24	 999000	 240	 999000	 999	 1.969131e+03	 650.00	 716.67	 77.00	 8	 0.21	 
BFE_203	 1	 16	 2113.jpg	 1.970116e+03	 22	 1.022492e+03	 2200	 7.167084e+02	 98	 1.971134e+03	 650.00	 666.67	 50.00	 13	 0.67	 
BFE_203	 1	 16	 2204.jpg	 1.972118e+03	 24	 999000	 240	 999000	 999	 1.973136e+03	 650.00	 666.67	 60.00	 25	 0.50	 
BFE_203	 1	 16	 2211.jpg	 1.976106e+03	 24	 999000	 240	 999000	 999	 1.977124e+03	 650.00	 666.67	 62.00	 32	 0.47	 
BFE_203	 1	 16	 1102.jpg	 1.978108e+03	 12	 999000	 120	 999000	 999	 1.979126e+03	 650.00	 666.67	 21.00	 2	 0.52	 
BFE_203	 1	 16	 1113.jpg	 1.983114e+03	 11	 8.966876e+02	 110	 6.500384e+02	 98	 1.984132e+03	 666.67	 666.67	 13.00	 13	 0.66	 
BFE_203	 1	 16	 2121.jpg	 1.985116e+03	 24	 999000	 240	 999000	 999	 1.986134e+03	 666.67	 666.67	 44.00	 21	 0.85	 
BFE_203	 1	 16	 1111.jpg	 1.988119e+03	 11	 9.470666e+02	 110	 6.666955e+02	 98	 1.989137e+03	 683.33	 666.67	 18.00	 11	 0.57	 
BFE_203	 1	 16	 1214.jpg	 1.991106e+03	 12	 999000	 120	 999000	 999	 1.992124e+03	 683.33	 666.67	 22.00	 35	 0.49	 
BFE_203	 1	 16	 1109.jpg	 1.995111e+03	 11	 9.798290e+02	 110	 6.833658e+02	 98	 1.996128e+03	 700.00	 666.67	 12.00	 9	 0.67	 
BFE_203	 1	 16	 2107.jpg	 1.998114e+03	 22	 8.884962e+02	 220	 6.667006e+02	 98	 1.999132e+03	 700.00	 683.33	 55.00	 7	 0.57	 
BFE_203	 1	 16	 1108.jpg	 2.000116e+03	 12	 999000	 120	 999000	 999	 2.001134e+03	 700.00	 683.33	 37.00	 8	 0.21	 
BFE_203	 1	 16	 2104.jpg	 2.003120e+03	 22	 9.788646e+02	 220	 6.833646e+02	 98	 2.004137e+03	 700.00	 700.00	 58.00	 4	 0.54	 
BFE_203	 1	 16	 2205.jpg	 2.007107e+03	 24	 999000	 240	 999000	 999	 2.008125e+03	 700.00	 700.00	 48.00	 26	 0.70	 
BFE_203	 1	 16	 1110.jpg	 2.010111e+03	 12	 999000	 120	 999000	 999	 2.011128e+03	 700.00	 700.00	 19.00	 10	 0.54	 
BFE_203	 1	 16	 2103.jpg	 2.012113e+03	 24	 999000	 240	 999000	 999	 2.013131e+03	 700.00	 700.00	 54.00	 3	 0.59	 
BFE_203	 1	 16	 2201.jpg	 2.014115e+03	 24	 999000	 240	 999000	 999	 2.015133e+03	 700.00	 700.00	 57.00	 22	 0.54	 
BFE_203	 1	 16	 2217.jpg	 2.019121e+03	 24	 999000	 240	 999000	 999	 2.020139e+03	 700.00	 700.00	 59.00	 38	 0.51	 
BFE_203	 1	 16	 1202.jpg	 2.023109e+03	 12	 999000	 120	 999000	 999	 2.024126e+03	 700.00	 700.00	 38.00	 23	 0.20	 
BFE_203	 1	 16	 1205.jpg	 2.027113e+03	 12	 999000	 120	 999000	 999	 2.028131e+03	 700.00	 700.00	 3.00	 26	 0.80	 
BFE_203	 1	 16	 2115.jpg	 2.033120e+03	 22	 1.010560e+03	 2200	 7.000347e+02	 98	 2.034139e+03	 700.00	 650.00	 53.00	 15	 0.62	 
BFE_203	 1	 16	 1204.jpg	 2.035105e+03	 12	 999000	 120	 999000	 999	 2.036123e+03	 700.00	 650.00	 9.00	 25	 0.72	 
BFE_203	 1	 16	 1107.jpg	 2.037108e+03	 12	 999000	 120	 999000	 999	 2.038125e+03	 700.00	 650.00	 4.00	 7	 0.80	 
BFE_203	 1	 16	 1105.jpg	 2.039110e+03	 12	 999000	 120	 999000	 999	 2.040128e+03	 700.00	 650.00	 17.00	 5	 0.57	 
BFE_203	 1	 16	 1117.jpg	 2.041112e+03	 12	 999000	 120	 999000	 999	 2.042130e+03	 700.00	 650.00	 14.00	 17	 0.64	 
BFE_203	 1	 16	 1206.jpg	 2.045117e+03	 11	 9.498332e+02	 110	 7.000362e+02	 98	 2.046134e+03	 716.67	 650.00	 7.00	 27	 0.74	 
BFE_203	 1	 16	 2109.jpg	 2.047119e+03	 22	 9.315252e+02	 220	 6.500297e+02	 98	 2.048137e+03	 716.67	 666.67	 47.00	 9	 0.74	 
BFE_203	 1	 16	 2202.jpg	 2.051107e+03	 24	 999000	 240	 999000	 999	 2.052124e+03	 716.67	 666.67	 61.00	 23	 0.49	 
BFE_203	 1	 16	 1217.jpg	 2.053109e+03	 12	 999000	 120	 999000	 999	 2.054127e+03	 716.67	 666.67	 20.00	 38	 0.53	 
BFE_203	 1	 16	 2216.jpg	 2.055111e+03	 24	 999000	 240	 999000	 999	 2.056129e+03	 716.67	 666.67	 51.00	 37	 0.67	 
BFE_203	 1	 16	 2106.jpg	 2.057113e+03	 24	 999000	 240	 999000	 999	 2.058131e+03	 716.67	 666.67	 43.00	 6	 0.88	 
BFE_203	 1	 16	 2116.jpg	 2.062119e+03	 22	 9.234132e+02	 220	 6.667316e+02	 98	 2.063137e+03	 716.67	 683.33	 52.00	 16	 0.67	 
BFE_203	 1	 16	 2219.jpg	 2.064121e+03	 24	 999000	 240	 999000	 999	 2.065139e+03	 716.67	 683.33	 56.00	 40	 0.56	 
BFE_203	 1	 16	 1201.jpg	 2.066107e+03	 11	 9.435865e+02	 110	 7.166980e+02	 98	 2.067125e+03	 733.33	 683.33	 15.00	 22	 0.60	 
BFE_203	 1	 16	 1104.jpg	 2.069110e+03	 12	 999000	 120	 999000	 999	 2.070128e+03	 733.33	 683.33	 11.00	 4	 0.69	 
BFE_203	 1	 16	 1209.jpg	 2.076118e+03	 12	 999000	 120	 999000	 999	 2.077136e+03	 733.33	 683.33	 16.00	 30	 0.58	 
BFE_203	 1	 16	 2102.jpg	 2.080105e+03	 24	 999000	 240	 999000	 999	 2.081124e+03	 733.33	 683.33	 49.00	 2	 0.68	 
BFE_203	 1	 16	 1115.jpg	 2.087114e+03	 11	 9.687757e+02	 110	 7.333696e+02	 98	 2.088131e+03	 750.00	 683.33	 10.00	 15	 0.71	 
