subjectID	 order	 runNum	 itemName	 onsetTime	 shuff_trialType	 RT	 respInTime	 AudioTime	 response	 fixationTime	 ladder1	 ladder2	 bidIndex	 itemNameIndex	 bidValue	 
BFE_111	 1	 13	 2211.jpg	 1.908376e+03	 22	 9.624741e+02	 220	 6.833738e+02	 98	 1.909394e+03	 750.00	 700.00	 58.00	 32	 0.51	 
BFE_111	 1	 13	 2207.jpg	 1.910361e+03	 24	 999000	 240	 999000	 999	 1.911379e+03	 750.00	 700.00	 44.00	 28	 0.72	 
BFE_111	 1	 13	 1210.jpg	 1.914366e+03	 12	 999000	 120	 999000	 999	 1.915384e+03	 750.00	 700.00	 11.00	 31	 0.61	 
BFE_111	 1	 13	 2210.jpg	 1.917369e+03	 22	 7.130027e+02	 220	 7.000325e+02	 98	 1.918387e+03	 750.00	 716.67	 52.00	 31	 0.61	 
BFE_111	 1	 13	 1116.jpg	 1.919371e+03	 12	 999000	 120	 999000	 999	 1.920389e+03	 750.00	 716.67	 38.00	 16	 0.23	 
BFE_111	 1	 13	 1218.jpg	 1.922375e+03	 11	 9.873465e+02	 110	 7.500499e+02	 98	 1.923393e+03	 766.67	 716.67	 7.00	 39	 0.66	 
BFE_111	 1	 13	 2110.jpg	 1.926363e+03	 24	 999000	 240	 999000	 999	 1.927380e+03	 766.67	 716.67	 62.00	 10	 0.44	 
BFE_111	 1	 13	 2213.jpg	 1.930367e+03	 22	 9.950802e+02	 220	 7.167458e+02	 98	 1.931385e+03	 766.67	 733.33	 50.00	 34	 0.65	 
BFE_111	 1	 13	 1114.jpg	 1.932369e+03	 12	 999000	 120	 999000	 999	 1.933387e+03	 766.67	 733.33	 4.00	 14	 0.79	 
BFE_111	 1	 13	 2111.jpg	 1.937375e+03	 24	 999000	 240	 999000	 999	 1.938393e+03	 766.67	 733.33	 49.00	 11	 0.66	 
BFE_111	 1	 13	 1217.jpg	 1.939360e+03	 12	 999000	 120	 999000	 999	 1.940378e+03	 766.67	 733.33	 3.00	 38	 0.87	 
BFE_111	 1	 13	 1105.jpg	 1.941363e+03	 12	 999000	 120	 999000	 999	 1.942381e+03	 766.67	 733.33	 14.00	 5	 0.57	 
BFE_111	 1	 13	 1102.jpg	 1.947369e+03	 12	 999000	 120	 999000	 999	 1.948387e+03	 766.67	 733.33	 19.00	 2	 0.52	 
BFE_111	 1	 13	 1107.jpg	 1.949372e+03	 11	 1.006429e+03	 1100	 7.666920e+02	 98	 1.950390e+03	 716.67	 733.33	 12.00	 7	 0.60	 
BFE_111	 1	 13	 2113.jpg	 1.951374e+03	 24	 999000	 240	 999000	 999	 1.952392e+03	 716.67	 733.33	 51.00	 13	 0.64	 
BFE_111	 1	 13	 2102.jpg	 1.953359e+03	 24	 999000	 240	 999000	 999	 1.954377e+03	 716.67	 733.33	 48.00	 2	 0.67	 
BFE_111	 1	 13	 2214.jpg	 1.957364e+03	 22	 1.014219e+03	 2200	 7.333985e+02	 98	 1.958382e+03	 716.67	 683.33	 47.00	 35	 0.68	 
BFE_111	 1	 13	 2103.jpg	 1.961369e+03	 24	 999000	 240	 999000	 999	 1.962386e+03	 716.67	 683.33	 57.00	 3	 0.53	 
BFE_111	 1	 13	 2218.jpg	 1.964372e+03	 24	 999000	 240	 999000	 999	 1.965390e+03	 716.67	 683.33	 61.00	 39	 0.45	 
BFE_111	 1	 13	 2112.jpg	 1.968359e+03	 24	 999000	 240	 999000	 999	 1.969378e+03	 716.67	 683.33	 60.00	 12	 0.48	 
BFE_111	 1	 13	 2116.jpg	 1.971363e+03	 24	 999000	 240	 999000	 999	 1.972381e+03	 716.67	 683.33	 78.00	 16	 0.25	 
BFE_111	 1	 13	 1113.jpg	 1.973365e+03	 12	 999000	 120	 999000	 999	 1.974383e+03	 716.67	 683.33	 21.00	 13	 0.49	 
BFE_111	 1	 13	 1120.jpg	 1.977370e+03	 12	 999000	 120	 999000	 999	 1.978388e+03	 716.67	 683.33	 20.00	 20	 0.49	 
BFE_111	 1	 13	 2205.jpg	 1.979372e+03	 24	 999000	 240	 999000	 999	 1.980390e+03	 716.67	 683.33	 59.00	 26	 0.50	 
BFE_111	 1	 13	 1215.jpg	 1.981374e+03	 12	 999000	 120	 999000	 999	 1.982392e+03	 716.67	 683.33	 16.00	 36	 0.54	 
BFE_111	 1	 13	 1219.jpg	 1.985362e+03	 11	 8.961452e+02	 110	 7.166980e+02	 98	 1.986380e+03	 733.33	 683.33	 13.00	 40	 0.58	 
BFE_111	 1	 13	 2216.jpg	 1.987364e+03	 24	 999000	 240	 999000	 999	 1.988382e+03	 733.33	 683.33	 56.00	 37	 0.55	 
BFE_111	 1	 13	 2209.jpg	 1.991369e+03	 24	 999000	 240	 999000	 999	 1.992387e+03	 733.33	 683.33	 54.00	 30	 0.56	 
BFE_111	 1	 13	 2120.jpg	 1.995373e+03	 22	 9.168833e+02	 220	 6.833621e+02	 98	 1.996391e+03	 733.33	 700.00	 53.00	 20	 0.60	 
BFE_111	 1	 13	 1117.jpg	 1.998360e+03	 11	 7.464583e+02	 110	 7.333618e+02	 98	 1.999378e+03	 750.00	 700.00	 15.00	 17	 0.55	 
BFE_111	 1	 13	 1214.jpg	 2.004367e+03	 12	 999000	 120	 999000	 999	 2.005385e+03	 750.00	 700.00	 9.00	 35	 0.63	 
BFE_111	 1	 13	 1209.jpg	 2.006369e+03	 12	 999000	 120	 999000	 999	 2.007387e+03	 750.00	 700.00	 8.00	 30	 0.64	 
BFE_111	 1	 13	 2119.jpg	 2.010373e+03	 24	 999000	 240	 999000	 999	 2.011391e+03	 750.00	 700.00	 77.00	 19	 0.30	 
BFE_111	 1	 13	 1216.jpg	 2.012376e+03	 11	 9.704725e+02	 110	 7.500556e+02	 98	 2.013393e+03	 766.67	 700.00	 10.00	 37	 0.61	 
BFE_111	 1	 13	 2104.jpg	 2.014361e+03	 22	 1.128925e+03	 2200	 7.000473e+02	 98	 2.015379e+03	 766.67	 650.00	 55.00	 4	 0.56	 
BFE_111	 1	 13	 1109.jpg	 2.016364e+03	 12	 999000	 120	 999000	 999	 2.017381e+03	 766.67	 650.00	 17.00	 9	 0.54	 
BFE_111	 1	 13	 1213.jpg	 2.021369e+03	 12	 999000	 120	 999000	 999	 2.022387e+03	 766.67	 650.00	 37.00	 34	 0.23	 
BFE_111	 1	 13	 1205.jpg	 2.023371e+03	 11	 1.006827e+03	 1100	 7.666968e+02	 98	 2.024389e+03	 716.67	 650.00	 18.00	 26	 0.52	 
BFE_111	 1	 13	 2217.jpg	 2.025374e+03	 24	 999000	 240	 999000	 999	 2.026391e+03	 716.67	 650.00	 43.00	 38	 0.77	 
BFE_111	 1	 13	 1202.jpg	 2.028360e+03	 12	 999000	 120	 999000	 999	 2.029378e+03	 716.67	 650.00	 22.00	 23	 0.46	 
