subjectID	 order	 runNum	 itemName	 onsetTime	 shuff_trialType	 RT	 respInTime	 AudioTime	 response	 fixationTime	 ladder1	 ladder2	 bidIndex	 itemNameIndex	 bidValue	 
BFE_108	 2	 1	 1121.jpg	 1.318026e+00	 12	 999000	 120	 999000	 999	 2.335656e+00	 750.00	 750.00	 7.00	 21	 0.71	 
BFE_108	 2	 1	 2208.jpg	 6.306630e+00	 24	 999000	 240	 999000	 999	 7.324476e+00	 750.00	 750.00	 62.00	 29	 0.46	 
BFE_108	 2	 1	 2121.jpg	 8.308940e+00	 22	 9.656445e+02	 220	 7.500524e+02	 98	 9.326682e+00	 750.00	 766.67	 49.00	 21	 0.69	 
BFE_108	 2	 1	 2219.jpg	 1.031121e+01	 24	 999000	 240	 999000	 999	 1.132897e+01	 750.00	 766.67	 50.00	 40	 0.67	 
BFE_108	 2	 1	 1113.jpg	 1.631800e+01	 12	 999000	 120	 999000	 999	 1.733573e+01	 750.00	 766.67	 20.00	 13	 0.50	 
BFE_108	 2	 1	 1215.jpg	 1.832009e+01	 12	 999000	 120	 999000	 999	 1.933793e+01	 750.00	 766.67	 22.00	 36	 0.47	 
BFE_108	 2	 1	 1117.jpg	 2.130691e+01	 12	 999000	 120	 999000	 999	 2.232458e+01	 750.00	 766.67	 21.00	 17	 0.50	 
BFE_108	 2	 1	 1213.jpg	 2.330904e+01	 11	 9.734999e+02	 110	 7.500497e+02	 98	 2.432681e+01	 766.67	 766.67	 9.00	 34	 0.71	 
BFE_108	 2	 1	 1219.jpg	 2.731364e+01	 12	 999000	 120	 999000	 999	 2.833133e+01	 766.67	 766.67	 4.00	 40	 0.78	 
BFE_108	 2	 1	 1102.jpg	 2.931584e+01	 11	 1.014695e+03	 1100	 7.667441e+02	 98	 3.033365e+01	 716.67	 766.67	 16.00	 2	 0.53	 
BFE_108	 2	 1	 1203.jpg	 3.432146e+01	 11	 9.450859e+02	 110	 7.167144e+02	 98	 3.533923e+01	 733.33	 766.67	 11.00	 24	 0.63	 
BFE_108	 2	 1	 1218.jpg	 4.131255e+01	 12	 999000	 120	 999000	 999	 4.233030e+01	 733.33	 766.67	 12.00	 39	 0.62	 
BFE_108	 2	 1	 2204.jpg	 4.331484e+01	 24	 999000	 240	 999000	 999	 4.433253e+01	 733.33	 766.67	 61.00	 25	 0.48	 
BFE_108	 2	 1	 2209.jpg	 4.631828e+01	 24	 999000	 240	 999000	 999	 4.733597e+01	 733.33	 766.67	 53.00	 30	 0.61	 
BFE_108	 2	 1	 1105.jpg	 4.930456e+01	 12	 999000	 120	 999000	 999	 5.032266e+01	 733.33	 766.67	 13.00	 5	 0.55	 
BFE_108	 2	 1	 2102.jpg	 5.330935e+01	 24	 999000	 240	 999000	 999	 5.432710e+01	 733.33	 766.67	 59.00	 2	 0.52	 
BFE_108	 2	 1	 1106.jpg	 5.731391e+01	 11	 9.686385e+02	 110	 7.333688e+02	 98	 5.833164e+01	 750.00	 766.67	 8.00	 6	 0.71	 
BFE_108	 2	 1	 2103.jpg	 6.131829e+01	 24	 999000	 240	 999000	 999	 6.233613e+01	 750.00	 766.67	 43.00	 3	 0.83	 
BFE_108	 2	 1	 2117.jpg	 6.430474e+01	 24	 999000	 240	 999000	 999	 6.532279e+01	 750.00	 766.67	 47.00	 17	 0.74	 
BFE_108	 2	 1	 1111.jpg	 7.031189e+01	 12	 999000	 120	 999000	 999	 7.132953e+01	 750.00	 766.67	 19.00	 11	 0.51	 
BFE_108	 2	 1	 2111.jpg	 7.231401e+01	 22	 1.000557e+03	 2200	 7.667011e+02	 98	 7.333185e+01	 750.00	 716.67	 51.00	 11	 0.65	 
BFE_108	 2	 1	 2217.jpg	 7.531732e+01	 24	 999000	 240	 999000	 999	 7.633515e+01	 750.00	 716.67	 44.00	 38	 0.81	 
BFE_108	 2	 1	 2113.jpg	 7.731958e+01	 24	 999000	 240	 999000	 999	 7.833734e+01	 750.00	 716.67	 60.00	 13	 0.51	 
BFE_108	 2	 1	 2109.jpg	 7.930491e+01	 22	 9.536149e+02	 220	 7.167031e+02	 98	 8.032291e+01	 750.00	 733.33	 56.00	 9	 0.57	 
BFE_108	 2	 1	 1201.jpg	 8.130734e+01	 12	 999000	 120	 999000	 999	 8.232521e+01	 750.00	 733.33	 3.00	 22	 0.88	 
BFE_108	 2	 1	 2213.jpg	 8.431078e+01	 24	 999000	 240	 999000	 999	 8.532853e+01	 750.00	 733.33	 52.00	 34	 0.62	 
BFE_108	 2	 1	 1214.jpg	 8.831529e+01	 12	 999000	 120	 999000	 999	 8.933295e+01	 750.00	 733.33	 18.00	 35	 0.52	 
BFE_108	 2	 1	 1211.jpg	 9.031751e+01	 11	 9.810308e+02	 110	 7.500368e+02	 98	 9.133533e+01	 766.67	 733.33	 14.00	 32	 0.54	 
BFE_108	 2	 1	 2212.jpg	 9.231976e+01	 24	 999000	 240	 999000	 999	 9.333746e+01	 766.67	 733.33	 78.00	 33	 0.21	 
BFE_108	 2	 1	 2106.jpg	 9.430501e+01	 22	 9.455529e+02	 220	 7.333731e+02	 98	 9.532302e+01	 766.67	 750.00	 54.00	 6	 0.61	 
BFE_108	 2	 1	 2112.jpg	 9.630749e+01	 24	 999000	 240	 999000	 999	 9.732527e+01	 766.67	 750.00	 77.00	 12	 0.22	 
BFE_108	 2	 1	 2218.jpg	 9.830983e+01	 22	 9.727171e+02	 220	 7.500352e+02	 98	 9.932758e+01	 766.67	 766.67	 57.00	 39	 0.57	 
BFE_108	 2	 1	 1114.jpg	 1.023145e+02	 12	 999000	 120	 999000	 999	 1.033320e+02	 766.67	 766.67	 10.00	 14	 0.65	 
BFE_108	 2	 1	 2101.jpg	 1.063188e+02	 24	 999000	 240	 999000	 999	 1.073365e+02	 766.67	 766.67	 55.00	 1	 0.58	 
BFE_108	 2	 1	 1210.jpg	 1.083210e+02	 12	 999000	 120	 999000	 999	 1.093387e+02	 766.67	 766.67	 37.00	 31	 0.21	 
BFE_108	 2	 1	 2210.jpg	 1.103066e+02	 22	 9.920046e+02	 220	 7.667062e+02	 98	 1.113243e+02	 766.67	 783.33	 48.00	 31	 0.73	 
BFE_108	 2	 1	 1202.jpg	 1.123089e+02	 11	 9.896812e+02	 110	 7.667026e+02	 98	 1.133265e+02	 783.33	 783.33	 17.00	 23	 0.53	 
BFE_108	 2	 1	 2205.jpg	 1.143111e+02	 24	 999000	 240	 999000	 999	 1.153289e+02	 783.33	 783.33	 58.00	 26	 0.54	 
BFE_108	 2	 1	 1115.jpg	 1.203178e+02	 12	 999000	 120	 999000	 999	 1.213356e+02	 783.33	 783.33	 15.00	 15	 0.54	 
BFE_108	 2	 1	 1216.jpg	 1.223201e+02	 12	 999000	 120	 999000	 999	 1.233378e+02	 783.33	 783.33	 38.00	 37	 0.20	 
