subjectID	 order	 runNum	 itemName	 onsetTime	 shuff_trialType	 RT	 respInTime	 AudioTime	 response	 fixationTime	 ladder1	 ladder2	 bidIndex	 itemNameIndex	 bidValue	 
BFE_110	 2	 15	 1115.jpg	 2.141945e+03	 12	 999000	 120	 999000	 999	 2.142963e+03	 483.33	 550.00	 20.00	 15	 0.50	 
BFE_110	 2	 15	 2202.jpg	 2.143931e+03	 24	 999000	 240	 999000	 999	 2.144949e+03	 483.33	 550.00	 59.00	 23	 0.60	 
BFE_110	 2	 15	 1106.jpg	 2.147935e+03	 12	 999000	 120	 999000	 999	 2.148953e+03	 483.33	 550.00	 18.00	 6	 0.54	 
BFE_110	 2	 15	 1119.jpg	 2.150939e+03	 12	 999000	 120	 999000	 999	 2.151956e+03	 483.33	 550.00	 38.00	 19	 0.15	 
BFE_110	 2	 15	 2204.jpg	 2.152924e+03	 22	 9.661126e+02	 220	 5.500414e+02	 98	 2.153942e+03	 483.33	 566.67	 48.00	 25	 0.76	 
BFE_110	 2	 15	 2121.jpg	 2.155928e+03	 24	 999000	 240	 999000	 999	 2.156945e+03	 483.33	 566.67	 52.00	 21	 0.65	 
BFE_110	 2	 15	 2207.jpg	 2.159932e+03	 24	 999000	 240	 999000	 999	 2.160950e+03	 483.33	 566.67	 53.00	 28	 0.64	 
BFE_110	 2	 15	 2119.jpg	 2.163937e+03	 24	 999000	 240	 999000	 999	 2.164954e+03	 483.33	 566.67	 78.00	 19	 0.22	 
BFE_110	 2	 15	 1209.jpg	 2.165939e+03	 12	 999000	 120	 999000	 999	 2.166957e+03	 483.33	 566.67	 7.00	 30	 0.76	 
BFE_110	 2	 15	 1205.jpg	 2.170928e+03	 12	 999000	 120	 999000	 999	 2.171945e+03	 483.33	 566.67	 4.00	 26	 0.78	 
BFE_110	 2	 15	 2104.jpg	 2.172930e+03	 24	 999000	 240	 999000	 999	 2.173948e+03	 483.33	 566.67	 61.00	 4	 0.59	 
BFE_110	 2	 15	 2217.jpg	 2.174932e+03	 24	 999000	 240	 999000	 999	 2.175950e+03	 483.33	 566.67	 60.00	 38	 0.59	 
BFE_110	 2	 15	 1121.jpg	 2.180939e+03	 11	 8.873309e+02	 110	 4.833779e+02	 98	 2.181957e+03	 500.00	 566.67	 16.00	 21	 0.58	 
BFE_110	 2	 15	 1204.jpg	 2.182924e+03	 11	 8.540745e+02	 110	 5.000293e+02	 98	 2.183942e+03	 516.67	 566.67	 17.00	 25	 0.54	 
BFE_110	 2	 15	 2120.jpg	 2.184927e+03	 22	 3.954704e+02	 22	 5.667080e+02	 98	 2.185945e+03	 516.67	 583.33	 51.00	 20	 0.69	 
BFE_110	 2	 15	 2213.jpg	 2.186929e+03	 24	 999000	 240	 999000	 999	 2.187947e+03	 516.67	 583.33	 43.00	 34	 0.84	 
BFE_110	 2	 15	 1218.jpg	 2.190933e+03	 11	 8.528141e+02	 110	 5.167040e+02	 98	 2.191951e+03	 533.33	 583.33	 9.00	 39	 0.73	 
BFE_110	 2	 15	 1219.jpg	 2.194938e+03	 12	 999000	 120	 999000	 999	 2.195956e+03	 533.33	 583.33	 15.00	 40	 0.59	 
BFE_110	 2	 15	 2214.jpg	 2.197924e+03	 24	 999000	 240	 999000	 999	 2.198942e+03	 533.33	 583.33	 58.00	 35	 0.61	 
BFE_110	 2	 15	 1105.jpg	 2.201929e+03	 12	 999000	 120	 999000	 999	 2.202947e+03	 533.33	 583.33	 21.00	 5	 0.48	 
BFE_110	 2	 15	 2208.jpg	 2.204932e+03	 24	 999000	 240	 999000	 999	 2.205950e+03	 533.33	 583.33	 55.00	 29	 0.63	 
BFE_110	 2	 15	 2205.jpg	 2.206935e+03	 22	 9.155256e+02	 220	 5.833602e+02	 98	 2.207952e+03	 533.33	 600.00	 57.00	 26	 0.62	 
BFE_110	 2	 15	 2211.jpg	 2.210939e+03	 22	 9.429929e+02	 220	 6.000387e+02	 98	 2.211957e+03	 533.33	 616.67	 49.00	 32	 0.71	 
BFE_110	 2	 15	 1102.jpg	 2.212925e+03	 12	 999000	 120	 999000	 999	 2.213943e+03	 533.33	 616.67	 37.00	 2	 0.16	 
BFE_110	 2	 15	 2115.jpg	 2.214927e+03	 22	 9.232198e+02	 220	 6.166947e+02	 98	 2.215945e+03	 533.33	 633.33	 56.00	 15	 0.63	 
BFE_110	 2	 15	 1109.jpg	 2.218932e+03	 12	 999000	 120	 999000	 999	 2.219949e+03	 533.33	 633.33	 19.00	 9	 0.51	 
BFE_110	 2	 15	 1206.jpg	 2.220934e+03	 12	 999000	 120	 999000	 999	 2.221952e+03	 533.33	 633.33	 3.00	 27	 0.83	 
BFE_110	 2	 15	 1211.jpg	 2.224938e+03	 12	 999000	 120	 999000	 999	 2.225956e+03	 533.33	 633.33	 10.00	 32	 0.70	 
BFE_110	 2	 15	 2206.jpg	 2.228926e+03	 24	 999000	 240	 999000	 999	 2.229944e+03	 533.33	 633.33	 47.00	 27	 0.78	 
BFE_110	 2	 15	 2210.jpg	 2.231929e+03	 24	 999000	 240	 999000	 999	 2.232947e+03	 533.33	 633.33	 77.00	 31	 0.25	 
BFE_110	 2	 15	 2219.jpg	 2.237936e+03	 24	 999000	 240	 999000	 999	 2.238954e+03	 533.33	 633.33	 50.00	 40	 0.70	 
BFE_110	 2	 15	 2102.jpg	 2.239938e+03	 24	 999000	 240	 999000	 999	 2.240956e+03	 533.33	 633.33	 62.00	 2	 0.58	 
BFE_110	 2	 15	 1117.jpg	 2.243926e+03	 11	 9.080466e+02	 110	 5.333641e+02	 98	 2.244944e+03	 550.00	 633.33	 14.00	 17	 0.59	 
BFE_110	 2	 15	 1120.jpg	 2.245928e+03	 12	 999000	 120	 999000	 999	 2.246946e+03	 550.00	 633.33	 13.00	 20	 0.60	 
BFE_110	 2	 15	 1214.jpg	 2.247931e+03	 12	 999000	 120	 999000	 999	 2.248949e+03	 550.00	 633.33	 12.00	 35	 0.61	 
BFE_110	 2	 15	 1210.jpg	 2.249933e+03	 12	 999000	 120	 999000	 999	 2.250951e+03	 550.00	 633.33	 22.00	 31	 0.47	 
BFE_110	 2	 15	 2218.jpg	 2.254939e+03	 24	 999000	 240	 999000	 999	 2.255956e+03	 550.00	 633.33	 44.00	 39	 0.81	 
BFE_110	 2	 15	 1114.jpg	 2.256924e+03	 11	 9.184384e+02	 110	 5.500310e+02	 98	 2.257942e+03	 566.67	 633.33	 11.00	 14	 0.67	 
BFE_110	 2	 15	 2109.jpg	 2.258926e+03	 22	 1.043724e+03	 2200	 6.333636e+02	 98	 2.259944e+03	 566.67	 583.33	 54.00	 9	 0.63	 
BFE_110	 2	 15	 1216.jpg	 2.261930e+03	 11	 9.204742e+02	 110	 5.667232e+02	 98	 2.262947e+03	 583.33	 583.33	 8.00	 37	 0.74	 
