subjectID	 order	 runNum	 itemName	 onsetTime	 shuff_trialType	 RT	 respInTime	 AudioTime	 response	 fixationTime	 ladder1	 ladder2	 bidIndex	 itemNameIndex	 bidValue	 
BFE_110	 2	 5	 2202.jpg	 6.068909e+02	 24	 999000	 240	 999000	 999	 6.079087e+02	 550.00	 616.67	 59.00	 23	 0.60	 
BFE_110	 2	 5	 1120.jpg	 6.088766e+02	 12	 999000	 120	 999000	 999	 6.098942e+02	 550.00	 616.67	 13.00	 20	 0.60	 
BFE_110	 2	 5	 1115.jpg	 6.128810e+02	 12	 999000	 120	 999000	 999	 6.138987e+02	 550.00	 616.67	 20.00	 15	 0.50	 
BFE_110	 2	 5	 1211.jpg	 6.158843e+02	 12	 999000	 120	 999000	 999	 6.169021e+02	 550.00	 616.67	 10.00	 32	 0.70	 
BFE_110	 2	 5	 1214.jpg	 6.178866e+02	 12	 999000	 120	 999000	 999	 6.189043e+02	 550.00	 616.67	 12.00	 35	 0.61	 
BFE_110	 2	 5	 2208.jpg	 6.208733e+02	 24	 999000	 240	 999000	 999	 6.218910e+02	 550.00	 616.67	 55.00	 29	 0.63	 
BFE_110	 2	 5	 2205.jpg	 6.248778e+02	 22	 1.164416e+03	 2200	 6.167123e+02	 98	 6.258955e+02	 550.00	 566.67	 57.00	 26	 0.62	 
BFE_110	 2	 5	 1209.jpg	 6.288822e+02	 12	 999000	 120	 999000	 999	 6.299000e+02	 550.00	 566.67	 7.00	 30	 0.76	 
BFE_110	 2	 5	 2206.jpg	 6.308845e+02	 24	 999000	 240	 999000	 999	 6.319023e+02	 550.00	 566.67	 47.00	 27	 0.78	 
BFE_110	 2	 5	 2109.jpg	 6.358734e+02	 22	 1.056765e+03	 2200	 5.666949e+02	 98	 6.368913e+02	 550.00	 516.67	 54.00	 9	 0.63	 
BFE_110	 2	 5	 1210.jpg	 6.378756e+02	 12	 999000	 120	 999000	 999	 6.388935e+02	 550.00	 516.67	 22.00	 31	 0.47	 
BFE_110	 2	 5	 1219.jpg	 6.398779e+02	 12	 999000	 120	 999000	 999	 6.408957e+02	 550.00	 516.67	 15.00	 40	 0.59	 
BFE_110	 2	 5	 2120.jpg	 6.458847e+02	 22	 8.135610e+02	 220	 5.167046e+02	 98	 6.469024e+02	 550.00	 533.33	 51.00	 20	 0.69	 
BFE_110	 2	 5	 1102.jpg	 6.478868e+02	 12	 999000	 120	 999000	 999	 6.489047e+02	 550.00	 533.33	 37.00	 2	 0.16	 
BFE_110	 2	 5	 2214.jpg	 6.498724e+02	 24	 999000	 240	 999000	 999	 6.508902e+02	 550.00	 533.33	 58.00	 35	 0.61	 
BFE_110	 2	 5	 1121.jpg	 6.518748e+02	 11	 8.553591e+02	 110	 5.500403e+02	 98	 6.528924e+02	 566.67	 533.33	 16.00	 21	 0.58	 
BFE_110	 2	 5	 1218.jpg	 6.558792e+02	 11	 8.909698e+02	 110	 5.667101e+02	 98	 6.568970e+02	 583.33	 533.33	 9.00	 39	 0.73	 
BFE_110	 2	 5	 2217.jpg	 6.598837e+02	 24	 999000	 240	 999000	 999	 6.609014e+02	 583.33	 533.33	 60.00	 38	 0.59	 
BFE_110	 2	 5	 1106.jpg	 6.628871e+02	 12	 999000	 120	 999000	 999	 6.639048e+02	 583.33	 533.33	 18.00	 6	 0.54	 
BFE_110	 2	 5	 2219.jpg	 6.668749e+02	 24	 999000	 240	 999000	 999	 6.678926e+02	 583.33	 533.33	 50.00	 40	 0.70	 
BFE_110	 2	 5	 2102.jpg	 6.698783e+02	 24	 999000	 240	 999000	 999	 6.708960e+02	 583.33	 533.33	 62.00	 2	 0.58	 
BFE_110	 2	 5	 2104.jpg	 6.718805e+02	 24	 999000	 240	 999000	 999	 6.728982e+02	 583.33	 533.33	 61.00	 4	 0.59	 
BFE_110	 2	 5	 1119.jpg	 6.758850e+02	 12	 999000	 120	 999000	 999	 6.769027e+02	 583.33	 533.33	 38.00	 19	 0.15	 
BFE_110	 2	 5	 1117.jpg	 6.778873e+02	 11	 8.589544e+02	 110	 5.833611e+02	 98	 6.789050e+02	 600.00	 533.33	 14.00	 17	 0.59	 
BFE_110	 2	 5	 2211.jpg	 6.798728e+02	 22	 1.025422e+03	 2200	 5.333707e+02	 98	 6.808905e+02	 600.00	 483.33	 49.00	 32	 0.71	 
BFE_110	 2	 5	 2115.jpg	 6.838773e+02	 22	 7.089463e+02	 220	 4.833593e+02	 98	 6.848951e+02	 600.00	 500.00	 56.00	 15	 0.63	 
BFE_110	 2	 5	 1204.jpg	 6.858795e+02	 11	 8.907438e+02	 110	 6.000250e+02	 98	 6.868973e+02	 616.67	 500.00	 17.00	 25	 0.54	 
BFE_110	 2	 5	 1206.jpg	 6.898840e+02	 12	 999000	 120	 999000	 999	 6.909018e+02	 616.67	 500.00	 3.00	 27	 0.83	 
BFE_110	 2	 5	 2119.jpg	 6.938715e+02	 24	 999000	 240	 999000	 999	 6.948895e+02	 616.67	 500.00	 78.00	 19	 0.22	 
BFE_110	 2	 5	 1216.jpg	 6.968752e+02	 11	 1.023066e+03	 1100	 6.167041e+02	 98	 6.978929e+02	 566.67	 500.00	 8.00	 37	 0.74	 
BFE_110	 2	 5	 1109.jpg	 7.028819e+02	 12	 999000	 120	 999000	 999	 7.038997e+02	 566.67	 500.00	 19.00	 9	 0.51	 
BFE_110	 2	 5	 2210.jpg	 7.048841e+02	 24	 999000	 240	 999000	 999	 7.059019e+02	 566.67	 500.00	 77.00	 31	 0.25	 
BFE_110	 2	 5	 1105.jpg	 7.088716e+02	 12	 999000	 120	 999000	 999	 7.098897e+02	 566.67	 500.00	 21.00	 5	 0.48	 
BFE_110	 2	 5	 2213.jpg	 7.108741e+02	 24	 999000	 240	 999000	 999	 7.118920e+02	 566.67	 500.00	 43.00	 34	 0.84	 
BFE_110	 2	 5	 1114.jpg	 7.128764e+02	 11	 8.458508e+02	 110	 5.667067e+02	 98	 7.138942e+02	 583.33	 500.00	 11.00	 14	 0.67	 
BFE_110	 2	 5	 2218.jpg	 7.148787e+02	 24	 999000	 240	 999000	 999	 7.158965e+02	 583.33	 500.00	 44.00	 39	 0.81	 
BFE_110	 2	 5	 1205.jpg	 7.198843e+02	 12	 999000	 120	 999000	 999	 7.209020e+02	 583.33	 500.00	 4.00	 26	 0.78	 
BFE_110	 2	 5	 2121.jpg	 7.218865e+02	 24	 999000	 240	 999000	 999	 7.229043e+02	 583.33	 500.00	 52.00	 21	 0.65	 
BFE_110	 2	 5	 2204.jpg	 7.238719e+02	 22	 8.983529e+02	 220	 5.000441e+02	 98	 7.248898e+02	 583.33	 516.67	 48.00	 25	 0.76	 
BFE_110	 2	 5	 2207.jpg	 7.268755e+02	 24	 999000	 240	 999000	 999	 7.278933e+02	 583.33	 516.67	 53.00	 28	 0.64	 
