subjectID	 order	 runNum	 itemName	 onsetTime	 shuff_trialType	 RT	 respInTime	 AudioTime	 response	 fixationTime	 ladder1	 ladder2	 bidIndex	 itemNameIndex	 bidValue	 
BFE_201	 1	 11	 2206.jpg	 1.244782e+03	 24	 999000	 240	 999000	 999	 1.245800e+03	 550.00	 550.00	 49.00	 27	 0.69	 
BFE_201	 1	 11	 1105.jpg	 1.246768e+03	 12	 999000	 120	 999000	 999	 1.247786e+03	 550.00	 550.00	 37.00	 5	 0.18	 
BFE_201	 1	 11	 1216.jpg	 1.250772e+03	 12	 999000	 120	 999000	 999	 1.251790e+03	 550.00	 550.00	 8.00	 37	 0.72	 
BFE_201	 1	 11	 2213.jpg	 1.253776e+03	 24	 999000	 240	 999000	 999	 1.254793e+03	 550.00	 550.00	 44.00	 34	 0.78	 
BFE_201	 1	 11	 1109.jpg	 1.255778e+03	 11	 8.159542e+02	 110	 5.500407e+02	 98	 1.256796e+03	 566.67	 550.00	 10.00	 9	 0.67	 
BFE_201	 1	 11	 2209.jpg	 1.258764e+03	 22	 7.976741e+02	 220	 5.500381e+02	 98	 1.259782e+03	 566.67	 566.67	 50.00	 30	 0.68	 
BFE_201	 1	 11	 1209.jpg	 1.262769e+03	 11	 8.249063e+02	 110	 5.666982e+02	 98	 1.263787e+03	 583.33	 566.67	 15.00	 30	 0.59	 
BFE_201	 1	 11	 1206.jpg	 1.266774e+03	 12	 999000	 120	 999000	 999	 1.267791e+03	 583.33	 566.67	 11.00	 27	 0.64	 
BFE_201	 1	 11	 2114.jpg	 1.268776e+03	 24	 999000	 240	 999000	 999	 1.269794e+03	 583.33	 566.67	 54.00	 14	 0.60	 
BFE_201	 1	 11	 1219.jpg	 1.273764e+03	 12	 999000	 120	 999000	 999	 1.274782e+03	 583.33	 566.67	 21.00	 40	 0.52	 
BFE_201	 1	 11	 1102.jpg	 1.275767e+03	 12	 999000	 120	 999000	 999	 1.276785e+03	 583.33	 566.67	 22.00	 2	 0.48	 
BFE_201	 1	 11	 1218.jpg	 1.277769e+03	 11	 8.567436e+02	 110	 5.833678e+02	 98	 1.278787e+03	 600.00	 566.67	 7.00	 39	 0.76	 
BFE_201	 1	 11	 2211.jpg	 1.283776e+03	 24	 999000	 240	 999000	 999	 1.284794e+03	 600.00	 566.67	 62.00	 32	 0.49	 
BFE_201	 1	 11	 2120.jpg	 1.285778e+03	 24	 999000	 240	 999000	 999	 1.286796e+03	 600.00	 566.67	 51.00	 20	 0.67	 
BFE_201	 1	 11	 2204.jpg	 1.287781e+03	 22	 8.613832e+02	 220	 5.667037e+02	 98	 1.288798e+03	 600.00	 583.33	 55.00	 25	 0.59	 
BFE_201	 1	 11	 1114.jpg	 1.289766e+03	 11	 9.078830e+02	 110	 6.000360e+02	 98	 1.290784e+03	 616.67	 583.33	 13.00	 14	 0.62	 
BFE_201	 1	 11	 2118.jpg	 1.293770e+03	 24	 999000	 240	 999000	 999	 1.294788e+03	 616.67	 583.33	 78.00	 18	 0.18	 
BFE_201	 1	 11	 2212.jpg	 1.297775e+03	 24	 999000	 240	 999000	 999	 1.298793e+03	 616.67	 583.33	 61.00	 33	 0.52	 
BFE_201	 1	 11	 1108.jpg	 1.300778e+03	 12	 999000	 120	 999000	 999	 1.301796e+03	 616.67	 583.33	 38.00	 8	 0.17	 
BFE_201	 1	 11	 2116.jpg	 1.304766e+03	 24	 999000	 240	 999000	 999	 1.305784e+03	 616.67	 583.33	 56.00	 16	 0.59	 
BFE_201	 1	 11	 1103.jpg	 1.307770e+03	 12	 999000	 120	 999000	 999	 1.308787e+03	 616.67	 583.33	 9.00	 3	 0.70	 
BFE_201	 1	 11	 2110.jpg	 1.309772e+03	 22	 8.462174e+02	 220	 5.833749e+02	 98	 1.310789e+03	 616.67	 600.00	 52.00	 10	 0.67	 
BFE_201	 1	 11	 1214.jpg	 1.313776e+03	 12	 999000	 120	 999000	 999	 1.314794e+03	 616.67	 600.00	 14.00	 35	 0.62	 
BFE_201	 1	 11	 2218.jpg	 1.315778e+03	 24	 999000	 240	 999000	 999	 1.316796e+03	 616.67	 600.00	 48.00	 39	 0.71	 
BFE_201	 1	 11	 2217.jpg	 1.317764e+03	 22	 8.781937e+02	 220	 6.000275e+02	 98	 1.318782e+03	 616.67	 616.67	 47.00	 38	 0.72	 
BFE_201	 1	 11	 2208.jpg	 1.321768e+03	 24	 999000	 240	 999000	 999	 1.322786e+03	 616.67	 616.67	 60.00	 29	 0.52	 
BFE_201	 1	 11	 1207.jpg	 1.323771e+03	 12	 999000	 120	 999000	 999	 1.324789e+03	 616.67	 616.67	 16.00	 28	 0.59	 
BFE_201	 1	 11	 1203.jpg	 1.327775e+03	 11	 9.706939e+02	 110	 6.167023e+02	 98	 1.328793e+03	 633.33	 616.67	 18.00	 24	 0.54	 
BFE_201	 1	 11	 1211.jpg	 1.331780e+03	 11	 9.261408e+02	 110	 6.333645e+02	 98	 1.332797e+03	 650.00	 616.67	 12.00	 32	 0.63	 
BFE_201	 1	 11	 1217.jpg	 1.334766e+03	 12	 999000	 120	 999000	 999	 1.335784e+03	 650.00	 616.67	 19.00	 38	 0.53	 
BFE_201	 1	 11	 2117.jpg	 1.340773e+03	 24	 999000	 240	 999000	 999	 1.341791e+03	 650.00	 616.67	 77.00	 17	 0.19	 
BFE_201	 1	 11	 1205.jpg	 1.342775e+03	 12	 999000	 120	 999000	 999	 1.343793e+03	 650.00	 616.67	 3.00	 26	 0.83	 
BFE_201	 1	 11	 2109.jpg	 1.346780e+03	 22	 1.030009e+03	 2200	 6.167294e+02	 98	 1.347798e+03	 650.00	 566.67	 53.00	 9	 0.64	 
BFE_201	 1	 11	 1116.jpg	 1.348765e+03	 12	 999000	 120	 999000	 999	 1.349783e+03	 650.00	 566.67	 20.00	 16	 0.53	 
BFE_201	 1	 11	 1208.jpg	 1.350768e+03	 12	 999000	 120	 999000	 999	 1.351785e+03	 650.00	 566.67	 17.00	 29	 0.58	 
BFE_201	 1	 11	 2103.jpg	 1.352770e+03	 24	 999000	 240	 999000	 999	 1.353788e+03	 650.00	 566.67	 57.00	 3	 0.58	 
BFE_201	 1	 11	 1121.jpg	 1.357776e+03	 12	 999000	 120	 999000	 999	 1.358793e+03	 650.00	 566.67	 4.00	 21	 0.83	 
BFE_201	 1	 11	 2215.jpg	 1.359778e+03	 24	 999000	 240	 999000	 999	 1.360795e+03	 650.00	 566.67	 43.00	 36	 0.82	 
BFE_201	 1	 11	 2205.jpg	 1.361780e+03	 24	 999000	 240	 999000	 999	 1.362798e+03	 650.00	 566.67	 59.00	 26	 0.55	 
BFE_201	 1	 11	 2214.jpg	 1.364767e+03	 22	 8.912453e+02	 220	 5.666958e+02	 98	 1.365784e+03	 650.00	 583.33	 58.00	 35	 0.56	 
