subjectID	 order	 runNum	 itemName	 onsetTime	 shuff_trialType	 RT	 respInTime	 AudioTime	 response	 fixationTime	 ladder1	 ladder2	 bidIndex	 itemNameIndex	 bidValue	 
BFE_108	 2	 3	 2212.jpg	 2.480277e+02	 24	 999000	 240	 999000	 999	 2.490454e+02	 683.33	 750.00	 78.00	 33	 0.21	 
BFE_108	 2	 3	 2121.jpg	 2.530165e+02	 22	 9.700716e+02	 220	 7.500535e+02	 98	 2.540343e+02	 683.33	 766.67	 49.00	 21	 0.69	 
BFE_108	 2	 3	 1117.jpg	 2.550187e+02	 12	 999000	 120	 999000	 999	 2.560365e+02	 683.33	 766.67	 21.00	 17	 0.50	 
BFE_108	 2	 3	 1113.jpg	 2.570209e+02	 12	 999000	 120	 999000	 999	 2.580388e+02	 683.33	 766.67	 20.00	 13	 0.50	 
BFE_108	 2	 3	 1215.jpg	 2.630110e+02	 12	 999000	 120	 999000	 999	 2.640287e+02	 683.33	 766.67	 22.00	 36	 0.47	 
BFE_108	 2	 3	 2209.jpg	 2.650133e+02	 24	 999000	 240	 999000	 999	 2.660310e+02	 683.33	 766.67	 53.00	 30	 0.61	 
BFE_108	 2	 3	 1213.jpg	 2.680166e+02	 11	 8.979855e+02	 110	 6.833758e+02	 98	 2.690343e+02	 700.00	 766.67	 9.00	 34	 0.71	 
BFE_108	 2	 3	 2205.jpg	 2.700189e+02	 24	 999000	 240	 999000	 999	 2.710367e+02	 700.00	 766.67	 58.00	 26	 0.54	 
BFE_108	 2	 3	 1203.jpg	 2.740234e+02	 11	 9.871746e+02	 110	 7.000252e+02	 98	 2.750411e+02	 716.67	 766.67	 11.00	 24	 0.63	 
BFE_108	 2	 3	 2111.jpg	 2.760089e+02	 22	 1.017626e+03	 2200	 7.666977e+02	 98	 2.770267e+02	 716.67	 716.67	 51.00	 11	 0.65	 
BFE_108	 2	 3	 2218.jpg	 2.810145e+02	 22	 9.799952e+02	 220	 7.166977e+02	 98	 2.820323e+02	 716.67	 733.33	 57.00	 39	 0.57	 
BFE_108	 2	 3	 2103.jpg	 2.880224e+02	 24	 999000	 240	 999000	 999	 2.890402e+02	 716.67	 733.33	 43.00	 3	 0.83	 
BFE_108	 2	 3	 2109.jpg	 2.900077e+02	 22	 9.468410e+02	 220	 7.333585e+02	 98	 2.910257e+02	 716.67	 750.00	 56.00	 9	 0.57	 
BFE_108	 2	 3	 1115.jpg	 2.930114e+02	 12	 999000	 120	 999000	 999	 2.940291e+02	 716.67	 750.00	 15.00	 15	 0.54	 
BFE_108	 2	 3	 1105.jpg	 2.960146e+02	 12	 999000	 120	 999000	 999	 2.970326e+02	 716.67	 750.00	 13.00	 5	 0.55	 
BFE_108	 2	 3	 2117.jpg	 3.000192e+02	 24	 999000	 240	 999000	 999	 3.010369e+02	 716.67	 750.00	 47.00	 17	 0.74	 
BFE_108	 2	 3	 2101.jpg	 3.040237e+02	 24	 999000	 240	 999000	 999	 3.050414e+02	 716.67	 750.00	 55.00	 1	 0.58	 
BFE_108	 2	 3	 2112.jpg	 3.080114e+02	 24	 999000	 240	 999000	 999	 3.090292e+02	 716.67	 750.00	 77.00	 12	 0.22	 
BFE_108	 2	 3	 2217.jpg	 3.110148e+02	 24	 999000	 240	 999000	 999	 3.120326e+02	 716.67	 750.00	 44.00	 38	 0.81	 
BFE_108	 2	 3	 1210.jpg	 3.170216e+02	 12	 999000	 120	 999000	 999	 3.180394e+02	 716.67	 750.00	 37.00	 31	 0.21	 
BFE_108	 2	 3	 2219.jpg	 3.190068e+02	 24	 999000	 240	 999000	 999	 3.200249e+02	 716.67	 750.00	 50.00	 40	 0.67	 
BFE_108	 2	 3	 1202.jpg	 3.220105e+02	 11	 9.281017e+02	 110	 7.167037e+02	 98	 3.230283e+02	 733.33	 750.00	 17.00	 23	 0.53	 
BFE_108	 2	 3	 1211.jpg	 3.240127e+02	 11	 1.005849e+03	 1100	 7.333650e+02	 98	 3.250306e+02	 683.33	 750.00	 14.00	 32	 0.54	 
BFE_108	 2	 3	 1218.jpg	 3.260149e+02	 12	 999000	 120	 999000	 999	 3.270329e+02	 683.33	 750.00	 12.00	 39	 0.62	 
BFE_108	 2	 3	 2213.jpg	 3.280173e+02	 24	 999000	 240	 999000	 999	 3.290350e+02	 683.33	 750.00	 52.00	 34	 0.62	 
BFE_108	 2	 3	 1106.jpg	 3.310205e+02	 11	 9.180000e+02	 110	 6.833669e+02	 98	 3.320384e+02	 700.00	 750.00	 8.00	 6	 0.71	 
BFE_108	 2	 3	 1102.jpg	 3.350082e+02	 11	 9.383380e+02	 110	 7.000320e+02	 98	 3.360261e+02	 716.67	 750.00	 16.00	 2	 0.53	 
BFE_108	 2	 3	 2106.jpg	 3.370106e+02	 22	 1.023975e+03	 2200	 7.500295e+02	 98	 3.380284e+02	 716.67	 700.00	 54.00	 6	 0.61	 
BFE_108	 2	 3	 1201.jpg	 3.390129e+02	 12	 999000	 120	 999000	 999	 3.400306e+02	 716.67	 700.00	 3.00	 22	 0.88	 
BFE_108	 2	 3	 2113.jpg	 3.410151e+02	 24	 999000	 240	 999000	 999	 3.420329e+02	 716.67	 700.00	 60.00	 13	 0.51	 
BFE_108	 2	 3	 2102.jpg	 3.430173e+02	 24	 999000	 240	 999000	 999	 3.440351e+02	 716.67	 700.00	 59.00	 2	 0.52	 
BFE_108	 2	 3	 1114.jpg	 3.450195e+02	 12	 999000	 120	 999000	 999	 3.460373e+02	 716.67	 700.00	 10.00	 14	 0.65	 
BFE_108	 2	 3	 1111.jpg	 3.490071e+02	 12	 999000	 120	 999000	 999	 3.500251e+02	 716.67	 700.00	 19.00	 11	 0.51	 
BFE_108	 2	 3	 1216.jpg	 3.530119e+02	 12	 999000	 120	 999000	 999	 3.540296e+02	 716.67	 700.00	 38.00	 37	 0.20	 
BFE_108	 2	 3	 2210.jpg	 3.550141e+02	 22	 9.564492e+02	 220	 7.000360e+02	 98	 3.560318e+02	 716.67	 716.67	 48.00	 31	 0.73	 
BFE_108	 2	 3	 2208.jpg	 3.570163e+02	 24	 999000	 240	 999000	 999	 3.580343e+02	 716.67	 716.67	 62.00	 29	 0.46	 
BFE_108	 2	 3	 1121.jpg	 3.590185e+02	 12	 999000	 120	 999000	 999	 3.600364e+02	 716.67	 716.67	 7.00	 21	 0.71	 
BFE_108	 2	 3	 1219.jpg	 3.610208e+02	 12	 999000	 120	 999000	 999	 3.620386e+02	 716.67	 716.67	 4.00	 40	 0.78	 
BFE_108	 2	 3	 2204.jpg	 3.670109e+02	 24	 999000	 240	 999000	 999	 3.680286e+02	 716.67	 716.67	 61.00	 25	 0.48	 
BFE_108	 2	 3	 1214.jpg	 3.690131e+02	 12	 999000	 120	 999000	 999	 3.700309e+02	 716.67	 716.67	 18.00	 35	 0.52	 
