subjectID	 order	 runNum	 itemName	 onsetTime	 shuff_trialType	 RT	 respInTime	 AudioTime	 response	 fixationTime	 ladder1	 ladder2	 bidIndex	 itemNameIndex	 bidValue	 
BFE_110	 2	 9	 1206.jpg	 1.287904e+03	 12	 999000	 120	 999000	 999	 1.288922e+03	 616.67	 483.33	 3.00	 27	 0.83	 
BFE_110	 2	 9	 1214.jpg	 1.290891e+03	 12	 999000	 120	 999000	 999	 1.291909e+03	 616.67	 483.33	 12.00	 35	 0.61	 
BFE_110	 2	 9	 1102.jpg	 1.294896e+03	 12	 999000	 120	 999000	 999	 1.295913e+03	 616.67	 483.33	 37.00	 2	 0.16	 
BFE_110	 2	 9	 1216.jpg	 1.296898e+03	 11	 1.000316e+03	 1100	 6.167078e+02	 98	 1.297916e+03	 566.67	 483.33	 8.00	 37	 0.74	 
BFE_110	 2	 9	 2219.jpg	 1.298900e+03	 24	 999000	 240	 999000	 999	 1.299918e+03	 566.67	 483.33	 50.00	 40	 0.70	 
BFE_110	 2	 9	 2211.jpg	 1.302888e+03	 22	 8.025950e+02	 220	 4.833717e+02	 98	 1.303906e+03	 566.67	 500.00	 49.00	 32	 0.71	 
BFE_110	 2	 9	 2121.jpg	 1.304890e+03	 24	 999000	 240	 999000	 999	 1.305908e+03	 566.67	 500.00	 52.00	 21	 0.65	 
BFE_110	 2	 9	 2218.jpg	 1.309896e+03	 24	 999000	 240	 999000	 999	 1.310913e+03	 566.67	 500.00	 44.00	 39	 0.81	 
BFE_110	 2	 9	 1209.jpg	 1.311898e+03	 12	 999000	 120	 999000	 999	 1.312916e+03	 566.67	 500.00	 7.00	 30	 0.76	 
BFE_110	 2	 9	 2210.jpg	 1.314901e+03	 24	 999000	 240	 999000	 999	 1.315919e+03	 566.67	 500.00	 77.00	 31	 0.25	 
BFE_110	 2	 9	 2204.jpg	 1.317888e+03	 22	 9.700269e+02	 220	 5.000288e+02	 98	 1.318906e+03	 566.67	 516.67	 48.00	 25	 0.76	 
BFE_110	 2	 9	 2119.jpg	 1.321893e+03	 24	 999000	 240	 999000	 999	 1.322910e+03	 566.67	 516.67	 78.00	 19	 0.22	 
BFE_110	 2	 9	 1210.jpg	 1.324896e+03	 12	 999000	 120	 999000	 999	 1.325914e+03	 566.67	 516.67	 22.00	 31	 0.47	 
BFE_110	 2	 9	 1205.jpg	 1.326898e+03	 12	 999000	 120	 999000	 999	 1.327916e+03	 566.67	 516.67	 4.00	 26	 0.78	 
BFE_110	 2	 9	 2104.jpg	 1.329902e+03	 24	 999000	 240	 999000	 999	 1.330919e+03	 566.67	 516.67	 61.00	 4	 0.59	 
BFE_110	 2	 9	 2213.jpg	 1.333889e+03	 24	 999000	 240	 999000	 999	 1.334907e+03	 566.67	 516.67	 43.00	 34	 0.84	 
BFE_110	 2	 9	 1117.jpg	 1.336893e+03	 11	 1.013534e+03	 1100	 5.667055e+02	 98	 1.337911e+03	 516.67	 516.67	 14.00	 17	 0.59	 
BFE_110	 2	 9	 1121.jpg	 1.338895e+03	 11	 9.872861e+02	 110	 5.166975e+02	 98	 1.339913e+03	 533.33	 516.67	 16.00	 21	 0.58	 
BFE_110	 2	 9	 2207.jpg	 1.340897e+03	 24	 999000	 240	 999000	 999	 1.341915e+03	 533.33	 516.67	 53.00	 28	 0.64	 
BFE_110	 2	 9	 1115.jpg	 1.345903e+03	 12	 999000	 120	 999000	 999	 1.346921e+03	 533.33	 516.67	 20.00	 15	 0.50	 
BFE_110	 2	 9	 1105.jpg	 1.349891e+03	 12	 999000	 120	 999000	 999	 1.350908e+03	 533.33	 516.67	 21.00	 5	 0.48	 
BFE_110	 2	 9	 1204.jpg	 1.353895e+03	 11	 8.591653e+02	 110	 5.333637e+02	 98	 1.354913e+03	 550.00	 516.67	 17.00	 25	 0.54	 
BFE_110	 2	 9	 1119.jpg	 1.359902e+03	 12	 999000	 120	 999000	 999	 1.360920e+03	 550.00	 516.67	 38.00	 19	 0.15	 
BFE_110	 2	 9	 2202.jpg	 1.361887e+03	 24	 999000	 240	 999000	 999	 1.362905e+03	 550.00	 516.67	 59.00	 23	 0.60	 
BFE_110	 2	 9	 2109.jpg	 1.363890e+03	 22	 9.365426e+02	 220	 5.166941e+02	 98	 1.364907e+03	 550.00	 533.33	 54.00	 9	 0.63	 
BFE_110	 2	 9	 1109.jpg	 1.365892e+03	 12	 999000	 120	 999000	 999	 1.366910e+03	 550.00	 533.33	 19.00	 9	 0.51	 
BFE_110	 2	 9	 2120.jpg	 1.367894e+03	 22	 9.560725e+02	 220	 5.333740e+02	 98	 1.368912e+03	 550.00	 550.00	 51.00	 20	 0.69	 
BFE_110	 2	 9	 1219.jpg	 1.371899e+03	 12	 999000	 120	 999000	 999	 1.372916e+03	 550.00	 550.00	 15.00	 40	 0.59	 
BFE_110	 2	 9	 1211.jpg	 1.373902e+03	 12	 999000	 120	 999000	 999	 1.374919e+03	 550.00	 550.00	 10.00	 32	 0.70	 
BFE_110	 2	 9	 2205.jpg	 1.377889e+03	 22	 8.975858e+02	 220	 5.500296e+02	 98	 1.378906e+03	 550.00	 566.67	 57.00	 26	 0.62	 
BFE_110	 2	 9	 2115.jpg	 1.379891e+03	 22	 9.032926e+02	 220	 5.667053e+02	 98	 1.380909e+03	 550.00	 583.33	 56.00	 15	 0.63	 
BFE_110	 2	 9	 2208.jpg	 1.381893e+03	 24	 999000	 240	 999000	 999	 1.382911e+03	 550.00	 583.33	 55.00	 29	 0.63	 
BFE_110	 2	 9	 2214.jpg	 1.383895e+03	 24	 999000	 240	 999000	 999	 1.384913e+03	 550.00	 583.33	 58.00	 35	 0.61	 
BFE_110	 2	 9	 2102.jpg	 1.388901e+03	 24	 999000	 240	 999000	 999	 1.389919e+03	 550.00	 583.33	 62.00	 2	 0.58	 
BFE_110	 2	 9	 1120.jpg	 1.390886e+03	 12	 999000	 120	 999000	 999	 1.391904e+03	 550.00	 583.33	 13.00	 20	 0.60	 
BFE_110	 2	 9	 1218.jpg	 1.392889e+03	 11	 9.932305e+02	 110	 5.500379e+02	 98	 1.393907e+03	 566.67	 583.33	 9.00	 39	 0.73	 
BFE_110	 2	 9	 2217.jpg	 1.395892e+03	 24	 999000	 240	 999000	 999	 1.396910e+03	 566.67	 583.33	 60.00	 38	 0.59	 
BFE_110	 2	 9	 1114.jpg	 1.402900e+03	 11	 8.781956e+02	 110	 5.667004e+02	 98	 1.403918e+03	 583.33	 583.33	 11.00	 14	 0.67	 
BFE_110	 2	 9	 1106.jpg	 1.406888e+03	 12	 999000	 120	 999000	 999	 1.407906e+03	 583.33	 583.33	 18.00	 6	 0.54	 
BFE_110	 2	 9	 2206.jpg	 1.413896e+03	 24	 999000	 240	 999000	 999	 1.414913e+03	 583.33	 583.33	 47.00	 27	 0.78	 
