subjectID	 order	 runNum	 itemName	 onsetTime	 shuff_trialType	 RT	 respInTime	 AudioTime	 response	 fixationTime	 ladder1	 ladder2	 bidIndex	 itemNameIndex	 bidValue	 
BFE_201	 1	 1	 2214.jpg	 1.322699e+00	 22	 1.087233e+03	 2200	 7.501012e+02	 98	 2.340111e+00	 750.00	 700.00	 58.00	 35	 0.56	 
BFE_201	 1	 1	 2206.jpg	 4.308984e+00	 24	 999000	 240	 999000	 999	 5.326736e+00	 750.00	 700.00	 49.00	 27	 0.69	 
BFE_201	 1	 1	 1203.jpg	 6.311243e+00	 11	 1.066686e+03	 1100	 7.500464e+02	 98	 7.329011e+00	 700.00	 700.00	 18.00	 24	 0.54	 
BFE_201	 1	 1	 1108.jpg	 8.313456e+00	 12	 999000	 120	 999000	 999	 9.331196e+00	 700.00	 700.00	 38.00	 8	 0.17	 
BFE_201	 1	 1	 2212.jpg	 1.029902e+01	 24	 999000	 240	 999000	 999	 1.131682e+01	 700.00	 700.00	 61.00	 33	 0.52	 
BFE_201	 1	 1	 2217.jpg	 1.330237e+01	 22	 1.019546e+03	 2200	 7.000300e+02	 98	 1.432014e+01	 700.00	 650.00	 47.00	 38	 0.72	 
BFE_201	 1	 1	 1211.jpg	 1.530477e+01	 11	 1.009172e+03	 1100	 7.000451e+02	 98	 1.632375e+01	 650.00	 650.00	 12.00	 32	 0.63	 
BFE_201	 1	 1	 2215.jpg	 1.930917e+01	 24	 999000	 240	 999000	 999	 2.032686e+01	 650.00	 650.00	 43.00	 36	 0.82	 
BFE_201	 1	 1	 1216.jpg	 2.131140e+01	 12	 999000	 120	 999000	 999	 2.232921e+01	 650.00	 650.00	 8.00	 37	 0.72	 
BFE_201	 1	 1	 1105.jpg	 2.630034e+01	 12	 999000	 120	 999000	 999	 2.731810e+01	 650.00	 650.00	 37.00	 5	 0.18	 
BFE_201	 1	 1	 2213.jpg	 2.830253e+01	 24	 999000	 240	 999000	 999	 2.932035e+01	 650.00	 650.00	 44.00	 34	 0.78	 
BFE_201	 1	 1	 2118.jpg	 3.230705e+01	 24	 999000	 240	 999000	 999	 3.332484e+01	 650.00	 650.00	 78.00	 18	 0.18	 
BFE_201	 1	 1	 2205.jpg	 3.430940e+01	 24	 999000	 240	 999000	 999	 3.532703e+01	 650.00	 650.00	 59.00	 26	 0.55	 
BFE_201	 1	 1	 1218.jpg	 3.731260e+01	 11	 9.133338e+02	 110	 6.500272e+02	 98	 3.833042e+01	 666.67	 650.00	 7.00	 39	 0.76	 
BFE_201	 1	 1	 1214.jpg	 4.230157e+01	 12	 999000	 120	 999000	 999	 4.331936e+01	 666.67	 650.00	 14.00	 35	 0.62	 
BFE_201	 1	 1	 1207.jpg	 4.430383e+01	 12	 999000	 120	 999000	 999	 4.532154e+01	 666.67	 650.00	 16.00	 28	 0.59	 
BFE_201	 1	 1	 2218.jpg	 4.630669e+01	 24	 999000	 240	 999000	 999	 4.732384e+01	 666.67	 650.00	 48.00	 39	 0.71	 
BFE_201	 1	 1	 2109.jpg	 5.031052e+01	 22	 9.154029e+02	 220	 6.500495e+02	 98	 5.132831e+01	 666.67	 666.67	 53.00	 9	 0.64	 
BFE_201	 1	 1	 1208.jpg	 5.429848e+01	 12	 999000	 120	 999000	 999	 5.531608e+01	 666.67	 666.67	 17.00	 29	 0.58	 
BFE_201	 1	 1	 1102.jpg	 5.830293e+01	 12	 999000	 120	 999000	 999	 5.932066e+01	 666.67	 666.67	 22.00	 2	 0.48	 
BFE_201	 1	 1	 2211.jpg	 6.030520e+01	 24	 999000	 240	 999000	 999	 6.132282e+01	 666.67	 666.67	 62.00	 32	 0.49	 
BFE_201	 1	 1	 1109.jpg	 6.230731e+01	 11	 9.986155e+02	 110	 6.666977e+02	 98	 6.332506e+01	 683.33	 666.67	 10.00	 9	 0.67	 
BFE_201	 1	 1	 1217.jpg	 6.430960e+01	 12	 999000	 120	 999000	 999	 6.532742e+01	 683.33	 666.67	 19.00	 38	 0.53	 
BFE_201	 1	 1	 2204.jpg	 6.631185e+01	 22	 9.620701e+02	 220	 6.667026e+02	 98	 6.732955e+01	 683.33	 683.33	 55.00	 25	 0.59	 
BFE_201	 1	 1	 1209.jpg	 7.230187e+01	 11	 9.320567e+02	 110	 6.833608e+02	 98	 7.331959e+01	 700.00	 683.33	 15.00	 30	 0.59	 
BFE_201	 1	 1	 2120.jpg	 7.530520e+01	 24	 999000	 240	 999000	 999	 7.632304e+01	 700.00	 683.33	 51.00	 20	 0.67	 
BFE_201	 1	 1	 1121.jpg	 7.730752e+01	 12	 999000	 120	 999000	 999	 7.832523e+01	 700.00	 683.33	 4.00	 21	 0.83	 
BFE_201	 1	 1	 2110.jpg	 7.930971e+01	 22	 9.882321e+02	 220	 6.833577e+02	 98	 8.032759e+01	 700.00	 700.00	 52.00	 10	 0.67	 
BFE_201	 1	 1	 2114.jpg	 8.231303e+01	 24	 999000	 240	 999000	 999	 8.333086e+01	 700.00	 700.00	 54.00	 14	 0.60	 
BFE_201	 1	 1	 1116.jpg	 8.429863e+01	 12	 999000	 120	 999000	 999	 8.531636e+01	 700.00	 700.00	 20.00	 16	 0.53	 
BFE_201	 1	 1	 1103.jpg	 8.630089e+01	 12	 999000	 120	 999000	 999	 8.731867e+01	 700.00	 700.00	 9.00	 3	 0.70	 
BFE_201	 1	 1	 2208.jpg	 8.830313e+01	 24	 999000	 240	 999000	 999	 8.932098e+01	 700.00	 700.00	 60.00	 29	 0.52	 
BFE_201	 1	 1	 1206.jpg	 9.130665e+01	 12	 999000	 120	 999000	 999	 9.232421e+01	 700.00	 700.00	 11.00	 27	 0.64	 
BFE_201	 1	 1	 1114.jpg	 9.330873e+01	 11	 9.651952e+02	 110	 7.000326e+02	 98	 9.432648e+01	 716.67	 700.00	 13.00	 14	 0.62	 
BFE_201	 1	 1	 2209.jpg	 9.531096e+01	 22	 1.018945e+03	 2200	 7.000373e+02	 98	 9.632885e+01	 716.67	 650.00	 50.00	 30	 0.68	 
BFE_201	 1	 1	 2116.jpg	 9.731328e+01	 24	 999000	 240	 999000	 999	 9.833098e+01	 716.67	 650.00	 56.00	 16	 0.59	 
BFE_201	 1	 1	 2103.jpg	 9.929885e+01	 24	 999000	 240	 999000	 999	 1.003166e+02	 716.67	 650.00	 57.00	 3	 0.58	 
BFE_201	 1	 1	 1219.jpg	 1.053056e+02	 12	 999000	 120	 999000	 999	 1.063233e+02	 716.67	 650.00	 21.00	 40	 0.52	 
BFE_201	 1	 1	 2117.jpg	 1.083089e+02	 24	 999000	 240	 999000	 999	 1.093266e+02	 716.67	 650.00	 77.00	 17	 0.19	 
BFE_201	 1	 1	 1205.jpg	 1.123133e+02	 12	 999000	 120	 999000	 999	 1.133311e+02	 716.67	 650.00	 3.00	 26	 0.83	 
