subjectID	 order	 runNum	 itemName	 onsetTime	 shuff_trialType	 RT	 respInTime	 AudioTime	 response	 fixationTime	 ladder1	 ladder2	 bidIndex	 itemNameIndex	 bidValue	 
BFE_202	 2	 13	 1203.jpg	 1.565315e+03	 12	 999000	 120	 999000	 999	 1.566333e+03	 683.33	 750.00	 10.00	 24	 0.66	 
BFE_202	 2	 13	 1209.jpg	 1.570304e+03	 12	 999000	 120	 999000	 999	 1.571322e+03	 683.33	 750.00	 7.00	 30	 0.68	 
BFE_202	 2	 13	 2218.jpg	 1.572307e+03	 22	 1.039853e+03	 2200	 7.500453e+02	 98	 1.573324e+03	 683.33	 700.00	 49.00	 39	 0.64	 
BFE_202	 2	 13	 1219.jpg	 1.574309e+03	 11	 9.255604e+02	 110	 6.833850e+02	 98	 1.575327e+03	 700.00	 700.00	 9.00	 40	 0.66	 
BFE_202	 2	 13	 2209.jpg	 1.580299e+03	 22	 9.035262e+02	 220	 7.000271e+02	 98	 1.581317e+03	 700.00	 716.67	 51.00	 30	 0.62	 
BFE_202	 2	 13	 1204.jpg	 1.582301e+03	 11	 8.932466e+02	 110	 7.000374e+02	 98	 1.583319e+03	 716.67	 716.67	 11.00	 25	 0.65	 
BFE_202	 2	 13	 1213.jpg	 1.585304e+03	 12	 999000	 120	 999000	 999	 1.586322e+03	 716.67	 716.67	 15.00	 34	 0.60	 
BFE_202	 2	 13	 2216.jpg	 1.587307e+03	 24	 999000	 240	 999000	 999	 1.588324e+03	 716.67	 716.67	 53.00	 37	 0.62	 
BFE_202	 2	 13	 1104.jpg	 1.591311e+03	 12	 999000	 120	 999000	 999	 1.592329e+03	 716.67	 716.67	 12.00	 4	 0.63	 
BFE_202	 2	 13	 2215.jpg	 1.593297e+03	 24	 999000	 240	 999000	 999	 1.594315e+03	 716.67	 716.67	 44.00	 36	 0.82	 
BFE_202	 2	 13	 1111.jpg	 1.598302e+03	 12	 999000	 120	 999000	 999	 1.599320e+03	 716.67	 716.67	 19.00	 11	 0.56	 
BFE_202	 2	 13	 2205.jpg	 1.605310e+03	 22	 9.481073e+02	 220	 7.167009e+02	 98	 1.606328e+03	 716.67	 733.33	 48.00	 26	 0.68	 
BFE_202	 2	 13	 2119.jpg	 1.607296e+03	 24	 999000	 240	 999000	 999	 1.608314e+03	 716.67	 733.33	 77.00	 19	 0.24	 
BFE_202	 2	 13	 1205.jpg	 1.610299e+03	 11	 9.434252e+02	 110	 7.166980e+02	 98	 1.611317e+03	 733.33	 733.33	 14.00	 26	 0.62	 
BFE_202	 2	 13	 2211.jpg	 1.613303e+03	 24	 999000	 240	 999000	 999	 1.614320e+03	 733.33	 733.33	 43.00	 32	 0.82	 
BFE_202	 2	 13	 1106.jpg	 1.617307e+03	 12	 999000	 120	 999000	 999	 1.618325e+03	 733.33	 733.33	 13.00	 6	 0.62	 
BFE_202	 2	 13	 1119.jpg	 1.621311e+03	 12	 999000	 120	 999000	 999	 1.622329e+03	 733.33	 733.33	 38.00	 19	 0.17	 
BFE_202	 2	 13	 2101.jpg	 1.625299e+03	 24	 999000	 240	 999000	 999	 1.626317e+03	 733.33	 733.33	 55.00	 1	 0.61	 
BFE_202	 2	 13	 1115.jpg	 1.628303e+03	 11	 9.396615e+02	 110	 7.333643e+02	 98	 1.629320e+03	 750.00	 733.33	 8.00	 15	 0.67	 
BFE_202	 2	 13	 1214.jpg	 1.634309e+03	 12	 999000	 120	 999000	 999	 1.635327e+03	 750.00	 733.33	 20.00	 35	 0.56	 
BFE_202	 2	 13	 1107.jpg	 1.636312e+03	 11	 1.010659e+03	 1100	 7.500318e+02	 98	 1.637329e+03	 700.00	 733.33	 16.00	 7	 0.60	 
BFE_202	 2	 13	 1120.jpg	 1.639298e+03	 12	 999000	 120	 999000	 999	 1.640316e+03	 700.00	 733.33	 22.00	 20	 0.52	 
BFE_202	 2	 13	 1210.jpg	 1.641301e+03	 12	 999000	 120	 999000	 999	 1.642318e+03	 700.00	 733.33	 18.00	 31	 0.57	 
BFE_202	 2	 13	 2117.jpg	 1.643303e+03	 24	 999000	 240	 999000	 999	 1.644321e+03	 700.00	 733.33	 61.00	 17	 0.47	 
BFE_202	 2	 13	 2102.jpg	 1.645305e+03	 24	 999000	 240	 999000	 999	 1.646323e+03	 700.00	 733.33	 52.00	 2	 0.62	 
BFE_202	 2	 13	 1117.jpg	 1.648309e+03	 12	 999000	 120	 999000	 999	 1.649326e+03	 700.00	 733.33	 37.00	 17	 0.23	 
BFE_202	 2	 13	 2203.jpg	 1.652296e+03	 24	 999000	 240	 999000	 999	 1.653314e+03	 700.00	 733.33	 47.00	 24	 0.69	 
BFE_202	 2	 13	 2202.jpg	 1.654298e+03	 24	 999000	 240	 999000	 999	 1.655316e+03	 700.00	 733.33	 62.00	 23	 0.47	 
BFE_202	 2	 13	 1216.jpg	 1.656301e+03	 12	 999000	 120	 999000	 999	 1.657319e+03	 700.00	 733.33	 3.00	 37	 0.77	 
BFE_202	 2	 13	 1215.jpg	 1.658303e+03	 12	 999000	 120	 999000	 999	 1.659321e+03	 700.00	 733.33	 4.00	 36	 0.74	 
BFE_202	 2	 13	 2213.jpg	 1.660305e+03	 24	 999000	 240	 999000	 999	 1.661323e+03	 700.00	 733.33	 58.00	 34	 0.54	 
BFE_202	 2	 13	 2115.jpg	 1.662307e+03	 24	 999000	 240	 999000	 999	 1.663325e+03	 700.00	 733.33	 50.00	 15	 0.64	 
BFE_202	 2	 13	 2103.jpg	 1.666312e+03	 24	 999000	 240	 999000	 999	 1.667330e+03	 700.00	 733.33	 60.00	 3	 0.51	 
BFE_202	 2	 13	 2113.jpg	 1.670300e+03	 22	 9.825801e+02	 220	 7.333614e+02	 98	 1.671318e+03	 700.00	 750.00	 56.00	 13	 0.60	 
BFE_202	 2	 13	 2219.jpg	 1.672302e+03	 24	 999000	 240	 999000	 999	 1.673320e+03	 700.00	 750.00	 59.00	 40	 0.51	 
BFE_202	 2	 13	 2118.jpg	 1.674304e+03	 22	 1.002141e+03	 2200	 7.500323e+02	 98	 1.675322e+03	 700.00	 700.00	 54.00	 18	 0.61	 
BFE_202	 2	 13	 1206.jpg	 1.676307e+03	 12	 999000	 120	 999000	 999	 1.677324e+03	 700.00	 700.00	 21.00	 27	 0.54	 
BFE_202	 2	 13	 2107.jpg	 1.678309e+03	 24	 999000	 240	 999000	 999	 1.679327e+03	 700.00	 700.00	 78.00	 7	 0.24	 
BFE_202	 2	 13	 1207.jpg	 1.684299e+03	 11	 9.515737e+02	 110	 7.000398e+02	 98	 1.685317e+03	 716.67	 700.00	 17.00	 28	 0.58	 
BFE_202	 2	 13	 2210.jpg	 1.686301e+03	 22	 9.493100e+02	 220	 7.000606e+02	 98	 1.687319e+03	 716.67	 716.67	 57.00	 31	 0.59	 
