subjectID	 order	 runNum	 itemName	 onsetTime	 shuff_trialType	 RT	 respInTime	 AudioTime	 response	 fixationTime	 ladder1	 ladder2	 bidIndex	 itemNameIndex	 bidValue	 
BFE_106	 2	 20	 1205.jpg	 2.678281e+03	 12	 999000	 120	 999000	 999	 2.679299e+03	 916.67	 916.67	 3.00	 26	 0.83	 
BFE_106	 2	 20	 1204.jpg	 2.681267e+03	 12	 999000	 120	 999000	 999	 2.682285e+03	 916.67	 916.67	 20.00	 25	 0.51	 
BFE_106	 2	 20	 2105.jpg	 2.685272e+03	 24	 999000	 240	 999000	 999	 2.686290e+03	 916.67	 916.67	 55.00	 5	 0.59	 
BFE_106	 2	 20	 2110.jpg	 2.687274e+03	 24	 999000	 240	 999000	 999	 2.688292e+03	 916.67	 916.67	 53.00	 10	 0.60	 
BFE_106	 2	 20	 1217.jpg	 2.689276e+03	 12	 999000	 120	 999000	 999	 2.690294e+03	 916.67	 916.67	 18.00	 38	 0.54	 
BFE_106	 2	 20	 1213.jpg	 2.693264e+03	 11	 6.740958e+02	 11	 9.167140e+02	 98	 2.694282e+03	 916.67	 916.67	 9.00	 34	 0.69	 
BFE_106	 2	 20	 1211.jpg	 2.695266e+03	 12	 999000	 120	 999000	 999	 2.696284e+03	 916.67	 916.67	 15.00	 32	 0.58	 
BFE_106	 2	 20	 2209.jpg	 2.700272e+03	 22	 6.102048e+02	 22	 9.167223e+02	 98	 2.701290e+03	 916.67	 916.67	 56.00	 30	 0.59	 
BFE_106	 2	 20	 2106.jpg	 2.702274e+03	 24	 999000	 240	 999000	 999	 2.703292e+03	 916.67	 916.67	 60.00	 6	 0.54	 
BFE_106	 2	 20	 1219.jpg	 2.705261e+03	 11	 6.136806e+02	 11	 9.166977e+02	 98	 2.706279e+03	 916.67	 916.67	 16.00	 40	 0.57	 
BFE_106	 2	 20	 2119.jpg	 2.708264e+03	 24	 999000	 240	 999000	 999	 2.709282e+03	 916.67	 916.67	 77.00	 19	 0.21	 
BFE_106	 2	 20	 2205.jpg	 2.712269e+03	 24	 999000	 240	 999000	 999	 2.713287e+03	 916.67	 916.67	 59.00	 26	 0.57	 
BFE_106	 2	 20	 1115.jpg	 2.715272e+03	 11	 6.741158e+02	 11	 9.167066e+02	 98	 2.716290e+03	 916.67	 916.67	 8.00	 15	 0.70	 
BFE_106	 2	 20	 1207.jpg	 2.717274e+03	 12	 999000	 120	 999000	 999	 2.718292e+03	 916.67	 916.67	 21.00	 28	 0.50	 
BFE_106	 2	 20	 2103.jpg	 2.720261e+03	 24	 999000	 240	 999000	 999	 2.721279e+03	 916.67	 916.67	 44.00	 3	 0.83	 
BFE_106	 2	 20	 2207.jpg	 2.724266e+03	 24	 999000	 240	 999000	 999	 2.725283e+03	 916.67	 916.67	 58.00	 28	 0.58	 
BFE_106	 2	 20	 2113.jpg	 2.727269e+03	 24	 999000	 240	 999000	 999	 2.728287e+03	 916.67	 916.67	 50.00	 13	 0.69	 
BFE_106	 2	 20	 1203.jpg	 2.729271e+03	 12	 999000	 120	 999000	 999	 2.730289e+03	 916.67	 916.67	 22.00	 24	 0.50	 
BFE_106	 2	 20	 2111.jpg	 2.731273e+03	 24	 999000	 240	 999000	 999	 2.732291e+03	 916.67	 916.67	 62.00	 11	 0.52	 
BFE_106	 2	 20	 1208.jpg	 2.736262e+03	 12	 999000	 120	 999000	 999	 2.737280e+03	 916.67	 916.67	 13.00	 29	 0.63	 
BFE_106	 2	 20	 2107.jpg	 2.740267e+03	 24	 999000	 240	 999000	 999	 2.741285e+03	 916.67	 916.67	 78.00	 7	 0.20	 
BFE_106	 2	 20	 1209.jpg	 2.744271e+03	 11	 5.709482e+02	 11	 9.167082e+02	 98	 2.745289e+03	 916.67	 916.67	 11.00	 30	 0.68	 
BFE_106	 2	 20	 2218.jpg	 2.750261e+03	 24	 999000	 240	 999000	 999	 2.751279e+03	 916.67	 916.67	 52.00	 39	 0.60	 
BFE_106	 2	 20	 2214.jpg	 2.752264e+03	 22	 5.305847e+02	 22	 9.167211e+02	 98	 2.753281e+03	 916.67	 916.67	 54.00	 35	 0.59	 
BFE_106	 2	 20	 1101.jpg	 2.754266e+03	 12	 999000	 120	 999000	 999	 2.755284e+03	 916.67	 916.67	 37.00	 1	 0.16	 
BFE_106	 2	 20	 1214.jpg	 2.756268e+03	 11	 4.941611e+02	 11	 9.166980e+02	 98	 2.757286e+03	 916.67	 916.67	 14.00	 35	 0.62	 
BFE_106	 2	 20	 1119.jpg	 2.758270e+03	 12	 999000	 120	 999000	 999	 2.759288e+03	 916.67	 916.67	 38.00	 19	 0.15	 
BFE_106	 2	 20	 1121.jpg	 2.762275e+03	 12	 999000	 120	 999000	 999	 2.763293e+03	 916.67	 916.67	 12.00	 21	 0.65	 
BFE_106	 2	 20	 1110.jpg	 2.764277e+03	 12	 999000	 120	 999000	 999	 2.765295e+03	 916.67	 916.67	 10.00	 10	 0.68	 
BFE_106	 2	 20	 1109.jpg	 2.768265e+03	 12	 999000	 120	 999000	 999	 2.769283e+03	 916.67	 916.67	 4.00	 9	 0.82	 
BFE_106	 2	 20	 1216.jpg	 2.770267e+03	 11	 6.391467e+02	 11	 9.167023e+02	 98	 2.771285e+03	 916.67	 916.67	 17.00	 37	 0.56	 
BFE_106	 2	 20	 2206.jpg	 2.772269e+03	 22	 5.169244e+02	 22	 9.167161e+02	 98	 2.773287e+03	 916.67	 916.67	 48.00	 27	 0.73	 
BFE_106	 2	 20	 1218.jpg	 2.774272e+03	 12	 999000	 120	 999000	 999	 2.775290e+03	 916.67	 916.67	 19.00	 39	 0.54	 
BFE_106	 2	 20	 2109.jpg	 2.779260e+03	 22	 7.420372e+02	 22	 9.166961e+02	 98	 2.780278e+03	 916.67	 916.67	 49.00	 9	 0.73	 
BFE_106	 2	 20	 2211.jpg	 2.781263e+03	 24	 999000	 240	 999000	 999	 2.782281e+03	 916.67	 916.67	 43.00	 32	 0.87	 
BFE_106	 2	 20	 1106.jpg	 2.783265e+03	 12	 999000	 120	 999000	 999	 2.784283e+03	 916.67	 916.67	 7.00	 6	 0.73	 
BFE_106	 2	 20	 2204.jpg	 2.786268e+03	 24	 999000	 240	 999000	 999	 2.787286e+03	 916.67	 916.67	 61.00	 25	 0.52	 
BFE_106	 2	 20	 2115.jpg	 2.793276e+03	 22	 6.139644e+02	 22	 9.167021e+02	 98	 2.794294e+03	 916.67	 916.67	 57.00	 15	 0.58	 
BFE_106	 2	 20	 2208.jpg	 2.797264e+03	 22	 7.861174e+02	 22	 9.167343e+02	 98	 2.798282e+03	 916.67	 916.67	 51.00	 29	 0.65	 
BFE_106	 2	 20	 2121.jpg	 2.804272e+03	 24	 999000	 240	 999000	 999	 2.805290e+03	 916.67	 916.67	 47.00	 21	 0.75	 
