subjectID	 order	 runNum	 itemName	 onsetTime	 shuff_trialType	 RT	 respInTime	 AudioTime	 response	 fixationTime	 ladder1	 ladder2	 bidIndex	 itemNameIndex	 bidValue	 
BFE_104	 2	 17	 2107.jpg	 2.179394e+03	 24	 999000	 240	 999000	 999	 2.180412e+03	 883.33	 883.33	 77.00	 7	 0.26	 
BFE_104	 2	 17	 1213.jpg	 2.182381e+03	 12	 999000	 120	 999000	 999	 2.183398e+03	 883.33	 883.33	 4.00	 34	 0.71	 
BFE_104	 2	 17	 2102.jpg	 2.186385e+03	 24	 999000	 240	 999000	 999	 2.187403e+03	 883.33	 883.33	 58.00	 2	 0.52	 
BFE_104	 2	 17	 2110.jpg	 2.188387e+03	 24	 999000	 240	 999000	 999	 2.189405e+03	 883.33	 883.33	 59.00	 10	 0.52	 
BFE_104	 2	 17	 2202.jpg	 2.190390e+03	 24	 999000	 240	 999000	 999	 2.191408e+03	 883.33	 883.33	 61.00	 23	 0.50	 
BFE_104	 2	 17	 1104.jpg	 2.194378e+03	 11	 7.762860e+02	 11	 8.833875e+02	 98	 2.195395e+03	 900.00	 883.33	 17.00	 4	 0.50	 
BFE_104	 2	 17	 1210.jpg	 2.196380e+03	 12	 999000	 120	 999000	 999	 2.197397e+03	 900.00	 883.33	 38.00	 31	 0.30	 
BFE_104	 2	 17	 1112.jpg	 2.201385e+03	 12	 999000	 120	 999000	 999	 2.202403e+03	 900.00	 883.33	 22.00	 12	 0.47	 
BFE_104	 2	 17	 2216.jpg	 2.203388e+03	 24	 999000	 240	 999000	 999	 2.204405e+03	 900.00	 883.33	 47.00	 37	 0.67	 
BFE_104	 2	 17	 1116.jpg	 2.206391e+03	 12	 999000	 120	 999000	 999	 2.207409e+03	 900.00	 883.33	 15.00	 16	 0.54	 
BFE_104	 2	 17	 1204.jpg	 2.209378e+03	 11	 5.521512e+02	 11	 9.000380e+02	 98	 2.210395e+03	 916.67	 883.33	 9.00	 25	 0.58	 
BFE_104	 2	 17	 2103.jpg	 2.213382e+03	 24	 999000	 240	 999000	 999	 2.214400e+03	 916.67	 883.33	 43.00	 3	 0.80	 
BFE_104	 2	 17	 2201.jpg	 2.216385e+03	 24	 999000	 240	 999000	 999	 2.217403e+03	 916.67	 883.33	 52.00	 22	 0.60	 
BFE_104	 2	 17	 1111.jpg	 2.218388e+03	 12	 999000	 120	 999000	 999	 2.219406e+03	 916.67	 883.33	 12.00	 11	 0.54	 
BFE_104	 2	 17	 1212.jpg	 2.221391e+03	 12	 999000	 120	 999000	 999	 2.222409e+03	 916.67	 883.33	 21.00	 33	 0.47	 
BFE_104	 2	 17	 2211.jpg	 2.225379e+03	 22	 9.989861e+02	 220	 8.833961e+02	 98	 2.226397e+03	 916.67	 900.00	 54.00	 32	 0.55	 
BFE_104	 2	 17	 2213.jpg	 2.228382e+03	 24	 999000	 240	 999000	 999	 2.229400e+03	 916.67	 900.00	 62.00	 34	 0.49	 
BFE_104	 2	 17	 2115.jpg	 2.230385e+03	 24	 999000	 240	 999000	 999	 2.231402e+03	 916.67	 900.00	 55.00	 15	 0.54	 
BFE_104	 2	 17	 1102.jpg	 2.232387e+03	 11	 1.326907e+03	 1100	 9.167023e+02	 98	 2.233405e+03	 866.67	 900.00	 14.00	 2	 0.54	 
BFE_104	 2	 17	 1119.jpg	 2.237376e+03	 12	 999000	 120	 999000	 999	 2.238393e+03	 866.67	 900.00	 19.00	 19	 0.49	 
BFE_104	 2	 17	 2209.jpg	 2.241380e+03	 22	 1.053626e+03	 2200	 9.000350e+02	 98	 2.242398e+03	 866.67	 850.00	 49.00	 30	 0.66	 
BFE_104	 2	 17	 1118.jpg	 2.245385e+03	 12	 4.492252e+02	 120	 999000	 82	 2.246402e+03	 866.67	 850.00	 10.00	 18	 0.57	 
BFE_104	 2	 17	 2114.jpg	 2.251374e+03	 22	 6.994130e+02	 22	 8.500359e+02	 98	 2.252393e+03	 866.67	 866.67	 51.00	 14	 0.65	 
BFE_104	 2	 17	 2119.jpg	 2.253377e+03	 24	 999000	 240	 999000	 999	 2.254395e+03	 866.67	 866.67	 60.00	 19	 0.51	 
BFE_104	 2	 17	 2206.jpg	 2.255379e+03	 22	 5.026137e+02	 22	 8.666984e+02	 98	 2.256397e+03	 866.67	 883.33	 48.00	 27	 0.66	 
BFE_104	 2	 17	 2112.jpg	 2.257381e+03	 24	 999000	 240	 999000	 999	 2.258399e+03	 866.67	 883.33	 53.00	 12	 0.58	 
BFE_104	 2	 17	 1121.jpg	 2.259384e+03	 11	 7.301308e+02	 11	 8.667271e+02	 98	 2.260401e+03	 883.33	 883.33	 8.00	 21	 0.61	 
BFE_104	 2	 17	 2113.jpg	 2.263388e+03	 22	 1.037606e+03	 2200	 8.833712e+02	 98	 2.264406e+03	 883.33	 833.33	 56.00	 13	 0.54	 
BFE_104	 2	 17	 1113.jpg	 2.265390e+03	 12	 999000	 120	 999000	 999	 2.266408e+03	 883.33	 833.33	 37.00	 13	 0.34	 
BFE_104	 2	 17	 1115.jpg	 2.269378e+03	 12	 999000	 120	 999000	 999	 2.270396e+03	 883.33	 833.33	 13.00	 15	 0.54	 
BFE_104	 2	 17	 1103.jpg	 2.271380e+03	 12	 999000	 120	 999000	 999	 2.272398e+03	 883.33	 833.33	 18.00	 3	 0.49	 
BFE_104	 2	 17	 2208.jpg	 2.273383e+03	 22	 6.511157e+02	 22	 8.333731e+02	 98	 2.274401e+03	 883.33	 850.00	 57.00	 29	 0.52	 
BFE_104	 2	 17	 1207.jpg	 2.275385e+03	 12	 999000	 120	 999000	 999	 2.276403e+03	 883.33	 850.00	 7.00	 28	 0.63	 
BFE_104	 2	 17	 2217.jpg	 2.280391e+03	 24	 999000	 240	 999000	 999	 2.281408e+03	 883.33	 850.00	 44.00	 38	 0.75	 
BFE_104	 2	 17	 1211.jpg	 2.282376e+03	 12	 8.015634e+02	 12	 999000	 98	 2.283394e+03	 883.33	 850.00	 20.00	 32	 0.47	 
BFE_104	 2	 17	 1215.jpg	 2.284378e+03	 11	 6.313988e+02	 11	 8.833639e+02	 98	 2.285396e+03	 900.00	 850.00	 11.00	 36	 0.57	 
BFE_104	 2	 17	 1114.jpg	 2.287382e+03	 11	 5.320956e+02	 11	 9.000325e+02	 98	 2.288399e+03	 916.67	 850.00	 16.00	 14	 0.53	 
BFE_104	 2	 17	 1201.jpg	 2.294390e+03	 12	 999000	 120	 999000	 999	 2.295407e+03	 916.67	 850.00	 3.00	 22	 0.73	 
BFE_104	 2	 17	 2205.jpg	 2.298377e+03	 24	 999000	 240	 999000	 999	 2.299395e+03	 916.67	 850.00	 50.00	 26	 0.65	 
BFE_104	 2	 17	 2117.jpg	 2.305385e+03	 24	 999000	 240	 999000	 999	 2.306403e+03	 916.67	 850.00	 78.00	 17	 0.22	 
