subjectID	 order	 runNum	 itemName	 onsetTime	 shuff_trialType	 RT	 respInTime	 AudioTime	 response	 fixationTime	 ladder1	 ladder2	 bidIndex	 itemNameIndex	 bidValue	 
BFE_204	 2	 15	 1109.jpg	 2.572570e+03	 12	 999000	 120	 999000	 999	 2.573588e+03	 616.67	 616.67	 19.00	 9	 0.55	 
BFE_204	 2	 15	 2214.jpg	 2.577559e+03	 24	 999000	 240	 999000	 999	 2.578576e+03	 616.67	 616.67	 47.00	 35	 0.78	 
BFE_204	 2	 15	 1210.jpg	 2.579561e+03	 12	 999000	 120	 999000	 999	 2.580579e+03	 616.67	 616.67	 22.00	 31	 0.49	 
BFE_204	 2	 15	 1218.jpg	 2.581563e+03	 12	 999000	 120	 999000	 999	 2.582581e+03	 616.67	 616.67	 4.00	 39	 0.77	 
BFE_204	 2	 15	 1204.jpg	 2.587553e+03	 11	 1.080824e+03	 1100	 6.167130e+02	 98	 2.588571e+03	 566.67	 616.67	 9.00	 25	 0.68	 
BFE_204	 2	 15	 2208.jpg	 2.589555e+03	 22	 1.198611e+03	 2200	 6.167182e+02	 98	 2.590573e+03	 566.67	 566.67	 57.00	 29	 0.55	 
BFE_204	 2	 15	 1209.jpg	 2.592559e+03	 11	 1.075242e+03	 1100	 5.666999e+02	 98	 2.593577e+03	 516.67	 566.67	 8.00	 30	 0.69	 
BFE_204	 2	 15	 1208.jpg	 2.594561e+03	 11	 9.529164e+02	 110	 5.167013e+02	 98	 2.595579e+03	 533.33	 566.67	 14.00	 29	 0.60	 
BFE_204	 2	 15	 2120.jpg	 2.598565e+03	 24	 999000	 240	 999000	 999	 2.599583e+03	 533.33	 566.67	 55.00	 20	 0.57	 
BFE_204	 2	 15	 1101.jpg	 2.600568e+03	 12	 8.261624e+02	 12	 999000	 98	 2.601586e+03	 533.33	 566.67	 7.00	 1	 0.72	 
BFE_204	 2	 15	 1111.jpg	 2.605557e+03	 12	 999000	 120	 999000	 999	 2.606574e+03	 533.33	 566.67	 18.00	 11	 0.56	 
BFE_204	 2	 15	 2210.jpg	 2.612565e+03	 24	 999000	 240	 999000	 999	 2.613582e+03	 533.33	 566.67	 59.00	 31	 0.53	 
BFE_204	 2	 15	 1118.jpg	 2.614567e+03	 12	 999000	 120	 999000	 999	 2.615585e+03	 533.33	 566.67	 37.00	 18	 0.15	 
BFE_204	 2	 15	 2106.jpg	 2.617553e+03	 22	 8.405019e+02	 220	 5.666923e+02	 98	 2.618571e+03	 533.33	 583.33	 56.00	 6	 0.56	 
BFE_204	 2	 15	 2101.jpg	 2.620557e+03	 22	 1.165185e+03	 2200	 5.833690e+02	 98	 2.621575e+03	 533.33	 533.33	 54.00	 1	 0.58	 
BFE_204	 2	 15	 1117.jpg	 2.624561e+03	 12	 999000	 120	 999000	 999	 2.625579e+03	 533.33	 533.33	 38.00	 17	 0.15	 
BFE_204	 2	 15	 1217.jpg	 2.628566e+03	 12	 999000	 120	 999000	 999	 2.629584e+03	 533.33	 533.33	 13.00	 38	 0.61	 
BFE_204	 2	 15	 2204.jpg	 2.632554e+03	 24	 999000	 240	 999000	 999	 2.633571e+03	 533.33	 533.33	 60.00	 25	 0.51	 
BFE_204	 2	 15	 2219.jpg	 2.635557e+03	 22	 8.609775e+02	 220	 5.333625e+02	 98	 2.636575e+03	 533.33	 550.00	 51.00	 40	 0.65	 
BFE_204	 2	 15	 1207.jpg	 2.641564e+03	 12	 999000	 120	 999000	 999	 2.642582e+03	 533.33	 550.00	 21.00	 28	 0.51	 
BFE_204	 2	 15	 1108.jpg	 2.643566e+03	 11	 1.044019e+03	 1100	 5.333689e+02	 98	 2.644584e+03	 483.33	 550.00	 16.00	 8	 0.59	 
BFE_204	 2	 15	 1215.jpg	 2.646552e+03	 11	 1.009556e+03	 1100	 4.833732e+02	 98	 2.647571e+03	 433.33	 550.00	 11.00	 36	 0.66	 
BFE_204	 2	 15	 2206.jpg	 2.648555e+03	 24	 999000	 240	 999000	 999	 2.649573e+03	 433.33	 550.00	 50.00	 27	 0.68	 
BFE_204	 2	 15	 2110.jpg	 2.650557e+03	 24	 999000	 240	 999000	 999	 2.651575e+03	 433.33	 550.00	 77.00	 10	 0.23	 
BFE_204	 2	 15	 1206.jpg	 2.652559e+03	 12	 999000	 120	 999000	 999	 2.653577e+03	 433.33	 550.00	 10.00	 27	 0.67	 
BFE_204	 2	 15	 2215.jpg	 2.655563e+03	 24	 999000	 240	 999000	 999	 2.656581e+03	 433.33	 550.00	 58.00	 36	 0.54	 
BFE_204	 2	 15	 2212.jpg	 2.659567e+03	 24	 999000	 240	 999000	 999	 2.660585e+03	 433.33	 550.00	 61.00	 33	 0.50	 
BFE_204	 2	 15	 1120.jpg	 2.661553e+03	 12	 999000	 120	 999000	 999	 2.662571e+03	 433.33	 550.00	 15.00	 20	 0.59	 
BFE_204	 2	 15	 2209.jpg	 2.663555e+03	 24	 999000	 240	 999000	 999	 2.664573e+03	 433.33	 550.00	 44.00	 30	 0.84	 
BFE_204	 2	 15	 2203.jpg	 2.665557e+03	 24	 999000	 240	 999000	 999	 2.666575e+03	 433.33	 550.00	 53.00	 24	 0.59	 
BFE_204	 2	 15	 2117.jpg	 2.667560e+03	 24	 999000	 240	 999000	 999	 2.668577e+03	 433.33	 550.00	 78.00	 17	 0.22	 
BFE_204	 2	 15	 2108.jpg	 2.669562e+03	 22	 9.362399e+02	 220	 5.500405e+02	 98	 2.670580e+03	 433.33	 566.67	 49.00	 8	 0.72	 
BFE_204	 2	 15	 1219.jpg	 2.673566e+03	 12	 999000	 120	 999000	 999	 2.674584e+03	 433.33	 566.67	 3.00	 40	 0.84	 
BFE_204	 2	 15	 2218.jpg	 2.677554e+03	 24	 999000	 240	 999000	 999	 2.678572e+03	 433.33	 566.67	 43.00	 39	 0.87	 
BFE_204	 2	 15	 1205.jpg	 2.679556e+03	 11	 7.496964e+02	 110	 4.333688e+02	 98	 2.680574e+03	 450.00	 566.67	 17.00	 26	 0.56	 
BFE_204	 2	 15	 2103.jpg	 2.681559e+03	 24	 999000	 240	 999000	 999	 2.682576e+03	 450.00	 566.67	 62.00	 3	 0.47	 
BFE_204	 2	 15	 1214.jpg	 2.683561e+03	 12	 999000	 120	 999000	 999	 2.684579e+03	 450.00	 566.67	 12.00	 35	 0.64	 
BFE_204	 2	 15	 1203.jpg	 2.685563e+03	 12	 999000	 120	 999000	 999	 2.686581e+03	 450.00	 566.67	 20.00	 24	 0.52	 
BFE_204	 2	 15	 2216.jpg	 2.691553e+03	 24	 999000	 240	 999000	 999	 2.692571e+03	 450.00	 566.67	 52.00	 37	 0.62	 
BFE_204	 2	 15	 2202.jpg	 2.693555e+03	 22	 1.054520e+03	 2200	 5.666991e+02	 98	 2.694573e+03	 450.00	 516.67	 48.00	 23	 0.75	 
