subjectID	 order	 runNum	 itemName	 onsetTime	 shuff_trialType	 RT	 respInTime	 AudioTime	 response	 fixationTime	 ladder1	 ladder2	 bidIndex	 itemNameIndex	 bidValue	 
BFE_103	 1	 6	 1217.jpg	 6.732804e+02	 12	 999000	 120	 999000	 999	 6.742982e+02	 716.67	 716.67	 3.00	 38	 0.84	 
BFE_103	 1	 6	 1114.jpg	 6.752660e+02	 12	 999000	 120	 999000	 999	 6.762838e+02	 716.67	 716.67	 14.00	 14	 0.57	 
BFE_103	 1	 6	 1102.jpg	 6.792704e+02	 12	 999000	 120	 999000	 999	 6.802883e+02	 716.67	 716.67	 17.00	 2	 0.50	 
BFE_103	 1	 6	 2211.jpg	 6.822739e+02	 24	 999000	 240	 999000	 999	 6.832916e+02	 716.67	 716.67	 51.00	 32	 0.68	 
BFE_103	 1	 6	 2203.jpg	 6.842761e+02	 24	 999000	 240	 999000	 999	 6.852938e+02	 716.67	 716.67	 49.00	 24	 0.70	 
BFE_103	 1	 6	 2119.jpg	 6.872628e+02	 24	 999000	 240	 999000	 999	 6.882805e+02	 716.67	 716.67	 77.00	 19	 0.19	 
BFE_103	 1	 6	 1113.jpg	 6.912672e+02	 12	 999000	 120	 999000	 999	 6.922851e+02	 716.67	 716.67	 4.00	 13	 0.81	 
BFE_103	 1	 6	 1111.jpg	 6.952718e+02	 12	 999000	 120	 999000	 999	 6.962896e+02	 716.67	 716.67	 38.00	 11	 0.16	 
BFE_103	 1	 6	 2113.jpg	 6.972741e+02	 24	 999000	 240	 999000	 999	 6.982918e+02	 716.67	 716.67	 44.00	 13	 0.76	 
BFE_103	 1	 6	 2105.jpg	 7.022630e+02	 22	 9.635773e+02	 220	 7.167164e+02	 98	 7.032807e+02	 716.67	 733.33	 47.00	 5	 0.73	 
BFE_103	 1	 6	 2205.jpg	 7.042652e+02	 24	 999000	 240	 999000	 999	 7.052830e+02	 716.67	 733.33	 56.00	 26	 0.64	 
BFE_103	 1	 6	 1204.jpg	 7.062674e+02	 11	 9.511017e+02	 110	 7.167150e+02	 98	 7.072852e+02	 733.33	 733.33	 7.00	 25	 0.78	 
BFE_103	 1	 6	 2104.jpg	 7.122742e+02	 24	 999000	 240	 999000	 999	 7.132920e+02	 733.33	 733.33	 59.00	 4	 0.53	 
BFE_103	 1	 6	 2218.jpg	 7.142764e+02	 22	 9.341643e+02	 220	 7.333722e+02	 98	 7.152942e+02	 733.33	 750.00	 55.00	 39	 0.65	 
BFE_103	 1	 6	 2209.jpg	 7.162620e+02	 24	 999000	 240	 999000	 999	 7.172798e+02	 733.33	 750.00	 43.00	 30	 0.78	 
BFE_103	 1	 6	 2217.jpg	 7.182643e+02	 24	 999000	 240	 999000	 999	 7.192822e+02	 733.33	 750.00	 54.00	 38	 0.65	 
BFE_103	 1	 6	 2121.jpg	 7.222687e+02	 22	 9.898017e+02	 220	 7.500264e+02	 98	 7.232865e+02	 733.33	 766.67	 53.00	 21	 0.67	 
BFE_103	 1	 6	 1211.jpg	 7.262733e+02	 12	 999000	 120	 999000	 999	 7.272911e+02	 733.33	 766.67	 20.00	 32	 0.47	 
BFE_103	 1	 6	 2219.jpg	 7.292597e+02	 24	 999000	 240	 999000	 999	 7.302777e+02	 733.33	 766.67	 48.00	 40	 0.73	 
BFE_103	 1	 6	 2207.jpg	 7.332645e+02	 22	 9.461087e+02	 220	 7.667041e+02	 98	 7.342822e+02	 733.33	 783.33	 52.00	 28	 0.67	 
BFE_103	 1	 6	 1112.jpg	 7.362678e+02	 12	 999000	 120	 999000	 999	 7.372856e+02	 733.33	 783.33	 37.00	 12	 0.18	 
BFE_103	 1	 6	 2206.jpg	 7.382702e+02	 24	 999000	 240	 999000	 999	 7.392879e+02	 733.33	 783.33	 60.00	 27	 0.51	 
BFE_103	 1	 6	 1203.jpg	 7.422745e+02	 12	 999000	 120	 999000	 999	 7.432923e+02	 733.33	 783.33	 19.00	 24	 0.48	 
BFE_103	 1	 6	 1214.jpg	 7.442601e+02	 11	 9.344389e+02	 110	 7.333688e+02	 98	 7.452779e+02	 750.00	 783.33	 18.00	 35	 0.49	 
BFE_103	 1	 6	 2115.jpg	 7.462624e+02	 24	 999000	 240	 999000	 999	 7.472802e+02	 750.00	 783.33	 57.00	 15	 0.58	 
BFE_103	 1	 6	 1213.jpg	 7.502668e+02	 11	 8.396779e+02	 110	 7.500308e+02	 98	 7.512846e+02	 766.67	 783.33	 12.00	 34	 0.67	 
BFE_103	 1	 6	 1117.jpg	 7.522691e+02	 12	 999000	 120	 999000	 999	 7.532869e+02	 766.67	 783.33	 22.00	 17	 0.46	 
BFE_103	 1	 6	 1104.jpg	 7.562736e+02	 12	 999000	 120	 999000	 999	 7.572914e+02	 766.67	 783.33	 9.00	 4	 0.73	 
BFE_103	 1	 6	 1109.jpg	 7.602614e+02	 12	 9.171482e+02	 12	 999000	 98	 7.612792e+02	 766.67	 783.33	 11.00	 9	 0.71	 
BFE_103	 1	 6	 1115.jpg	 7.632648e+02	 11	 1.001748e+03	 1100	 7.666970e+02	 98	 7.642825e+02	 716.67	 783.33	 10.00	 15	 0.72	 
BFE_103	 1	 6	 2213.jpg	 7.692715e+02	 22	 9.549823e+02	 220	 7.833787e+02	 98	 7.702894e+02	 716.67	 800.00	 50.00	 34	 0.70	 
BFE_103	 1	 6	 1110.jpg	 7.712738e+02	 11	 9.927019e+02	 110	 7.166958e+02	 98	 7.722916e+02	 733.33	 800.00	 13.00	 10	 0.61	 
BFE_103	 1	 6	 2106.jpg	 7.752617e+02	 24	 999000	 240	 999000	 999	 7.762794e+02	 733.33	 800.00	 62.00	 6	 0.49	 
BFE_103	 1	 6	 2109.jpg	 7.772638e+02	 22	 9.867042e+02	 220	 8.000404e+02	 98	 7.782816e+02	 733.33	 816.67	 58.00	 9	 0.58	 
BFE_103	 1	 6	 2120.jpg	 7.792661e+02	 24	 999000	 240	 999000	 999	 7.802839e+02	 733.33	 816.67	 78.00	 20	 0.16	 
BFE_103	 1	 6	 1105.jpg	 7.812684e+02	 11	 9.341233e+02	 110	 7.333665e+02	 98	 7.822861e+02	 750.00	 816.67	 15.00	 5	 0.55	 
BFE_103	 1	 6	 1218.jpg	 7.862741e+02	 12	 9.684349e+02	 12	 999000	 98	 7.872917e+02	 750.00	 816.67	 16.00	 39	 0.53	 
BFE_103	 1	 6	 2116.jpg	 7.882762e+02	 24	 999000	 240	 999000	 999	 7.892940e+02	 750.00	 816.67	 61.00	 16	 0.49	 
BFE_103	 1	 6	 1209.jpg	 7.902617e+02	 12	 999000	 120	 999000	 999	 7.912795e+02	 750.00	 816.67	 8.00	 30	 0.74	 
BFE_103	 1	 6	 1121.jpg	 7.932651e+02	 12	 999000	 120	 999000	 999	 7.942829e+02	 750.00	 816.67	 21.00	 21	 0.46	 
