subjectID	 order	 runNum	 itemName	 onsetTime	 shuff_trialType	 RT	 respInTime	 AudioTime	 response	 fixationTime	 ladder1	 ladder2	 bidIndex	 itemNameIndex	 bidValue	 
BFE_204	 2	 5	 1209.jpg	 6.956653e+02	 11	 9.367040e+02	 110	 6.167141e+02	 98	 6.966830e+02	 633.33	 550.00	 8.00	 30	 0.69	 
BFE_204	 2	 5	 2218.jpg	 6.976508e+02	 24	 999000	 240	 999000	 999	 6.986687e+02	 633.33	 550.00	 43.00	 39	 0.87	 
BFE_204	 2	 5	 1207.jpg	 7.016553e+02	 12	 999000	 120	 999000	 999	 7.026730e+02	 633.33	 550.00	 21.00	 28	 0.51	 
BFE_204	 2	 5	 1101.jpg	 7.046586e+02	 12	 999000	 120	 999000	 999	 7.056764e+02	 633.33	 550.00	 7.00	 1	 0.72	 
BFE_204	 2	 5	 1215.jpg	 7.066609e+02	 11	 1.021092e+03	 1100	 6.333604e+02	 98	 7.076786e+02	 583.33	 550.00	 11.00	 36	 0.66	 
BFE_204	 2	 5	 2204.jpg	 7.096473e+02	 24	 999000	 240	 999000	 999	 7.106653e+02	 583.33	 550.00	 60.00	 25	 0.51	 
BFE_204	 2	 5	 2216.jpg	 7.136520e+02	 24	 999000	 240	 999000	 999	 7.146699e+02	 583.33	 550.00	 52.00	 37	 0.62	 
BFE_204	 2	 5	 1218.jpg	 7.176565e+02	 12	 999000	 120	 999000	 999	 7.186743e+02	 583.33	 550.00	 4.00	 39	 0.77	 
BFE_204	 2	 5	 1214.jpg	 7.196588e+02	 12	 999000	 120	 999000	 999	 7.206765e+02	 583.33	 550.00	 12.00	 35	 0.64	 
BFE_204	 2	 5	 2208.jpg	 7.246475e+02	 22	 1.058476e+03	 2200	 5.500360e+02	 98	 7.256655e+02	 583.33	 500.00	 57.00	 29	 0.55	 
BFE_204	 2	 5	 1117.jpg	 7.266499e+02	 12	 999000	 120	 999000	 999	 7.276677e+02	 583.33	 500.00	 38.00	 17	 0.15	 
BFE_204	 2	 5	 1208.jpg	 7.286522e+02	 11	 1.213791e+03	 1100	 5.833639e+02	 98	 7.296700e+02	 533.33	 500.00	 14.00	 29	 0.60	 
BFE_204	 2	 5	 1219.jpg	 7.346590e+02	 12	 999000	 120	 999000	 999	 7.356767e+02	 533.33	 500.00	 3.00	 40	 0.84	 
BFE_204	 2	 5	 1108.jpg	 7.366613e+02	 11	 1.012712e+03	 1100	 5.333725e+02	 98	 7.376807e+02	 483.33	 500.00	 16.00	 8	 0.59	 
BFE_204	 2	 5	 2106.jpg	 7.386464e+02	 22	 8.035662e+02	 220	 5.000263e+02	 98	 7.396646e+02	 483.33	 516.67	 56.00	 6	 0.56	 
BFE_204	 2	 5	 2215.jpg	 7.406490e+02	 24	 999000	 240	 999000	 999	 7.416668e+02	 483.33	 516.67	 58.00	 36	 0.54	 
BFE_204	 2	 5	 2202.jpg	 7.446535e+02	 22	 8.284694e+02	 220	 5.166954e+02	 98	 7.456713e+02	 483.33	 533.33	 48.00	 23	 0.75	 
BFE_204	 2	 5	 1210.jpg	 7.486579e+02	 12	 999000	 120	 999000	 999	 7.496757e+02	 483.33	 533.33	 22.00	 31	 0.49	 
BFE_204	 2	 5	 2117.jpg	 7.516614e+02	 24	 999000	 240	 999000	 999	 7.526791e+02	 483.33	 533.33	 78.00	 17	 0.22	 
BFE_204	 2	 5	 1217.jpg	 7.556491e+02	 12	 999000	 120	 999000	 999	 7.566668e+02	 483.33	 533.33	 13.00	 38	 0.61	 
BFE_204	 2	 5	 1203.jpg	 7.586526e+02	 12	 999000	 120	 999000	 999	 7.596702e+02	 483.33	 533.33	 20.00	 24	 0.52	 
BFE_204	 2	 5	 1206.jpg	 7.606547e+02	 12	 999000	 120	 999000	 999	 7.616725e+02	 483.33	 533.33	 10.00	 27	 0.67	 
BFE_204	 2	 5	 1120.jpg	 7.646592e+02	 12	 999000	 120	 999000	 999	 7.656770e+02	 483.33	 533.33	 15.00	 20	 0.59	 
BFE_204	 2	 5	 2203.jpg	 7.666615e+02	 24	 999000	 240	 999000	 999	 7.676792e+02	 483.33	 533.33	 53.00	 24	 0.59	 
BFE_204	 2	 5	 1109.jpg	 7.686467e+02	 12	 999000	 120	 999000	 999	 7.696648e+02	 483.33	 533.33	 19.00	 9	 0.55	 
BFE_204	 2	 5	 2219.jpg	 7.726516e+02	 22	 9.744553e+02	 220	 5.333738e+02	 98	 7.736693e+02	 483.33	 550.00	 51.00	 40	 0.65	 
BFE_204	 2	 5	 2209.jpg	 7.746539e+02	 24	 999000	 240	 999000	 999	 7.756715e+02	 483.33	 550.00	 44.00	 30	 0.84	 
BFE_204	 2	 5	 2212.jpg	 7.786583e+02	 24	 999000	 240	 999000	 999	 7.796761e+02	 483.33	 550.00	 61.00	 33	 0.50	 
BFE_204	 2	 5	 2108.jpg	 7.826629e+02	 22	 1.123120e+03	 2200	 5.500497e+02	 98	 7.836805e+02	 483.33	 500.00	 49.00	 8	 0.72	 
BFE_204	 2	 5	 2101.jpg	 7.856495e+02	 22	 7.605487e+02	 220	 5.000394e+02	 98	 7.866672e+02	 483.33	 516.67	 54.00	 1	 0.58	 
BFE_204	 2	 5	 1205.jpg	 7.916562e+02	 11	 8.418456e+02	 110	 4.834006e+02	 98	 7.926740e+02	 500.00	 516.67	 17.00	 26	 0.56	 
BFE_204	 2	 5	 2206.jpg	 7.936584e+02	 24	 999000	 240	 999000	 999	 7.946763e+02	 500.00	 516.67	 50.00	 27	 0.68	 
BFE_204	 2	 5	 1204.jpg	 7.976630e+02	 11	 8.670075e+02	 110	 5.000401e+02	 98	 7.986807e+02	 516.67	 516.67	 9.00	 25	 0.68	 
BFE_204	 2	 5	 1111.jpg	 7.996485e+02	 12	 999000	 120	 999000	 999	 8.006663e+02	 516.67	 516.67	 18.00	 11	 0.56	 
BFE_204	 2	 5	 2103.jpg	 8.016508e+02	 24	 999000	 240	 999000	 999	 8.026684e+02	 516.67	 516.67	 62.00	 3	 0.47	 
BFE_204	 2	 5	 2210.jpg	 8.036529e+02	 24	 999000	 240	 999000	 999	 8.046708e+02	 516.67	 516.67	 59.00	 31	 0.53	 
BFE_204	 2	 5	 1118.jpg	 8.086587e+02	 12	 999000	 120	 999000	 999	 8.096763e+02	 516.67	 516.67	 37.00	 18	 0.15	 
BFE_204	 2	 5	 2120.jpg	 8.106608e+02	 24	 999000	 240	 999000	 999	 8.116787e+02	 516.67	 516.67	 55.00	 20	 0.57	 
BFE_204	 2	 5	 2214.jpg	 8.126631e+02	 24	 999000	 240	 999000	 999	 8.136808e+02	 516.67	 516.67	 47.00	 35	 0.78	 
BFE_204	 2	 5	 2110.jpg	 8.156498e+02	 24	 999000	 240	 999000	 999	 8.166675e+02	 516.67	 516.67	 77.00	 10	 0.23	 
