subjectID	 order	 runNum	 itemName	 onsetTime	 shuff_trialType	 RT	 respInTime	 AudioTime	 response	 fixationTime	 ladder1	 ladder2	 bidIndex	 itemNameIndex	 bidValue	 
BFE_105	 1	 16	 2103.jpg	 2.078849e+03	 24	 999000	 240	 999000	 999	 2.079867e+03	 650.00	 650.00	 43.00	 3	 0.82	 
BFE_105	 1	 16	 1201.jpg	 2.083838e+03	 12	 999000	 120	 999000	 999	 2.084856e+03	 650.00	 650.00	 4.00	 22	 0.78	 
BFE_105	 1	 16	 2211.jpg	 2.085840e+03	 24	 999000	 240	 999000	 999	 2.086858e+03	 650.00	 650.00	 48.00	 32	 0.73	 
BFE_105	 1	 16	 2216.jpg	 2.087842e+03	 22	 1.063713e+03	 2200	 6.500456e+02	 98	 2.088860e+03	 650.00	 600.00	 50.00	 37	 0.68	 
BFE_105	 1	 16	 2114.jpg	 2.093832e+03	 24	 999000	 240	 999000	 999	 2.094850e+03	 650.00	 600.00	 44.00	 14	 0.80	 
BFE_105	 1	 16	 1119.jpg	 2.095835e+03	 12	 999000	 120	 999000	 999	 2.096852e+03	 650.00	 600.00	 21.00	 19	 0.49	 
BFE_105	 1	 16	 1110.jpg	 2.098838e+03	 12	 999000	 120	 999000	 999	 2.099856e+03	 650.00	 600.00	 37.00	 10	 0.20	 
BFE_105	 1	 16	 2208.jpg	 2.100840e+03	 24	 999000	 240	 999000	 999	 2.101858e+03	 650.00	 600.00	 60.00	 29	 0.53	 
BFE_105	 1	 16	 1203.jpg	 2.104845e+03	 12	 999000	 120	 999000	 999	 2.105862e+03	 650.00	 600.00	 20.00	 24	 0.51	 
BFE_105	 1	 16	 1103.jpg	 2.106830e+03	 11	 9.077541e+02	 110	 6.500701e+02	 98	 2.107848e+03	 666.67	 600.00	 15.00	 3	 0.60	 
BFE_105	 1	 16	 1121.jpg	 2.111836e+03	 12	 999000	 120	 999000	 999	 2.112854e+03	 666.67	 600.00	 17.00	 21	 0.52	 
BFE_105	 1	 16	 1213.jpg	 2.118844e+03	 12	 999000	 120	 999000	 999	 2.119862e+03	 666.67	 600.00	 11.00	 34	 0.68	 
BFE_105	 1	 16	 1107.jpg	 2.120829e+03	 12	 999000	 120	 999000	 999	 2.121847e+03	 666.67	 600.00	 22.00	 7	 0.45	 
BFE_105	 1	 16	 1215.jpg	 2.123833e+03	 12	 999000	 120	 999000	 999	 2.124851e+03	 666.67	 600.00	 19.00	 36	 0.51	 
BFE_105	 1	 16	 2218.jpg	 2.126836e+03	 22	 1.037949e+03	 2200	 6.000255e+02	 98	 2.127854e+03	 666.67	 550.00	 55.00	 39	 0.62	 
BFE_105	 1	 16	 2117.jpg	 2.130841e+03	 24	 999000	 240	 999000	 999	 2.131858e+03	 666.67	 550.00	 77.00	 17	 0.20	 
BFE_105	 1	 16	 1205.jpg	 2.134845e+03	 11	 1.036866e+03	 1100	 6.666940e+02	 98	 2.135863e+03	 616.67	 550.00	 7.00	 26	 0.77	 
BFE_105	 1	 16	 2217.jpg	 2.138833e+03	 22	 1.041120e+03	 2200	 5.500260e+02	 98	 2.139851e+03	 616.67	 500.00	 53.00	 38	 0.64	 
BFE_105	 1	 16	 2118.jpg	 2.141836e+03	 24	 999000	 240	 999000	 999	 2.142854e+03	 616.67	 500.00	 78.00	 18	 0.18	 
BFE_105	 1	 16	 2204.jpg	 2.147843e+03	 24	 999000	 240	 999000	 999	 2.148861e+03	 616.67	 500.00	 57.00	 25	 0.58	 
BFE_105	 1	 16	 2213.jpg	 2.149845e+03	 22	 8.368170e+02	 220	 5.000383e+02	 98	 2.150863e+03	 616.67	 516.67	 52.00	 34	 0.65	 
BFE_105	 1	 16	 2206.jpg	 2.152832e+03	 24	 999000	 240	 999000	 999	 2.153850e+03	 616.67	 516.67	 61.00	 27	 0.52	 
BFE_105	 1	 16	 2109.jpg	 2.154834e+03	 22	 7.438283e+02	 220	 5.166983e+02	 98	 2.155852e+03	 616.67	 533.33	 58.00	 9	 0.56	 
BFE_105	 1	 16	 1106.jpg	 2.156836e+03	 12	 999000	 120	 999000	 999	 2.157854e+03	 616.67	 533.33	 3.00	 6	 0.80	 
BFE_105	 1	 16	 1113.jpg	 2.158839e+03	 12	 999000	 120	 999000	 999	 2.159857e+03	 616.67	 533.33	 9.00	 13	 0.70	 
BFE_105	 1	 16	 1208.jpg	 2.161842e+03	 11	 9.199162e+02	 110	 6.166980e+02	 98	 2.162860e+03	 633.33	 533.33	 18.00	 29	 0.52	 
BFE_105	 1	 16	 1216.jpg	 2.165830e+03	 11	 8.523230e+02	 110	 6.333695e+02	 98	 2.166848e+03	 650.00	 533.33	 12.00	 37	 0.64	 
BFE_105	 1	 16	 1218.jpg	 2.167832e+03	 12	 999000	 120	 999000	 999	 2.168850e+03	 650.00	 533.33	 16.00	 39	 0.60	 
BFE_105	 1	 16	 2209.jpg	 2.169834e+03	 24	 999000	 240	 999000	 999	 2.170852e+03	 650.00	 533.33	 49.00	 30	 0.73	 
BFE_105	 1	 16	 2121.jpg	 2.171837e+03	 24	 999000	 240	 999000	 999	 2.172854e+03	 650.00	 533.33	 51.00	 21	 0.66	 
BFE_105	 1	 16	 1202.jpg	 2.173839e+03	 12	 999000	 120	 999000	 999	 2.174857e+03	 650.00	 533.33	 8.00	 23	 0.75	 
BFE_105	 1	 16	 1219.jpg	 2.175841e+03	 12	 999000	 120	 999000	 999	 2.176859e+03	 650.00	 533.33	 14.00	 40	 0.61	 
BFE_105	 1	 16	 2219.jpg	 2.179846e+03	 24	 999000	 240	 999000	 999	 2.180863e+03	 650.00	 533.33	 62.00	 40	 0.51	 
BFE_105	 1	 16	 1209.jpg	 2.183833e+03	 11	 1.128599e+03	 1100	 6.500449e+02	 98	 2.184851e+03	 600.00	 533.33	 10.00	 30	 0.69	 
BFE_105	 1	 16	 1102.jpg	 2.185836e+03	 11	 9.343234e+02	 110	 6.000312e+02	 98	 2.186853e+03	 616.67	 533.33	 13.00	 2	 0.62	 
BFE_105	 1	 16	 1112.jpg	 2.187838e+03	 12	 999000	 120	 999000	 999	 2.188856e+03	 616.67	 533.33	 38.00	 12	 0.20	 
BFE_105	 1	 16	 2214.jpg	 2.189840e+03	 24	 999000	 240	 999000	 999	 2.190858e+03	 616.67	 533.33	 54.00	 35	 0.62	 
BFE_105	 1	 16	 2106.jpg	 2.191842e+03	 22	 1.047618e+03	 2200	 5.333702e+02	 98	 2.192860e+03	 616.67	 483.33	 47.00	 6	 0.74	 
BFE_105	 1	 16	 2202.jpg	 2.197833e+03	 24	 999000	 240	 999000	 999	 2.198850e+03	 616.67	 483.33	 56.00	 23	 0.60	 
BFE_105	 1	 16	 2215.jpg	 2.199835e+03	 24	 999000	 240	 999000	 999	 2.200853e+03	 616.67	 483.33	 59.00	 36	 0.54	 
