subjectID	 order	 runNum	 itemName	 onsetTime	 shuff_trialType	 RT	 respInTime	 AudioTime	 response	 fixationTime	 ladder1	 ladder2	 bidIndex	 itemNameIndex	 bidValue	 
BFE_102	 2	 4	 1209.jpg	 3.791184e+02	 11	 8.516931e+02	 110	 7.167517e+02	 98	 3.801363e+02	 733.33	 716.67	 16.00	 30	 0.55	 
BFE_102	 2	 4	 1102.jpg	 3.841074e+02	 11	 1.014681e+03	 1100	 7.333602e+02	 98	 3.851258e+02	 683.33	 716.67	 14.00	 2	 0.60	 
BFE_102	 2	 4	 2209.jpg	 3.861097e+02	 22	 9.324461e+02	 220	 7.167177e+02	 98	 3.871274e+02	 683.33	 733.33	 56.00	 30	 0.68	 
BFE_102	 2	 4	 2201.jpg	 3.881119e+02	 22	 9.701931e+02	 220	 7.333681e+02	 98	 3.891296e+02	 683.33	 750.00	 57.00	 22	 0.66	 
BFE_102	 2	 4	 2203.jpg	 3.941019e+02	 22	 9.562271e+02	 220	 7.500362e+02	 98	 3.951197e+02	 683.33	 766.67	 54.00	 24	 0.72	 
BFE_102	 2	 4	 1108.jpg	 3.961042e+02	 12	 999000	 120	 999000	 999	 3.971219e+02	 683.33	 766.67	 10.00	 8	 0.68	 
BFE_102	 2	 4	 2111.jpg	 3.991076e+02	 24	 999000	 240	 999000	 999	 4.001254e+02	 683.33	 766.67	 59.00	 11	 0.62	 
BFE_102	 2	 4	 1109.jpg	 4.011098e+02	 12	 999000	 120	 999000	 999	 4.021275e+02	 683.33	 766.67	 21.00	 9	 0.50	 
BFE_102	 2	 4	 2204.jpg	 4.051143e+02	 24	 999000	 240	 999000	 999	 4.061321e+02	 683.33	 766.67	 50.00	 25	 0.75	 
BFE_102	 2	 4	 2206.jpg	 4.070996e+02	 24	 999000	 240	 999000	 999	 4.081176e+02	 683.33	 766.67	 43.00	 27	 0.87	 
BFE_102	 2	 4	 1201.jpg	 4.121055e+02	 12	 999000	 120	 999000	 999	 4.131232e+02	 683.33	 766.67	 13.00	 22	 0.60	 
BFE_102	 2	 4	 1104.jpg	 4.191134e+02	 12	 999000	 120	 999000	 999	 4.201311e+02	 683.33	 766.67	 15.00	 4	 0.56	 
BFE_102	 2	 4	 1218.jpg	 4.210985e+02	 12	 999000	 120	 999000	 999	 4.221167e+02	 683.33	 766.67	 4.00	 39	 0.79	 
BFE_102	 2	 4	 1110.jpg	 4.241022e+02	 12	 999000	 120	 999000	 999	 4.251200e+02	 683.33	 766.67	 20.00	 10	 0.52	 
BFE_102	 2	 4	 1205.jpg	 4.271055e+02	 12	 999000	 120	 999000	 999	 4.281234e+02	 683.33	 766.67	 7.00	 26	 0.71	 
BFE_102	 2	 4	 1115.jpg	 4.311101e+02	 12	 999000	 120	 999000	 999	 4.321279e+02	 683.33	 766.67	 22.00	 15	 0.48	 
BFE_102	 2	 4	 2103.jpg	 4.351146e+02	 24	 999000	 240	 999000	 999	 4.361324e+02	 683.33	 766.67	 52.00	 3	 0.75	 
BFE_102	 2	 4	 1121.jpg	 4.391023e+02	 11	 9.237617e+02	 110	 6.833765e+02	 98	 4.401201e+02	 700.00	 766.67	 17.00	 21	 0.55	 
BFE_102	 2	 4	 2104.jpg	 4.421059e+02	 24	 999000	 240	 999000	 999	 4.431235e+02	 700.00	 766.67	 58.00	 4	 0.63	 
BFE_102	 2	 4	 1105.jpg	 4.481125e+02	 12	 999000	 120	 999000	 999	 4.491303e+02	 700.00	 766.67	 19.00	 5	 0.53	 
BFE_102	 2	 4	 2218.jpg	 4.501147e+02	 24	 999000	 240	 999000	 999	 4.511324e+02	 700.00	 766.67	 55.00	 39	 0.72	 
BFE_102	 2	 4	 2118.jpg	 4.531014e+02	 24	 999000	 240	 999000	 999	 4.541191e+02	 700.00	 766.67	 78.00	 18	 0.32	 
BFE_102	 2	 4	 1211.jpg	 4.551037e+02	 11	 9.944205e+02	 110	 7.000384e+02	 98	 4.561214e+02	 716.67	 766.67	 9.00	 32	 0.70	 
BFE_102	 2	 4	 2217.jpg	 4.571059e+02	 22	 1.080242e+03	 2200	 7.667054e+02	 98	 4.581237e+02	 716.67	 716.67	 49.00	 38	 0.76	 
BFE_102	 2	 4	 2207.jpg	 4.591082e+02	 22	 9.419506e+02	 220	 7.167258e+02	 98	 4.601259e+02	 716.67	 733.33	 48.00	 28	 0.80	 
BFE_102	 2	 4	 2213.jpg	 4.621114e+02	 24	 999000	 240	 999000	 999	 4.631292e+02	 716.67	 733.33	 62.00	 34	 0.52	 
BFE_102	 2	 4	 1203.jpg	 4.660989e+02	 12	 999000	 120	 999000	 999	 4.671171e+02	 716.67	 733.33	 3.00	 24	 0.87	 
BFE_102	 2	 4	 2110.jpg	 4.681015e+02	 24	 999000	 240	 999000	 999	 4.691193e+02	 716.67	 733.33	 53.00	 10	 0.73	 
BFE_102	 2	 4	 2101.jpg	 4.701038e+02	 24	 999000	 240	 999000	 999	 4.711215e+02	 716.67	 733.33	 44.00	 1	 0.87	 
BFE_102	 2	 4	 1204.jpg	 4.721060e+02	 11	 1.072108e+03	 1100	 7.167008e+02	 98	 4.731238e+02	 666.67	 733.33	 11.00	 25	 0.65	 
BFE_102	 2	 4	 1207.jpg	 4.741084e+02	 11	 8.777090e+02	 110	 6.667023e+02	 98	 4.751261e+02	 683.33	 733.33	 8.00	 28	 0.70	 
BFE_102	 2	 4	 2214.jpg	 4.761105e+02	 24	 999000	 240	 999000	 999	 4.771283e+02	 683.33	 733.33	 60.00	 35	 0.57	 
BFE_102	 2	 4	 2211.jpg	 4.801150e+02	 22	 9.991266e+02	 220	 7.333589e+02	 98	 4.811328e+02	 683.33	 750.00	 51.00	 32	 0.75	 
BFE_102	 2	 4	 2114.jpg	 4.841028e+02	 24	 999000	 240	 999000	 999	 4.851208e+02	 683.33	 750.00	 47.00	 14	 0.85	 
BFE_102	 2	 4	 2115.jpg	 4.861050e+02	 24	 999000	 240	 999000	 999	 4.871228e+02	 683.33	 750.00	 61.00	 15	 0.53	 
BFE_102	 2	 4	 1116.jpg	 4.881073e+02	 12	 999000	 120	 999000	 999	 4.891251e+02	 683.33	 750.00	 37.00	 16	 0.20	 
BFE_102	 2	 4	 1212.jpg	 4.901095e+02	 12	 999000	 120	 999000	 999	 4.911273e+02	 683.33	 750.00	 38.00	 33	 0.20	 
BFE_102	 2	 4	 2105.jpg	 4.921117e+02	 24	 999000	 240	 999000	 999	 4.931295e+02	 683.33	 750.00	 77.00	 5	 0.32	 
BFE_102	 2	 4	 1208.jpg	 4.981018e+02	 12	 999000	 120	 999000	 999	 4.991196e+02	 683.33	 750.00	 12.00	 29	 0.62	 
BFE_102	 2	 4	 1106.jpg	 5.001041e+02	 12	 999000	 120	 999000	 999	 5.011219e+02	 683.33	 750.00	 18.00	 6	 0.53	 
