subjectID	 order	 runNum	 itemName	 onsetTime	 shuff_trialType	 RT	 respInTime	 AudioTime	 response	 fixationTime	 ladder1	 ladder2	 bidIndex	 itemNameIndex	 bidValue	 
BFE_104	 2	 5	 2119.jpg	 5.513186e+02	 24	 999000	 240	 999000	 999	 5.523364e+02	 750.00	 750.00	 60.00	 19	 0.51	 
BFE_104	 2	 5	 1114.jpg	 5.543053e+02	 11	 9.364927e+02	 110	 7.500448e+02	 98	 5.553230e+02	 766.67	 750.00	 16.00	 14	 0.53	 
BFE_104	 2	 5	 2102.jpg	 5.583098e+02	 24	 999000	 240	 999000	 999	 5.593276e+02	 766.67	 750.00	 58.00	 2	 0.52	 
BFE_104	 2	 5	 2117.jpg	 5.603121e+02	 24	 999000	 240	 999000	 999	 5.613299e+02	 766.67	 750.00	 78.00	 17	 0.22	 
BFE_104	 2	 5	 1211.jpg	 5.623144e+02	 12	 999000	 120	 999000	 999	 5.633321e+02	 766.67	 750.00	 20.00	 32	 0.47	 
BFE_104	 2	 5	 1118.jpg	 5.663021e+02	 12	 999000	 120	 999000	 999	 5.673199e+02	 766.67	 750.00	 10.00	 18	 0.57	 
BFE_104	 2	 5	 2202.jpg	 5.683045e+02	 24	 999000	 240	 999000	 999	 5.693221e+02	 766.67	 750.00	 61.00	 23	 0.50	 
BFE_104	 2	 5	 1210.jpg	 5.733099e+02	 12	 999000	 120	 999000	 999	 5.743278e+02	 766.67	 750.00	 38.00	 31	 0.30	 
BFE_104	 2	 5	 1104.jpg	 5.753122e+02	 11	 1.049578e+03	 1100	 7.667043e+02	 98	 5.763300e+02	 716.67	 750.00	 17.00	 4	 0.50	 
BFE_104	 2	 5	 1207.jpg	 5.782986e+02	 12	 999000	 120	 999000	 999	 5.793167e+02	 716.67	 750.00	 7.00	 28	 0.63	 
BFE_104	 2	 5	 2114.jpg	 5.813023e+02	 22	 6.755321e+02	 22	 7.500576e+02	 98	 5.823201e+02	 716.67	 766.67	 51.00	 14	 0.65	 
BFE_104	 2	 5	 2216.jpg	 5.853068e+02	 24	 999000	 240	 999000	 999	 5.863245e+02	 716.67	 766.67	 47.00	 37	 0.67	 
BFE_104	 2	 5	 1102.jpg	 5.883102e+02	 11	 1.091646e+03	 1100	 7.167039e+02	 98	 5.893280e+02	 666.67	 766.67	 14.00	 2	 0.54	 
BFE_104	 2	 5	 2208.jpg	 5.903123e+02	 22	 1.073549e+03	 2200	 7.666992e+02	 98	 5.913302e+02	 666.67	 716.67	 57.00	 29	 0.52	 
BFE_104	 2	 5	 1201.jpg	 5.932988e+02	 12	 999000	 120	 999000	 999	 5.943168e+02	 666.67	 716.67	 3.00	 22	 0.73	 
BFE_104	 2	 5	 2213.jpg	 5.973036e+02	 24	 999000	 240	 999000	 999	 5.983214e+02	 666.67	 716.67	 62.00	 34	 0.49	 
BFE_104	 2	 5	 2107.jpg	 6.003069e+02	 24	 999000	 240	 999000	 999	 6.013247e+02	 666.67	 716.67	 77.00	 7	 0.26	 
BFE_104	 2	 5	 1116.jpg	 6.023091e+02	 12	 999000	 120	 999000	 999	 6.033268e+02	 666.67	 716.67	 15.00	 16	 0.54	 
BFE_104	 2	 5	 2206.jpg	 6.043113e+02	 22	 9.064787e+02	 220	 7.167007e+02	 98	 6.053292e+02	 666.67	 733.33	 48.00	 27	 0.66	 
BFE_104	 2	 5	 2112.jpg	 6.093003e+02	 24	 999000	 240	 999000	 999	 6.103181e+02	 666.67	 733.33	 53.00	 12	 0.58	 
BFE_104	 2	 5	 1119.jpg	 6.133048e+02	 12	 999000	 120	 999000	 999	 6.143226e+02	 666.67	 733.33	 19.00	 19	 0.49	 
BFE_104	 2	 5	 1111.jpg	 6.173093e+02	 12	 999000	 120	 999000	 999	 6.183271e+02	 666.67	 733.33	 12.00	 11	 0.54	 
BFE_104	 2	 5	 2205.jpg	 6.232991e+02	 24	 999000	 240	 999000	 999	 6.243171e+02	 666.67	 733.33	 50.00	 26	 0.65	 
BFE_104	 2	 5	 1112.jpg	 6.253016e+02	 12	 999000	 120	 999000	 999	 6.263193e+02	 666.67	 733.33	 22.00	 12	 0.47	 
BFE_104	 2	 5	 1103.jpg	 6.273039e+02	 12	 999000	 120	 999000	 999	 6.283216e+02	 666.67	 733.33	 18.00	 3	 0.49	 
BFE_104	 2	 5	 2217.jpg	 6.293062e+02	 24	 999000	 240	 999000	 999	 6.303238e+02	 666.67	 733.33	 44.00	 38	 0.75	 
BFE_104	 2	 5	 2103.jpg	 6.313084e+02	 24	 999000	 240	 999000	 999	 6.323261e+02	 666.67	 733.33	 43.00	 3	 0.80	 
BFE_104	 2	 5	 2201.jpg	 6.353129e+02	 24	 999000	 240	 999000	 999	 6.363306e+02	 666.67	 733.33	 52.00	 22	 0.60	 
BFE_104	 2	 5	 2113.jpg	 6.373150e+02	 22	 9.108026e+02	 220	 7.333667e+02	 98	 6.383330e+02	 666.67	 750.00	 56.00	 13	 0.54	 
BFE_104	 2	 5	 1113.jpg	 6.413028e+02	 12	 999000	 120	 999000	 999	 6.423206e+02	 666.67	 750.00	 37.00	 13	 0.34	 
BFE_104	 2	 5	 2115.jpg	 6.433051e+02	 24	 999000	 240	 999000	 999	 6.443229e+02	 666.67	 750.00	 55.00	 15	 0.54	 
BFE_104	 2	 5	 2110.jpg	 6.453073e+02	 24	 999000	 240	 999000	 999	 6.463251e+02	 666.67	 750.00	 59.00	 10	 0.52	 
BFE_104	 2	 5	 1204.jpg	 6.473096e+02	 11	 8.442543e+02	 110	 6.667019e+02	 98	 6.483274e+02	 683.33	 750.00	 9.00	 25	 0.58	 
BFE_104	 2	 5	 1121.jpg	 6.523152e+02	 11	 6.866085e+02	 110	 6.833755e+02	 98	 6.533330e+02	 700.00	 750.00	 8.00	 21	 0.61	 
BFE_104	 2	 5	 1115.jpg	 6.543007e+02	 12	 999000	 120	 999000	 999	 6.553186e+02	 700.00	 750.00	 13.00	 15	 0.54	 
BFE_104	 2	 5	 2209.jpg	 6.563030e+02	 22	 9.708397e+02	 220	 7.500363e+02	 98	 6.573207e+02	 700.00	 766.67	 49.00	 30	 0.66	 
BFE_104	 2	 5	 1213.jpg	 6.593063e+02	 12	 999000	 120	 999000	 999	 6.603241e+02	 700.00	 766.67	 4.00	 34	 0.71	 
BFE_104	 2	 5	 1215.jpg	 6.663142e+02	 11	 8.956502e+02	 110	 7.000261e+02	 98	 6.673320e+02	 716.67	 766.67	 11.00	 36	 0.57	 
BFE_104	 2	 5	 1212.jpg	 6.703020e+02	 12	 999000	 120	 999000	 999	 6.713198e+02	 716.67	 766.67	 21.00	 33	 0.47	 
BFE_104	 2	 5	 2211.jpg	 6.773099e+02	 22	 9.479503e+02	 220	 7.666968e+02	 98	 6.783277e+02	 716.67	 783.33	 54.00	 32	 0.55	 
