subjectID	 order	 runNum	 itemName	 onsetTime	 shuff_trialType	 RT	 respInTime	 AudioTime	 response	 fixationTime	 ladder1	 ladder2	 bidIndex	 itemNameIndex	 bidValue	 
BFE_203	 1	 15	 1113.jpg	 1.831294e+03	 11	 9.488035e+02	 110	 6.833773e+02	 98	 1.832311e+03	 700.00	 683.33	 13.00	 13	 0.66	 
BFE_203	 1	 15	 2205.jpg	 1.834280e+03	 24	 999000	 240	 999000	 999	 1.835298e+03	 700.00	 683.33	 48.00	 26	 0.70	 
BFE_203	 1	 15	 1217.jpg	 1.838285e+03	 12	 999000	 120	 999000	 999	 1.839303e+03	 700.00	 683.33	 20.00	 38	 0.53	 
BFE_203	 1	 15	 2106.jpg	 1.840287e+03	 24	 999000	 240	 999000	 999	 1.841305e+03	 700.00	 683.33	 43.00	 6	 0.88	 
BFE_203	 1	 15	 2109.jpg	 1.842289e+03	 22	 1.017070e+03	 2200	 6.833798e+02	 98	 1.843307e+03	 700.00	 633.33	 47.00	 9	 0.74	 
BFE_203	 1	 15	 1206.jpg	 1.846277e+03	 11	 9.812696e+02	 110	 7.000314e+02	 98	 1.847295e+03	 716.67	 633.33	 7.00	 27	 0.74	 
BFE_203	 1	 15	 1115.jpg	 1.848279e+03	 11	 1.019020e+03	 1100	 7.166967e+02	 98	 1.849297e+03	 666.67	 633.33	 10.00	 15	 0.71	 
BFE_203	 1	 15	 2216.jpg	 1.853285e+03	 24	 999000	 240	 999000	 999	 1.854303e+03	 666.67	 633.33	 51.00	 37	 0.67	 
BFE_203	 1	 15	 2116.jpg	 1.855287e+03	 22	 9.151490e+02	 220	 6.333870e+02	 98	 1.856305e+03	 666.67	 650.00	 52.00	 16	 0.67	 
BFE_203	 1	 15	 2201.jpg	 1.858291e+03	 24	 999000	 240	 999000	 999	 1.859308e+03	 666.67	 650.00	 57.00	 22	 0.54	 
BFE_203	 1	 15	 2107.jpg	 1.861277e+03	 22	 8.611370e+02	 220	 6.500641e+02	 98	 1.862295e+03	 666.67	 666.67	 55.00	 7	 0.57	 
BFE_203	 1	 15	 1107.jpg	 1.865282e+03	 12	 999000	 120	 999000	 999	 1.866299e+03	 666.67	 666.67	 4.00	 7	 0.80	 
BFE_203	 1	 15	 2113.jpg	 1.868285e+03	 22	 9.092931e+02	 220	 6.667004e+02	 98	 1.869303e+03	 666.67	 683.33	 50.00	 13	 0.67	 
BFE_203	 1	 15	 1109.jpg	 1.870287e+03	 11	 9.870865e+02	 110	 6.667342e+02	 98	 1.871305e+03	 683.33	 683.33	 12.00	 9	 0.67	 
BFE_203	 1	 15	 1104.jpg	 1.873291e+03	 12	 999000	 120	 999000	 999	 1.874308e+03	 683.33	 683.33	 11.00	 4	 0.69	 
BFE_203	 1	 15	 2102.jpg	 1.877279e+03	 24	 999000	 240	 999000	 999	 1.878296e+03	 683.33	 683.33	 49.00	 2	 0.68	 
BFE_203	 1	 15	 1201.jpg	 1.880282e+03	 11	 8.965357e+02	 110	 6.833652e+02	 98	 1.881300e+03	 700.00	 683.33	 15.00	 22	 0.60	 
BFE_203	 1	 15	 2104.jpg	 1.882284e+03	 22	 9.103293e+02	 220	 6.833835e+02	 98	 1.883302e+03	 700.00	 700.00	 58.00	 4	 0.54	 
BFE_203	 1	 15	 1108.jpg	 1.884286e+03	 12	 999000	 120	 999000	 999	 1.885304e+03	 700.00	 700.00	 37.00	 8	 0.21	 
BFE_203	 1	 15	 1105.jpg	 1.889275e+03	 12	 999000	 120	 999000	 999	 1.890293e+03	 700.00	 700.00	 17.00	 5	 0.57	 
BFE_203	 1	 15	 1102.jpg	 1.893280e+03	 12	 999000	 120	 999000	 999	 1.894297e+03	 700.00	 700.00	 21.00	 2	 0.52	 
BFE_203	 1	 15	 1114.jpg	 1.897284e+03	 12	 999000	 120	 999000	 999	 1.898302e+03	 700.00	 700.00	 8.00	 14	 0.73	 
BFE_203	 1	 15	 2211.jpg	 1.903291e+03	 24	 999000	 240	 999000	 999	 1.904309e+03	 700.00	 700.00	 62.00	 32	 0.47	 
BFE_203	 1	 15	 2204.jpg	 1.905276e+03	 24	 999000	 240	 999000	 999	 1.906294e+03	 700.00	 700.00	 60.00	 25	 0.50	 
BFE_203	 1	 15	 2108.jpg	 1.907279e+03	 24	 999000	 240	 999000	 999	 1.908297e+03	 700.00	 700.00	 77.00	 8	 0.21	 
BFE_203	 1	 15	 2103.jpg	 1.909281e+03	 24	 999000	 240	 999000	 999	 1.910299e+03	 700.00	 700.00	 54.00	 3	 0.59	 
BFE_203	 1	 15	 1214.jpg	 1.911283e+03	 12	 999000	 120	 999000	 999	 1.912301e+03	 700.00	 700.00	 22.00	 35	 0.49	 
BFE_203	 1	 15	 2219.jpg	 1.915288e+03	 24	 999000	 240	 999000	 999	 1.916306e+03	 700.00	 700.00	 56.00	 40	 0.56	 
BFE_203	 1	 15	 2121.jpg	 1.917290e+03	 24	 999000	 240	 999000	 999	 1.918308e+03	 700.00	 700.00	 44.00	 21	 0.85	 
BFE_203	 1	 15	 1111.jpg	 1.921278e+03	 11	 1.052546e+03	 1100	 7.000322e+02	 98	 1.922296e+03	 650.00	 700.00	 18.00	 11	 0.57	 
BFE_203	 1	 15	 1202.jpg	 1.923280e+03	 12	 999000	 120	 999000	 999	 1.924298e+03	 650.00	 700.00	 38.00	 23	 0.20	 
BFE_203	 1	 15	 1204.jpg	 1.925282e+03	 12	 999000	 120	 999000	 999	 1.926300e+03	 650.00	 700.00	 9.00	 25	 0.72	 
BFE_203	 1	 15	 1209.jpg	 1.927285e+03	 12	 999000	 120	 999000	 999	 1.928302e+03	 650.00	 700.00	 16.00	 30	 0.58	 
BFE_203	 1	 15	 2217.jpg	 1.932290e+03	 24	 999000	 240	 999000	 999	 1.933308e+03	 650.00	 700.00	 59.00	 38	 0.51	 
BFE_203	 1	 15	 1117.jpg	 1.934276e+03	 12	 999000	 120	 999000	 999	 1.935293e+03	 650.00	 700.00	 14.00	 17	 0.64	 
BFE_203	 1	 15	 1205.jpg	 1.936278e+03	 12	 999000	 120	 999000	 999	 1.937296e+03	 650.00	 700.00	 3.00	 26	 0.80	 
BFE_203	 1	 15	 2115.jpg	 1.939281e+03	 22	 9.930650e+02	 220	 7.000328e+02	 98	 1.940299e+03	 650.00	 716.67	 53.00	 15	 0.62	 
BFE_203	 1	 15	 2203.jpg	 1.946289e+03	 24	 999000	 240	 999000	 999	 1.947307e+03	 650.00	 716.67	 78.00	 24	 0.13	 
BFE_203	 1	 15	 1110.jpg	 1.950277e+03	 12	 999000	 120	 999000	 999	 1.951295e+03	 650.00	 716.67	 19.00	 10	 0.54	 
BFE_203	 1	 15	 2202.jpg	 1.957285e+03	 24	 999000	 240	 999000	 999	 1.958303e+03	 650.00	 716.67	 61.00	 23	 0.49	 
