subjectID	 order	 runNum	 itemName	 onsetTime	 shuff_trialType	 RT	 respInTime	 AudioTime	 response	 fixationTime	 ladder1	 ladder2	 bidIndex	 itemNameIndex	 bidValue	 
BFE_108	 2	 5	 1215.jpg	 5.059833e+02	 12	 999000	 120	 999000	 999	 5.070011e+02	 683.33	 750.00	 22.00	 36	 0.47	 
BFE_108	 2	 5	 1219.jpg	 5.079689e+02	 12	 999000	 120	 999000	 999	 5.089866e+02	 683.33	 750.00	 4.00	 40	 0.78	 
BFE_108	 2	 5	 1121.jpg	 5.119734e+02	 12	 999000	 120	 999000	 999	 5.129911e+02	 683.33	 750.00	 7.00	 21	 0.71	 
BFE_108	 2	 5	 1218.jpg	 5.149767e+02	 12	 999000	 120	 999000	 999	 5.159945e+02	 683.33	 750.00	 12.00	 39	 0.62	 
BFE_108	 2	 5	 1105.jpg	 5.169789e+02	 12	 999000	 120	 999000	 999	 5.179967e+02	 683.33	 750.00	 13.00	 5	 0.55	 
BFE_108	 2	 5	 2218.jpg	 5.199657e+02	 22	 9.968270e+02	 220	 7.500406e+02	 98	 5.209834e+02	 683.33	 766.67	 57.00	 39	 0.57	 
BFE_108	 2	 5	 2112.jpg	 5.239701e+02	 24	 999000	 240	 999000	 999	 5.249878e+02	 683.33	 766.67	 77.00	 12	 0.22	 
BFE_108	 2	 5	 1114.jpg	 5.279746e+02	 12	 999000	 120	 999000	 999	 5.289925e+02	 683.33	 766.67	 10.00	 14	 0.65	 
BFE_108	 2	 5	 1203.jpg	 5.299769e+02	 11	 9.296721e+02	 110	 6.833828e+02	 98	 5.309946e+02	 700.00	 766.67	 11.00	 24	 0.63	 
BFE_108	 2	 5	 2103.jpg	 5.349658e+02	 24	 999000	 240	 999000	 999	 5.359835e+02	 700.00	 766.67	 43.00	 3	 0.83	 
BFE_108	 2	 5	 1102.jpg	 5.369681e+02	 11	 9.304054e+02	 110	 7.000385e+02	 98	 5.379858e+02	 716.67	 766.67	 16.00	 2	 0.53	 
BFE_108	 2	 5	 2109.jpg	 5.389703e+02	 22	 1.032195e+03	 2200	 7.667113e+02	 98	 5.399881e+02	 716.67	 716.67	 56.00	 9	 0.57	 
BFE_108	 2	 5	 2102.jpg	 5.449770e+02	 24	 999000	 240	 999000	 999	 5.459948e+02	 716.67	 716.67	 59.00	 2	 0.52	 
BFE_108	 2	 5	 1111.jpg	 5.469793e+02	 12	 999000	 120	 999000	 999	 5.479970e+02	 716.67	 716.67	 19.00	 11	 0.51	 
BFE_108	 2	 5	 1213.jpg	 5.489648e+02	 11	 9.577904e+02	 110	 7.167100e+02	 98	 5.499826e+02	 733.33	 716.67	 9.00	 34	 0.71	 
BFE_108	 2	 5	 1202.jpg	 5.509670e+02	 11	 9.795635e+02	 110	 7.333702e+02	 98	 5.519848e+02	 750.00	 716.67	 17.00	 23	 0.53	 
BFE_108	 2	 5	 1113.jpg	 5.549715e+02	 12	 999000	 120	 999000	 999	 5.559893e+02	 750.00	 716.67	 20.00	 13	 0.50	 
BFE_108	 2	 5	 2217.jpg	 5.589760e+02	 24	 999000	 240	 999000	 999	 5.599938e+02	 750.00	 716.67	 44.00	 38	 0.81	 
BFE_108	 2	 5	 2213.jpg	 5.619793e+02	 24	 999000	 240	 999000	 999	 5.629972e+02	 750.00	 716.67	 52.00	 34	 0.62	 
BFE_108	 2	 5	 1216.jpg	 5.659672e+02	 12	 999000	 120	 999000	 999	 5.669850e+02	 750.00	 716.67	 38.00	 37	 0.20	 
BFE_108	 2	 5	 1201.jpg	 5.689706e+02	 12	 999000	 120	 999000	 999	 5.699883e+02	 750.00	 716.67	 3.00	 22	 0.88	 
BFE_108	 2	 5	 2210.jpg	 5.709728e+02	 22	 9.897490e+02	 220	 7.166956e+02	 98	 5.719906e+02	 750.00	 733.33	 48.00	 31	 0.73	 
BFE_108	 2	 5	 2111.jpg	 5.749773e+02	 22	 1.033272e+03	 2200	 7.333631e+02	 98	 5.759951e+02	 750.00	 683.33	 51.00	 11	 0.65	 
BFE_108	 2	 5	 2101.jpg	 5.769795e+02	 24	 999000	 240	 999000	 999	 5.779974e+02	 750.00	 683.33	 55.00	 1	 0.58	 
BFE_108	 2	 5	 2121.jpg	 5.789652e+02	 22	 9.333672e+02	 220	 6.833703e+02	 98	 5.799828e+02	 750.00	 700.00	 49.00	 21	 0.69	 
BFE_108	 2	 5	 1214.jpg	 5.829696e+02	 12	 999000	 120	 999000	 999	 5.839873e+02	 750.00	 700.00	 18.00	 35	 0.52	 
BFE_108	 2	 5	 2204.jpg	 5.849718e+02	 24	 999000	 240	 999000	 999	 5.859896e+02	 750.00	 700.00	 61.00	 25	 0.48	 
BFE_108	 2	 5	 2219.jpg	 5.889763e+02	 24	 999000	 240	 999000	 999	 5.899941e+02	 750.00	 700.00	 50.00	 40	 0.67	 
BFE_108	 2	 5	 1211.jpg	 5.929638e+02	 11	 1.006703e+03	 1100	 7.500377e+02	 98	 5.939819e+02	 700.00	 700.00	 14.00	 32	 0.54	 
BFE_108	 2	 5	 1117.jpg	 5.959676e+02	 12	 999000	 120	 999000	 999	 5.969853e+02	 700.00	 700.00	 21.00	 17	 0.50	 
BFE_108	 2	 5	 2113.jpg	 6.019742e+02	 24	 999000	 240	 999000	 999	 6.029920e+02	 700.00	 700.00	 60.00	 13	 0.51	 
BFE_108	 2	 5	 1115.jpg	 6.039765e+02	 12	 999000	 120	 999000	 999	 6.049943e+02	 700.00	 700.00	 15.00	 15	 0.54	 
BFE_108	 2	 5	 2117.jpg	 6.079642e+02	 24	 999000	 240	 999000	 999	 6.089820e+02	 700.00	 700.00	 47.00	 17	 0.74	 
BFE_108	 2	 5	 2205.jpg	 6.099664e+02	 24	 999000	 240	 999000	 999	 6.109843e+02	 700.00	 700.00	 58.00	 26	 0.54	 
BFE_108	 2	 5	 2106.jpg	 6.119688e+02	 22	 9.537798e+02	 220	 7.000278e+02	 98	 6.129866e+02	 700.00	 716.67	 54.00	 6	 0.61	 
BFE_108	 2	 5	 2208.jpg	 6.139710e+02	 24	 999000	 240	 999000	 999	 6.149887e+02	 700.00	 716.67	 62.00	 29	 0.46	 
BFE_108	 2	 5	 2212.jpg	 6.189766e+02	 24	 999000	 240	 999000	 999	 6.199944e+02	 700.00	 716.67	 78.00	 33	 0.21	 
BFE_108	 2	 5	 2209.jpg	 6.209789e+02	 24	 999000	 240	 999000	 999	 6.219966e+02	 700.00	 716.67	 53.00	 30	 0.61	 
BFE_108	 2	 5	 1106.jpg	 6.229645e+02	 11	 9.500124e+02	 110	 7.000508e+02	 98	 6.239821e+02	 716.67	 716.67	 8.00	 6	 0.71	 
BFE_108	 2	 5	 1210.jpg	 6.259678e+02	 12	 999000	 120	 999000	 999	 6.269856e+02	 716.67	 716.67	 37.00	 31	 0.21	 
