subjectID	 order	 runNum	 itemName	 onsetTime	 shuff_trialType	 RT	 respInTime	 AudioTime	 response	 fixationTime	 ladder1	 ladder2	 bidIndex	 itemNameIndex	 bidValue	 
BFE_108	 2	 9	 1215.jpg	 9.998201e+02	 12	 999000	 120	 999000	 999	 1.000838e+03	 683.33	 750.00	 22.00	 36	 0.47	 
BFE_108	 2	 9	 2205.jpg	 1.004809e+03	 24	 999000	 240	 999000	 999	 1.005827e+03	 683.33	 750.00	 58.00	 26	 0.54	 
BFE_108	 2	 9	 2210.jpg	 1.006811e+03	 22	 9.833545e+02	 220	 7.500411e+02	 98	 1.007829e+03	 683.33	 766.67	 48.00	 31	 0.73	 
BFE_108	 2	 9	 2113.jpg	 1.008813e+03	 24	 999000	 240	 999000	 999	 1.009831e+03	 683.33	 766.67	 60.00	 13	 0.51	 
BFE_108	 2	 9	 1106.jpg	 1.014804e+03	 11	 9.190430e+02	 110	 6.834091e+02	 98	 1.015821e+03	 700.00	 766.67	 8.00	 6	 0.71	 
BFE_108	 2	 9	 2102.jpg	 1.016806e+03	 24	 999000	 240	 999000	 999	 1.017824e+03	 700.00	 766.67	 59.00	 2	 0.52	 
BFE_108	 2	 9	 2103.jpg	 1.019809e+03	 24	 999000	 240	 999000	 999	 1.020827e+03	 700.00	 766.67	 43.00	 3	 0.83	 
BFE_108	 2	 9	 2117.jpg	 1.021811e+03	 24	 999000	 240	 999000	 999	 1.022829e+03	 700.00	 766.67	 47.00	 17	 0.74	 
BFE_108	 2	 9	 1117.jpg	 1.025816e+03	 12	 999000	 120	 999000	 999	 1.026834e+03	 700.00	 766.67	 21.00	 17	 0.50	 
BFE_108	 2	 9	 1218.jpg	 1.027801e+03	 12	 999000	 120	 999000	 999	 1.028819e+03	 700.00	 766.67	 12.00	 39	 0.62	 
BFE_108	 2	 9	 2209.jpg	 1.032807e+03	 24	 999000	 240	 999000	 999	 1.033825e+03	 700.00	 766.67	 53.00	 30	 0.61	 
BFE_108	 2	 9	 2213.jpg	 1.039815e+03	 24	 999000	 240	 999000	 999	 1.040833e+03	 700.00	 766.67	 52.00	 34	 0.62	 
BFE_108	 2	 9	 2106.jpg	 1.041800e+03	 22	 9.944269e+02	 220	 7.666930e+02	 98	 1.042818e+03	 700.00	 783.33	 54.00	 6	 0.61	 
BFE_108	 2	 9	 1203.jpg	 1.044804e+03	 11	 9.508142e+02	 110	 7.000315e+02	 98	 1.045822e+03	 716.67	 783.33	 11.00	 24	 0.63	 
BFE_108	 2	 9	 2112.jpg	 1.047807e+03	 24	 999000	 240	 999000	 999	 1.048825e+03	 716.67	 783.33	 77.00	 12	 0.22	 
BFE_108	 2	 9	 1216.jpg	 1.051812e+03	 12	 999000	 120	 999000	 999	 1.052829e+03	 716.67	 783.33	 38.00	 37	 0.20	 
BFE_108	 2	 9	 1114.jpg	 1.055816e+03	 12	 999000	 120	 999000	 999	 1.056834e+03	 716.67	 783.33	 10.00	 14	 0.65	 
BFE_108	 2	 9	 1213.jpg	 1.059804e+03	 11	 9.665930e+02	 110	 7.166958e+02	 98	 1.060822e+03	 733.33	 783.33	 9.00	 34	 0.71	 
BFE_108	 2	 9	 2208.jpg	 1.062807e+03	 24	 999000	 240	 999000	 999	 1.063825e+03	 733.33	 783.33	 62.00	 29	 0.46	 
BFE_108	 2	 9	 1202.jpg	 1.068814e+03	 11	 9.644943e+02	 110	 7.333626e+02	 98	 1.069832e+03	 750.00	 783.33	 17.00	 23	 0.53	 
BFE_108	 2	 9	 2109.jpg	 1.070799e+03	 22	 1.011170e+03	 2200	 7.833644e+02	 98	 1.071819e+03	 750.00	 733.33	 56.00	 9	 0.57	 
BFE_108	 2	 9	 1115.jpg	 1.073803e+03	 12	 999000	 120	 999000	 999	 1.074821e+03	 750.00	 733.33	 15.00	 15	 0.54	 
BFE_108	 2	 9	 2217.jpg	 1.075805e+03	 24	 999000	 240	 999000	 999	 1.076823e+03	 750.00	 733.33	 44.00	 38	 0.81	 
BFE_108	 2	 9	 2219.jpg	 1.077807e+03	 24	 999000	 240	 999000	 999	 1.078825e+03	 750.00	 733.33	 50.00	 40	 0.67	 
BFE_108	 2	 9	 2101.jpg	 1.079810e+03	 24	 999000	 240	 999000	 999	 1.080827e+03	 750.00	 733.33	 55.00	 1	 0.58	 
BFE_108	 2	 9	 2212.jpg	 1.082813e+03	 24	 999000	 240	 999000	 999	 1.083831e+03	 750.00	 733.33	 78.00	 33	 0.21	 
BFE_108	 2	 9	 1105.jpg	 1.086801e+03	 12	 999000	 120	 999000	 999	 1.087819e+03	 750.00	 733.33	 13.00	 5	 0.55	 
BFE_108	 2	 9	 1201.jpg	 1.088803e+03	 12	 999000	 120	 999000	 999	 1.089821e+03	 750.00	 733.33	 3.00	 22	 0.88	 
BFE_108	 2	 9	 1121.jpg	 1.090805e+03	 12	 999000	 120	 999000	 999	 1.091823e+03	 750.00	 733.33	 7.00	 21	 0.71	 
BFE_108	 2	 9	 1113.jpg	 1.092808e+03	 12	 999000	 120	 999000	 999	 1.093825e+03	 750.00	 733.33	 20.00	 13	 0.50	 
BFE_108	 2	 9	 2111.jpg	 1.094810e+03	 22	 9.606900e+02	 220	 7.333585e+02	 98	 1.095828e+03	 750.00	 750.00	 51.00	 11	 0.65	 
BFE_108	 2	 9	 1211.jpg	 1.096812e+03	 11	 9.744344e+02	 110	 7.500587e+02	 98	 1.097830e+03	 766.67	 750.00	 14.00	 32	 0.54	 
BFE_108	 2	 9	 2204.jpg	 1.100800e+03	 24	 999000	 240	 999000	 999	 1.101818e+03	 766.67	 750.00	 61.00	 25	 0.48	 
BFE_108	 2	 9	 1111.jpg	 1.104804e+03	 12	 999000	 120	 999000	 999	 1.105822e+03	 766.67	 750.00	 19.00	 11	 0.51	 
BFE_108	 2	 9	 2218.jpg	 1.106807e+03	 22	 9.799116e+02	 220	 7.500297e+02	 98	 1.107824e+03	 766.67	 766.67	 57.00	 39	 0.57	 
BFE_108	 2	 9	 1219.jpg	 1.108809e+03	 12	 999000	 120	 999000	 999	 1.109827e+03	 766.67	 766.67	 4.00	 40	 0.78	 
BFE_108	 2	 9	 1102.jpg	 1.110811e+03	 11	 9.994791e+02	 110	 7.666942e+02	 98	 1.111829e+03	 783.33	 766.67	 16.00	 2	 0.53	 
BFE_108	 2	 9	 1210.jpg	 1.112813e+03	 12	 999000	 120	 999000	 999	 1.113831e+03	 783.33	 766.67	 37.00	 31	 0.21	 
BFE_108	 2	 9	 1214.jpg	 1.118803e+03	 12	 999000	 120	 999000	 999	 1.119821e+03	 783.33	 766.67	 18.00	 35	 0.52	 
BFE_108	 2	 9	 2121.jpg	 1.120806e+03	 22	 9.969238e+02	 220	 7.667002e+02	 98	 1.121823e+03	 783.33	 783.33	 49.00	 21	 0.69	 
