subjectID	 order	 runNum	 itemName	 onsetTime	 shuff_trialType	 RT	 respInTime	 AudioTime	 response	 fixationTime	 ladder1	 ladder2	 bidIndex	 itemNameIndex	 bidValue	 
BFE_103	 1	 5	 2213.jpg	 5.484569e+02	 22	 9.536258e+02	 220	 7.500408e+02	 98	 5.494747e+02	 750.00	 766.67	 50.00	 34	 0.70	 
BFE_103	 1	 5	 2207.jpg	 5.534459e+02	 22	 5.885830e+02	 22	 7.666974e+02	 98	 5.544636e+02	 750.00	 783.33	 52.00	 28	 0.67	 
BFE_103	 1	 5	 2203.jpg	 5.554481e+02	 24	 999000	 240	 999000	 999	 5.564659e+02	 750.00	 783.33	 49.00	 24	 0.70	 
BFE_103	 1	 5	 1110.jpg	 5.574503e+02	 11	 1.000194e+03	 1100	 7.500879e+02	 98	 5.584681e+02	 700.00	 783.33	 13.00	 10	 0.61	 
BFE_103	 1	 5	 1204.jpg	 5.634404e+02	 11	 9.620710e+02	 110	 7.000396e+02	 98	 5.644582e+02	 716.67	 783.33	 7.00	 25	 0.78	 
BFE_103	 1	 5	 1209.jpg	 5.654426e+02	 12	 999000	 120	 999000	 999	 5.664604e+02	 716.67	 783.33	 8.00	 30	 0.74	 
BFE_103	 1	 5	 1121.jpg	 5.684460e+02	 12	 999000	 120	 999000	 999	 5.694639e+02	 716.67	 783.33	 21.00	 21	 0.46	 
BFE_103	 1	 5	 2217.jpg	 5.704482e+02	 24	 999000	 240	 999000	 999	 5.714661e+02	 716.67	 783.33	 54.00	 38	 0.65	 
BFE_103	 1	 5	 1109.jpg	 5.744527e+02	 12	 999000	 120	 999000	 999	 5.754705e+02	 716.67	 783.33	 11.00	 9	 0.71	 
BFE_103	 1	 5	 2218.jpg	 5.764383e+02	 22	 9.801897e+02	 220	 7.833600e+02	 98	 5.774561e+02	 716.67	 800.00	 55.00	 39	 0.65	 
BFE_103	 1	 5	 2115.jpg	 5.814439e+02	 24	 999000	 240	 999000	 999	 5.824617e+02	 716.67	 800.00	 57.00	 15	 0.58	 
BFE_103	 1	 5	 2120.jpg	 5.884519e+02	 24	 999000	 240	 999000	 999	 5.894696e+02	 716.67	 800.00	 78.00	 20	 0.16	 
BFE_103	 1	 5	 2206.jpg	 5.904374e+02	 24	 999000	 240	 999000	 999	 5.914551e+02	 716.67	 800.00	 60.00	 27	 0.51	 
BFE_103	 1	 5	 2105.jpg	 5.934408e+02	 22	 1.041754e+03	 2200	 8.000380e+02	 98	 5.944585e+02	 716.67	 750.00	 47.00	 5	 0.73	 
BFE_103	 1	 5	 1114.jpg	 5.964441e+02	 12	 999000	 120	 999000	 999	 5.974618e+02	 716.67	 750.00	 14.00	 14	 0.57	 
BFE_103	 1	 5	 1113.jpg	 6.004486e+02	 12	 999000	 120	 999000	 999	 6.014665e+02	 716.67	 750.00	 4.00	 13	 0.81	 
BFE_103	 1	 5	 1213.jpg	 6.044531e+02	 11	 8.694337e+02	 110	 7.167017e+02	 98	 6.054709e+02	 733.33	 750.00	 12.00	 34	 0.67	 
BFE_103	 1	 5	 1102.jpg	 6.084409e+02	 12	 999000	 120	 999000	 999	 6.094586e+02	 733.33	 750.00	 17.00	 2	 0.50	 
BFE_103	 1	 5	 1105.jpg	 6.114443e+02	 11	 9.502201e+02	 110	 7.333652e+02	 98	 6.124621e+02	 750.00	 750.00	 15.00	 5	 0.55	 
BFE_103	 1	 5	 2109.jpg	 6.174511e+02	 22	 9.434324e+02	 220	 7.500300e+02	 98	 6.184689e+02	 750.00	 766.67	 58.00	 9	 0.58	 
BFE_103	 1	 5	 1218.jpg	 6.194533e+02	 12	 5.412692e+02	 12	 999000	 98	 6.204711e+02	 750.00	 766.67	 16.00	 39	 0.53	 
BFE_103	 1	 5	 1112.jpg	 6.224400e+02	 12	 999000	 120	 999000	 999	 6.234577e+02	 750.00	 766.67	 37.00	 12	 0.18	 
BFE_103	 1	 5	 2116.jpg	 6.244422e+02	 24	 999000	 240	 999000	 999	 6.254600e+02	 750.00	 766.67	 61.00	 16	 0.49	 
BFE_103	 1	 5	 1111.jpg	 6.264445e+02	 12	 999000	 120	 999000	 999	 6.274622e+02	 750.00	 766.67	 38.00	 11	 0.16	 
BFE_103	 1	 5	 2219.jpg	 6.284467e+02	 24	 999000	 240	 999000	 999	 6.294645e+02	 750.00	 766.67	 48.00	 40	 0.73	 
BFE_103	 1	 5	 2119.jpg	 6.314501e+02	 24	 999000	 240	 999000	 999	 6.324678e+02	 750.00	 766.67	 77.00	 19	 0.19	 
BFE_103	 1	 5	 2121.jpg	 6.354377e+02	 22	 1.012898e+03	 2200	 7.667019e+02	 98	 6.364559e+02	 750.00	 716.67	 53.00	 21	 0.67	 
BFE_103	 1	 5	 1117.jpg	 6.374401e+02	 12	 999000	 120	 999000	 999	 6.384579e+02	 750.00	 716.67	 22.00	 17	 0.46	 
BFE_103	 1	 5	 2113.jpg	 6.394424e+02	 24	 999000	 240	 999000	 999	 6.404602e+02	 750.00	 716.67	 44.00	 13	 0.76	 
BFE_103	 1	 5	 1115.jpg	 6.414446e+02	 11	 1.021902e+03	 1100	 7.500377e+02	 98	 6.424624e+02	 700.00	 716.67	 10.00	 15	 0.72	 
BFE_103	 1	 5	 2106.jpg	 6.434469e+02	 24	 999000	 240	 999000	 999	 6.444647e+02	 700.00	 716.67	 62.00	 6	 0.49	 
BFE_103	 1	 5	 1217.jpg	 6.454491e+02	 12	 999000	 120	 999000	 999	 6.464669e+02	 700.00	 716.67	 3.00	 38	 0.84	 
BFE_103	 1	 5	 1211.jpg	 6.494366e+02	 12	 999000	 120	 999000	 999	 6.504548e+02	 700.00	 716.67	 20.00	 32	 0.47	 
BFE_103	 1	 5	 1214.jpg	 6.534414e+02	 11	 8.971139e+02	 110	 7.000276e+02	 98	 6.544592e+02	 716.67	 716.67	 18.00	 35	 0.49	 
BFE_103	 1	 5	 1104.jpg	 6.554437e+02	 12	 999000	 120	 999000	 999	 6.564615e+02	 716.67	 716.67	 9.00	 4	 0.73	 
BFE_103	 1	 5	 2104.jpg	 6.574459e+02	 24	 999000	 240	 999000	 999	 6.584638e+02	 716.67	 716.67	 59.00	 4	 0.53	 
BFE_103	 1	 5	 2211.jpg	 6.594482e+02	 24	 999000	 240	 999000	 999	 6.604660e+02	 716.67	 716.67	 51.00	 32	 0.68	 
BFE_103	 1	 5	 2205.jpg	 6.614505e+02	 24	 999000	 240	 999000	 999	 6.624682e+02	 716.67	 716.67	 56.00	 26	 0.64	 
BFE_103	 1	 5	 1203.jpg	 6.674405e+02	 12	 999000	 120	 999000	 999	 6.684582e+02	 716.67	 716.67	 19.00	 24	 0.48	 
BFE_103	 1	 5	 2209.jpg	 6.694427e+02	 24	 999000	 240	 999000	 999	 6.704606e+02	 716.67	 716.67	 43.00	 30	 0.78	 
