subjectID	 order	 runNum	 itemName	 onsetTime	 shuff_trialType	 RT	 respInTime	 AudioTime	 response	 fixationTime	 ladder1	 ladder2	 bidIndex	 itemNameIndex	 bidValue	 
BFE_102	 2	 2	 1102.jpg	 1.161571e+02	 11	 9.890113e+02	 110	 7.167146e+02	 98	 1.171748e+02	 733.33	 716.67	 14.00	 2	 0.60	 
BFE_102	 2	 2	 2111.jpg	 1.211460e+02	 24	 999000	 240	 999000	 999	 1.221638e+02	 733.33	 716.67	 59.00	 11	 0.62	 
BFE_102	 2	 2	 1209.jpg	 1.231484e+02	 11	 9.737550e+02	 110	 7.333646e+02	 98	 1.241660e+02	 750.00	 716.67	 16.00	 30	 0.55	 
BFE_102	 2	 2	 1109.jpg	 1.251506e+02	 12	 999000	 120	 999000	 999	 1.261684e+02	 750.00	 716.67	 21.00	 9	 0.50	 
BFE_102	 2	 2	 1121.jpg	 1.311406e+02	 11	 9.815630e+02	 110	 7.500343e+02	 98	 1.321583e+02	 766.67	 716.67	 17.00	 21	 0.55	 
BFE_102	 2	 2	 1201.jpg	 1.331429e+02	 12	 999000	 120	 999000	 999	 1.341605e+02	 766.67	 716.67	 13.00	 22	 0.60	 
BFE_102	 2	 2	 1115.jpg	 1.361462e+02	 12	 999000	 120	 999000	 999	 1.371639e+02	 766.67	 716.67	 22.00	 15	 0.48	 
BFE_102	 2	 2	 2218.jpg	 1.381485e+02	 24	 999000	 240	 999000	 999	 1.391662e+02	 766.67	 716.67	 55.00	 39	 0.72	 
BFE_102	 2	 2	 1204.jpg	 1.421529e+02	 11	 9.932385e+02	 110	 7.667067e+02	 98	 1.431707e+02	 783.33	 716.67	 11.00	 25	 0.65	 
BFE_102	 2	 2	 2114.jpg	 1.441381e+02	 24	 999000	 240	 999000	 999	 1.451562e+02	 783.33	 716.67	 47.00	 14	 0.85	 
BFE_102	 2	 2	 1208.jpg	 1.491440e+02	 12	 999000	 120	 999000	 999	 1.501619e+02	 783.33	 716.67	 12.00	 29	 0.62	 
BFE_102	 2	 2	 2115.jpg	 1.561519e+02	 24	 999000	 240	 999000	 999	 1.571698e+02	 783.33	 716.67	 61.00	 15	 0.53	 
BFE_102	 2	 2	 2204.jpg	 1.581542e+02	 24	 999000	 240	 999000	 999	 1.591720e+02	 783.33	 716.67	 50.00	 25	 0.75	 
BFE_102	 2	 2	 2217.jpg	 1.611409e+02	 22	 9.492510e+02	 220	 7.167586e+02	 98	 1.621587e+02	 783.33	 733.33	 49.00	 38	 0.76	 
BFE_102	 2	 2	 2118.jpg	 1.641442e+02	 24	 999000	 240	 999000	 999	 1.651620e+02	 783.33	 733.33	 78.00	 18	 0.32	 
BFE_102	 2	 2	 1116.jpg	 1.681488e+02	 12	 999000	 120	 999000	 999	 1.691665e+02	 783.33	 733.33	 37.00	 16	 0.20	 
BFE_102	 2	 2	 2209.jpg	 1.721532e+02	 22	 9.529711e+02	 220	 7.333637e+02	 98	 1.731709e+02	 783.33	 750.00	 56.00	 30	 0.68	 
BFE_102	 2	 2	 2104.jpg	 1.761410e+02	 24	 999000	 240	 999000	 999	 1.771588e+02	 783.33	 750.00	 58.00	 4	 0.63	 
BFE_102	 2	 2	 1108.jpg	 1.791444e+02	 12	 999000	 120	 999000	 999	 1.801622e+02	 783.33	 750.00	 10.00	 8	 0.68	 
BFE_102	 2	 2	 2203.jpg	 1.851511e+02	 22	 9.550222e+02	 220	 7.500337e+02	 98	 1.861689e+02	 783.33	 766.67	 54.00	 24	 0.72	 
BFE_102	 2	 2	 2105.jpg	 1.871533e+02	 24	 999000	 240	 999000	 999	 1.881711e+02	 783.33	 766.67	 77.00	 5	 0.32	 
BFE_102	 2	 2	 1218.jpg	 1.901404e+02	 12	 999000	 120	 999000	 999	 1.911579e+02	 783.33	 766.67	 4.00	 39	 0.79	 
BFE_102	 2	 2	 2103.jpg	 1.921423e+02	 24	 999000	 240	 999000	 999	 1.931599e+02	 783.33	 766.67	 52.00	 3	 0.75	 
BFE_102	 2	 2	 2201.jpg	 1.941446e+02	 22	 1.017547e+03	 2200	 7.666993e+02	 98	 1.951623e+02	 783.33	 716.67	 57.00	 22	 0.66	 
BFE_102	 2	 2	 1106.jpg	 1.961468e+02	 12	 999000	 120	 999000	 999	 1.971645e+02	 783.33	 716.67	 18.00	 6	 0.53	 
BFE_102	 2	 2	 1211.jpg	 1.991502e+02	 11	 1.004061e+03	 1100	 7.833628e+02	 98	 2.001680e+02	 733.33	 716.67	 9.00	 32	 0.70	 
BFE_102	 2	 2	 2206.jpg	 2.031547e+02	 24	 999000	 240	 999000	 999	 2.041724e+02	 733.33	 716.67	 43.00	 27	 0.87	 
BFE_102	 2	 2	 1203.jpg	 2.051402e+02	 12	 999000	 120	 999000	 999	 2.061580e+02	 733.33	 716.67	 3.00	 24	 0.87	 
BFE_102	 2	 2	 2213.jpg	 2.071424e+02	 24	 999000	 240	 999000	 999	 2.081602e+02	 733.33	 716.67	 62.00	 34	 0.52	 
BFE_102	 2	 2	 1205.jpg	 2.091446e+02	 12	 999000	 120	 999000	 999	 2.101625e+02	 733.33	 716.67	 7.00	 26	 0.71	 
BFE_102	 2	 2	 1110.jpg	 2.111468e+02	 12	 999000	 120	 999000	 999	 2.121647e+02	 733.33	 716.67	 20.00	 10	 0.52	 
BFE_102	 2	 2	 2207.jpg	 2.131492e+02	 22	 8.929491e+02	 220	 7.166979e+02	 98	 2.141670e+02	 733.33	 733.33	 48.00	 28	 0.80	 
BFE_102	 2	 2	 1104.jpg	 2.171537e+02	 12	 999000	 120	 999000	 999	 2.181714e+02	 733.33	 733.33	 15.00	 4	 0.56	 
BFE_102	 2	 2	 2110.jpg	 2.211414e+02	 24	 999000	 240	 999000	 999	 2.221592e+02	 733.33	 733.33	 53.00	 10	 0.73	 
BFE_102	 2	 2	 1212.jpg	 2.231437e+02	 12	 999000	 120	 999000	 999	 2.241614e+02	 733.33	 733.33	 38.00	 33	 0.20	 
BFE_102	 2	 2	 1105.jpg	 2.251460e+02	 12	 999000	 120	 999000	 999	 2.261637e+02	 733.33	 733.33	 19.00	 5	 0.53	 
BFE_102	 2	 2	 1207.jpg	 2.271482e+02	 11	 9.979380e+02	 110	 7.333650e+02	 98	 2.281659e+02	 750.00	 733.33	 8.00	 28	 0.70	 
BFE_102	 2	 2	 2101.jpg	 2.291505e+02	 24	 999000	 240	 999000	 999	 2.301682e+02	 750.00	 733.33	 44.00	 1	 0.87	 
BFE_102	 2	 2	 2211.jpg	 2.351404e+02	 22	 9.656650e+02	 220	 7.333636e+02	 98	 2.361582e+02	 750.00	 750.00	 51.00	 32	 0.75	 
BFE_102	 2	 2	 2214.jpg	 2.371427e+02	 24	 999000	 240	 999000	 999	 2.381605e+02	 750.00	 750.00	 60.00	 35	 0.57	 
