subjectID	 order	 runNum	 itemName	 onsetTime	 shuff_trialType	 RT	 respInTime	 AudioTime	 response	 fixationTime	 ladder1	 ladder2	 bidIndex	 itemNameIndex	 bidValue	 
BFE_201	 1	 10	 1209.jpg	 1.124314e+03	 11	 1.184095e+03	 1100	 6.500925e+02	 98	 1.125332e+03	 600.00	 583.33	 15.00	 30	 0.59	 
BFE_201	 1	 10	 2217.jpg	 1.127301e+03	 22	 1.053258e+03	 2200	 5.833877e+02	 98	 1.128318e+03	 600.00	 533.33	 47.00	 38	 0.72	 
BFE_201	 1	 10	 2103.jpg	 1.129303e+03	 24	 999000	 240	 999000	 999	 1.130321e+03	 600.00	 533.33	 57.00	 3	 0.58	 
BFE_201	 1	 10	 1207.jpg	 1.131305e+03	 12	 999000	 120	 999000	 999	 1.132323e+03	 600.00	 533.33	 16.00	 28	 0.59	 
BFE_201	 1	 10	 2214.jpg	 1.133307e+03	 22	 1.166669e+03	 2200	 5.333666e+02	 98	 1.134325e+03	 600.00	 483.33	 58.00	 35	 0.56	 
BFE_201	 1	 10	 1219.jpg	 1.136311e+03	 12	 999000	 120	 999000	 999	 1.137329e+03	 600.00	 483.33	 21.00	 40	 0.52	 
BFE_201	 1	 10	 2109.jpg	 1.138313e+03	 22	 8.409263e+02	 220	 4.833695e+02	 98	 1.139331e+03	 600.00	 500.00	 53.00	 9	 0.64	 
BFE_201	 1	 10	 2213.jpg	 1.142301e+03	 24	 999000	 240	 999000	 999	 1.143318e+03	 600.00	 500.00	 44.00	 34	 0.78	 
BFE_201	 1	 10	 2120.jpg	 1.144303e+03	 24	 999000	 240	 999000	 999	 1.145321e+03	 600.00	 500.00	 51.00	 20	 0.67	 
BFE_201	 1	 10	 1121.jpg	 1.149309e+03	 12	 999000	 120	 999000	 999	 1.150326e+03	 600.00	 500.00	 4.00	 21	 0.83	 
BFE_201	 1	 10	 2110.jpg	 1.151311e+03	 22	 8.670768e+02	 220	 5.000392e+02	 98	 1.152329e+03	 600.00	 516.67	 52.00	 10	 0.67	 
BFE_201	 1	 10	 2116.jpg	 1.155315e+03	 24	 999000	 240	 999000	 999	 1.156333e+03	 600.00	 516.67	 56.00	 16	 0.59	 
BFE_201	 1	 10	 1211.jpg	 1.157301e+03	 11	 9.490892e+02	 110	 6.000311e+02	 98	 1.158319e+03	 616.67	 516.67	 12.00	 32	 0.63	 
BFE_201	 1	 10	 2117.jpg	 1.160304e+03	 24	 999000	 240	 999000	 999	 1.161322e+03	 616.67	 516.67	 77.00	 17	 0.19	 
BFE_201	 1	 10	 1103.jpg	 1.165310e+03	 12	 999000	 120	 999000	 999	 1.166328e+03	 616.67	 516.67	 9.00	 3	 0.70	 
BFE_201	 1	 10	 1216.jpg	 1.167312e+03	 12	 999000	 120	 999000	 999	 1.168330e+03	 616.67	 516.67	 8.00	 37	 0.72	 
BFE_201	 1	 10	 1218.jpg	 1.169314e+03	 11	 9.996579e+02	 110	 6.167085e+02	 98	 1.170332e+03	 633.33	 516.67	 7.00	 39	 0.76	 
BFE_201	 1	 10	 1105.jpg	 1.173302e+03	 12	 999000	 120	 999000	 999	 1.174320e+03	 633.33	 516.67	 37.00	 5	 0.18	 
BFE_201	 1	 10	 1102.jpg	 1.177307e+03	 12	 999000	 120	 999000	 999	 1.178324e+03	 633.33	 516.67	 22.00	 2	 0.48	 
BFE_201	 1	 10	 2204.jpg	 1.181311e+03	 22	 9.627816e+02	 220	 5.167000e+02	 98	 1.182329e+03	 633.33	 533.33	 55.00	 25	 0.59	 
BFE_201	 1	 10	 1217.jpg	 1.183313e+03	 12	 999000	 120	 999000	 999	 1.184331e+03	 633.33	 533.33	 19.00	 38	 0.53	 
BFE_201	 1	 10	 1206.jpg	 1.185299e+03	 12	 999000	 120	 999000	 999	 1.186317e+03	 633.33	 533.33	 11.00	 27	 0.64	 
BFE_201	 1	 10	 2206.jpg	 1.187301e+03	 24	 999000	 240	 999000	 999	 1.188319e+03	 633.33	 533.33	 49.00	 27	 0.69	 
BFE_201	 1	 10	 1109.jpg	 1.189303e+03	 11	 1.106544e+03	 1100	 6.333727e+02	 98	 1.190321e+03	 583.33	 533.33	 10.00	 9	 0.67	 
BFE_201	 1	 10	 1108.jpg	 1.195310e+03	 12	 999000	 120	 999000	 999	 1.196328e+03	 583.33	 533.33	 38.00	 8	 0.17	 
BFE_201	 1	 10	 1208.jpg	 1.198313e+03	 12	 999000	 120	 999000	 999	 1.199331e+03	 583.33	 533.33	 17.00	 29	 0.58	 
BFE_201	 1	 10	 2205.jpg	 1.200299e+03	 24	 999000	 240	 999000	 999	 1.201317e+03	 583.33	 533.33	 59.00	 26	 0.55	 
BFE_201	 1	 10	 2212.jpg	 1.202301e+03	 24	 999000	 240	 999000	 999	 1.203319e+03	 583.33	 533.33	 61.00	 33	 0.52	 
BFE_201	 1	 10	 2218.jpg	 1.205305e+03	 24	 999000	 240	 999000	 999	 1.206322e+03	 583.33	 533.33	 48.00	 39	 0.71	 
BFE_201	 1	 10	 1203.jpg	 1.207307e+03	 11	 1.078908e+03	 1100	 5.833650e+02	 98	 1.208325e+03	 533.33	 533.33	 18.00	 24	 0.54	 
BFE_201	 1	 10	 1205.jpg	 1.209309e+03	 12	 999000	 120	 999000	 999	 1.210327e+03	 533.33	 533.33	 3.00	 26	 0.83	 
BFE_201	 1	 10	 1214.jpg	 1.211311e+03	 12	 999000	 120	 999000	 999	 1.212329e+03	 533.33	 533.33	 14.00	 35	 0.62	 
BFE_201	 1	 10	 1116.jpg	 1.214315e+03	 12	 999000	 120	 999000	 999	 1.215333e+03	 533.33	 533.33	 20.00	 16	 0.53	 
BFE_201	 1	 10	 2209.jpg	 1.216300e+03	 22	 8.215166e+02	 220	 5.333596e+02	 98	 1.217318e+03	 533.33	 550.00	 50.00	 30	 0.68	 
BFE_201	 1	 10	 2114.jpg	 1.218303e+03	 24	 999000	 240	 999000	 999	 1.219320e+03	 533.33	 550.00	 54.00	 14	 0.60	 
BFE_201	 1	 10	 2215.jpg	 1.220305e+03	 24	 999000	 240	 999000	 999	 1.221323e+03	 533.33	 550.00	 43.00	 36	 0.82	 
BFE_201	 1	 10	 2208.jpg	 1.222307e+03	 24	 999000	 240	 999000	 999	 1.223325e+03	 533.33	 550.00	 60.00	 29	 0.52	 
BFE_201	 1	 10	 1114.jpg	 1.228314e+03	 11	 8.321886e+02	 110	 5.333855e+02	 98	 1.229332e+03	 550.00	 550.00	 13.00	 14	 0.62	 
BFE_201	 1	 10	 2118.jpg	 1.231301e+03	 24	 999000	 240	 999000	 999	 1.232318e+03	 550.00	 550.00	 78.00	 18	 0.18	 
BFE_201	 1	 10	 2211.jpg	 1.235305e+03	 24	 999000	 240	 999000	 999	 1.236323e+03	 550.00	 550.00	 62.00	 32	 0.49	 
