subjectID	 order	 runNum	 itemName	 onsetTime	 shuff_trialType	 RT	 respInTime	 AudioTime	 response	 fixationTime	 ladder1	 ladder2	 bidIndex	 itemNameIndex	 bidValue	 
BFE_111	 1	 2	 2110.jpg	 1.311501e+02	 24	 999000	 240	 999000	 999	 1.321679e+02	 716.67	 650.00	 62.00	 10	 0.44	 
BFE_111	 1	 2	 2211.jpg	 1.341365e+02	 22	 8.737307e+02	 220	 6.500466e+02	 98	 1.351545e+02	 716.67	 666.67	 58.00	 32	 0.51	 
BFE_111	 1	 2	 1217.jpg	 1.361390e+02	 12	 999000	 120	 999000	 999	 1.371567e+02	 716.67	 666.67	 3.00	 38	 0.87	 
BFE_111	 1	 2	 2218.jpg	 1.381412e+02	 24	 999000	 240	 999000	 999	 1.391589e+02	 716.67	 666.67	 61.00	 39	 0.45	 
BFE_111	 1	 2	 2205.jpg	 1.401435e+02	 24	 999000	 240	 999000	 999	 1.411612e+02	 716.67	 666.67	 59.00	 26	 0.50	 
BFE_111	 1	 2	 2119.jpg	 1.431470e+02	 24	 999000	 240	 999000	 999	 1.441647e+02	 716.67	 666.67	 77.00	 19	 0.30	 
BFE_111	 1	 2	 1214.jpg	 1.451491e+02	 12	 999000	 120	 999000	 999	 1.461669e+02	 716.67	 666.67	 9.00	 35	 0.63	 
BFE_111	 1	 2	 1213.jpg	 1.491365e+02	 12	 999000	 120	 999000	 999	 1.501546e+02	 716.67	 666.67	 37.00	 34	 0.23	 
BFE_111	 1	 2	 1114.jpg	 1.511393e+02	 12	 999000	 120	 999000	 999	 1.521569e+02	 716.67	 666.67	 4.00	 14	 0.79	 
BFE_111	 1	 2	 2104.jpg	 1.561448e+02	 22	 1.025441e+03	 2200	 6.666994e+02	 98	 1.571625e+02	 716.67	 616.67	 55.00	 4	 0.56	 
BFE_111	 1	 2	 2217.jpg	 1.581470e+02	 24	 999000	 240	 999000	 999	 1.591648e+02	 716.67	 616.67	 43.00	 38	 0.77	 
BFE_111	 1	 2	 1210.jpg	 1.621515e+02	 12	 999000	 120	 999000	 999	 1.631692e+02	 716.67	 616.67	 11.00	 31	 0.61	 
BFE_111	 1	 2	 1102.jpg	 1.641370e+02	 12	 999000	 120	 999000	 999	 1.651549e+02	 716.67	 616.67	 19.00	 2	 0.52	 
BFE_111	 1	 2	 1120.jpg	 1.671404e+02	 12	 999000	 120	 999000	 999	 1.681582e+02	 716.67	 616.67	 20.00	 20	 0.49	 
BFE_111	 1	 2	 2111.jpg	 1.721460e+02	 24	 999000	 240	 999000	 999	 1.731638e+02	 716.67	 616.67	 49.00	 11	 0.66	 
BFE_111	 1	 2	 1218.jpg	 1.741483e+02	 11	 1.045921e+03	 1100	 7.167166e+02	 98	 1.751661e+02	 666.67	 616.67	 7.00	 39	 0.66	 
BFE_111	 1	 2	 1107.jpg	 1.761506e+02	 11	 1.003684e+03	 1100	 6.666996e+02	 98	 1.771682e+02	 616.67	 616.67	 12.00	 7	 0.60	 
BFE_111	 1	 2	 1117.jpg	 1.801383e+02	 11	 8.879643e+02	 110	 6.167400e+02	 98	 1.811561e+02	 633.33	 616.67	 15.00	 17	 0.55	 
BFE_111	 1	 2	 2210.jpg	 1.841428e+02	 22	 8.754131e+02	 220	 6.166953e+02	 98	 1.851606e+02	 633.33	 633.33	 52.00	 31	 0.61	 
BFE_111	 1	 2	 1219.jpg	 1.881472e+02	 11	 8.789896e+02	 110	 6.333691e+02	 98	 1.891650e+02	 650.00	 633.33	 13.00	 40	 0.58	 
BFE_111	 1	 2	 2116.jpg	 1.901496e+02	 24	 999000	 240	 999000	 999	 1.911672e+02	 650.00	 633.33	 78.00	 16	 0.25	 
BFE_111	 1	 2	 1205.jpg	 1.921517e+02	 11	 9.385078e+02	 110	 6.500745e+02	 98	 1.931695e+02	 666.67	 633.33	 18.00	 26	 0.52	 
BFE_111	 1	 2	 1105.jpg	 1.941373e+02	 12	 999000	 120	 999000	 999	 1.951551e+02	 666.67	 633.33	 14.00	 5	 0.57	 
BFE_111	 1	 2	 2213.jpg	 1.961395e+02	 22	 8.706846e+02	 220	 6.333669e+02	 98	 1.971573e+02	 666.67	 650.00	 50.00	 34	 0.65	 
BFE_111	 1	 2	 1113.jpg	 2.021463e+02	 12	 999000	 120	 999000	 999	 2.031642e+02	 666.67	 650.00	 21.00	 13	 0.49	 
BFE_111	 1	 2	 1116.jpg	 2.051496e+02	 12	 999000	 120	 999000	 999	 2.061675e+02	 666.67	 650.00	 38.00	 16	 0.23	 
BFE_111	 1	 2	 2113.jpg	 2.071519e+02	 24	 999000	 240	 999000	 999	 2.081697e+02	 666.67	 650.00	 51.00	 13	 0.64	 
BFE_111	 1	 2	 2102.jpg	 2.091374e+02	 24	 999000	 240	 999000	 999	 2.101552e+02	 666.67	 650.00	 48.00	 2	 0.67	 
BFE_111	 1	 2	 2103.jpg	 2.121408e+02	 24	 999000	 240	 999000	 999	 2.131586e+02	 666.67	 650.00	 57.00	 3	 0.53	 
BFE_111	 1	 2	 1109.jpg	 2.141430e+02	 12	 999000	 120	 999000	 999	 2.151609e+02	 666.67	 650.00	 17.00	 9	 0.54	 
BFE_111	 1	 2	 1216.jpg	 2.161453e+02	 11	 9.529572e+02	 110	 6.667078e+02	 98	 2.171631e+02	 683.33	 650.00	 10.00	 37	 0.61	 
BFE_111	 1	 2	 1209.jpg	 2.181476e+02	 12	 999000	 120	 999000	 999	 2.191654e+02	 683.33	 650.00	 8.00	 30	 0.64	 
BFE_111	 1	 2	 2216.jpg	 2.211509e+02	 24	 999000	 240	 999000	 999	 2.221687e+02	 683.33	 650.00	 56.00	 37	 0.55	 
BFE_111	 1	 2	 2120.jpg	 2.231363e+02	 22	 8.819418e+02	 220	 6.500274e+02	 98	 2.241543e+02	 683.33	 666.67	 53.00	 20	 0.60	 
BFE_111	 1	 2	 1215.jpg	 2.251387e+02	 12	 999000	 120	 999000	 999	 2.261565e+02	 683.33	 666.67	 16.00	 36	 0.54	 
BFE_111	 1	 2	 2207.jpg	 2.271410e+02	 24	 999000	 240	 999000	 999	 2.281587e+02	 683.33	 666.67	 44.00	 28	 0.72	 
BFE_111	 1	 2	 2214.jpg	 2.291433e+02	 22	 8.669572e+02	 220	 6.666926e+02	 98	 2.301610e+02	 683.33	 683.33	 47.00	 35	 0.68	 
BFE_111	 1	 2	 1202.jpg	 2.351499e+02	 12	 999000	 120	 999000	 999	 2.361677e+02	 683.33	 683.33	 22.00	 23	 0.46	 
BFE_111	 1	 2	 2209.jpg	 2.381364e+02	 24	 999000	 240	 999000	 999	 2.391544e+02	 683.33	 683.33	 54.00	 30	 0.56	 
BFE_111	 1	 2	 2112.jpg	 2.421411e+02	 24	 999000	 240	 999000	 999	 2.431589e+02	 683.33	 683.33	 60.00	 12	 0.48	 
