subjectID	 order	 runNum	 itemName	 onsetTime	 shuff_trialType	 RT	 respInTime	 AudioTime	 response	 fixationTime	 ladder1	 ladder2	 bidIndex	 itemNameIndex	 bidValue	 
BFE_108	 2	 20	 2103.jpg	 2.371941e+03	 24	 999000	 240	 999000	 999	 2.372959e+03	 783.33	 716.67	 43.00	 3	 0.83	 
BFE_108	 2	 20	 1218.jpg	 2.376930e+03	 12	 999000	 120	 999000	 999	 2.377948e+03	 783.33	 716.67	 12.00	 39	 0.62	 
BFE_108	 2	 20	 1111.jpg	 2.378932e+03	 12	 999000	 120	 999000	 999	 2.379950e+03	 783.33	 716.67	 19.00	 11	 0.51	 
BFE_108	 2	 20	 2121.jpg	 2.380934e+03	 22	 9.401231e+02	 220	 7.167140e+02	 98	 2.381952e+03	 783.33	 733.33	 49.00	 21	 0.69	 
BFE_108	 2	 20	 2213.jpg	 2.386924e+03	 24	 999000	 240	 999000	 999	 2.387942e+03	 783.33	 733.33	 52.00	 34	 0.62	 
BFE_108	 2	 20	 2218.jpg	 2.388927e+03	 22	 9.397847e+02	 220	 7.333677e+02	 98	 2.389944e+03	 783.33	 750.00	 57.00	 39	 0.57	 
BFE_108	 2	 20	 2204.jpg	 2.391930e+03	 24	 999000	 240	 999000	 999	 2.392948e+03	 783.33	 750.00	 61.00	 25	 0.48	 
BFE_108	 2	 20	 2102.jpg	 2.393932e+03	 24	 999000	 240	 999000	 999	 2.394950e+03	 783.33	 750.00	 59.00	 2	 0.52	 
BFE_108	 2	 20	 1214.jpg	 2.397937e+03	 12	 999000	 120	 999000	 999	 2.398955e+03	 783.33	 750.00	 18.00	 35	 0.52	 
BFE_108	 2	 20	 1106.jpg	 2.399922e+03	 11	 9.923977e+02	 110	 7.833846e+02	 98	 2.400940e+03	 800.00	 750.00	 8.00	 6	 0.71	 
BFE_108	 2	 20	 1211.jpg	 2.404928e+03	 11	 1.050522e+03	 1100	 8.000435e+02	 98	 2.405946e+03	 750.00	 750.00	 14.00	 32	 0.54	 
BFE_108	 2	 20	 2111.jpg	 2.411936e+03	 22	 9.707187e+02	 220	 7.500396e+02	 98	 2.412954e+03	 750.00	 766.67	 51.00	 11	 0.65	 
BFE_108	 2	 20	 2113.jpg	 2.413938e+03	 24	 999000	 240	 999000	 999	 2.414956e+03	 750.00	 766.67	 60.00	 13	 0.51	 
BFE_108	 2	 20	 1201.jpg	 2.416925e+03	 12	 999000	 120	 999000	 999	 2.417943e+03	 750.00	 766.67	 3.00	 22	 0.88	 
BFE_108	 2	 20	 1213.jpg	 2.419928e+03	 11	 9.944789e+02	 110	 7.500268e+02	 98	 2.420946e+03	 766.67	 766.67	 9.00	 34	 0.71	 
BFE_108	 2	 20	 1114.jpg	 2.423933e+03	 12	 999000	 120	 999000	 999	 2.424950e+03	 766.67	 766.67	 10.00	 14	 0.65	 
BFE_108	 2	 20	 2106.jpg	 2.427937e+03	 22	 9.694044e+02	 220	 7.667050e+02	 98	 2.428955e+03	 766.67	 783.33	 54.00	 6	 0.61	 
BFE_108	 2	 20	 1102.jpg	 2.431925e+03	 11	 9.976812e+02	 110	 7.667011e+02	 98	 2.432943e+03	 783.33	 783.33	 16.00	 2	 0.53	 
BFE_108	 2	 20	 2205.jpg	 2.434928e+03	 24	 999000	 240	 999000	 999	 2.435946e+03	 783.33	 783.33	 58.00	 26	 0.54	 
BFE_108	 2	 20	 2117.jpg	 2.440935e+03	 24	 999000	 240	 999000	 999	 2.441953e+03	 783.33	 783.33	 47.00	 17	 0.74	 
BFE_108	 2	 20	 1215.jpg	 2.442937e+03	 12	 999000	 120	 999000	 999	 2.443955e+03	 783.33	 783.33	 22.00	 36	 0.47	 
BFE_108	 2	 20	 2109.jpg	 2.445924e+03	 22	 1.038556e+03	 2200	 7.833651e+02	 98	 2.446942e+03	 783.33	 733.33	 56.00	 9	 0.57	 
BFE_108	 2	 20	 2217.jpg	 2.447926e+03	 24	 999000	 240	 999000	 999	 2.448944e+03	 783.33	 733.33	 44.00	 38	 0.81	 
BFE_108	 2	 20	 1115.jpg	 2.449928e+03	 12	 999000	 120	 999000	 999	 2.450946e+03	 783.33	 733.33	 15.00	 15	 0.54	 
BFE_108	 2	 20	 2212.jpg	 2.451931e+03	 24	 999000	 240	 999000	 999	 2.452949e+03	 783.33	 733.33	 78.00	 33	 0.21	 
BFE_108	 2	 20	 2101.jpg	 2.454934e+03	 24	 999000	 240	 999000	 999	 2.455952e+03	 783.33	 733.33	 55.00	 1	 0.58	 
BFE_108	 2	 20	 1210.jpg	 2.458922e+03	 12	 999000	 120	 999000	 999	 2.459940e+03	 783.33	 733.33	 37.00	 31	 0.21	 
BFE_108	 2	 20	 1219.jpg	 2.460924e+03	 12	 999000	 120	 999000	 999	 2.461942e+03	 783.33	 733.33	 4.00	 40	 0.78	 
BFE_108	 2	 20	 2209.jpg	 2.462926e+03	 24	 999000	 240	 999000	 999	 2.463944e+03	 783.33	 733.33	 53.00	 30	 0.61	 
BFE_108	 2	 20	 1121.jpg	 2.464929e+03	 12	 999000	 120	 999000	 999	 2.465946e+03	 783.33	 733.33	 7.00	 21	 0.71	 
BFE_108	 2	 20	 1113.jpg	 2.466931e+03	 12	 999000	 120	 999000	 999	 2.467949e+03	 783.33	 733.33	 20.00	 13	 0.50	 
BFE_108	 2	 20	 2208.jpg	 2.468933e+03	 24	 999000	 240	 999000	 999	 2.469951e+03	 783.33	 733.33	 62.00	 29	 0.46	 
BFE_108	 2	 20	 2210.jpg	 2.472938e+03	 22	 9.769663e+02	 220	 7.333686e+02	 98	 2.473955e+03	 783.33	 750.00	 48.00	 31	 0.73	 
BFE_108	 2	 20	 1117.jpg	 2.476925e+03	 12	 999000	 120	 999000	 999	 2.477943e+03	 783.33	 750.00	 21.00	 17	 0.50	 
BFE_108	 2	 20	 1203.jpg	 2.478928e+03	 11	 9.789596e+02	 110	 7.833698e+02	 98	 2.479945e+03	 800.00	 750.00	 11.00	 24	 0.63	 
BFE_108	 2	 20	 1202.jpg	 2.480930e+03	 11	 1.000769e+03	 1100	 8.000474e+02	 98	 2.481948e+03	 750.00	 750.00	 17.00	 23	 0.53	 
BFE_108	 2	 20	 1216.jpg	 2.482932e+03	 12	 999000	 120	 999000	 999	 2.483950e+03	 750.00	 750.00	 38.00	 37	 0.20	 
BFE_108	 2	 20	 2112.jpg	 2.484934e+03	 24	 999000	 240	 999000	 999	 2.485952e+03	 750.00	 750.00	 77.00	 12	 0.22	 
BFE_108	 2	 20	 2219.jpg	 2.490924e+03	 24	 999000	 240	 999000	 999	 2.491942e+03	 750.00	 750.00	 50.00	 40	 0.67	 
BFE_108	 2	 20	 1105.jpg	 2.492927e+03	 12	 999000	 120	 999000	 999	 2.493944e+03	 750.00	 750.00	 13.00	 5	 0.55	 
