subjectID	 order	 runNum	 itemName	 onsetTime	 shuff_trialType	 RT	 respInTime	 AudioTime	 response	 fixationTime	 ladder1	 ladder2	 bidIndex	 itemNameIndex	 bidValue	 
BFE_106	 2	 5	 1207.jpg	 5.642438e+02	 12	 999000	 120	 999000	 999	 5.652616e+02	 750.00	 883.33	 21.00	 28	 0.50	 
BFE_106	 2	 5	 1109.jpg	 5.692328e+02	 12	 7.455305e+02	 12	 999000	 98	 5.702507e+02	 750.00	 883.33	 4.00	 9	 0.82	 
BFE_106	 2	 5	 1203.jpg	 5.712351e+02	 12	 999000	 120	 999000	 999	 5.722528e+02	 750.00	 883.33	 22.00	 24	 0.50	 
BFE_106	 2	 5	 1213.jpg	 5.732373e+02	 11	 7.010583e+02	 11	 7.500564e+02	 98	 5.742551e+02	 766.67	 883.33	 9.00	 34	 0.69	 
BFE_106	 2	 5	 2214.jpg	 5.792273e+02	 22	 5.510321e+02	 22	 8.833995e+02	 98	 5.802451e+02	 766.67	 900.00	 54.00	 35	 0.59	 
BFE_106	 2	 5	 2207.jpg	 5.812296e+02	 24	 999000	 240	 999000	 999	 5.822473e+02	 766.67	 900.00	 58.00	 28	 0.58	 
BFE_106	 2	 5	 1115.jpg	 5.842329e+02	 11	 6.253768e+02	 11	 7.667029e+02	 98	 5.852508e+02	 783.33	 900.00	 8.00	 15	 0.70	 
BFE_106	 2	 5	 1208.jpg	 5.862352e+02	 12	 5.911301e+02	 12	 999000	 98	 5.872530e+02	 783.33	 900.00	 13.00	 29	 0.63	 
BFE_106	 2	 5	 2205.jpg	 5.902397e+02	 24	 999000	 240	 999000	 999	 5.912575e+02	 783.33	 900.00	 59.00	 26	 0.57	 
BFE_106	 2	 5	 1110.jpg	 5.922250e+02	 12	 999000	 120	 999000	 999	 5.932430e+02	 783.33	 900.00	 10.00	 10	 0.68	 
BFE_106	 2	 5	 1119.jpg	 5.972309e+02	 12	 999000	 120	 999000	 999	 5.982487e+02	 783.33	 900.00	 38.00	 19	 0.15	 
BFE_106	 2	 5	 2106.jpg	 6.042387e+02	 24	 999000	 240	 999000	 999	 6.052565e+02	 783.33	 900.00	 60.00	 6	 0.54	 
BFE_106	 2	 5	 1218.jpg	 6.062240e+02	 12	 999000	 120	 999000	 999	 6.072420e+02	 783.33	 900.00	 19.00	 39	 0.54	 
BFE_106	 2	 5	 2218.jpg	 6.092276e+02	 24	 999000	 240	 999000	 999	 6.102455e+02	 783.33	 900.00	 52.00	 39	 0.60	 
BFE_106	 2	 5	 1106.jpg	 6.122310e+02	 12	 999000	 120	 999000	 999	 6.132488e+02	 783.33	 900.00	 7.00	 6	 0.73	 
BFE_106	 2	 5	 2103.jpg	 6.162355e+02	 24	 999000	 240	 999000	 999	 6.172533e+02	 783.33	 900.00	 44.00	 3	 0.83	 
BFE_106	 2	 5	 2208.jpg	 6.202399e+02	 22	 1.018338e+03	 2200	 9.000260e+02	 98	 6.212578e+02	 783.33	 850.00	 51.00	 29	 0.65	 
BFE_106	 2	 5	 1209.jpg	 6.242279e+02	 11	 6.304251e+02	 11	 7.833720e+02	 98	 6.252455e+02	 800.00	 850.00	 11.00	 30	 0.68	 
BFE_106	 2	 5	 2211.jpg	 6.272312e+02	 24	 999000	 240	 999000	 999	 6.282489e+02	 800.00	 850.00	 43.00	 32	 0.87	 
BFE_106	 2	 5	 1219.jpg	 6.332379e+02	 11	 5.563738e+02	 11	 8.000345e+02	 98	 6.342557e+02	 816.67	 850.00	 16.00	 40	 0.57	 
BFE_106	 2	 5	 2115.jpg	 6.352401e+02	 22	 6.582338e+02	 22	 8.500382e+02	 98	 6.362580e+02	 816.67	 866.67	 57.00	 15	 0.58	 
BFE_106	 2	 5	 2105.jpg	 6.382268e+02	 24	 999000	 240	 999000	 999	 6.392446e+02	 816.67	 866.67	 55.00	 5	 0.59	 
BFE_106	 2	 5	 1204.jpg	 6.402290e+02	 12	 6.212632e+02	 12	 999000	 98	 6.412469e+02	 816.67	 866.67	 20.00	 25	 0.51	 
BFE_106	 2	 5	 2109.jpg	 6.422314e+02	 22	 7.229227e+02	 22	 8.667011e+02	 98	 6.432491e+02	 816.67	 883.33	 49.00	 9	 0.73	 
BFE_106	 2	 5	 1205.jpg	 6.442335e+02	 12	 999000	 120	 999000	 999	 6.452514e+02	 816.67	 883.33	 3.00	 26	 0.83	 
BFE_106	 2	 5	 1217.jpg	 6.472369e+02	 12	 999000	 120	 999000	 999	 6.482547e+02	 816.67	 883.33	 18.00	 38	 0.54	 
BFE_106	 2	 5	 2209.jpg	 6.512244e+02	 22	 5.459085e+02	 22	 8.833704e+02	 98	 6.522426e+02	 816.67	 900.00	 56.00	 30	 0.59	 
BFE_106	 2	 5	 2110.jpg	 6.532269e+02	 24	 999000	 240	 999000	 999	 6.542449e+02	 816.67	 900.00	 53.00	 10	 0.60	 
BFE_106	 2	 5	 1101.jpg	 6.552292e+02	 12	 999000	 120	 999000	 999	 6.562470e+02	 816.67	 900.00	 37.00	 1	 0.16	 
BFE_106	 2	 5	 2206.jpg	 6.572315e+02	 22	 6.828066e+02	 22	 9.000416e+02	 98	 6.582492e+02	 816.67	 916.67	 48.00	 27	 0.73	 
BFE_106	 2	 5	 2107.jpg	 6.592336e+02	 24	 999000	 240	 999000	 999	 6.602514e+02	 816.67	 916.67	 78.00	 7	 0.20	 
BFE_106	 2	 5	 2113.jpg	 6.612359e+02	 24	 999000	 240	 999000	 999	 6.622537e+02	 816.67	 916.67	 50.00	 13	 0.69	 
BFE_106	 2	 5	 2119.jpg	 6.652405e+02	 24	 999000	 240	 999000	 999	 6.662581e+02	 816.67	 916.67	 77.00	 19	 0.21	 
BFE_106	 2	 5	 1121.jpg	 6.692282e+02	 12	 999000	 120	 999000	 999	 6.702460e+02	 816.67	 916.67	 12.00	 21	 0.65	 
BFE_106	 2	 5	 1214.jpg	 6.712304e+02	 11	 4.918790e+02	 11	 8.166921e+02	 98	 6.722482e+02	 833.33	 916.67	 14.00	 35	 0.62	 
BFE_106	 2	 5	 2121.jpg	 6.732327e+02	 24	 999000	 240	 999000	 999	 6.742506e+02	 833.33	 916.67	 47.00	 21	 0.75	 
BFE_106	 2	 5	 2204.jpg	 6.752349e+02	 24	 999000	 240	 999000	 999	 6.762527e+02	 833.33	 916.67	 61.00	 25	 0.52	 
BFE_106	 2	 5	 1211.jpg	 6.772372e+02	 12	 999000	 120	 999000	 999	 6.782550e+02	 833.33	 916.67	 15.00	 32	 0.58	 
BFE_106	 2	 5	 2111.jpg	 6.832272e+02	 24	 999000	 240	 999000	 999	 6.842450e+02	 833.33	 916.67	 62.00	 11	 0.52	 
BFE_106	 2	 5	 1216.jpg	 6.852295e+02	 11	 5.088765e+02	 11	 8.333635e+02	 98	 6.862472e+02	 850.00	 916.67	 17.00	 37	 0.56	 
