subjectID	 order	 runNum	 itemName	 onsetTime	 shuff_trialType	 RT	 respInTime	 AudioTime	 response	 fixationTime	 ladder1	 ladder2	 bidIndex	 itemNameIndex	 bidValue	 
BFE_201	 1	 12	 2114.jpg	 1.368604e+03	 24	 999000	 240	 999000	 999	 1.369622e+03	 650.00	 583.33	 54.00	 14	 0.60	 
BFE_201	 1	 12	 1102.jpg	 1.371591e+03	 12	 999000	 120	 999000	 999	 1.372609e+03	 650.00	 583.33	 22.00	 2	 0.48	 
BFE_201	 1	 12	 2214.jpg	 1.375595e+03	 22	 9.424701e+02	 220	 5.833875e+02	 98	 1.376613e+03	 650.00	 600.00	 58.00	 35	 0.56	 
BFE_201	 1	 12	 2109.jpg	 1.377598e+03	 22	 1.108234e+03	 2200	 6.000334e+02	 98	 1.378615e+03	 650.00	 550.00	 53.00	 9	 0.64	 
BFE_201	 1	 12	 2206.jpg	 1.379600e+03	 24	 999000	 240	 999000	 999	 1.380618e+03	 650.00	 550.00	 49.00	 27	 0.69	 
BFE_201	 1	 12	 2208.jpg	 1.383588e+03	 24	 999000	 240	 999000	 999	 1.384606e+03	 650.00	 550.00	 60.00	 29	 0.52	 
BFE_201	 1	 12	 2118.jpg	 1.385590e+03	 24	 999000	 240	 999000	 999	 1.386608e+03	 650.00	 550.00	 78.00	 18	 0.18	 
BFE_201	 1	 12	 1116.jpg	 1.390596e+03	 12	 999000	 120	 999000	 999	 1.391613e+03	 650.00	 550.00	 20.00	 16	 0.53	 
BFE_201	 1	 12	 2213.jpg	 1.392598e+03	 24	 999000	 240	 999000	 999	 1.393616e+03	 650.00	 550.00	 44.00	 34	 0.78	 
BFE_201	 1	 12	 1208.jpg	 1.395584e+03	 12	 999000	 120	 999000	 999	 1.396602e+03	 650.00	 550.00	 17.00	 29	 0.58	 
BFE_201	 1	 12	 1114.jpg	 1.398588e+03	 11	 1.013987e+03	 1100	 6.500455e+02	 98	 1.399607e+03	 600.00	 550.00	 13.00	 14	 0.62	 
BFE_201	 1	 12	 1211.jpg	 1.402592e+03	 11	 9.295701e+02	 110	 6.000317e+02	 98	 1.403610e+03	 616.67	 550.00	 12.00	 32	 0.63	 
BFE_201	 1	 12	 2120.jpg	 1.405596e+03	 24	 5.662348e+02	 24	 999000	 98	 1.406614e+03	 616.67	 550.00	 51.00	 20	 0.67	 
BFE_201	 1	 12	 1217.jpg	 1.407598e+03	 12	 999000	 120	 999000	 999	 1.408616e+03	 616.67	 550.00	 19.00	 38	 0.53	 
BFE_201	 1	 12	 1214.jpg	 1.410584e+03	 12	 999000	 120	 999000	 999	 1.411602e+03	 616.67	 550.00	 14.00	 35	 0.62	 
BFE_201	 1	 12	 1108.jpg	 1.414589e+03	 12	 999000	 120	 999000	 999	 1.415607e+03	 616.67	 550.00	 38.00	 8	 0.17	 
BFE_201	 1	 12	 1121.jpg	 1.417593e+03	 12	 999000	 120	 999000	 999	 1.418610e+03	 616.67	 550.00	 4.00	 21	 0.83	 
BFE_201	 1	 12	 1205.jpg	 1.419595e+03	 12	 999000	 120	 999000	 999	 1.420613e+03	 616.67	 550.00	 3.00	 26	 0.83	 
BFE_201	 1	 12	 2204.jpg	 1.421597e+03	 22	 1.004887e+03	 2200	 5.500444e+02	 98	 1.422615e+03	 616.67	 500.00	 55.00	 25	 0.59	 
BFE_201	 1	 12	 2117.jpg	 1.426586e+03	 24	 999000	 240	 999000	 999	 1.427604e+03	 616.67	 500.00	 77.00	 17	 0.19	 
BFE_201	 1	 12	 2103.jpg	 1.430591e+03	 24	 999000	 240	 999000	 999	 1.431608e+03	 616.67	 500.00	 57.00	 3	 0.58	 
BFE_201	 1	 12	 1219.jpg	 1.434595e+03	 12	 999000	 120	 999000	 999	 1.435613e+03	 616.67	 500.00	 21.00	 40	 0.52	 
BFE_201	 1	 12	 1206.jpg	 1.440585e+03	 12	 999000	 120	 999000	 999	 1.441603e+03	 616.67	 500.00	 11.00	 27	 0.64	 
BFE_201	 1	 12	 2217.jpg	 1.442587e+03	 22	 9.026998e+02	 220	 5.000283e+02	 98	 1.443605e+03	 616.67	 516.67	 47.00	 38	 0.72	 
BFE_201	 1	 12	 1109.jpg	 1.444589e+03	 11	 1.020501e+03	 1100	 6.167026e+02	 98	 1.445607e+03	 566.67	 516.67	 10.00	 9	 0.67	 
BFE_201	 1	 12	 1203.jpg	 1.446592e+03	 11	 9.302528e+02	 110	 5.667079e+02	 98	 1.447609e+03	 583.33	 516.67	 18.00	 24	 0.54	 
BFE_201	 1	 12	 1218.jpg	 1.448594e+03	 11	 8.719831e+02	 110	 5.833724e+02	 98	 1.449612e+03	 600.00	 516.67	 7.00	 39	 0.76	 
BFE_201	 1	 12	 2215.jpg	 1.452598e+03	 24	 999000	 240	 999000	 999	 1.453616e+03	 600.00	 516.67	 43.00	 36	 0.82	 
BFE_201	 1	 12	 2218.jpg	 1.454601e+03	 24	 999000	 240	 999000	 999	 1.455618e+03	 600.00	 516.67	 48.00	 39	 0.71	 
BFE_201	 1	 12	 2212.jpg	 1.458589e+03	 24	 999000	 240	 999000	 999	 1.459606e+03	 600.00	 516.67	 61.00	 33	 0.52	 
BFE_201	 1	 12	 1209.jpg	 1.460591e+03	 11	 9.231953e+02	 110	 6.000300e+02	 98	 1.461609e+03	 616.67	 516.67	 15.00	 30	 0.59	 
BFE_201	 1	 12	 2110.jpg	 1.462593e+03	 22	 8.410601e+02	 220	 5.166967e+02	 98	 1.463611e+03	 616.67	 533.33	 52.00	 10	 0.67	 
BFE_201	 1	 12	 1207.jpg	 1.464595e+03	 12	 999000	 120	 999000	 999	 1.465613e+03	 616.67	 533.33	 16.00	 28	 0.59	 
BFE_201	 1	 12	 2211.jpg	 1.469601e+03	 24	 999000	 240	 999000	 999	 1.470619e+03	 616.67	 533.33	 62.00	 32	 0.49	 
BFE_201	 1	 12	 1103.jpg	 1.471586e+03	 12	 999000	 120	 999000	 999	 1.472604e+03	 616.67	 533.33	 9.00	 3	 0.70	 
BFE_201	 1	 12	 1216.jpg	 1.473589e+03	 12	 999000	 120	 999000	 999	 1.474606e+03	 616.67	 533.33	 8.00	 37	 0.72	 
BFE_201	 1	 12	 2205.jpg	 1.476592e+03	 24	 999000	 240	 999000	 999	 1.477610e+03	 616.67	 533.33	 59.00	 26	 0.55	 
BFE_201	 1	 12	 2209.jpg	 1.483600e+03	 22	 9.861431e+02	 220	 5.333814e+02	 98	 1.484618e+03	 616.67	 550.00	 50.00	 30	 0.68	 
BFE_201	 1	 12	 2116.jpg	 1.487588e+03	 24	 999000	 240	 999000	 999	 1.488605e+03	 616.67	 550.00	 56.00	 16	 0.59	 
BFE_201	 1	 12	 1105.jpg	 1.494595e+03	 12	 999000	 120	 999000	 999	 1.495613e+03	 616.67	 550.00	 37.00	 5	 0.18	 
