subjectID	 order	 runNum	 itemName	 onsetTime	 shuff_trialType	 RT	 respInTime	 AudioTime	 response	 fixationTime	 ladder1	 ladder2	 bidIndex	 itemNameIndex	 bidValue	 
BFE_108	 2	 18	 1201.jpg	 2.139681e+03	 12	 999000	 120	 999000	 999	 2.140698e+03	 783.33	 783.33	 3.00	 22	 0.88	 
BFE_108	 2	 18	 1202.jpg	 2.142667e+03	 11	 1.015134e+03	 1100	 7.833812e+02	 98	 2.143686e+03	 733.33	 783.33	 17.00	 23	 0.53	 
BFE_108	 2	 18	 2121.jpg	 2.144670e+03	 22	 1.028908e+03	 2200	 7.833873e+02	 98	 2.145687e+03	 733.33	 733.33	 49.00	 21	 0.69	 
BFE_108	 2	 18	 1210.jpg	 2.146672e+03	 12	 999000	 120	 999000	 999	 2.147690e+03	 733.33	 733.33	 37.00	 31	 0.21	 
BFE_108	 2	 18	 1219.jpg	 2.148674e+03	 12	 999000	 120	 999000	 999	 2.149692e+03	 733.33	 733.33	 4.00	 40	 0.78	 
BFE_108	 2	 18	 2213.jpg	 2.151677e+03	 24	 999000	 240	 999000	 999	 2.152695e+03	 733.33	 733.33	 52.00	 34	 0.62	 
BFE_108	 2	 18	 1214.jpg	 2.153663e+03	 12	 999000	 120	 999000	 999	 2.154681e+03	 733.33	 733.33	 18.00	 35	 0.52	 
BFE_108	 2	 18	 1211.jpg	 2.157668e+03	 11	 9.669665e+02	 110	 7.333613e+02	 98	 2.158685e+03	 750.00	 733.33	 14.00	 32	 0.54	 
BFE_108	 2	 18	 2103.jpg	 2.159670e+03	 24	 999000	 240	 999000	 999	 2.160688e+03	 750.00	 733.33	 43.00	 3	 0.83	 
BFE_108	 2	 18	 1113.jpg	 2.164675e+03	 12	 999000	 120	 999000	 999	 2.165693e+03	 750.00	 733.33	 20.00	 13	 0.50	 
BFE_108	 2	 18	 2117.jpg	 2.166678e+03	 24	 999000	 240	 999000	 999	 2.167695e+03	 750.00	 733.33	 47.00	 17	 0.74	 
BFE_108	 2	 18	 2112.jpg	 2.170665e+03	 24	 999000	 240	 999000	 999	 2.171683e+03	 750.00	 733.33	 77.00	 12	 0.22	 
BFE_108	 2	 18	 2111.jpg	 2.172668e+03	 22	 9.508477e+02	 220	 7.333665e+02	 98	 2.173686e+03	 750.00	 750.00	 51.00	 11	 0.65	 
BFE_108	 2	 18	 2209.jpg	 2.175671e+03	 24	 999000	 240	 999000	 999	 2.176689e+03	 750.00	 750.00	 53.00	 30	 0.61	 
BFE_108	 2	 18	 2113.jpg	 2.180677e+03	 24	 999000	 240	 999000	 999	 2.181696e+03	 750.00	 750.00	 60.00	 13	 0.51	 
BFE_108	 2	 18	 1115.jpg	 2.182662e+03	 12	 999000	 120	 999000	 999	 2.183680e+03	 750.00	 750.00	 15.00	 15	 0.54	 
BFE_108	 2	 18	 1218.jpg	 2.184665e+03	 12	 999000	 120	 999000	 999	 2.185682e+03	 750.00	 750.00	 12.00	 39	 0.62	 
BFE_108	 2	 18	 2219.jpg	 2.188669e+03	 24	 999000	 240	 999000	 999	 2.189687e+03	 750.00	 750.00	 50.00	 40	 0.67	 
BFE_108	 2	 18	 2109.jpg	 2.192674e+03	 22	 9.850518e+02	 220	 7.500264e+02	 98	 2.193691e+03	 750.00	 766.67	 56.00	 9	 0.57	 
BFE_108	 2	 18	 1203.jpg	 2.196678e+03	 11	 9.805738e+02	 110	 7.500347e+02	 98	 2.197696e+03	 766.67	 766.67	 11.00	 24	 0.63	 
BFE_108	 2	 18	 2101.jpg	 2.198664e+03	 24	 999000	 240	 999000	 999	 2.199681e+03	 766.67	 766.67	 55.00	 1	 0.58	 
BFE_108	 2	 18	 1117.jpg	 2.200666e+03	 12	 999000	 120	 999000	 999	 2.201683e+03	 766.67	 766.67	 21.00	 17	 0.50	 
BFE_108	 2	 18	 1102.jpg	 2.202668e+03	 11	 9.985931e+02	 110	 7.666977e+02	 98	 2.203686e+03	 783.33	 766.67	 16.00	 2	 0.53	 
BFE_108	 2	 18	 2212.jpg	 2.204670e+03	 24	 999000	 240	 999000	 999	 2.205689e+03	 783.33	 766.67	 78.00	 33	 0.21	 
BFE_108	 2	 18	 1215.jpg	 2.210677e+03	 12	 999000	 120	 999000	 999	 2.211695e+03	 783.33	 766.67	 22.00	 36	 0.47	 
BFE_108	 2	 18	 1111.jpg	 2.213664e+03	 12	 999000	 120	 999000	 999	 2.214681e+03	 783.33	 766.67	 19.00	 11	 0.51	 
BFE_108	 2	 18	 1105.jpg	 2.215666e+03	 12	 999000	 120	 999000	 999	 2.216684e+03	 783.33	 766.67	 13.00	 5	 0.55	 
BFE_108	 2	 18	 2218.jpg	 2.217668e+03	 22	 1.006423e+03	 2200	 7.666974e+02	 98	 2.218686e+03	 783.33	 716.67	 57.00	 39	 0.57	 
BFE_108	 2	 18	 1121.jpg	 2.220672e+03	 12	 999000	 120	 999000	 999	 2.221689e+03	 783.33	 716.67	 7.00	 21	 0.71	 
BFE_108	 2	 18	 2217.jpg	 2.222674e+03	 24	 999000	 240	 999000	 999	 2.223691e+03	 783.33	 716.67	 44.00	 38	 0.81	 
BFE_108	 2	 18	 2208.jpg	 2.224676e+03	 24	 999000	 240	 999000	 999	 2.225694e+03	 783.33	 716.67	 62.00	 29	 0.46	 
BFE_108	 2	 18	 1106.jpg	 2.226678e+03	 11	 1.004377e+03	 1100	 7.833614e+02	 98	 2.227696e+03	 733.33	 716.67	 8.00	 6	 0.71	 
BFE_108	 2	 18	 1213.jpg	 2.229665e+03	 11	 9.456577e+02	 110	 7.333637e+02	 98	 2.230683e+03	 750.00	 716.67	 9.00	 34	 0.71	 
BFE_108	 2	 18	 2205.jpg	 2.231667e+03	 24	 999000	 240	 999000	 999	 2.232685e+03	 750.00	 716.67	 58.00	 26	 0.54	 
BFE_108	 2	 18	 2106.jpg	 2.233669e+03	 22	 9.251469e+02	 220	 7.166937e+02	 98	 2.234687e+03	 750.00	 733.33	 54.00	 6	 0.61	 
BFE_108	 2	 18	 2210.jpg	 2.235672e+03	 22	 9.869343e+02	 220	 7.333681e+02	 98	 2.236689e+03	 750.00	 750.00	 48.00	 31	 0.73	 
BFE_108	 2	 18	 2102.jpg	 2.237674e+03	 24	 999000	 240	 999000	 999	 2.238692e+03	 750.00	 750.00	 59.00	 2	 0.52	 
BFE_108	 2	 18	 1216.jpg	 2.243664e+03	 12	 999000	 120	 999000	 999	 2.244682e+03	 750.00	 750.00	 38.00	 37	 0.20	 
BFE_108	 2	 18	 2204.jpg	 2.246667e+03	 24	 999000	 240	 999000	 999	 2.247685e+03	 750.00	 750.00	 61.00	 25	 0.48	 
BFE_108	 2	 18	 1114.jpg	 2.250672e+03	 12	 999000	 120	 999000	 999	 2.251690e+03	 750.00	 750.00	 10.00	 14	 0.65	 
