subjectID	 order	 runNum	 itemName	 onsetTime	 shuff_trialType	 RT	 respInTime	 AudioTime	 response	 fixationTime	 ladder1	 ladder2	 bidIndex	 itemNameIndex	 bidValue	 
BFE_111	 1	 20	 1215.jpg	 3.079856e+03	 12	 999000	 120	 999000	 999	 3.080874e+03	 583.33	 650.00	 16.00	 36	 0.54	 
BFE_111	 1	 20	 1214.jpg	 3.084845e+03	 12	 999000	 120	 999000	 999	 3.085863e+03	 583.33	 650.00	 9.00	 35	 0.63	 
BFE_111	 1	 20	 1116.jpg	 3.086847e+03	 12	 999000	 120	 999000	 999	 3.087865e+03	 583.33	 650.00	 38.00	 16	 0.23	 
BFE_111	 1	 20	 2207.jpg	 3.088849e+03	 24	 999000	 240	 999000	 999	 3.089867e+03	 583.33	 650.00	 44.00	 28	 0.72	 
BFE_111	 1	 20	 1120.jpg	 3.094839e+03	 12	 999000	 120	 999000	 999	 3.095857e+03	 583.33	 650.00	 20.00	 20	 0.49	 
BFE_111	 1	 20	 1218.jpg	 3.096842e+03	 11	 999000	 1	 5.833781e+02	 999	 3.097860e+03	 533.33	 650.00	 7.00	 39	 0.66	 
BFE_111	 1	 20	 2216.jpg	 3.099845e+03	 24	 999000	 240	 999000	 999	 3.100863e+03	 533.33	 650.00	 56.00	 37	 0.55	 
BFE_111	 1	 20	 2103.jpg	 3.101847e+03	 24	 999000	 240	 999000	 999	 3.102865e+03	 533.33	 650.00	 57.00	 3	 0.53	 
BFE_111	 1	 20	 2218.jpg	 3.105852e+03	 24	 999000	 240	 999000	 999	 3.106870e+03	 533.33	 650.00	 61.00	 39	 0.45	 
BFE_111	 1	 20	 2210.jpg	 3.107854e+03	 22	 9.241649e+02	 220	 6.500420e+02	 98	 3.108872e+03	 533.33	 666.67	 52.00	 31	 0.61	 
BFE_111	 1	 20	 1213.jpg	 3.112843e+03	 12	 999000	 120	 999000	 999	 3.113861e+03	 533.33	 666.67	 37.00	 34	 0.23	 
BFE_111	 1	 20	 1109.jpg	 3.119851e+03	 12	 999000	 120	 999000	 999	 3.120869e+03	 533.33	 666.67	 17.00	 9	 0.54	 
BFE_111	 1	 20	 1217.jpg	 3.121853e+03	 12	 999000	 120	 999000	 999	 3.122871e+03	 533.33	 666.67	 3.00	 38	 0.87	 
BFE_111	 1	 20	 2205.jpg	 3.124840e+03	 24	 999000	 240	 999000	 999	 3.125858e+03	 533.33	 666.67	 59.00	 26	 0.50	 
BFE_111	 1	 20	 2116.jpg	 3.127843e+03	 24	 999000	 240	 999000	 999	 3.128861e+03	 533.33	 666.67	 78.00	 16	 0.25	 
BFE_111	 1	 20	 1105.jpg	 3.131848e+03	 12	 999000	 120	 999000	 999	 3.132865e+03	 533.33	 666.67	 14.00	 5	 0.57	 
BFE_111	 1	 20	 1219.jpg	 3.135852e+03	 11	 8.060337e+02	 110	 5.333660e+02	 98	 3.136870e+03	 550.00	 666.67	 13.00	 40	 0.58	 
BFE_111	 1	 20	 1117.jpg	 3.139840e+03	 11	 9.302159e+02	 110	 5.500306e+02	 98	 3.140858e+03	 566.67	 666.67	 15.00	 17	 0.55	 
BFE_111	 1	 20	 1216.jpg	 3.142843e+03	 11	 7.828722e+02	 110	 5.666973e+02	 98	 3.143861e+03	 583.33	 666.67	 10.00	 37	 0.61	 
BFE_111	 1	 20	 1209.jpg	 3.148850e+03	 12	 999000	 120	 999000	 999	 3.149868e+03	 583.33	 666.67	 8.00	 30	 0.64	 
BFE_111	 1	 20	 2217.jpg	 3.150852e+03	 24	 999000	 240	 999000	 999	 3.151870e+03	 583.33	 666.67	 43.00	 38	 0.77	 
BFE_111	 1	 20	 1205.jpg	 3.153839e+03	 11	 8.831341e+02	 110	 5.833706e+02	 98	 3.154857e+03	 600.00	 666.67	 18.00	 26	 0.52	 
BFE_111	 1	 20	 1113.jpg	 3.155841e+03	 12	 999000	 120	 999000	 999	 3.156859e+03	 600.00	 666.67	 21.00	 13	 0.49	 
BFE_111	 1	 20	 2211.jpg	 3.157844e+03	 22	 9.186660e+02	 220	 6.666971e+02	 98	 3.158861e+03	 600.00	 683.33	 58.00	 32	 0.51	 
BFE_111	 1	 20	 2119.jpg	 3.159846e+03	 24	 999000	 240	 999000	 999	 3.160863e+03	 600.00	 683.33	 77.00	 19	 0.30	 
BFE_111	 1	 20	 2102.jpg	 3.162849e+03	 24	 999000	 240	 999000	 999	 3.163867e+03	 600.00	 683.33	 48.00	 2	 0.67	 
BFE_111	 1	 20	 2209.jpg	 3.166854e+03	 24	 999000	 240	 999000	 999	 3.167871e+03	 600.00	 683.33	 54.00	 30	 0.56	 
BFE_111	 1	 20	 2110.jpg	 3.168839e+03	 24	 999000	 240	 999000	 999	 3.169857e+03	 600.00	 683.33	 62.00	 10	 0.44	 
BFE_111	 1	 20	 1107.jpg	 3.170841e+03	 11	 8.728299e+02	 1	 6.000244e+02	 118	 3.171859e+03	 550.00	 683.33	 12.00	 7	 0.60	 
BFE_111	 1	 20	 2104.jpg	 3.172844e+03	 22	 9.425935e+02	 2	 6.833822e+02	 118	 3.173861e+03	 550.00	 633.33	 55.00	 4	 0.56	 
BFE_111	 1	 20	 1210.jpg	 3.174846e+03	 12	 8.123622e+02	 120	 999000	 118	 3.175864e+03	 550.00	 633.33	 11.00	 31	 0.61	 
BFE_111	 1	 20	 1114.jpg	 3.176848e+03	 12	 999000	 120	 999000	 999	 3.177866e+03	 550.00	 633.33	 4.00	 14	 0.79	 
BFE_111	 1	 20	 1202.jpg	 3.180853e+03	 12	 999000	 120	 999000	 999	 3.181870e+03	 550.00	 633.33	 22.00	 23	 0.46	 
BFE_111	 1	 20	 2120.jpg	 3.184840e+03	 22	 9.058267e+02	 220	 6.333637e+02	 98	 3.185858e+03	 550.00	 650.00	 53.00	 20	 0.60	 
BFE_111	 1	 20	 2111.jpg	 3.186843e+03	 24	 999000	 240	 999000	 999	 3.187860e+03	 550.00	 650.00	 49.00	 11	 0.66	 
BFE_111	 1	 20	 2112.jpg	 3.188845e+03	 24	 999000	 240	 999000	 999	 3.189863e+03	 550.00	 650.00	 60.00	 12	 0.48	 
BFE_111	 1	 20	 2213.jpg	 3.190847e+03	 22	 1.003168e+03	 2200	 6.500358e+02	 98	 3.191865e+03	 550.00	 600.00	 50.00	 34	 0.65	 
BFE_111	 1	 20	 2214.jpg	 3.192849e+03	 22	 1.000915e+03	 2200	 6.000252e+02	 98	 3.193867e+03	 550.00	 550.00	 47.00	 35	 0.68	 
BFE_111	 1	 20	 1102.jpg	 3.198839e+03	 12	 999000	 120	 999000	 999	 3.199857e+03	 550.00	 550.00	 19.00	 2	 0.52	 
BFE_111	 1	 20	 2113.jpg	 3.200842e+03	 24	 999000	 240	 999000	 999	 3.201859e+03	 550.00	 550.00	 51.00	 13	 0.64	 
