subjectID	 order	 runNum	 itemName	 onsetTime	 shuff_trialType	 RT	 respInTime	 AudioTime	 response	 fixationTime	 ladder1	 ladder2	 bidIndex	 itemNameIndex	 bidValue	 
BFE_101	 1	 20	 2102.jpg	 2.406545e+03	 24	 999000	 240	 999000	 999	 2.407563e+03	 183.33	 183.33	 61.00	 2	 0.54	 
BFE_101	 1	 20	 1109.jpg	 2.408547e+03	 12	 999000	 120	 999000	 999	 2.409565e+03	 183.33	 183.33	 20.00	 9	 0.50	 
BFE_101	 1	 20	 2103.jpg	 2.412552e+03	 24	 999000	 240	 999000	 999	 2.413570e+03	 183.33	 183.33	 43.00	 3	 0.74	 
BFE_101	 1	 20	 2203.jpg	 2.415538e+03	 24	 999000	 240	 999000	 999	 2.416556e+03	 183.33	 183.33	 59.00	 24	 0.54	 
BFE_101	 1	 20	 2213.jpg	 2.417541e+03	 24	 999000	 240	 999000	 999	 2.418559e+03	 183.33	 183.33	 44.00	 34	 0.71	 
BFE_101	 1	 20	 1115.jpg	 2.420544e+03	 12	 999000	 120	 999000	 999	 2.421562e+03	 183.33	 183.33	 38.00	 15	 0.23	 
BFE_101	 1	 20	 2104.jpg	 2.424549e+03	 24	 999000	 240	 999000	 999	 2.425566e+03	 183.33	 183.33	 56.00	 4	 0.55	 
BFE_101	 1	 20	 1202.jpg	 2.428553e+03	 12	 999000	 120	 999000	 999	 2.429571e+03	 183.33	 183.33	 16.00	 23	 0.54	 
BFE_101	 1	 20	 1208.jpg	 2.430538e+03	 11	 4.707779e+02	 110	 1.833727e+02	 98	 2.431556e+03	 200.00	 183.33	 18.00	 29	 0.51	 
BFE_101	 1	 20	 2114.jpg	 2.435544e+03	 24	 999000	 240	 999000	 999	 2.436562e+03	 200.00	 183.33	 62.00	 14	 0.50	 
BFE_101	 1	 20	 1206.jpg	 2.437546e+03	 12	 999000	 120	 999000	 999	 2.438564e+03	 200.00	 183.33	 4.00	 27	 0.74	 
BFE_101	 1	 20	 2216.jpg	 2.439549e+03	 24	 9.644352e+02	 24	 999000	 98	 2.440567e+03	 200.00	 183.33	 48.00	 37	 0.66	 
BFE_101	 1	 20	 1103.jpg	 2.445538e+03	 12	 999000	 120	 999000	 999	 2.446557e+03	 200.00	 183.33	 9.00	 3	 0.68	 
BFE_101	 1	 20	 2217.jpg	 2.447541e+03	 24	 999000	 240	 999000	 999	 2.448559e+03	 200.00	 183.33	 54.00	 38	 0.58	 
BFE_101	 1	 20	 2117.jpg	 2.449543e+03	 24	 999000	 240	 999000	 999	 2.450561e+03	 200.00	 183.33	 78.00	 17	 0.18	 
BFE_101	 1	 20	 2110.jpg	 2.451546e+03	 22	 4.956116e+02	 220	 1.833679e+02	 98	 2.452563e+03	 200.00	 200.00	 50.00	 10	 0.65	 
BFE_101	 1	 20	 2208.jpg	 2.455550e+03	 24	 999000	 240	 999000	 999	 2.456568e+03	 200.00	 200.00	 51.00	 29	 0.63	 
BFE_101	 1	 20	 1201.jpg	 2.459554e+03	 12	 999000	 120	 999000	 999	 2.460572e+03	 200.00	 200.00	 22.00	 22	 0.50	 
BFE_101	 1	 20	 1116.jpg	 2.462541e+03	 12	 999000	 120	 999000	 999	 2.463559e+03	 200.00	 200.00	 19.00	 16	 0.51	 
BFE_101	 1	 20	 1102.jpg	 2.466546e+03	 11	 4.394359e+02	 110	 2.000350e+02	 98	 2.467564e+03	 216.67	 200.00	 10.00	 2	 0.66	 
BFE_101	 1	 20	 2205.jpg	 2.469549e+03	 24	 999000	 240	 999000	 999	 2.470567e+03	 216.67	 200.00	 77.00	 26	 0.21	 
BFE_101	 1	 20	 2113.jpg	 2.471551e+03	 24	 999000	 240	 999000	 999	 2.472569e+03	 216.67	 200.00	 60.00	 13	 0.54	 
BFE_101	 1	 20	 2118.jpg	 2.475539e+03	 22	 4.382790e+02	 220	 2.000363e+02	 98	 2.476557e+03	 216.67	 216.67	 47.00	 18	 0.67	 
BFE_101	 1	 20	 2115.jpg	 2.477541e+03	 24	 999000	 240	 999000	 999	 2.478559e+03	 216.67	 216.67	 57.00	 15	 0.55	 
BFE_101	 1	 20	 1205.jpg	 2.479544e+03	 12	 999000	 120	 999000	 999	 2.480561e+03	 216.67	 216.67	 11.00	 26	 0.62	 
BFE_101	 1	 20	 2209.jpg	 2.483548e+03	 22	 4.530367e+02	 220	 2.166929e+02	 98	 2.484566e+03	 216.67	 233.33	 55.00	 30	 0.56	 
BFE_101	 1	 20	 2120.jpg	 2.485550e+03	 22	 4.588163e+02	 220	 2.333665e+02	 98	 2.486568e+03	 216.67	 250.00	 58.00	 20	 0.55	 
BFE_101	 1	 20	 1214.jpg	 2.489555e+03	 12	 999000	 120	 999000	 999	 2.490573e+03	 216.67	 250.00	 21.00	 35	 0.50	 
BFE_101	 1	 20	 1106.jpg	 2.493543e+03	 11	 4.345435e+02	 110	 2.167013e+02	 98	 2.494560e+03	 233.33	 250.00	 12.00	 6	 0.58	 
BFE_101	 1	 20	 1213.jpg	 2.496546e+03	 12	 999000	 120	 999000	 999	 2.497564e+03	 233.33	 250.00	 8.00	 34	 0.68	 
BFE_101	 1	 20	 1101.jpg	 2.502553e+03	 12	 999000	 120	 999000	 999	 2.503571e+03	 233.33	 250.00	 37.00	 1	 0.27	 
BFE_101	 1	 20	 1204.jpg	 2.504555e+03	 12	 999000	 120	 999000	 999	 2.505574e+03	 233.33	 250.00	 17.00	 25	 0.52	 
BFE_101	 1	 20	 1216.jpg	 2.508543e+03	 11	 4.824338e+02	 110	 2.333611e+02	 98	 2.509560e+03	 250.00	 250.00	 15.00	 37	 0.55	 
BFE_101	 1	 20	 2211.jpg	 2.510545e+03	 22	 5.362150e+02	 220	 2.500372e+02	 98	 2.511563e+03	 250.00	 266.67	 52.00	 32	 0.62	 
BFE_101	 1	 20	 1207.jpg	 2.512547e+03	 11	 5.019751e+02	 110	 2.500396e+02	 98	 2.513565e+03	 266.67	 266.67	 13.00	 28	 0.56	 
BFE_101	 1	 20	 1111.jpg	 2.514549e+03	 12	 999000	 120	 999000	 999	 2.515567e+03	 266.67	 266.67	 14.00	 11	 0.55	 
BFE_101	 1	 20	 2207.jpg	 2.519555e+03	 24	 999000	 240	 999000	 999	 2.520573e+03	 266.67	 266.67	 49.00	 28	 0.66	 
BFE_101	 1	 20	 1118.jpg	 2.521541e+03	 12	 999000	 120	 999000	 999	 2.522558e+03	 266.67	 266.67	 3.00	 18	 0.78	 
BFE_101	 1	 20	 1121.jpg	 2.523543e+03	 11	 5.382771e+02	 110	 2.667000e+02	 98	 2.524561e+03	 283.33	 266.67	 7.00	 21	 0.70	 
BFE_101	 1	 20	 2214.jpg	 2.526546e+03	 22	 5.749167e+02	 220	 2.666978e+02	 98	 2.527564e+03	 283.33	 283.33	 53.00	 35	 0.59	 
