subjectID	 order	 runNum	 itemName	 onsetTime	 shuff_trialType	 RT	 respInTime	 AudioTime	 response	 fixationTime	 ladder1	 ladder2	 bidIndex	 itemNameIndex	 bidValue	 
BFE_201	 1	 20	 1219.jpg	 2.360282e+03	 12	 999000	 120	 999000	 999	 2.361300e+03	 716.67	 716.67	 21.00	 40	 0.52	 
BFE_201	 1	 20	 2206.jpg	 2.365271e+03	 24	 999000	 240	 999000	 999	 2.366289e+03	 716.67	 716.67	 49.00	 27	 0.69	 
BFE_201	 1	 20	 1214.jpg	 2.367273e+03	 12	 999000	 120	 999000	 999	 2.368291e+03	 716.67	 716.67	 14.00	 35	 0.62	 
BFE_201	 1	 20	 1211.jpg	 2.369276e+03	 11	 1.070399e+03	 1100	 7.167213e+02	 98	 2.370293e+03	 666.67	 716.67	 12.00	 32	 0.63	 
BFE_201	 1	 20	 2213.jpg	 2.375265e+03	 24	 999000	 240	 999000	 999	 2.376283e+03	 666.67	 716.67	 44.00	 34	 0.78	 
BFE_201	 1	 20	 2120.jpg	 2.377268e+03	 24	 999000	 240	 999000	 999	 2.378286e+03	 666.67	 716.67	 51.00	 20	 0.67	 
BFE_201	 1	 20	 2118.jpg	 2.380271e+03	 24	 999000	 240	 999000	 999	 2.381289e+03	 666.67	 716.67	 78.00	 18	 0.18	 
BFE_201	 1	 20	 2208.jpg	 2.382273e+03	 24	 999000	 240	 999000	 999	 2.383291e+03	 666.67	 716.67	 60.00	 29	 0.52	 
BFE_201	 1	 20	 1203.jpg	 2.386278e+03	 11	 8.200204e+02	 110	 6.666945e+02	 98	 2.387296e+03	 683.33	 716.67	 18.00	 24	 0.54	 
BFE_201	 1	 20	 1116.jpg	 2.388280e+03	 12	 999000	 120	 999000	 999	 2.389298e+03	 683.33	 716.67	 20.00	 16	 0.53	 
BFE_201	 1	 20	 2212.jpg	 2.393269e+03	 24	 999000	 240	 999000	 999	 2.394287e+03	 683.33	 716.67	 61.00	 33	 0.52	 
BFE_201	 1	 20	 2215.jpg	 2.400277e+03	 24	 999000	 240	 999000	 999	 2.401295e+03	 683.33	 716.67	 43.00	 36	 0.82	 
BFE_201	 1	 20	 1109.jpg	 2.402279e+03	 11	 6.108068e+02	 11	 6.833610e+02	 98	 2.403297e+03	 700.00	 716.67	 10.00	 9	 0.67	 
BFE_201	 1	 20	 2209.jpg	 2.405266e+03	 22	 1.000284e+03	 2200	 7.167141e+02	 98	 2.406284e+03	 700.00	 666.67	 50.00	 30	 0.68	 
BFE_201	 1	 20	 2218.jpg	 2.408269e+03	 24	 999000	 240	 999000	 999	 2.409287e+03	 700.00	 666.67	 48.00	 39	 0.71	 
BFE_201	 1	 20	 1216.jpg	 2.412274e+03	 12	 999000	 120	 999000	 999	 2.413291e+03	 700.00	 666.67	 8.00	 37	 0.72	 
BFE_201	 1	 20	 1102.jpg	 2.416278e+03	 12	 999000	 120	 999000	 999	 2.417296e+03	 700.00	 666.67	 22.00	 2	 0.48	 
BFE_201	 1	 20	 1108.jpg	 2.420266e+03	 12	 999000	 120	 999000	 999	 2.421284e+03	 700.00	 666.67	 38.00	 8	 0.17	 
BFE_201	 1	 20	 2217.jpg	 2.423270e+03	 22	 9.404225e+02	 220	 6.667492e+02	 98	 2.424287e+03	 700.00	 683.33	 47.00	 38	 0.72	 
BFE_201	 1	 20	 2211.jpg	 2.429276e+03	 24	 999000	 240	 999000	 999	 2.430294e+03	 700.00	 683.33	 62.00	 32	 0.49	 
BFE_201	 1	 20	 1105.jpg	 2.431278e+03	 12	 999000	 120	 999000	 999	 2.432296e+03	 700.00	 683.33	 37.00	 5	 0.18	 
BFE_201	 1	 20	 1121.jpg	 2.434282e+03	 12	 999000	 120	 999000	 999	 2.435299e+03	 700.00	 683.33	 4.00	 21	 0.83	 
BFE_201	 1	 20	 2109.jpg	 2.436267e+03	 22	 9.347338e+02	 220	 6.833644e+02	 98	 2.437285e+03	 700.00	 700.00	 53.00	 9	 0.64	 
BFE_201	 1	 20	 2103.jpg	 2.438270e+03	 24	 999000	 240	 999000	 999	 2.439287e+03	 700.00	 700.00	 57.00	 3	 0.58	 
BFE_201	 1	 20	 1206.jpg	 2.440272e+03	 12	 999000	 120	 999000	 999	 2.441290e+03	 700.00	 700.00	 11.00	 27	 0.64	 
BFE_201	 1	 20	 1218.jpg	 2.443275e+03	 11	 8.548547e+02	 110	 7.000274e+02	 98	 2.444293e+03	 716.67	 700.00	 7.00	 39	 0.76	 
BFE_201	 1	 20	 1103.jpg	 2.447280e+03	 12	 999000	 120	 999000	 999	 2.448297e+03	 716.67	 700.00	 9.00	 3	 0.70	 
BFE_201	 1	 20	 1209.jpg	 2.449265e+03	 11	 9.690048e+02	 110	 7.166986e+02	 98	 2.450283e+03	 733.33	 700.00	 15.00	 30	 0.59	 
BFE_201	 1	 20	 2117.jpg	 2.451268e+03	 24	 999000	 240	 999000	 999	 2.452285e+03	 733.33	 700.00	 77.00	 17	 0.19	 
BFE_201	 1	 20	 1205.jpg	 2.453270e+03	 12	 999000	 120	 999000	 999	 2.454287e+03	 733.33	 700.00	 3.00	 26	 0.83	 
BFE_201	 1	 20	 2214.jpg	 2.455272e+03	 22	 1.138031e+03	 2200	 7.000350e+02	 98	 2.456290e+03	 733.33	 650.00	 58.00	 35	 0.56	 
BFE_201	 1	 20	 2205.jpg	 2.457274e+03	 24	 999000	 240	 999000	 999	 2.458292e+03	 733.33	 650.00	 59.00	 26	 0.55	 
BFE_201	 1	 20	 2110.jpg	 2.461279e+03	 22	 1.107228e+03	 2200	 6.500387e+02	 98	 2.462296e+03	 733.33	 600.00	 52.00	 10	 0.67	 
BFE_201	 1	 20	 1217.jpg	 2.465267e+03	 12	 999000	 120	 999000	 999	 2.466284e+03	 733.33	 600.00	 19.00	 38	 0.53	 
BFE_201	 1	 20	 2116.jpg	 2.467269e+03	 24	 999000	 240	 999000	 999	 2.468286e+03	 733.33	 600.00	 56.00	 16	 0.59	 
BFE_201	 1	 20	 2114.jpg	 2.469271e+03	 24	 999000	 240	 999000	 999	 2.470289e+03	 733.33	 600.00	 54.00	 14	 0.60	 
BFE_201	 1	 20	 1207.jpg	 2.471273e+03	 12	 999000	 120	 999000	 999	 2.472291e+03	 733.33	 600.00	 16.00	 28	 0.59	 
BFE_201	 1	 20	 1114.jpg	 2.473275e+03	 11	 1.126583e+03	 1100	 7.333721e+02	 98	 2.474293e+03	 683.33	 600.00	 13.00	 14	 0.62	 
BFE_201	 1	 20	 1208.jpg	 2.479265e+03	 12	 999000	 120	 999000	 999	 2.480283e+03	 683.33	 600.00	 17.00	 29	 0.58	 
BFE_201	 1	 20	 2204.jpg	 2.481268e+03	 22	 9.182521e+02	 220	 6.000323e+02	 98	 2.482285e+03	 683.33	 616.67	 55.00	 25	 0.59	 
