subjectID	 order	 runNum	 itemName	 onsetTime	 shuff_trialType	 RT	 respInTime	 AudioTime	 response	 fixationTime	 ladder1	 ladder2	 bidIndex	 itemNameIndex	 bidValue	 
BFE_107	 1	 10	 1118.jpg	 1.324283e+03	 12	 999000	 120	 999000	 999	 1.325301e+03	 783.33	 783.33	 38.00	 18	 0.12	 
BFE_107	 1	 10	 1113.jpg	 1.326270e+03	 12	 999000	 120	 999000	 999	 1.327286e+03	 783.33	 783.33	 8.00	 13	 0.73	 
BFE_107	 1	 10	 1202.jpg	 1.330273e+03	 11	 9.775824e+02	 110	 7.833772e+02	 98	 1.331291e+03	 800.00	 783.33	 10.00	 23	 0.69	 
BFE_107	 1	 10	 1103.jpg	 1.333276e+03	 12	 999000	 120	 999000	 999	 1.334294e+03	 800.00	 783.33	 9.00	 3	 0.71	 
BFE_107	 1	 10	 2117.jpg	 1.335279e+03	 24	 999000	 240	 999000	 999	 1.336296e+03	 800.00	 783.33	 78.00	 17	 0.15	 
BFE_107	 1	 10	 2205.jpg	 1.338265e+03	 24	 999000	 240	 999000	 999	 1.339283e+03	 800.00	 783.33	 48.00	 26	 0.73	 
BFE_107	 1	 10	 1216.jpg	 1.342270e+03	 12	 999000	 120	 999000	 999	 1.343287e+03	 800.00	 783.33	 22.00	 37	 0.46	 
BFE_107	 1	 10	 2116.jpg	 1.346274e+03	 22	 9.682572e+02	 220	 7.834239e+02	 98	 1.347292e+03	 800.00	 800.00	 58.00	 16	 0.55	 
BFE_107	 1	 10	 1107.jpg	 1.348276e+03	 11	 1.029967e+03	 1100	 8.000371e+02	 98	 1.349294e+03	 750.00	 800.00	 18.00	 7	 0.53	 
BFE_107	 1	 10	 2121.jpg	 1.353265e+03	 24	 999000	 240	 999000	 999	 1.354283e+03	 750.00	 800.00	 60.00	 21	 0.50	 
BFE_107	 1	 10	 2219.jpg	 1.355268e+03	 22	 1.038826e+03	 2200	 8.000276e+02	 98	 1.356285e+03	 750.00	 750.00	 55.00	 40	 0.58	 
BFE_107	 1	 10	 1217.jpg	 1.357270e+03	 11	 9.645202e+02	 110	 7.500348e+02	 98	 1.358288e+03	 766.67	 750.00	 12.00	 38	 0.63	 
BFE_107	 1	 10	 2101.jpg	 1.363277e+03	 24	 999000	 240	 999000	 999	 1.364294e+03	 766.67	 750.00	 77.00	 1	 0.18	 
BFE_107	 1	 10	 1213.jpg	 1.365279e+03	 12	 999000	 120	 999000	 999	 1.366297e+03	 766.67	 750.00	 19.00	 34	 0.49	 
BFE_107	 1	 10	 2214.jpg	 1.367264e+03	 24	 999000	 240	 999000	 999	 1.368282e+03	 766.67	 750.00	 44.00	 35	 0.80	 
BFE_107	 1	 10	 1211.jpg	 1.369267e+03	 12	 999000	 120	 999000	 999	 1.370284e+03	 766.67	 750.00	 20.00	 32	 0.46	 
BFE_107	 1	 10	 1115.jpg	 1.373271e+03	 12	 999000	 120	 999000	 999	 1.374289e+03	 766.67	 750.00	 14.00	 15	 0.62	 
BFE_107	 1	 10	 2207.jpg	 1.377276e+03	 24	 999000	 240	 999000	 999	 1.378293e+03	 766.67	 750.00	 62.00	 28	 0.47	 
BFE_107	 1	 10	 1214.jpg	 1.380262e+03	 11	 9.961025e+02	 110	 7.666986e+02	 98	 1.381280e+03	 783.33	 750.00	 15.00	 35	 0.59	 
BFE_107	 1	 10	 2203.jpg	 1.384267e+03	 22	 9.595184e+02	 220	 7.500357e+02	 98	 1.385285e+03	 783.33	 766.67	 53.00	 24	 0.60	 
BFE_107	 1	 10	 2104.jpg	 1.387270e+03	 22	 9.881793e+02	 220	 7.666994e+02	 98	 1.388288e+03	 783.33	 783.33	 50.00	 4	 0.67	 
BFE_107	 1	 10	 2105.jpg	 1.389272e+03	 22	 9.618855e+02	 220	 7.833617e+02	 98	 1.390290e+03	 783.33	 800.00	 47.00	 5	 0.76	 
BFE_107	 1	 10	 2218.jpg	 1.393277e+03	 24	 999000	 240	 999000	 999	 1.394295e+03	 783.33	 800.00	 57.00	 39	 0.58	 
BFE_107	 1	 10	 2217.jpg	 1.395262e+03	 24	 999000	 240	 999000	 999	 1.396280e+03	 783.33	 800.00	 43.00	 38	 0.81	 
BFE_107	 1	 10	 2202.jpg	 1.397265e+03	 24	 999000	 240	 999000	 999	 1.398282e+03	 783.33	 800.00	 51.00	 23	 0.64	 
BFE_107	 1	 10	 1209.jpg	 1.401269e+03	 12	 999000	 120	 999000	 999	 1.402287e+03	 783.33	 800.00	 16.00	 30	 0.58	 
BFE_107	 1	 10	 1111.jpg	 1.403271e+03	 12	 999000	 120	 999000	 999	 1.404289e+03	 783.33	 800.00	 17.00	 11	 0.57	 
BFE_107	 1	 10	 1205.jpg	 1.407276e+03	 12	 999000	 120	 999000	 999	 1.408294e+03	 783.33	 800.00	 4.00	 26	 0.82	 
BFE_107	 1	 10	 1106.jpg	 1.411264e+03	 11	 9.625602e+02	 110	 7.833655e+02	 98	 1.412282e+03	 800.00	 800.00	 7.00	 6	 0.74	 
BFE_107	 1	 10	 1212.jpg	 1.414267e+03	 12	 999000	 120	 999000	 999	 1.415285e+03	 800.00	 800.00	 37.00	 33	 0.21	 
BFE_107	 1	 10	 2109.jpg	 1.420274e+03	 24	 999000	 240	 999000	 999	 1.421292e+03	 800.00	 800.00	 56.00	 9	 0.58	 
BFE_107	 1	 10	 2209.jpg	 1.422276e+03	 24	 999000	 240	 999000	 999	 1.423294e+03	 800.00	 800.00	 59.00	 30	 0.51	 
BFE_107	 1	 10	 1105.jpg	 1.426264e+03	 12	 999000	 120	 999000	 999	 1.427282e+03	 800.00	 800.00	 3.00	 5	 0.84	 
BFE_107	 1	 10	 1201.jpg	 1.428266e+03	 12	 999000	 120	 999000	 999	 1.429284e+03	 800.00	 800.00	 11.00	 22	 0.66	 
BFE_107	 1	 10	 2111.jpg	 1.430269e+03	 22	 1.013889e+03	 2200	 8.000317e+02	 98	 1.431288e+03	 800.00	 750.00	 52.00	 11	 0.63	 
BFE_107	 1	 10	 2113.jpg	 1.432271e+03	 24	 999000	 240	 999000	 999	 1.433289e+03	 800.00	 750.00	 54.00	 13	 0.60	 
BFE_107	 1	 10	 2201.jpg	 1.437276e+03	 24	 999000	 240	 999000	 999	 1.438294e+03	 800.00	 750.00	 49.00	 22	 0.73	 
BFE_107	 1	 10	 2213.jpg	 1.439279e+03	 24	 999000	 240	 999000	 999	 1.440296e+03	 800.00	 750.00	 61.00	 34	 0.49	 
BFE_107	 1	 10	 1110.jpg	 1.441264e+03	 12	 999000	 120	 999000	 999	 1.442282e+03	 800.00	 750.00	 21.00	 10	 0.46	 
BFE_107	 1	 10	 1109.jpg	 1.444268e+03	 11	 1.038779e+03	 1100	 8.000356e+02	 98	 1.445285e+03	 750.00	 750.00	 13.00	 9	 0.63	 
