subjectID	 order	 runNum	 itemName	 onsetTime	 shuff_trialType	 RT	 respInTime	 AudioTime	 response	 fixationTime	 ladder1	 ladder2	 bidIndex	 itemNameIndex	 bidValue	 
BFE_108	 2	 2	 1114.jpg	 1.261744e+02	 12	 999000	 120	 999000	 999	 1.271922e+02	 783.33	 783.33	 10.00	 14	 0.65	 
BFE_108	 2	 2	 1213.jpg	 1.291611e+02	 11	 1.009490e+03	 1100	 7.833853e+02	 98	 1.301790e+02	 733.33	 783.33	 9.00	 34	 0.71	 
BFE_108	 2	 2	 2217.jpg	 1.311633e+02	 24	 999000	 240	 999000	 999	 1.321810e+02	 733.33	 783.33	 44.00	 38	 0.81	 
BFE_108	 2	 2	 1102.jpg	 1.331655e+02	 11	 9.570985e+02	 110	 7.333600e+02	 98	 1.341833e+02	 750.00	 783.33	 16.00	 2	 0.53	 
BFE_108	 2	 2	 1121.jpg	 1.351679e+02	 12	 999000	 120	 999000	 999	 1.361855e+02	 750.00	 783.33	 7.00	 21	 0.71	 
BFE_108	 2	 2	 2102.jpg	 1.381712e+02	 24	 999000	 240	 999000	 999	 1.391889e+02	 750.00	 783.33	 59.00	 2	 0.52	 
BFE_108	 2	 2	 2219.jpg	 1.401563e+02	 24	 999000	 240	 999000	 999	 1.411745e+02	 750.00	 783.33	 50.00	 40	 0.67	 
BFE_108	 2	 2	 1115.jpg	 1.441611e+02	 12	 999000	 120	 999000	 999	 1.451789e+02	 750.00	 783.33	 15.00	 15	 0.54	 
BFE_108	 2	 2	 2212.jpg	 1.461635e+02	 24	 999000	 240	 999000	 999	 1.471814e+02	 750.00	 783.33	 78.00	 33	 0.21	 
BFE_108	 2	 2	 2109.jpg	 1.511690e+02	 22	 1.009625e+03	 2200	 7.833759e+02	 98	 1.521871e+02	 750.00	 733.33	 56.00	 9	 0.57	 
BFE_108	 2	 2	 2205.jpg	 1.531713e+02	 24	 999000	 240	 999000	 999	 1.541890e+02	 750.00	 733.33	 58.00	 26	 0.54	 
BFE_108	 2	 2	 1219.jpg	 1.571591e+02	 12	 999000	 120	 999000	 999	 1.581769e+02	 750.00	 733.33	 4.00	 40	 0.78	 
BFE_108	 2	 2	 2208.jpg	 1.591613e+02	 24	 999000	 240	 999000	 999	 1.601791e+02	 750.00	 733.33	 62.00	 29	 0.46	 
BFE_108	 2	 2	 2106.jpg	 1.621647e+02	 22	 9.418905e+02	 220	 7.333646e+02	 98	 1.631824e+02	 750.00	 750.00	 54.00	 6	 0.61	 
BFE_108	 2	 2	 2101.jpg	 1.671703e+02	 24	 999000	 240	 999000	 999	 1.681881e+02	 750.00	 750.00	 55.00	 1	 0.58	 
BFE_108	 2	 2	 2103.jpg	 1.691726e+02	 24	 999000	 240	 999000	 999	 1.701903e+02	 750.00	 750.00	 43.00	 3	 0.83	 
BFE_108	 2	 2	 2213.jpg	 1.711581e+02	 24	 999000	 240	 999000	 999	 1.721758e+02	 750.00	 750.00	 52.00	 34	 0.62	 
BFE_108	 2	 2	 2218.jpg	 1.751625e+02	 22	 9.840093e+02	 220	 7.500293e+02	 98	 1.761804e+02	 750.00	 766.67	 57.00	 39	 0.57	 
BFE_108	 2	 2	 2117.jpg	 1.791670e+02	 24	 999000	 240	 999000	 999	 1.801853e+02	 750.00	 766.67	 47.00	 17	 0.74	 
BFE_108	 2	 2	 1210.jpg	 1.831716e+02	 12	 999000	 120	 999000	 999	 1.841894e+02	 750.00	 766.67	 37.00	 31	 0.21	 
BFE_108	 2	 2	 1106.jpg	 1.851567e+02	 11	 9.738069e+02	 110	 7.500347e+02	 98	 1.861748e+02	 766.67	 766.67	 8.00	 6	 0.71	 
BFE_108	 2	 2	 2210.jpg	 1.871593e+02	 22	 1.027195e+03	 2200	 7.667356e+02	 98	 1.881771e+02	 766.67	 716.67	 48.00	 31	 0.73	 
BFE_108	 2	 2	 1202.jpg	 1.891616e+02	 11	 1.000947e+03	 1100	 7.666987e+02	 98	 1.901794e+02	 716.67	 716.67	 17.00	 23	 0.53	 
BFE_108	 2	 2	 2121.jpg	 1.911639e+02	 22	 9.506444e+02	 220	 7.167013e+02	 98	 1.921816e+02	 716.67	 733.33	 49.00	 21	 0.69	 
BFE_108	 2	 2	 1105.jpg	 1.971706e+02	 12	 999000	 120	 999000	 999	 1.981883e+02	 716.67	 733.33	 13.00	 5	 0.55	 
BFE_108	 2	 2	 2113.jpg	 2.001570e+02	 24	 999000	 240	 999000	 999	 2.011752e+02	 716.67	 733.33	 60.00	 13	 0.51	 
BFE_108	 2	 2	 1117.jpg	 2.021596e+02	 12	 999000	 120	 999000	 999	 2.031773e+02	 716.67	 733.33	 21.00	 17	 0.50	 
BFE_108	 2	 2	 2111.jpg	 2.041618e+02	 22	 9.848320e+02	 220	 7.333705e+02	 98	 2.051795e+02	 716.67	 750.00	 51.00	 11	 0.65	 
BFE_108	 2	 2	 1201.jpg	 2.071651e+02	 12	 999000	 120	 999000	 999	 2.081829e+02	 716.67	 750.00	 3.00	 22	 0.88	 
BFE_108	 2	 2	 1215.jpg	 2.091673e+02	 12	 999000	 120	 999000	 999	 2.101851e+02	 716.67	 750.00	 22.00	 36	 0.47	 
BFE_108	 2	 2	 1111.jpg	 2.111696e+02	 12	 999000	 120	 999000	 999	 2.121873e+02	 716.67	 750.00	 19.00	 11	 0.51	 
BFE_108	 2	 2	 1214.jpg	 2.131718e+02	 12	 999000	 120	 999000	 999	 2.141896e+02	 716.67	 750.00	 18.00	 35	 0.52	 
BFE_108	 2	 2	 2112.jpg	 2.161586e+02	 24	 999000	 240	 999000	 999	 2.171762e+02	 716.67	 750.00	 77.00	 12	 0.22	 
BFE_108	 2	 2	 1113.jpg	 2.181608e+02	 12	 999000	 120	 999000	 999	 2.191786e+02	 716.67	 750.00	 20.00	 13	 0.50	 
BFE_108	 2	 2	 2204.jpg	 2.201631e+02	 24	 999000	 240	 999000	 999	 2.211807e+02	 716.67	 750.00	 61.00	 25	 0.48	 
BFE_108	 2	 2	 1216.jpg	 2.221653e+02	 12	 999000	 120	 999000	 999	 2.231829e+02	 716.67	 750.00	 38.00	 37	 0.20	 
BFE_108	 2	 2	 2209.jpg	 2.241675e+02	 24	 999000	 240	 999000	 999	 2.251852e+02	 716.67	 750.00	 53.00	 30	 0.61	 
BFE_108	 2	 2	 1211.jpg	 2.301573e+02	 11	 9.812660e+02	 110	 7.166951e+02	 98	 2.311754e+02	 733.33	 750.00	 14.00	 32	 0.54	 
BFE_108	 2	 2	 1218.jpg	 2.331609e+02	 12	 999000	 120	 999000	 999	 2.341787e+02	 733.33	 750.00	 12.00	 39	 0.62	 
BFE_108	 2	 2	 1203.jpg	 2.371654e+02	 11	 1.037173e+03	 1100	 7.333608e+02	 98	 2.381832e+02	 683.33	 750.00	 11.00	 24	 0.63	 
