subjectID	 order	 runNum	 itemName	 onsetTime	 shuff_trialType	 RT	 respInTime	 AudioTime	 response	 fixationTime	 ladder1	 ladder2	 bidIndex	 itemNameIndex	 bidValue	 
BFE_201	 1	 16	 1108.jpg	 1.878125e+03	 12	 999000	 120	 999000	 999	 1.879143e+03	 650.00	 650.00	 38.00	 8	 0.17	 
BFE_201	 1	 16	 2110.jpg	 1.881112e+03	 22	 8.580663e+02	 220	 6.500720e+02	 98	 1.882130e+03	 650.00	 666.67	 52.00	 10	 0.67	 
BFE_201	 1	 16	 2209.jpg	 1.883114e+03	 22	 9.437266e+02	 220	 6.667010e+02	 98	 1.884132e+03	 650.00	 683.33	 50.00	 30	 0.68	 
BFE_201	 1	 16	 1114.jpg	 1.885116e+03	 11	 8.935630e+02	 110	 6.500467e+02	 98	 1.886134e+03	 666.67	 683.33	 13.00	 14	 0.62	 
BFE_201	 1	 16	 2215.jpg	 1.887119e+03	 24	 999000	 240	 999000	 999	 1.888136e+03	 666.67	 683.33	 43.00	 36	 0.82	 
BFE_201	 1	 16	 2117.jpg	 1.890105e+03	 24	 999000	 240	 999000	 999	 1.891123e+03	 666.67	 683.33	 77.00	 17	 0.19	 
BFE_201	 1	 16	 2114.jpg	 1.892108e+03	 24	 999000	 240	 999000	 999	 1.893125e+03	 666.67	 683.33	 54.00	 14	 0.60	 
BFE_201	 1	 16	 1209.jpg	 1.896112e+03	 11	 1.001853e+03	 1100	 6.666990e+02	 98	 1.897130e+03	 616.67	 683.33	 15.00	 30	 0.59	 
BFE_201	 1	 16	 2205.jpg	 1.898114e+03	 24	 999000	 240	 999000	 999	 1.899132e+03	 616.67	 683.33	 59.00	 26	 0.55	 
BFE_201	 1	 16	 2118.jpg	 1.903120e+03	 24	 999000	 240	 999000	 999	 1.904138e+03	 616.67	 683.33	 78.00	 18	 0.18	 
BFE_201	 1	 16	 1121.jpg	 1.905105e+03	 12	 999000	 120	 999000	 999	 1.906123e+03	 616.67	 683.33	 4.00	 21	 0.83	 
BFE_201	 1	 16	 1207.jpg	 1.909110e+03	 12	 999000	 120	 999000	 999	 1.910128e+03	 616.67	 683.33	 16.00	 28	 0.59	 
BFE_201	 1	 16	 1208.jpg	 1.911112e+03	 12	 999000	 120	 999000	 999	 1.912130e+03	 616.67	 683.33	 17.00	 29	 0.58	 
BFE_201	 1	 16	 2211.jpg	 1.914116e+03	 24	 999000	 240	 999000	 999	 1.915133e+03	 616.67	 683.33	 62.00	 32	 0.49	 
BFE_201	 1	 16	 1203.jpg	 1.919121e+03	 11	 8.807613e+02	 110	 6.167111e+02	 98	 1.920139e+03	 633.33	 683.33	 18.00	 24	 0.54	 
BFE_201	 1	 16	 1216.jpg	 1.921107e+03	 12	 999000	 120	 999000	 999	 1.922124e+03	 633.33	 683.33	 8.00	 37	 0.72	 
BFE_201	 1	 16	 1217.jpg	 1.923109e+03	 12	 999000	 120	 999000	 999	 1.924127e+03	 633.33	 683.33	 19.00	 38	 0.53	 
BFE_201	 1	 16	 1205.jpg	 1.927113e+03	 12	 999000	 120	 999000	 999	 1.928131e+03	 633.33	 683.33	 3.00	 26	 0.83	 
BFE_201	 1	 16	 2218.jpg	 1.931118e+03	 24	 999000	 240	 999000	 999	 1.932136e+03	 633.33	 683.33	 48.00	 39	 0.71	 
BFE_201	 1	 16	 1103.jpg	 1.935105e+03	 12	 999000	 120	 999000	 999	 1.936124e+03	 633.33	 683.33	 9.00	 3	 0.70	 
BFE_201	 1	 16	 1105.jpg	 1.937108e+03	 12	 999000	 120	 999000	 999	 1.938126e+03	 633.33	 683.33	 37.00	 5	 0.18	 
BFE_201	 1	 16	 2213.jpg	 1.939110e+03	 24	 999000	 240	 999000	 999	 1.940128e+03	 633.33	 683.33	 44.00	 34	 0.78	 
BFE_201	 1	 16	 1211.jpg	 1.941112e+03	 11	 9.454903e+02	 110	 6.333711e+02	 98	 1.942130e+03	 650.00	 683.33	 12.00	 32	 0.63	 
BFE_201	 1	 16	 1102.jpg	 1.943115e+03	 12	 999000	 120	 999000	 999	 1.944133e+03	 650.00	 683.33	 22.00	 2	 0.48	 
BFE_201	 1	 16	 1214.jpg	 1.949121e+03	 12	 999000	 120	 999000	 999	 1.950139e+03	 650.00	 683.33	 14.00	 35	 0.62	 
BFE_201	 1	 16	 2206.jpg	 1.952108e+03	 24	 999000	 240	 999000	 999	 1.953126e+03	 650.00	 683.33	 49.00	 27	 0.69	 
BFE_201	 1	 16	 2212.jpg	 1.954110e+03	 24	 999000	 240	 999000	 999	 1.955128e+03	 650.00	 683.33	 61.00	 33	 0.52	 
BFE_201	 1	 16	 2214.jpg	 1.956113e+03	 22	 1.089332e+03	 2200	 6.833710e+02	 98	 1.957130e+03	 650.00	 633.33	 58.00	 35	 0.56	 
BFE_201	 1	 16	 2103.jpg	 1.959116e+03	 24	 999000	 240	 999000	 999	 1.960134e+03	 650.00	 633.33	 57.00	 3	 0.58	 
BFE_201	 1	 16	 2120.jpg	 1.961118e+03	 24	 999000	 240	 999000	 999	 1.962136e+03	 650.00	 633.33	 51.00	 20	 0.67	 
BFE_201	 1	 16	 1116.jpg	 1.963121e+03	 12	 999000	 120	 999000	 999	 1.964138e+03	 650.00	 633.33	 20.00	 16	 0.53	 
BFE_201	 1	 16	 2109.jpg	 1.965106e+03	 22	 9.842381e+02	 220	 6.333746e+02	 98	 1.966124e+03	 650.00	 650.00	 53.00	 9	 0.64	 
BFE_201	 1	 16	 2204.jpg	 1.968109e+03	 22	 8.605014e+02	 220	 6.500302e+02	 98	 1.969127e+03	 650.00	 666.67	 55.00	 25	 0.59	 
BFE_201	 1	 16	 1206.jpg	 1.970112e+03	 12	 999000	 120	 999000	 999	 1.971129e+03	 650.00	 666.67	 11.00	 27	 0.64	 
BFE_201	 1	 16	 1218.jpg	 1.972114e+03	 11	 1.120067e+03	 1100	 6.500337e+02	 98	 1.973132e+03	 600.00	 666.67	 7.00	 39	 0.76	 
BFE_201	 1	 16	 2116.jpg	 1.974116e+03	 24	 999000	 240	 999000	 999	 1.975134e+03	 600.00	 666.67	 56.00	 16	 0.59	 
BFE_201	 1	 16	 1219.jpg	 1.976118e+03	 12	 999000	 120	 999000	 999	 1.977136e+03	 600.00	 666.67	 21.00	 40	 0.52	 
BFE_201	 1	 16	 1109.jpg	 1.982108e+03	 11	 8.935310e+02	 110	 6.000332e+02	 98	 1.983126e+03	 616.67	 666.67	 10.00	 9	 0.67	 
BFE_201	 1	 16	 2208.jpg	 1.985112e+03	 24	 999000	 240	 999000	 999	 1.986130e+03	 616.67	 666.67	 60.00	 29	 0.52	 
BFE_201	 1	 16	 2217.jpg	 1.989116e+03	 22	 9.097280e+02	 220	 6.666948e+02	 98	 1.990134e+03	 616.67	 683.33	 47.00	 38	 0.72	 
