subjectID	 order	 runNum	 itemName	 onsetTime	 shuff_trialType	 RT	 respInTime	 AudioTime	 response	 fixationTime	 ladder1	 ladder2	 bidIndex	 itemNameIndex	 bidValue	 
BFE_101	 1	 6	 2102.jpg	 6.367788e+02	 24	 999000	 240	 999000	 999	 6.377969e+02	 783.33	 716.67	 61.00	 2	 0.54	 
BFE_101	 1	 6	 1204.jpg	 6.397825e+02	 12	 999000	 120	 999000	 999	 6.408003e+02	 783.33	 716.67	 17.00	 25	 0.52	 
BFE_101	 1	 6	 1103.jpg	 6.417849e+02	 12	 999000	 120	 999000	 999	 6.428025e+02	 783.33	 716.67	 9.00	 3	 0.68	 
BFE_101	 1	 6	 1205.jpg	 6.437870e+02	 12	 999000	 120	 999000	 999	 6.448048e+02	 783.33	 716.67	 11.00	 26	 0.62	 
BFE_101	 1	 6	 1121.jpg	 6.457892e+02	 11	 9.799200e+02	 110	 7.833824e+02	 98	 6.468070e+02	 800.00	 716.67	 7.00	 21	 0.70	 
BFE_101	 1	 6	 1214.jpg	 6.487759e+02	 12	 999000	 120	 999000	 999	 6.497937e+02	 800.00	 716.67	 21.00	 35	 0.50	 
BFE_101	 1	 6	 2207.jpg	 6.507782e+02	 24	 8.629916e+02	 24	 999000	 98	 6.517960e+02	 800.00	 716.67	 49.00	 28	 0.66	 
BFE_101	 1	 6	 1213.jpg	 6.547826e+02	 12	 999000	 120	 999000	 999	 6.558006e+02	 800.00	 716.67	 8.00	 34	 0.68	 
BFE_101	 1	 6	 1216.jpg	 6.567849e+02	 11	 1.016331e+03	 1100	 8.000319e+02	 98	 6.578026e+02	 750.00	 716.67	 15.00	 37	 0.55	 
BFE_101	 1	 6	 2104.jpg	 6.617905e+02	 24	 999000	 240	 999000	 999	 6.628082e+02	 750.00	 716.67	 56.00	 4	 0.55	 
BFE_101	 1	 6	 2209.jpg	 6.637760e+02	 22	 9.211633e+02	 220	 7.167061e+02	 98	 6.647938e+02	 750.00	 733.33	 55.00	 30	 0.56	 
BFE_101	 1	 6	 1106.jpg	 6.677805e+02	 11	 9.406615e+02	 110	 7.500276e+02	 98	 6.687983e+02	 766.67	 733.33	 12.00	 6	 0.58	 
BFE_101	 1	 6	 2113.jpg	 6.697828e+02	 24	 999000	 240	 999000	 999	 6.708006e+02	 766.67	 733.33	 60.00	 13	 0.54	 
BFE_101	 1	 6	 2205.jpg	 6.727861e+02	 24	 999000	 240	 999000	 999	 6.738039e+02	 766.67	 733.33	 77.00	 26	 0.21	 
BFE_101	 1	 6	 1116.jpg	 6.777752e+02	 12	 999000	 120	 999000	 999	 6.787929e+02	 766.67	 733.33	 19.00	 16	 0.51	 
BFE_101	 1	 6	 1115.jpg	 6.797774e+02	 12	 999000	 120	 999000	 999	 6.807951e+02	 766.67	 733.33	 38.00	 15	 0.23	 
BFE_101	 1	 6	 1109.jpg	 6.817796e+02	 12	 999000	 120	 999000	 999	 6.827973e+02	 766.67	 733.33	 20.00	 9	 0.50	 
BFE_101	 1	 6	 2117.jpg	 6.857841e+02	 24	 999000	 240	 999000	 999	 6.868017e+02	 766.67	 733.33	 78.00	 17	 0.18	 
BFE_101	 1	 6	 2216.jpg	 6.897885e+02	 24	 5.966692e+02	 24	 999000	 98	 6.908063e+02	 766.67	 733.33	 48.00	 37	 0.66	 
BFE_101	 1	 6	 2118.jpg	 6.937764e+02	 22	 9.607580e+02	 220	 7.333603e+02	 98	 6.947941e+02	 766.67	 750.00	 47.00	 18	 0.67	 
BFE_101	 1	 6	 1201.jpg	 6.957786e+02	 12	 999000	 120	 999000	 999	 6.967963e+02	 766.67	 750.00	 22.00	 22	 0.50	 
BFE_101	 1	 6	 1206.jpg	 6.977808e+02	 12	 999000	 120	 999000	 999	 6.987986e+02	 766.67	 750.00	 4.00	 27	 0.74	 
BFE_101	 1	 6	 2120.jpg	 6.997829e+02	 22	 9.302032e+02	 220	 7.500368e+02	 98	 7.008008e+02	 766.67	 766.67	 58.00	 20	 0.55	 
BFE_101	 1	 6	 2203.jpg	 7.017853e+02	 24	 999000	 240	 999000	 999	 7.028030e+02	 766.67	 766.67	 59.00	 24	 0.54	 
BFE_101	 1	 6	 2115.jpg	 7.077754e+02	 24	 999000	 240	 999000	 999	 7.087931e+02	 766.67	 766.67	 57.00	 15	 0.55	 
BFE_101	 1	 6	 2213.jpg	 7.107787e+02	 24	 999000	 240	 999000	 999	 7.117965e+02	 766.67	 766.67	 44.00	 34	 0.71	 
BFE_101	 1	 6	 1118.jpg	 7.127810e+02	 12	 1.220215e+03	 12	 999000	 98	 7.137987e+02	 766.67	 766.67	 3.00	 18	 0.78	 
BFE_101	 1	 6	 1101.jpg	 7.147832e+02	 12	 999000	 120	 999000	 999	 7.158010e+02	 766.67	 766.67	 37.00	 1	 0.27	 
BFE_101	 1	 6	 1207.jpg	 7.177866e+02	 11	 9.905919e+02	 110	 7.667063e+02	 98	 7.188044e+02	 783.33	 766.67	 13.00	 28	 0.56	 
BFE_101	 1	 6	 2214.jpg	 7.197906e+02	 22	 9.785643e+02	 220	 7.666942e+02	 98	 7.208065e+02	 783.33	 783.33	 53.00	 35	 0.59	 
BFE_101	 1	 6	 2217.jpg	 7.217740e+02	 24	 999000	 240	 999000	 999	 7.227922e+02	 783.33	 783.33	 54.00	 38	 0.58	 
BFE_101	 1	 6	 1202.jpg	 7.237766e+02	 12	 999000	 120	 999000	 999	 7.247944e+02	 783.33	 783.33	 16.00	 23	 0.54	 
BFE_101	 1	 6	 1208.jpg	 7.267799e+02	 11	 1.141206e+03	 1100	 7.833604e+02	 98	 7.277977e+02	 733.33	 783.33	 18.00	 29	 0.51	 
BFE_101	 1	 6	 2114.jpg	 7.287821e+02	 24	 999000	 240	 999000	 999	 7.298000e+02	 733.33	 783.33	 62.00	 14	 0.50	 
BFE_101	 1	 6	 2110.jpg	 7.307844e+02	 22	 1.120747e+03	 2200	 7.833633e+02	 98	 7.318022e+02	 733.33	 733.33	 50.00	 10	 0.65	 
BFE_101	 1	 6	 1102.jpg	 7.327866e+02	 11	 9.264839e+02	 110	 7.333673e+02	 98	 7.338045e+02	 750.00	 733.33	 10.00	 2	 0.66	 
BFE_101	 1	 6	 1111.jpg	 7.347889e+02	 12	 999000	 120	 999000	 999	 7.358067e+02	 750.00	 733.33	 14.00	 11	 0.55	 
BFE_101	 1	 6	 2208.jpg	 7.407790e+02	 24	 999000	 240	 999000	 999	 7.417968e+02	 750.00	 733.33	 51.00	 29	 0.63	 
BFE_101	 1	 6	 2103.jpg	 7.437823e+02	 24	 999000	 240	 999000	 999	 7.448001e+02	 750.00	 733.33	 43.00	 3	 0.74	 
BFE_101	 1	 6	 2211.jpg	 7.477868e+02	 22	 9.583010e+02	 220	 7.333598e+02	 98	 7.488046e+02	 750.00	 750.00	 52.00	 32	 0.62	 
