subjectID	 order	 runNum	 itemName	 onsetTime	 shuff_trialType	 RT	 respInTime	 AudioTime	 response	 fixationTime	 ladder1	 ladder2	 bidIndex	 itemNameIndex	 bidValue	 
BFE_204	 2	 1	 2210.jpg	 1.320676e+00	 24	 999000	 240	 999000	 999	 2.338100e+00	 750.00	 750.00	 59.00	 31	 0.53	 
BFE_204	 2	 1	 2110.jpg	 4.307113e+00	 24	 999000	 240	 999000	 999	 5.324890e+00	 750.00	 750.00	 77.00	 10	 0.23	 
BFE_204	 2	 1	 1118.jpg	 8.311595e+00	 12	 999000	 120	 999000	 999	 9.329348e+00	 750.00	 750.00	 37.00	 18	 0.15	 
BFE_204	 2	 1	 2219.jpg	 1.031377e+01	 22	 1.088210e+03	 2200	 7.500601e+02	 98	 1.133155e+01	 750.00	 700.00	 51.00	 40	 0.65	 
BFE_204	 2	 1	 2214.jpg	 1.231602e+01	 24	 999000	 240	 999000	 999	 1.333382e+01	 750.00	 700.00	 47.00	 35	 0.78	 
BFE_204	 2	 1	 1209.jpg	 1.632060e+01	 11	 1.121384e+03	 1100	 7.500458e+02	 98	 1.733827e+01	 700.00	 700.00	 8.00	 30	 0.69	 
BFE_204	 2	 1	 1101.jpg	 1.830587e+01	 12	 1.152114e+03	 12	 999000	 98	 1.932394e+01	 700.00	 700.00	 7.00	 1	 0.72	 
BFE_204	 2	 1	 1205.jpg	 2.331181e+01	 11	 1.002225e+03	 1100	 7.000399e+02	 98	 2.432945e+01	 650.00	 700.00	 17.00	 26	 0.56	 
BFE_204	 2	 1	 1218.jpg	 2.531400e+01	 12	 999000	 120	 999000	 999	 2.633290e+01	 650.00	 700.00	 4.00	 39	 0.77	 
BFE_204	 2	 1	 1203.jpg	 2.831736e+01	 12	 999000	 120	 999000	 999	 2.933505e+01	 650.00	 700.00	 20.00	 24	 0.52	 
BFE_204	 2	 1	 2120.jpg	 3.132071e+01	 24	 999000	 240	 999000	 999	 3.233846e+01	 650.00	 700.00	 55.00	 20	 0.57	 
BFE_204	 2	 1	 1109.jpg	 3.530851e+01	 12	 999000	 120	 999000	 999	 3.632625e+01	 650.00	 700.00	 19.00	 9	 0.55	 
BFE_204	 2	 1	 2202.jpg	 3.831182e+01	 22	 1.106165e+03	 2200	 7.000305e+02	 98	 3.932961e+01	 650.00	 650.00	 48.00	 23	 0.75	 
BFE_204	 2	 1	 1210.jpg	 4.031412e+01	 12	 999000	 120	 999000	 999	 4.133182e+01	 650.00	 650.00	 22.00	 31	 0.49	 
BFE_204	 2	 1	 2103.jpg	 4.331744e+01	 24	 999000	 240	 999000	 999	 4.433519e+01	 650.00	 650.00	 62.00	 3	 0.47	 
BFE_204	 2	 1	 1207.jpg	 4.730523e+01	 12	 999000	 120	 999000	 999	 4.832306e+01	 650.00	 650.00	 21.00	 28	 0.51	 
BFE_204	 2	 1	 1117.jpg	 5.030863e+01	 12	 999000	 120	 999000	 999	 5.132639e+01	 650.00	 650.00	 38.00	 17	 0.15	 
BFE_204	 2	 1	 1108.jpg	 5.231084e+01	 11	 1.011152e+03	 1100	 6.500352e+02	 98	 5.332918e+01	 600.00	 650.00	 16.00	 8	 0.59	 
BFE_204	 2	 1	 2108.jpg	 5.431314e+01	 22	 1.056871e+03	 2200	 6.500324e+02	 98	 5.533105e+01	 600.00	 600.00	 49.00	 8	 0.72	 
BFE_204	 2	 1	 2218.jpg	 5.931872e+01	 24	 8.672567e+02	 24	 999000	 98	 6.033664e+01	 600.00	 600.00	 43.00	 39	 0.87	 
BFE_204	 2	 1	 2208.jpg	 6.330657e+01	 22	 9.834048e+02	 220	 6.000291e+02	 98	 6.432434e+01	 600.00	 616.67	 57.00	 29	 0.55	 
BFE_204	 2	 1	 1219.jpg	 6.731104e+01	 12	 999000	 120	 999000	 999	 6.832875e+01	 600.00	 616.67	 3.00	 40	 0.84	 
BFE_204	 2	 1	 2106.jpg	 7.331785e+01	 22	 8.921422e+02	 220	 6.167067e+02	 98	 7.433553e+01	 600.00	 633.33	 56.00	 6	 0.56	 
BFE_204	 2	 1	 2117.jpg	 7.531998e+01	 24	 999000	 240	 999000	 999	 7.633777e+01	 600.00	 633.33	 78.00	 17	 0.22	 
BFE_204	 2	 1	 2101.jpg	 7.730527e+01	 22	 9.127126e+02	 220	 6.333732e+02	 98	 7.832331e+01	 600.00	 650.00	 54.00	 1	 0.58	 
BFE_204	 2	 1	 1206.jpg	 7.930780e+01	 12	 999000	 120	 999000	 999	 8.032553e+01	 600.00	 650.00	 10.00	 27	 0.67	 
BFE_204	 2	 1	 1120.jpg	 8.131011e+01	 12	 999000	 120	 999000	 999	 8.232788e+01	 600.00	 650.00	 15.00	 20	 0.59	 
BFE_204	 2	 1	 2216.jpg	 8.531451e+01	 24	 999000	 240	 999000	 999	 8.633240e+01	 600.00	 650.00	 52.00	 37	 0.62	 
BFE_204	 2	 1	 2212.jpg	 8.731695e+01	 24	 999000	 240	 999000	 999	 8.833451e+01	 600.00	 650.00	 61.00	 33	 0.50	 
BFE_204	 2	 1	 2215.jpg	 9.132126e+01	 24	 999000	 240	 999000	 999	 9.233901e+01	 600.00	 650.00	 58.00	 36	 0.54	 
BFE_204	 2	 1	 2204.jpg	 9.330691e+01	 24	 999000	 240	 999000	 999	 9.432459e+01	 600.00	 650.00	 60.00	 25	 0.51	 
BFE_204	 2	 1	 2209.jpg	 9.530910e+01	 24	 999000	 240	 999000	 999	 9.632693e+01	 600.00	 650.00	 44.00	 30	 0.84	 
BFE_204	 2	 1	 1214.jpg	 9.731136e+01	 12	 999000	 120	 999000	 999	 9.832905e+01	 600.00	 650.00	 12.00	 35	 0.64	 
BFE_204	 2	 1	 1215.jpg	 1.023169e+02	 11	 8.370995e+02	 110	 6.000268e+02	 98	 1.033347e+02	 616.67	 650.00	 11.00	 36	 0.66	 
BFE_204	 2	 1	 2206.jpg	 1.043191e+02	 24	 999000	 240	 999000	 999	 1.053369e+02	 616.67	 650.00	 50.00	 27	 0.68	 
BFE_204	 2	 1	 1204.jpg	 1.063214e+02	 11	 1.008511e+03	 1100	 6.167050e+02	 98	 1.073411e+02	 566.67	 650.00	 9.00	 25	 0.68	 
BFE_204	 2	 1	 1208.jpg	 1.093081e+02	 11	 9.579043e+02	 110	 5.666952e+02	 98	 1.103259e+02	 583.33	 650.00	 14.00	 29	 0.60	 
BFE_204	 2	 1	 1111.jpg	 1.163159e+02	 12	 999000	 120	 999000	 999	 1.173336e+02	 583.33	 650.00	 18.00	 11	 0.56	 
BFE_204	 2	 1	 2203.jpg	 1.203205e+02	 24	 999000	 240	 999000	 999	 1.213382e+02	 583.33	 650.00	 53.00	 24	 0.59	 
BFE_204	 2	 1	 1217.jpg	 1.273116e+02	 12	 999000	 120	 999000	 999	 1.283294e+02	 583.33	 650.00	 13.00	 38	 0.61	 
