subjectID	 order	 runNum	 itemName	 onsetTime	 shuff_trialType	 RT	 respInTime	 AudioTime	 response	 fixationTime	 ladder1	 ladder2	 bidIndex	 itemNameIndex	 bidValue	 
BFE_111	 1	 12	 2214.jpg	 1.782284e+03	 22	 9.177642e+02	 220	 6.500429e+02	 98	 1.783302e+03	 716.67	 666.67	 47.00	 35	 0.68	 
BFE_111	 1	 12	 2113.jpg	 1.784270e+03	 24	 999000	 240	 999000	 999	 1.785288e+03	 716.67	 666.67	 51.00	 13	 0.64	 
BFE_111	 1	 12	 1107.jpg	 1.788274e+03	 11	 7.357072e+02	 110	 7.167092e+02	 98	 1.789292e+03	 733.33	 666.67	 12.00	 7	 0.60	 
BFE_111	 1	 12	 2116.jpg	 1.791278e+03	 24	 999000	 240	 999000	 999	 1.792296e+03	 733.33	 666.67	 78.00	 16	 0.25	 
BFE_111	 1	 12	 2213.jpg	 1.793280e+03	 22	 9.300830e+02	 220	 6.667266e+02	 98	 1.794298e+03	 733.33	 683.33	 50.00	 34	 0.65	 
BFE_111	 1	 12	 1202.jpg	 1.796267e+03	 12	 999000	 120	 999000	 999	 1.797285e+03	 733.33	 683.33	 22.00	 23	 0.46	 
BFE_111	 1	 12	 1113.jpg	 1.800271e+03	 12	 999000	 120	 999000	 999	 1.801289e+03	 733.33	 683.33	 21.00	 13	 0.49	 
BFE_111	 1	 12	 2210.jpg	 1.804276e+03	 22	 8.944502e+02	 220	 6.833700e+02	 98	 1.805294e+03	 733.33	 700.00	 52.00	 31	 0.61	 
BFE_111	 1	 12	 2102.jpg	 1.806278e+03	 24	 999000	 240	 999000	 999	 1.807296e+03	 733.33	 700.00	 48.00	 2	 0.67	 
BFE_111	 1	 12	 2110.jpg	 1.811267e+03	 24	 999000	 240	 999000	 999	 1.812285e+03	 733.33	 700.00	 62.00	 10	 0.44	 
BFE_111	 1	 12	 2209.jpg	 1.813269e+03	 24	 999000	 240	 999000	 999	 1.814287e+03	 733.33	 700.00	 54.00	 30	 0.56	 
BFE_111	 1	 12	 1218.jpg	 1.815271e+03	 11	 1.114809e+03	 1100	 7.333711e+02	 98	 1.816289e+03	 683.33	 700.00	 7.00	 39	 0.66	 
BFE_111	 1	 12	 1214.jpg	 1.821278e+03	 12	 999000	 120	 999000	 999	 1.822296e+03	 683.33	 700.00	 9.00	 35	 0.63	 
BFE_111	 1	 12	 2216.jpg	 1.823280e+03	 24	 999000	 240	 999000	 999	 1.824298e+03	 683.33	 700.00	 56.00	 37	 0.55	 
BFE_111	 1	 12	 1215.jpg	 1.825266e+03	 12	 999000	 120	 999000	 999	 1.826284e+03	 683.33	 700.00	 16.00	 36	 0.54	 
BFE_111	 1	 12	 1213.jpg	 1.827268e+03	 12	 999000	 120	 999000	 999	 1.828286e+03	 683.33	 700.00	 37.00	 34	 0.23	 
BFE_111	 1	 12	 2104.jpg	 1.831273e+03	 22	 8.655348e+02	 220	 7.000347e+02	 98	 1.832290e+03	 683.33	 716.67	 55.00	 4	 0.56	 
BFE_111	 1	 12	 2120.jpg	 1.835277e+03	 22	 1.028977e+03	 2200	 7.166952e+02	 98	 1.836295e+03	 683.33	 666.67	 53.00	 20	 0.60	 
BFE_111	 1	 12	 1210.jpg	 1.838280e+03	 12	 999000	 120	 999000	 999	 1.839298e+03	 683.33	 666.67	 11.00	 31	 0.61	 
BFE_111	 1	 12	 1109.jpg	 1.842268e+03	 12	 999000	 120	 999000	 999	 1.843286e+03	 683.33	 666.67	 17.00	 9	 0.54	 
BFE_111	 1	 12	 1117.jpg	 1.845272e+03	 11	 8.744728e+02	 110	 6.834010e+02	 98	 1.846289e+03	 700.00	 666.67	 15.00	 17	 0.55	 
BFE_111	 1	 12	 1205.jpg	 1.847274e+03	 11	 9.042107e+02	 110	 7.000357e+02	 98	 1.848292e+03	 716.67	 666.67	 18.00	 26	 0.52	 
BFE_111	 1	 12	 2211.jpg	 1.851278e+03	 22	 8.917200e+02	 220	 6.666998e+02	 98	 1.852296e+03	 716.67	 683.33	 58.00	 32	 0.51	 
BFE_111	 1	 12	 2112.jpg	 1.853281e+03	 24	 999000	 240	 999000	 999	 1.854298e+03	 716.67	 683.33	 60.00	 12	 0.48	 
BFE_111	 1	 12	 2119.jpg	 1.855266e+03	 24	 999000	 240	 999000	 999	 1.856284e+03	 716.67	 683.33	 77.00	 19	 0.30	 
BFE_111	 1	 12	 1209.jpg	 1.859271e+03	 12	 999000	 120	 999000	 999	 1.860289e+03	 716.67	 683.33	 8.00	 30	 0.64	 
BFE_111	 1	 12	 2218.jpg	 1.861273e+03	 24	 999000	 240	 999000	 999	 1.862291e+03	 716.67	 683.33	 61.00	 39	 0.45	 
BFE_111	 1	 12	 1116.jpg	 1.865278e+03	 12	 999000	 120	 999000	 999	 1.866295e+03	 716.67	 683.33	 38.00	 16	 0.23	 
BFE_111	 1	 12	 2103.jpg	 1.869282e+03	 24	 999000	 240	 999000	 999	 1.870300e+03	 716.67	 683.33	 57.00	 3	 0.53	 
BFE_111	 1	 12	 2205.jpg	 1.872269e+03	 24	 999000	 240	 999000	 999	 1.873287e+03	 716.67	 683.33	 59.00	 26	 0.50	 
BFE_111	 1	 12	 1105.jpg	 1.878275e+03	 12	 999000	 120	 999000	 999	 1.879293e+03	 716.67	 683.33	 14.00	 5	 0.57	 
BFE_111	 1	 12	 2207.jpg	 1.880278e+03	 24	 999000	 240	 999000	 999	 1.881295e+03	 716.67	 683.33	 44.00	 28	 0.72	 
BFE_111	 1	 12	 2111.jpg	 1.884265e+03	 24	 999000	 240	 999000	 999	 1.885283e+03	 716.67	 683.33	 49.00	 11	 0.66	 
BFE_111	 1	 12	 2217.jpg	 1.886268e+03	 24	 999000	 240	 999000	 999	 1.887285e+03	 716.67	 683.33	 43.00	 38	 0.77	 
BFE_111	 1	 12	 1114.jpg	 1.888270e+03	 12	 999000	 120	 999000	 999	 1.889288e+03	 716.67	 683.33	 4.00	 14	 0.79	 
BFE_111	 1	 12	 1120.jpg	 1.890272e+03	 12	 999000	 120	 999000	 999	 1.891290e+03	 716.67	 683.33	 20.00	 20	 0.49	 
BFE_111	 1	 12	 1102.jpg	 1.895278e+03	 12	 999000	 120	 999000	 999	 1.896296e+03	 716.67	 683.33	 19.00	 2	 0.52	 
BFE_111	 1	 12	 1216.jpg	 1.897280e+03	 11	 8.581592e+02	 110	 7.166951e+02	 98	 1.898298e+03	 733.33	 683.33	 10.00	 37	 0.61	 
BFE_111	 1	 12	 1219.jpg	 1.899266e+03	 11	 9.846788e+02	 110	 7.333719e+02	 98	 1.900283e+03	 750.00	 683.33	 13.00	 40	 0.58	 
BFE_111	 1	 12	 1217.jpg	 1.902269e+03	 12	 999000	 120	 999000	 999	 1.903287e+03	 750.00	 683.33	 3.00	 38	 0.87	 
