subjectID	 order	 runNum	 itemName	 onsetTime	 shuff_trialType	 RT	 respInTime	 AudioTime	 response	 fixationTime	 ladder1	 ladder2	 bidIndex	 itemNameIndex	 bidValue	 
BFE_107	 1	 19	 1106.jpg	 2.525115e+03	 11	 4.796912e+02	 11	 9.167205e+02	 98	 2.526133e+03	 916.67	 916.67	 7.00	 6	 0.74	 
BFE_107	 1	 19	 2104.jpg	 2.530104e+03	 22	 5.626745e+02	 22	 9.167168e+02	 98	 2.531121e+03	 916.67	 916.67	 50.00	 4	 0.67	 
BFE_107	 1	 19	 1103.jpg	 2.532106e+03	 12	 999000	 120	 999000	 999	 2.533124e+03	 916.67	 916.67	 9.00	 3	 0.71	 
BFE_107	 1	 19	 1202.jpg	 2.534108e+03	 11	 5.342646e+02	 11	 9.166982e+02	 98	 2.535126e+03	 916.67	 916.67	 10.00	 23	 0.69	 
BFE_107	 1	 19	 2201.jpg	 2.540098e+03	 24	 999000	 240	 999000	 999	 2.541116e+03	 916.67	 916.67	 49.00	 22	 0.73	 
BFE_107	 1	 19	 2101.jpg	 2.542100e+03	 24	 999000	 240	 999000	 999	 2.543118e+03	 916.67	 916.67	 77.00	 1	 0.18	 
BFE_107	 1	 19	 1109.jpg	 2.545104e+03	 11	 1.106454e+03	 1100	 9.166993e+02	 98	 2.546122e+03	 866.67	 916.67	 13.00	 9	 0.63	 
BFE_107	 1	 19	 2219.jpg	 2.547106e+03	 22	 5.123125e+02	 22	 9.166930e+02	 98	 2.548125e+03	 866.67	 916.67	 55.00	 40	 0.58	 
BFE_107	 1	 19	 2105.jpg	 2.551111e+03	 22	 5.318757e+02	 22	 9.167029e+02	 98	 2.552128e+03	 866.67	 916.67	 47.00	 5	 0.76	 
BFE_107	 1	 19	 2214.jpg	 2.553096e+03	 24	 999000	 240	 999000	 999	 2.554114e+03	 866.67	 916.67	 44.00	 35	 0.80	 
BFE_107	 1	 19	 2202.jpg	 2.558102e+03	 24	 999000	 240	 999000	 999	 2.559120e+03	 866.67	 916.67	 51.00	 23	 0.64	 
BFE_107	 1	 19	 2111.jpg	 2.565110e+03	 22	 6.767505e+02	 22	 9.167033e+02	 98	 2.566127e+03	 866.67	 916.67	 52.00	 11	 0.63	 
BFE_107	 1	 19	 1111.jpg	 2.567095e+03	 12	 999000	 120	 999000	 999	 2.568113e+03	 866.67	 916.67	 17.00	 11	 0.57	 
BFE_107	 1	 19	 2218.jpg	 2.570099e+03	 24	 999000	 240	 999000	 999	 2.571116e+03	 866.67	 916.67	 57.00	 39	 0.58	 
BFE_107	 1	 19	 2207.jpg	 2.573102e+03	 24	 999000	 240	 999000	 999	 2.574120e+03	 866.67	 916.67	 62.00	 28	 0.47	 
BFE_107	 1	 19	 2209.jpg	 2.577106e+03	 24	 999000	 240	 999000	 999	 2.578124e+03	 866.67	 916.67	 59.00	 30	 0.51	 
BFE_107	 1	 19	 2113.jpg	 2.581111e+03	 24	 999000	 240	 999000	 999	 2.582129e+03	 866.67	 916.67	 54.00	 13	 0.60	 
BFE_107	 1	 19	 2116.jpg	 2.585099e+03	 22	 7.116989e+02	 22	 9.167020e+02	 98	 2.586116e+03	 866.67	 916.67	 58.00	 16	 0.55	 
BFE_107	 1	 19	 1110.jpg	 2.588102e+03	 12	 999000	 120	 999000	 999	 2.589120e+03	 866.67	 916.67	 21.00	 10	 0.46	 
BFE_107	 1	 19	 1205.jpg	 2.594111e+03	 12	 999000	 120	 999000	 999	 2.595127e+03	 866.67	 916.67	 4.00	 26	 0.82	 
BFE_107	 1	 19	 2203.jpg	 2.596111e+03	 22	 5.633075e+02	 22	 9.167065e+02	 98	 2.597129e+03	 866.67	 916.67	 53.00	 24	 0.60	 
BFE_107	 1	 19	 1211.jpg	 2.599098e+03	 12	 999000	 120	 999000	 999	 2.600116e+03	 866.67	 916.67	 20.00	 32	 0.46	 
BFE_107	 1	 19	 1115.jpg	 2.601100e+03	 12	 999000	 120	 999000	 999	 2.602118e+03	 866.67	 916.67	 14.00	 15	 0.62	 
BFE_107	 1	 19	 2121.jpg	 2.603102e+03	 24	 999000	 240	 999000	 999	 2.604120e+03	 866.67	 916.67	 60.00	 21	 0.50	 
BFE_107	 1	 19	 1105.jpg	 2.605104e+03	 12	 999000	 120	 999000	 999	 2.606122e+03	 866.67	 916.67	 3.00	 5	 0.84	 
BFE_107	 1	 19	 1107.jpg	 2.608108e+03	 11	 4.944809e+02	 11	 8.666966e+02	 98	 2.609126e+03	 883.33	 916.67	 18.00	 7	 0.53	 
BFE_107	 1	 19	 1201.jpg	 2.612095e+03	 12	 999000	 120	 999000	 999	 2.613113e+03	 883.33	 916.67	 11.00	 22	 0.66	 
BFE_107	 1	 19	 1209.jpg	 2.614098e+03	 12	 999000	 120	 999000	 999	 2.615116e+03	 883.33	 916.67	 16.00	 30	 0.58	 
BFE_107	 1	 19	 1213.jpg	 2.616100e+03	 12	 999000	 120	 999000	 999	 2.617118e+03	 883.33	 916.67	 19.00	 34	 0.49	 
BFE_107	 1	 19	 1214.jpg	 2.618102e+03	 11	 6.919295e+02	 11	 8.834032e+02	 98	 2.619120e+03	 900.00	 916.67	 15.00	 35	 0.59	 
BFE_107	 1	 19	 1113.jpg	 2.620105e+03	 12	 999000	 120	 999000	 999	 2.621122e+03	 900.00	 916.67	 8.00	 13	 0.73	 
BFE_107	 1	 19	 1118.jpg	 2.622107e+03	 12	 999000	 120	 999000	 999	 2.623125e+03	 900.00	 916.67	 38.00	 18	 0.12	 
BFE_107	 1	 19	 2213.jpg	 2.626112e+03	 24	 999000	 240	 999000	 999	 2.627129e+03	 900.00	 916.67	 61.00	 34	 0.49	 
BFE_107	 1	 19	 1217.jpg	 2.630099e+03	 11	 5.830327e+02	 11	 9.000377e+02	 98	 2.631117e+03	 916.67	 916.67	 12.00	 38	 0.63	 
BFE_107	 1	 19	 2117.jpg	 2.632101e+03	 24	 999000	 240	 999000	 999	 2.633119e+03	 916.67	 916.67	 78.00	 17	 0.15	 
BFE_107	 1	 19	 2205.jpg	 2.634104e+03	 24	 999000	 240	 999000	 999	 2.635121e+03	 916.67	 916.67	 48.00	 26	 0.73	 
BFE_107	 1	 19	 2109.jpg	 2.636106e+03	 24	 999000	 240	 999000	 999	 2.637124e+03	 916.67	 916.67	 56.00	 9	 0.58	 
BFE_107	 1	 19	 2217.jpg	 2.638108e+03	 24	 999000	 240	 999000	 999	 2.639126e+03	 916.67	 916.67	 43.00	 38	 0.81	 
BFE_107	 1	 19	 1216.jpg	 2.644098e+03	 12	 999000	 120	 999000	 999	 2.645116e+03	 916.67	 916.67	 22.00	 37	 0.46	 
BFE_107	 1	 19	 1212.jpg	 2.646100e+03	 12	 999000	 120	 999000	 999	 2.647118e+03	 916.67	 916.67	 37.00	 33	 0.21	 
