subjectID	 order	 runNum	 itemName	 onsetTime	 shuff_trialType	 RT	 respInTime	 AudioTime	 response	 fixationTime	 ladder1	 ladder2	 bidIndex	 itemNameIndex	 bidValue	 
BFE_102	 2	 3	 1205.jpg	 2.552964e+02	 12	 999000	 120	 999000	 999	 2.563142e+02	 750.00	 750.00	 7.00	 26	 0.71	 
BFE_102	 2	 3	 2217.jpg	 2.572820e+02	 22	 9.681152e+02	 220	 7.500388e+02	 98	 2.582997e+02	 750.00	 766.67	 49.00	 38	 0.76	 
BFE_102	 2	 3	 2115.jpg	 2.612865e+02	 24	 999000	 240	 999000	 999	 2.623042e+02	 750.00	 766.67	 61.00	 15	 0.53	 
BFE_102	 2	 3	 1121.jpg	 2.642898e+02	 11	 9.683011e+02	 110	 7.500812e+02	 98	 2.653075e+02	 766.67	 766.67	 17.00	 21	 0.55	 
BFE_102	 2	 3	 2105.jpg	 2.662921e+02	 24	 999000	 240	 999000	 999	 2.673099e+02	 766.67	 766.67	 77.00	 5	 0.32	 
BFE_102	 2	 3	 2103.jpg	 2.692788e+02	 24	 999000	 240	 999000	 999	 2.702966e+02	 766.67	 766.67	 52.00	 3	 0.75	 
BFE_102	 2	 3	 2101.jpg	 2.732833e+02	 24	 1.166848e+03	 24	 999000	 98	 2.743010e+02	 766.67	 766.67	 44.00	 1	 0.87	 
BFE_102	 2	 3	 1204.jpg	 2.772877e+02	 11	 1.018449e+03	 1100	 7.666995e+02	 98	 2.783055e+02	 716.67	 766.67	 11.00	 25	 0.65	 
BFE_102	 2	 3	 1102.jpg	 2.792899e+02	 11	 9.922182e+02	 110	 7.167222e+02	 98	 2.803077e+02	 733.33	 766.67	 14.00	 2	 0.60	 
BFE_102	 2	 3	 1116.jpg	 2.842789e+02	 12	 999000	 120	 999000	 999	 2.852967e+02	 733.33	 766.67	 37.00	 16	 0.20	 
BFE_102	 2	 3	 2207.jpg	 2.862811e+02	 22	 9.610657e+02	 220	 7.666938e+02	 98	 2.872989e+02	 733.33	 783.33	 48.00	 28	 0.80	 
BFE_102	 2	 3	 1212.jpg	 2.882834e+02	 12	 999000	 120	 999000	 999	 2.893011e+02	 733.33	 783.33	 38.00	 33	 0.20	 
BFE_102	 2	 3	 1201.jpg	 2.942901e+02	 12	 999000	 120	 999000	 999	 2.953078e+02	 733.33	 783.33	 13.00	 22	 0.60	 
BFE_102	 2	 3	 1104.jpg	 2.962923e+02	 12	 999000	 120	 999000	 999	 2.973101e+02	 733.33	 783.33	 15.00	 4	 0.56	 
BFE_102	 2	 3	 1106.jpg	 2.982777e+02	 12	 999000	 120	 999000	 999	 2.992957e+02	 733.33	 783.33	 18.00	 6	 0.53	 
BFE_102	 2	 3	 2118.jpg	 3.002802e+02	 24	 999000	 240	 999000	 999	 3.012980e+02	 733.33	 783.33	 78.00	 18	 0.32	 
BFE_102	 2	 3	 2104.jpg	 3.042847e+02	 24	 999000	 240	 999000	 999	 3.053024e+02	 733.33	 783.33	 58.00	 4	 0.63	 
BFE_102	 2	 3	 2209.jpg	 3.082890e+02	 22	 1.001118e+03	 2200	 7.833729e+02	 98	 3.093069e+02	 733.33	 733.33	 56.00	 30	 0.68	 
BFE_102	 2	 3	 1110.jpg	 3.112926e+02	 12	 999000	 120	 999000	 999	 3.123102e+02	 733.33	 733.33	 20.00	 10	 0.52	 
BFE_102	 2	 3	 1203.jpg	 3.152803e+02	 12	 999000	 120	 999000	 999	 3.162981e+02	 733.33	 733.33	 3.00	 24	 0.87	 
BFE_102	 2	 3	 1208.jpg	 3.182838e+02	 12	 999000	 120	 999000	 999	 3.193014e+02	 733.33	 733.33	 12.00	 29	 0.62	 
BFE_102	 2	 3	 2201.jpg	 3.202860e+02	 22	 9.641537e+02	 220	 7.333719e+02	 98	 3.213036e+02	 733.33	 750.00	 57.00	 22	 0.66	 
BFE_102	 2	 3	 1108.jpg	 3.242903e+02	 12	 999000	 120	 999000	 999	 3.253081e+02	 733.33	 750.00	 10.00	 8	 0.68	 
BFE_102	 2	 3	 1209.jpg	 3.262927e+02	 11	 9.174040e+02	 110	 7.333706e+02	 98	 3.273104e+02	 750.00	 750.00	 16.00	 30	 0.55	 
BFE_102	 2	 3	 1218.jpg	 3.282778e+02	 12	 999000	 120	 999000	 999	 3.292959e+02	 750.00	 750.00	 4.00	 39	 0.79	 
BFE_102	 2	 3	 2214.jpg	 3.322826e+02	 24	 999000	 240	 999000	 999	 3.333004e+02	 750.00	 750.00	 60.00	 35	 0.57	 
BFE_102	 2	 3	 2111.jpg	 3.342849e+02	 24	 999000	 240	 999000	 999	 3.353027e+02	 750.00	 750.00	 59.00	 11	 0.62	 
BFE_102	 2	 3	 2114.jpg	 3.382894e+02	 24	 999000	 240	 999000	 999	 3.393071e+02	 750.00	 750.00	 47.00	 14	 0.85	 
BFE_102	 2	 3	 1207.jpg	 3.422938e+02	 11	 9.802722e+02	 110	 7.500403e+02	 98	 3.433116e+02	 766.67	 750.00	 8.00	 28	 0.70	 
BFE_102	 2	 3	 2206.jpg	 3.452805e+02	 24	 999000	 240	 999000	 999	 3.462984e+02	 766.67	 750.00	 43.00	 27	 0.87	 
BFE_102	 2	 3	 2204.jpg	 3.512873e+02	 24	 999000	 240	 999000	 999	 3.523051e+02	 766.67	 750.00	 50.00	 25	 0.75	 
BFE_102	 2	 3	 2110.jpg	 3.532896e+02	 24	 999000	 240	 999000	 999	 3.543073e+02	 766.67	 750.00	 53.00	 10	 0.73	 
BFE_102	 2	 3	 1109.jpg	 3.572770e+02	 12	 999000	 120	 999000	 999	 3.582951e+02	 766.67	 750.00	 21.00	 9	 0.50	 
BFE_102	 2	 3	 1115.jpg	 3.592797e+02	 12	 1.082475e+03	 12	 999000	 98	 3.602975e+02	 766.67	 750.00	 22.00	 15	 0.48	 
BFE_102	 2	 3	 2213.jpg	 3.612819e+02	 24	 999000	 240	 999000	 999	 3.622996e+02	 766.67	 750.00	 62.00	 34	 0.52	 
BFE_102	 2	 3	 1211.jpg	 3.632841e+02	 11	 1.030025e+03	 1100	 7.666987e+02	 98	 3.643018e+02	 716.67	 750.00	 9.00	 32	 0.70	 
BFE_102	 2	 3	 2203.jpg	 3.682897e+02	 22	 1.040405e+03	 2200	 7.500270e+02	 98	 3.693075e+02	 716.67	 700.00	 54.00	 24	 0.72	 
BFE_102	 2	 3	 2218.jpg	 3.702919e+02	 24	 999000	 240	 999000	 999	 3.713097e+02	 716.67	 700.00	 55.00	 39	 0.72	 
BFE_102	 2	 3	 2211.jpg	 3.722941e+02	 22	 9.319656e+02	 220	 7.000380e+02	 98	 3.733119e+02	 716.67	 716.67	 51.00	 32	 0.75	 
BFE_102	 2	 3	 1105.jpg	 3.752809e+02	 12	 999000	 120	 999000	 999	 3.762986e+02	 716.67	 716.67	 19.00	 5	 0.53	 
