subjectID	 order	 runNum	 itemName	 onsetTime	 shuff_trialType	 RT	 respInTime	 AudioTime	 response	 fixationTime	 ladder1	 ladder2	 bidIndex	 itemNameIndex	 bidValue	 
BFE_101	 1	 19	 2118.jpg	 2.291716e+03	 22	 3.888893e+02	 2	 1.500333e+02	 110	 2.292734e+03	 83.33	 100.00	 47.00	 18	 0.67	 
BFE_101	 1	 19	 1216.jpg	 2.294720e+03	 11	 2.813729e+02	 110	 8.337559e+01	 98	 2.295738e+03	 100.00	 100.00	 15.00	 37	 0.55	 
BFE_101	 1	 19	 1207.jpg	 2.296722e+03	 11	 2.710229e+02	 110	 1.000355e+02	 98	 2.297740e+03	 116.67	 100.00	 13.00	 28	 0.56	 
BFE_101	 1	 19	 2117.jpg	 2.298724e+03	 24	 3.648251e+02	 24	 999000	 98	 2.299742e+03	 116.67	 100.00	 78.00	 17	 0.18	 
BFE_101	 1	 19	 1214.jpg	 2.300727e+03	 12	 999000	 120	 999000	 999	 2.301744e+03	 116.67	 100.00	 21.00	 35	 0.50	 
BFE_101	 1	 19	 2217.jpg	 2.303713e+03	 24	 999000	 240	 999000	 999	 2.304731e+03	 116.67	 100.00	 54.00	 38	 0.58	 
BFE_101	 1	 19	 1201.jpg	 2.305716e+03	 12	 999000	 120	 999000	 999	 2.306733e+03	 116.67	 100.00	 22.00	 22	 0.50	 
BFE_101	 1	 19	 2207.jpg	 2.309720e+03	 24	 999000	 240	 999000	 999	 2.310738e+03	 116.67	 100.00	 49.00	 28	 0.66	 
BFE_101	 1	 19	 1204.jpg	 2.311722e+03	 12	 999000	 120	 999000	 999	 2.312740e+03	 116.67	 100.00	 17.00	 25	 0.52	 
BFE_101	 1	 19	 2213.jpg	 2.316711e+03	 24	 999000	 240	 999000	 999	 2.317729e+03	 116.67	 100.00	 44.00	 34	 0.71	 
BFE_101	 1	 19	 1213.jpg	 2.318713e+03	 12	 999000	 120	 999000	 999	 2.319731e+03	 116.67	 100.00	 8.00	 34	 0.68	 
BFE_101	 1	 19	 2211.jpg	 2.322718e+03	 22	 4.512611e+02	 220	 1.000279e+02	 98	 2.323736e+03	 116.67	 116.67	 52.00	 32	 0.62	 
BFE_101	 1	 19	 2209.jpg	 2.324720e+03	 22	 4.250016e+02	 220	 1.166940e+02	 98	 2.325738e+03	 116.67	 133.33	 55.00	 30	 0.56	 
BFE_101	 1	 19	 1202.jpg	 2.327724e+03	 12	 999000	 120	 999000	 999	 2.328741e+03	 116.67	 133.33	 16.00	 23	 0.54	 
BFE_101	 1	 19	 1102.jpg	 2.332712e+03	 11	 3.686855e+02	 110	 1.166985e+02	 98	 2.333730e+03	 133.33	 133.33	 10.00	 2	 0.66	 
BFE_101	 1	 19	 1208.jpg	 2.334715e+03	 11	 3.985456e+02	 110	 1.333578e+02	 98	 2.335732e+03	 150.00	 133.33	 18.00	 29	 0.51	 
BFE_101	 1	 19	 1101.jpg	 2.336717e+03	 12	 999000	 120	 999000	 999	 2.337735e+03	 150.00	 133.33	 37.00	 1	 0.27	 
BFE_101	 1	 19	 2203.jpg	 2.340721e+03	 24	 999000	 240	 999000	 999	 2.341739e+03	 150.00	 133.33	 59.00	 24	 0.54	 
BFE_101	 1	 19	 1103.jpg	 2.344726e+03	 12	 999000	 120	 999000	 999	 2.345744e+03	 150.00	 133.33	 9.00	 3	 0.68	 
BFE_101	 1	 19	 2205.jpg	 2.348714e+03	 24	 999000	 240	 999000	 999	 2.349731e+03	 150.00	 133.33	 77.00	 26	 0.21	 
BFE_101	 1	 19	 2216.jpg	 2.350716e+03	 24	 8.131800e+02	 24	 999000	 98	 2.351734e+03	 150.00	 133.33	 48.00	 37	 0.66	 
BFE_101	 1	 19	 1206.jpg	 2.352718e+03	 12	 999000	 120	 999000	 999	 2.353736e+03	 150.00	 133.33	 4.00	 27	 0.74	 
BFE_101	 1	 19	 1106.jpg	 2.354720e+03	 11	 4.567550e+02	 110	 1.500351e+02	 98	 2.355738e+03	 166.67	 133.33	 12.00	 6	 0.58	 
BFE_101	 1	 19	 2114.jpg	 2.356723e+03	 24	 999000	 240	 999000	 999	 2.357740e+03	 166.67	 133.33	 62.00	 14	 0.50	 
BFE_101	 1	 19	 2120.jpg	 2.362712e+03	 22	 4.087942e+02	 220	 1.333691e+02	 98	 2.363730e+03	 166.67	 150.00	 58.00	 20	 0.55	 
BFE_101	 1	 19	 2113.jpg	 2.365716e+03	 24	 999000	 240	 999000	 999	 2.366734e+03	 166.67	 150.00	 60.00	 13	 0.54	 
BFE_101	 1	 19	 1116.jpg	 2.367718e+03	 12	 999000	 120	 999000	 999	 2.368736e+03	 166.67	 150.00	 19.00	 16	 0.51	 
BFE_101	 1	 19	 2103.jpg	 2.369721e+03	 24	 999000	 240	 999000	 999	 2.370738e+03	 166.67	 150.00	 43.00	 3	 0.74	 
BFE_101	 1	 19	 1111.jpg	 2.372724e+03	 12	 999000	 120	 999000	 999	 2.373742e+03	 166.67	 150.00	 14.00	 11	 0.55	 
BFE_101	 1	 19	 1205.jpg	 2.374726e+03	 12	 999000	 120	 999000	 999	 2.375744e+03	 166.67	 150.00	 11.00	 26	 0.62	 
BFE_101	 1	 19	 2214.jpg	 2.376711e+03	 22	 5.137292e+02	 220	 1.500332e+02	 98	 2.377729e+03	 166.67	 166.67	 53.00	 35	 0.59	 
BFE_101	 1	 19	 2110.jpg	 2.378714e+03	 22	 4.311739e+02	 220	 1.666966e+02	 98	 2.379732e+03	 166.67	 183.33	 50.00	 10	 0.65	 
BFE_101	 1	 19	 1115.jpg	 2.381717e+03	 12	 999000	 120	 999000	 999	 2.382735e+03	 166.67	 183.33	 38.00	 15	 0.23	 
BFE_101	 1	 19	 1109.jpg	 2.383720e+03	 12	 999000	 120	 999000	 999	 2.384737e+03	 166.67	 183.33	 20.00	 9	 0.50	 
BFE_101	 1	 19	 2102.jpg	 2.385722e+03	 24	 999000	 240	 999000	 999	 2.386740e+03	 166.67	 183.33	 61.00	 2	 0.54	 
BFE_101	 1	 19	 2104.jpg	 2.387724e+03	 24	 999000	 240	 999000	 999	 2.388742e+03	 166.67	 183.33	 56.00	 4	 0.55	 
BFE_101	 1	 19	 2208.jpg	 2.389726e+03	 24	 999000	 240	 999000	 999	 2.390744e+03	 166.67	 183.33	 51.00	 29	 0.63	 
BFE_101	 1	 19	 1118.jpg	 2.395716e+03	 12	 999000	 120	 999000	 999	 2.396734e+03	 166.67	 183.33	 3.00	 18	 0.78	 
BFE_101	 1	 19	 2115.jpg	 2.398720e+03	 24	 999000	 240	 999000	 999	 2.399737e+03	 166.67	 183.33	 57.00	 15	 0.55	 
BFE_101	 1	 19	 1121.jpg	 2.402724e+03	 11	 4.050476e+02	 110	 1.666977e+02	 98	 2.403742e+03	 183.33	 183.33	 7.00	 21	 0.70	 
