subjectID	 order	 runNum	 itemName	 onsetTime	 shuff_trialType	 RT	 respInTime	 AudioTime	 response	 fixationTime	 ladder1	 ladder2	 bidIndex	 itemNameIndex	 bidValue	 
BFE_102	 2	 15	 1115.jpg	 1.890863e+03	 12	 999000	 120	 999000	 999	 1.891880e+03	 750.00	 683.33	 22.00	 15	 0.48	 
BFE_102	 2	 15	 2114.jpg	 1.895852e+03	 24	 999000	 240	 999000	 999	 1.896869e+03	 750.00	 683.33	 47.00	 14	 0.85	 
BFE_102	 2	 15	 1102.jpg	 1.897854e+03	 11	 1.052343e+03	 1100	 7.500483e+02	 98	 1.898872e+03	 700.00	 683.33	 14.00	 2	 0.60	 
BFE_102	 2	 15	 1108.jpg	 1.899856e+03	 12	 999000	 120	 999000	 999	 1.900874e+03	 700.00	 683.33	 10.00	 8	 0.68	 
BFE_102	 2	 15	 1204.jpg	 1.905846e+03	 11	 9.400696e+02	 110	 7.000381e+02	 98	 1.906864e+03	 716.67	 683.33	 11.00	 25	 0.65	 
BFE_102	 2	 15	 1105.jpg	 1.907848e+03	 12	 999000	 120	 999000	 999	 1.908866e+03	 716.67	 683.33	 19.00	 5	 0.53	 
BFE_102	 2	 15	 2115.jpg	 1.910852e+03	 24	 999000	 240	 999000	 999	 1.911869e+03	 716.67	 683.33	 61.00	 15	 0.53	 
BFE_102	 2	 15	 2104.jpg	 1.912854e+03	 24	 999000	 240	 999000	 999	 1.913872e+03	 716.67	 683.33	 58.00	 4	 0.63	 
BFE_102	 2	 15	 2110.jpg	 1.916858e+03	 24	 999000	 240	 999000	 999	 1.917876e+03	 716.67	 683.33	 53.00	 10	 0.73	 
BFE_102	 2	 15	 2118.jpg	 1.918844e+03	 24	 999000	 240	 999000	 999	 1.919862e+03	 716.67	 683.33	 78.00	 18	 0.32	 
BFE_102	 2	 15	 2207.jpg	 1.923850e+03	 22	 7.605878e+02	 220	 6.833857e+02	 98	 1.924867e+03	 716.67	 700.00	 48.00	 28	 0.80	 
BFE_102	 2	 15	 2217.jpg	 1.930857e+03	 22	 9.607076e+02	 220	 7.000371e+02	 98	 1.931875e+03	 716.67	 716.67	 49.00	 38	 0.76	 
BFE_102	 2	 15	 2204.jpg	 1.932843e+03	 24	 999000	 240	 999000	 999	 1.933861e+03	 716.67	 716.67	 50.00	 25	 0.75	 
BFE_102	 2	 15	 1116.jpg	 1.935846e+03	 12	 999000	 120	 999000	 999	 1.936864e+03	 716.67	 716.67	 37.00	 16	 0.20	 
BFE_102	 2	 15	 2213.jpg	 1.938850e+03	 24	 999000	 240	 999000	 999	 1.939867e+03	 716.67	 716.67	 62.00	 34	 0.52	 
BFE_102	 2	 15	 1203.jpg	 1.942854e+03	 12	 999000	 120	 999000	 999	 1.943872e+03	 716.67	 716.67	 3.00	 24	 0.87	 
BFE_102	 2	 15	 2218.jpg	 1.946859e+03	 24	 999000	 240	 999000	 999	 1.947876e+03	 716.67	 716.67	 55.00	 39	 0.72	 
BFE_102	 2	 15	 1207.jpg	 1.950847e+03	 11	 9.075099e+02	 110	 7.166923e+02	 98	 1.951864e+03	 733.33	 716.67	 8.00	 28	 0.70	 
BFE_102	 2	 15	 1218.jpg	 1.953850e+03	 12	 999000	 120	 999000	 999	 1.954868e+03	 733.33	 716.67	 4.00	 39	 0.79	 
BFE_102	 2	 15	 2203.jpg	 1.959857e+03	 22	 9.454669e+02	 220	 7.167062e+02	 98	 1.960874e+03	 733.33	 733.33	 54.00	 24	 0.72	 
BFE_102	 2	 15	 1109.jpg	 1.961859e+03	 12	 999000	 120	 999000	 999	 1.962877e+03	 733.33	 733.33	 21.00	 9	 0.50	 
BFE_102	 2	 15	 2105.jpg	 1.964846e+03	 24	 999000	 240	 999000	 999	 1.965863e+03	 733.33	 733.33	 77.00	 5	 0.32	 
BFE_102	 2	 15	 1106.jpg	 1.966848e+03	 12	 999000	 120	 999000	 999	 1.967865e+03	 733.33	 733.33	 18.00	 6	 0.53	 
BFE_102	 2	 15	 1121.jpg	 1.968850e+03	 11	 1.032140e+03	 1100	 7.333611e+02	 98	 1.969868e+03	 683.33	 733.33	 17.00	 21	 0.55	 
BFE_102	 2	 15	 2201.jpg	 1.970852e+03	 22	 9.738129e+02	 220	 7.333732e+02	 98	 1.971870e+03	 683.33	 750.00	 57.00	 22	 0.66	 
BFE_102	 2	 15	 2101.jpg	 1.973856e+03	 24	 999000	 240	 999000	 999	 1.974873e+03	 683.33	 750.00	 44.00	 1	 0.87	 
BFE_102	 2	 15	 1211.jpg	 1.977843e+03	 11	 9.030765e+02	 110	 6.833674e+02	 98	 1.978861e+03	 700.00	 750.00	 9.00	 32	 0.70	 
BFE_102	 2	 15	 1209.jpg	 1.979846e+03	 11	 8.764378e+02	 110	 7.000276e+02	 98	 1.980863e+03	 716.67	 750.00	 16.00	 30	 0.55	 
BFE_102	 2	 15	 1201.jpg	 1.981848e+03	 12	 999000	 120	 999000	 999	 1.982866e+03	 716.67	 750.00	 13.00	 22	 0.60	 
BFE_102	 2	 15	 2111.jpg	 1.983850e+03	 24	 999000	 240	 999000	 999	 1.984868e+03	 716.67	 750.00	 59.00	 11	 0.62	 
BFE_102	 2	 15	 1104.jpg	 1.985852e+03	 12	 999000	 120	 999000	 999	 1.986870e+03	 716.67	 750.00	 15.00	 4	 0.56	 
BFE_102	 2	 15	 2209.jpg	 1.987855e+03	 22	 8.835148e+02	 220	 7.500305e+02	 98	 1.988872e+03	 716.67	 766.67	 56.00	 30	 0.68	 
BFE_102	 2	 15	 1110.jpg	 1.991859e+03	 12	 999000	 120	 999000	 999	 1.992877e+03	 716.67	 766.67	 20.00	 10	 0.52	 
BFE_102	 2	 15	 2211.jpg	 1.995847e+03	 22	 9.872020e+02	 220	 7.667061e+02	 98	 1.996865e+03	 716.67	 783.33	 51.00	 32	 0.75	 
BFE_102	 2	 15	 1212.jpg	 1.997849e+03	 12	 999000	 120	 999000	 999	 1.998867e+03	 716.67	 783.33	 38.00	 33	 0.20	 
BFE_102	 2	 15	 2103.jpg	 1.999851e+03	 24	 999000	 240	 999000	 999	 2.000869e+03	 716.67	 783.33	 52.00	 3	 0.75	 
BFE_102	 2	 15	 1205.jpg	 2.001854e+03	 12	 999000	 120	 999000	 999	 2.002871e+03	 716.67	 783.33	 7.00	 26	 0.71	 
BFE_102	 2	 15	 2214.jpg	 2.003856e+03	 24	 999000	 240	 999000	 999	 2.004874e+03	 716.67	 783.33	 60.00	 35	 0.57	 
BFE_102	 2	 15	 1208.jpg	 2.009846e+03	 12	 6.282087e+02	 120	 999000	 103	 2.010864e+03	 716.67	 783.33	 12.00	 29	 0.62	 
BFE_102	 2	 15	 2206.jpg	 2.011848e+03	 24	 999000	 240	 999000	 999	 2.012866e+03	 716.67	 783.33	 43.00	 27	 0.87	 
