subjectID	 order	 runNum	 itemName	 onsetTime	 shuff_trialType	 RT	 respInTime	 AudioTime	 response	 fixationTime	 ladder1	 ladder2	 bidIndex	 itemNameIndex	 bidValue	 
BFE_102	 2	 9	 1116.jpg	 1.083191e+03	 12	 999000	 120	 999000	 999	 1.084209e+03	 683.33	 616.67	 37.00	 16	 0.20	 
BFE_102	 2	 9	 1105.jpg	 1.088180e+03	 12	 999000	 120	 999000	 999	 1.089197e+03	 683.33	 616.67	 19.00	 5	 0.53	 
BFE_102	 2	 9	 1204.jpg	 1.090182e+03	 11	 9.002049e+02	 110	 6.833851e+02	 98	 1.091200e+03	 700.00	 616.67	 11.00	 25	 0.65	 
BFE_102	 2	 9	 2213.jpg	 1.092184e+03	 24	 999000	 240	 999000	 999	 1.093202e+03	 700.00	 616.67	 62.00	 34	 0.52	 
BFE_102	 2	 9	 1205.jpg	 1.098174e+03	 12	 999000	 120	 999000	 999	 1.099192e+03	 700.00	 616.67	 7.00	 26	 0.71	 
BFE_102	 2	 9	 1212.jpg	 1.100176e+03	 12	 999000	 120	 999000	 999	 1.101194e+03	 700.00	 616.67	 38.00	 33	 0.20	 
BFE_102	 2	 9	 2103.jpg	 1.103180e+03	 24	 999000	 240	 999000	 999	 1.104198e+03	 700.00	 616.67	 52.00	 3	 0.75	 
BFE_102	 2	 9	 1218.jpg	 1.105182e+03	 12	 999000	 120	 999000	 999	 1.106200e+03	 700.00	 616.67	 4.00	 39	 0.79	 
BFE_102	 2	 9	 1109.jpg	 1.109187e+03	 12	 999000	 120	 999000	 999	 1.110204e+03	 700.00	 616.67	 21.00	 9	 0.50	 
BFE_102	 2	 9	 2207.jpg	 1.111172e+03	 22	 8.859659e+02	 220	 6.167047e+02	 98	 1.112190e+03	 700.00	 633.33	 48.00	 28	 0.80	 
BFE_102	 2	 9	 1209.jpg	 1.116178e+03	 11	 1.064191e+03	 1100	 7.000364e+02	 98	 1.117196e+03	 650.00	 633.33	 16.00	 30	 0.55	 
BFE_102	 2	 9	 1121.jpg	 1.123186e+03	 11	 9.525134e+02	 110	 6.500286e+02	 98	 1.124203e+03	 666.67	 633.33	 17.00	 21	 0.55	 
BFE_102	 2	 9	 1106.jpg	 1.125171e+03	 12	 999000	 120	 999000	 999	 1.126189e+03	 666.67	 633.33	 18.00	 6	 0.53	 
BFE_102	 2	 9	 1115.jpg	 1.128175e+03	 12	 999000	 120	 999000	 999	 1.129192e+03	 666.67	 633.33	 22.00	 15	 0.48	 
BFE_102	 2	 9	 1208.jpg	 1.131178e+03	 12	 999000	 120	 999000	 999	 1.132196e+03	 666.67	 633.33	 12.00	 29	 0.62	 
BFE_102	 2	 9	 2115.jpg	 1.135182e+03	 24	 999000	 240	 999000	 999	 1.136200e+03	 666.67	 633.33	 61.00	 15	 0.53	 
BFE_102	 2	 9	 1211.jpg	 1.139187e+03	 11	 1.063242e+03	 1100	 6.667058e+02	 98	 1.140205e+03	 616.67	 633.33	 9.00	 32	 0.70	 
BFE_102	 2	 9	 1108.jpg	 1.143175e+03	 12	 999000	 120	 999000	 999	 1.144193e+03	 616.67	 633.33	 10.00	 8	 0.68	 
BFE_102	 2	 9	 2105.jpg	 1.146178e+03	 24	 999000	 240	 999000	 999	 1.147196e+03	 616.67	 633.33	 77.00	 5	 0.32	 
BFE_102	 2	 9	 2104.jpg	 1.152185e+03	 24	 999000	 240	 999000	 999	 1.153203e+03	 616.67	 633.33	 58.00	 4	 0.63	 
BFE_102	 2	 9	 1102.jpg	 1.154187e+03	 11	 1.095118e+03	 1100	 6.167151e+02	 98	 1.155205e+03	 566.67	 633.33	 14.00	 2	 0.60	 
BFE_102	 2	 9	 2203.jpg	 1.157174e+03	 22	 1.092425e+03	 2200	 6.333631e+02	 98	 1.158192e+03	 566.67	 583.33	 54.00	 24	 0.72	 
BFE_102	 2	 9	 1110.jpg	 1.159176e+03	 12	 999000	 120	 999000	 999	 1.160194e+03	 566.67	 583.33	 20.00	 10	 0.52	 
BFE_102	 2	 9	 1201.jpg	 1.161178e+03	 12	 999000	 120	 999000	 999	 1.162196e+03	 566.67	 583.33	 13.00	 22	 0.60	 
BFE_102	 2	 9	 1207.jpg	 1.163180e+03	 11	 8.377474e+02	 110	 5.666928e+02	 98	 1.164198e+03	 583.33	 583.33	 8.00	 28	 0.70	 
BFE_102	 2	 9	 2218.jpg	 1.166184e+03	 24	 999000	 240	 999000	 999	 1.167202e+03	 583.33	 583.33	 55.00	 39	 0.72	 
BFE_102	 2	 9	 1203.jpg	 1.170171e+03	 12	 999000	 120	 999000	 999	 1.171189e+03	 583.33	 583.33	 3.00	 24	 0.87	 
BFE_102	 2	 9	 1104.jpg	 1.172174e+03	 12	 999000	 120	 999000	 999	 1.173192e+03	 583.33	 583.33	 15.00	 4	 0.56	 
BFE_102	 2	 9	 2211.jpg	 1.174176e+03	 22	 8.420077e+02	 220	 5.833629e+02	 98	 1.175194e+03	 583.33	 600.00	 51.00	 32	 0.75	 
BFE_102	 2	 9	 2206.jpg	 1.176178e+03	 24	 999000	 240	 999000	 999	 1.177196e+03	 583.33	 600.00	 43.00	 27	 0.87	 
BFE_102	 2	 9	 2214.jpg	 1.178181e+03	 24	 999000	 240	 999000	 999	 1.179198e+03	 583.33	 600.00	 60.00	 35	 0.57	 
BFE_102	 2	 9	 2209.jpg	 1.180183e+03	 22	 9.792829e+02	 220	 6.000534e+02	 98	 1.181201e+03	 583.33	 616.67	 56.00	 30	 0.68	 
BFE_102	 2	 9	 2217.jpg	 1.184187e+03	 22	 1.022746e+03	 2200	 6.166980e+02	 98	 1.185205e+03	 583.33	 566.67	 49.00	 38	 0.76	 
BFE_102	 2	 9	 2118.jpg	 1.188175e+03	 24	 999000	 240	 999000	 999	 1.189193e+03	 583.33	 566.67	 78.00	 18	 0.32	 
BFE_102	 2	 9	 2110.jpg	 1.190177e+03	 24	 999000	 240	 999000	 999	 1.191195e+03	 583.33	 566.67	 53.00	 10	 0.73	 
BFE_102	 2	 9	 2111.jpg	 1.192180e+03	 24	 999000	 240	 999000	 999	 1.193197e+03	 583.33	 566.67	 59.00	 11	 0.62	 
BFE_102	 2	 9	 2204.jpg	 1.194182e+03	 24	 999000	 240	 999000	 999	 1.195200e+03	 583.33	 566.67	 50.00	 25	 0.75	 
BFE_102	 2	 9	 2101.jpg	 1.196184e+03	 24	 999000	 240	 999000	 999	 1.197202e+03	 583.33	 566.67	 44.00	 1	 0.87	 
BFE_102	 2	 9	 2114.jpg	 1.202174e+03	 24	 999000	 240	 999000	 999	 1.203192e+03	 583.33	 566.67	 47.00	 14	 0.85	 
BFE_102	 2	 9	 2201.jpg	 1.204176e+03	 22	 9.937398e+02	 220	 5.666943e+02	 98	 1.205194e+03	 583.33	 583.33	 57.00	 22	 0.66	 
