subjectID	 order	 runNum	 itemName	 onsetTime	 shuff_trialType	 RT	 respInTime	 AudioTime	 response	 fixationTime	 ladder1	 ladder2	 bidIndex	 itemNameIndex	 bidValue	 
BFE_106	 2	 3	 2214.jpg	 2.818940e+02	 22	 6.522909e+02	 22	 7.500466e+02	 98	 2.829118e+02	 683.33	 766.67	 54.00	 35	 0.59	 
BFE_106	 2	 3	 2107.jpg	 2.848807e+02	 24	 999000	 240	 999000	 999	 2.858985e+02	 683.33	 766.67	 78.00	 7	 0.20	 
BFE_106	 2	 3	 1110.jpg	 2.868829e+02	 12	 999000	 120	 999000	 999	 2.879007e+02	 683.33	 766.67	 10.00	 10	 0.68	 
BFE_106	 2	 3	 1204.jpg	 2.888851e+02	 12	 5.731732e+02	 12	 999000	 98	 2.899030e+02	 683.33	 766.67	 20.00	 25	 0.51	 
BFE_106	 2	 3	 1115.jpg	 2.908874e+02	 11	 6.108639e+02	 11	 6.834099e+02	 98	 2.919051e+02	 700.00	 766.67	 8.00	 15	 0.70	 
BFE_106	 2	 3	 2106.jpg	 2.938738e+02	 24	 999000	 240	 999000	 999	 2.948919e+02	 700.00	 766.67	 60.00	 6	 0.54	 
BFE_106	 2	 3	 1109.jpg	 2.958763e+02	 12	 7.019707e+02	 12	 999000	 98	 2.968941e+02	 700.00	 766.67	 4.00	 9	 0.82	 
BFE_106	 2	 3	 2218.jpg	 2.998808e+02	 24	 999000	 240	 999000	 999	 3.008986e+02	 700.00	 766.67	 52.00	 39	 0.60	 
BFE_106	 2	 3	 2121.jpg	 3.018831e+02	 24	 999000	 240	 999000	 999	 3.029008e+02	 700.00	 766.67	 47.00	 21	 0.75	 
BFE_106	 2	 3	 1121.jpg	 3.068887e+02	 12	 999000	 120	 999000	 999	 3.079065e+02	 700.00	 766.67	 12.00	 21	 0.65	 
BFE_106	 2	 3	 2103.jpg	 3.088741e+02	 24	 999000	 240	 999000	 999	 3.098920e+02	 700.00	 766.67	 44.00	 3	 0.83	 
BFE_106	 2	 3	 2204.jpg	 3.128787e+02	 24	 999000	 240	 999000	 999	 3.138965e+02	 700.00	 766.67	 61.00	 25	 0.52	 
BFE_106	 2	 3	 1213.jpg	 3.148810e+02	 11	 9.452806e+02	 110	 7.000297e+02	 98	 3.158988e+02	 716.67	 766.67	 9.00	 34	 0.69	 
BFE_106	 2	 3	 2211.jpg	 3.178843e+02	 24	 999000	 240	 999000	 999	 3.189021e+02	 716.67	 766.67	 43.00	 32	 0.87	 
BFE_106	 2	 3	 1211.jpg	 3.228901e+02	 12	 999000	 120	 999000	 999	 3.239077e+02	 716.67	 766.67	 15.00	 32	 0.58	 
BFE_106	 2	 3	 1209.jpg	 3.248752e+02	 11	 5.431120e+02	 11	 7.167056e+02	 98	 3.258933e+02	 733.33	 766.67	 11.00	 30	 0.68	 
BFE_106	 2	 3	 1217.jpg	 3.268778e+02	 12	 8.365157e+02	 12	 999000	 98	 3.278956e+02	 733.33	 766.67	 18.00	 38	 0.54	 
BFE_106	 2	 3	 1207.jpg	 3.308822e+02	 12	 999000	 120	 999000	 999	 3.319000e+02	 733.33	 766.67	 21.00	 28	 0.50	 
BFE_106	 2	 3	 2115.jpg	 3.348868e+02	 22	 6.515497e+02	 22	 7.666986e+02	 98	 3.359045e+02	 733.33	 783.33	 57.00	 15	 0.58	 
BFE_106	 2	 3	 1214.jpg	 3.388742e+02	 11	 7.040717e+02	 11	 7.333624e+02	 98	 3.398923e+02	 750.00	 783.33	 14.00	 35	 0.62	 
BFE_106	 2	 3	 1218.jpg	 3.408769e+02	 12	 999000	 120	 999000	 999	 3.418945e+02	 750.00	 783.33	 19.00	 39	 0.54	 
BFE_106	 2	 3	 2207.jpg	 3.428791e+02	 24	 999000	 240	 999000	 999	 3.438969e+02	 750.00	 783.33	 58.00	 28	 0.58	 
BFE_106	 2	 3	 1101.jpg	 3.448812e+02	 12	 999000	 120	 999000	 999	 3.458990e+02	 750.00	 783.33	 37.00	 1	 0.16	 
BFE_106	 2	 3	 2111.jpg	 3.468836e+02	 24	 999000	 240	 999000	 999	 3.479014e+02	 750.00	 783.33	 62.00	 11	 0.52	 
BFE_106	 2	 3	 2113.jpg	 3.528903e+02	 24	 999000	 240	 999000	 999	 3.539081e+02	 750.00	 783.33	 50.00	 13	 0.69	 
BFE_106	 2	 3	 2209.jpg	 3.558769e+02	 22	 5.893882e+02	 22	 7.833713e+02	 98	 3.568947e+02	 750.00	 800.00	 56.00	 30	 0.59	 
BFE_106	 2	 3	 1203.jpg	 3.578792e+02	 12	 999000	 120	 999000	 999	 3.588969e+02	 750.00	 800.00	 22.00	 24	 0.50	 
BFE_106	 2	 3	 2206.jpg	 3.598815e+02	 22	 7.288103e+02	 22	 8.000369e+02	 98	 3.608992e+02	 750.00	 816.67	 48.00	 27	 0.73	 
BFE_106	 2	 3	 2208.jpg	 3.628848e+02	 22	 6.134598e+02	 22	 8.166983e+02	 98	 3.639025e+02	 750.00	 833.33	 51.00	 29	 0.65	 
BFE_106	 2	 3	 1208.jpg	 3.648871e+02	 12	 7.952356e+02	 12	 999000	 98	 3.659048e+02	 750.00	 833.33	 13.00	 29	 0.63	 
BFE_106	 2	 3	 1216.jpg	 3.668893e+02	 11	 1.113002e+03	 1100	 7.500574e+02	 98	 3.679071e+02	 700.00	 833.33	 17.00	 37	 0.56	 
BFE_106	 2	 3	 2205.jpg	 3.688745e+02	 24	 999000	 240	 999000	 999	 3.698926e+02	 700.00	 833.33	 59.00	 26	 0.57	 
BFE_106	 2	 3	 1205.jpg	 3.718782e+02	 12	 999000	 120	 999000	 999	 3.728959e+02	 700.00	 833.33	 3.00	 26	 0.83	 
BFE_106	 2	 3	 2105.jpg	 3.738804e+02	 24	 999000	 240	 999000	 999	 3.748982e+02	 700.00	 833.33	 55.00	 5	 0.59	 
BFE_106	 2	 3	 1119.jpg	 3.758829e+02	 12	 999000	 120	 999000	 999	 3.769005e+02	 700.00	 833.33	 38.00	 19	 0.15	 
BFE_106	 2	 3	 2110.jpg	 3.778850e+02	 24	 999000	 240	 999000	 999	 3.789028e+02	 700.00	 833.33	 53.00	 10	 0.60	 
BFE_106	 2	 3	 1106.jpg	 3.798872e+02	 12	 999000	 120	 999000	 999	 3.809050e+02	 700.00	 833.33	 7.00	 6	 0.73	 
BFE_106	 2	 3	 2119.jpg	 3.858773e+02	 24	 999000	 240	 999000	 999	 3.868951e+02	 700.00	 833.33	 77.00	 19	 0.21	 
BFE_106	 2	 3	 2109.jpg	 3.888807e+02	 22	 6.896391e+02	 22	 8.333699e+02	 98	 3.898984e+02	 700.00	 850.00	 49.00	 9	 0.73	 
BFE_106	 2	 3	 1219.jpg	 3.928851e+02	 11	 999000	 1	 7.000328e+02	 999	 3.939029e+02	 650.00	 850.00	 16.00	 40	 0.57	 
