subjectID	 order	 runNum	 itemName	 onsetTime	 shuff_trialType	 RT	 respInTime	 AudioTime	 response	 fixationTime	 ladder1	 ladder2	 bidIndex	 itemNameIndex	 bidValue	 
BFE_104	 2	 9	 1201.jpg	 1.064294e+03	 12	 999000	 120	 999000	 999	 1.065312e+03	 683.33	 816.67	 3.00	 22	 0.73	 
BFE_104	 2	 9	 2107.jpg	 1.069283e+03	 24	 999000	 240	 999000	 999	 1.070300e+03	 683.33	 816.67	 77.00	 7	 0.26	 
BFE_104	 2	 9	 2208.jpg	 1.071285e+03	 22	 1.108880e+03	 2200	 8.167191e+02	 98	 1.072303e+03	 683.33	 766.67	 57.00	 29	 0.52	 
BFE_104	 2	 9	 1121.jpg	 1.073287e+03	 11	 6.426343e+02	 11	 6.834113e+02	 98	 1.074305e+03	 700.00	 766.67	 8.00	 21	 0.61	 
BFE_104	 2	 9	 2110.jpg	 1.079277e+03	 24	 999000	 240	 999000	 999	 1.080295e+03	 700.00	 766.67	 59.00	 10	 0.52	 
BFE_104	 2	 9	 2117.jpg	 1.081280e+03	 24	 999000	 240	 999000	 999	 1.082297e+03	 700.00	 766.67	 78.00	 17	 0.22	 
BFE_104	 2	 9	 2201.jpg	 1.084283e+03	 24	 999000	 240	 999000	 999	 1.085301e+03	 700.00	 766.67	 52.00	 22	 0.60	 
BFE_104	 2	 9	 1212.jpg	 1.086285e+03	 12	 999000	 120	 999000	 999	 1.087303e+03	 700.00	 766.67	 21.00	 33	 0.47	 
BFE_104	 2	 9	 1207.jpg	 1.090290e+03	 12	 999000	 120	 999000	 999	 1.091307e+03	 700.00	 766.67	 7.00	 28	 0.63	 
BFE_104	 2	 9	 2113.jpg	 1.092292e+03	 22	 9.580632e+02	 220	 7.666987e+02	 98	 1.093310e+03	 700.00	 783.33	 56.00	 13	 0.54	 
BFE_104	 2	 9	 1116.jpg	 1.097281e+03	 12	 999000	 120	 999000	 999	 1.098298e+03	 700.00	 783.33	 15.00	 16	 0.54	 
BFE_104	 2	 9	 2216.jpg	 1.104289e+03	 24	 999000	 240	 999000	 999	 1.105306e+03	 700.00	 783.33	 47.00	 37	 0.67	 
BFE_104	 2	 9	 1114.jpg	 1.106291e+03	 11	 6.709205e+02	 11	 7.000398e+02	 98	 1.107309e+03	 716.67	 783.33	 16.00	 14	 0.53	 
BFE_104	 2	 9	 2205.jpg	 1.109278e+03	 24	 999000	 240	 999000	 999	 1.110295e+03	 716.67	 783.33	 50.00	 26	 0.65	 
BFE_104	 2	 9	 2112.jpg	 1.112281e+03	 24	 999000	 240	 999000	 999	 1.113299e+03	 716.67	 783.33	 53.00	 12	 0.58	 
BFE_104	 2	 9	 1213.jpg	 1.116285e+03	 12	 999000	 120	 999000	 999	 1.117303e+03	 716.67	 783.33	 4.00	 34	 0.71	 
BFE_104	 2	 9	 2209.jpg	 1.120290e+03	 22	 4.159710e+02	 22	 7.833727e+02	 98	 1.121308e+03	 716.67	 800.00	 49.00	 30	 0.66	 
BFE_104	 2	 9	 1115.jpg	 1.124277e+03	 12	 999000	 120	 999000	 999	 1.125295e+03	 716.67	 800.00	 13.00	 15	 0.54	 
BFE_104	 2	 9	 2213.jpg	 1.127281e+03	 24	 999000	 240	 999000	 999	 1.128299e+03	 716.67	 800.00	 62.00	 34	 0.49	 
BFE_104	 2	 9	 1210.jpg	 1.133288e+03	 12	 999000	 120	 999000	 999	 1.134306e+03	 716.67	 800.00	 38.00	 31	 0.30	 
BFE_104	 2	 9	 1113.jpg	 1.135290e+03	 12	 999000	 120	 999000	 999	 1.136308e+03	 716.67	 800.00	 37.00	 13	 0.34	 
BFE_104	 2	 9	 2217.jpg	 1.138276e+03	 24	 999000	 240	 999000	 999	 1.139294e+03	 716.67	 800.00	 44.00	 38	 0.75	 
BFE_104	 2	 9	 2206.jpg	 1.140279e+03	 22	 5.789138e+02	 22	 8.000328e+02	 98	 1.141297e+03	 716.67	 816.67	 48.00	 27	 0.66	 
BFE_104	 2	 9	 1118.jpg	 1.142281e+03	 12	 999000	 120	 999000	 999	 1.143299e+03	 716.67	 816.67	 10.00	 18	 0.57	 
BFE_104	 2	 9	 1112.jpg	 1.144283e+03	 12	 999000	 120	 999000	 999	 1.145301e+03	 716.67	 816.67	 22.00	 12	 0.47	 
BFE_104	 2	 9	 1215.jpg	 1.147287e+03	 11	 1.010966e+03	 1100	 7.167008e+02	 98	 1.148305e+03	 666.67	 816.67	 11.00	 36	 0.57	 
BFE_104	 2	 9	 1119.jpg	 1.151291e+03	 12	 999000	 120	 999000	 999	 1.152309e+03	 666.67	 816.67	 19.00	 19	 0.49	 
BFE_104	 2	 9	 1211.jpg	 1.153277e+03	 12	 7.092378e+02	 12	 999000	 98	 1.154295e+03	 666.67	 816.67	 20.00	 32	 0.47	 
BFE_104	 2	 9	 1103.jpg	 1.155279e+03	 12	 999000	 120	 999000	 999	 1.156297e+03	 666.67	 816.67	 18.00	 3	 0.49	 
BFE_104	 2	 9	 2202.jpg	 1.157281e+03	 24	 999000	 240	 999000	 999	 1.158299e+03	 666.67	 816.67	 61.00	 23	 0.50	 
BFE_104	 2	 9	 1102.jpg	 1.159284e+03	 11	 8.462062e+02	 110	 6.667031e+02	 98	 1.160301e+03	 683.33	 816.67	 14.00	 2	 0.54	 
BFE_104	 2	 9	 2102.jpg	 1.161286e+03	 24	 999000	 240	 999000	 999	 1.162304e+03	 683.33	 816.67	 58.00	 2	 0.52	 
BFE_104	 2	 9	 2115.jpg	 1.165290e+03	 24	 999000	 240	 999000	 999	 1.166308e+03	 683.33	 816.67	 55.00	 15	 0.54	 
BFE_104	 2	 9	 1104.jpg	 1.169278e+03	 11	 7.716284e+02	 110	 6.833597e+02	 98	 1.170296e+03	 700.00	 816.67	 17.00	 4	 0.50	 
BFE_104	 2	 9	 2114.jpg	 1.171280e+03	 22	 6.254093e+02	 22	 8.167079e+02	 98	 1.172298e+03	 700.00	 833.33	 51.00	 14	 0.65	 
BFE_104	 2	 9	 2119.jpg	 1.173283e+03	 24	 999000	 240	 999000	 999	 1.174300e+03	 700.00	 833.33	 60.00	 19	 0.51	 
BFE_104	 2	 9	 2211.jpg	 1.175285e+03	 22	 1.045024e+03	 2200	 8.333700e+02	 98	 1.176303e+03	 700.00	 783.33	 54.00	 32	 0.55	 
BFE_104	 2	 9	 1111.jpg	 1.177287e+03	 12	 999000	 120	 999000	 999	 1.178305e+03	 700.00	 783.33	 12.00	 11	 0.54	 
BFE_104	 2	 9	 2103.jpg	 1.183277e+03	 24	 999000	 240	 999000	 999	 1.184295e+03	 700.00	 783.33	 43.00	 3	 0.80	 
BFE_104	 2	 9	 1204.jpg	 1.185279e+03	 11	 6.423708e+02	 11	 7.000319e+02	 98	 1.186297e+03	 716.67	 783.33	 9.00	 25	 0.58	 
