subjectID	 order	 runNum	 itemName	 onsetTime	 shuff_trialType	 RT	 respInTime	 AudioTime	 response	 fixationTime	 ladder1	 ladder2	 bidIndex	 itemNameIndex	 bidValue	 
BFE_105	 1	 7	 2118.jpg	 8.122766e+02	 24	 999000	 240	 999000	 999	 8.132945e+02	 616.67	 683.33	 78.00	 18	 0.18	 
BFE_105	 1	 7	 2211.jpg	 8.152633e+02	 24	 999000	 240	 999000	 999	 8.162811e+02	 616.67	 683.33	 48.00	 32	 0.73	 
BFE_105	 1	 7	 2109.jpg	 8.192678e+02	 22	 9.502771e+02	 220	 6.833742e+02	 98	 8.202856e+02	 616.67	 700.00	 58.00	 9	 0.56	 
BFE_105	 1	 7	 1106.jpg	 8.212701e+02	 12	 999000	 120	 999000	 999	 8.222878e+02	 616.67	 700.00	 3.00	 6	 0.80	 
BFE_105	 1	 7	 2121.jpg	 8.232724e+02	 24	 999000	 240	 999000	 999	 8.242900e+02	 616.67	 700.00	 51.00	 21	 0.66	 
BFE_105	 1	 7	 1112.jpg	 8.272601e+02	 12	 999000	 120	 999000	 999	 8.282779e+02	 616.67	 700.00	 38.00	 12	 0.20	 
BFE_105	 1	 7	 2117.jpg	 8.292623e+02	 24	 999000	 240	 999000	 999	 8.302801e+02	 616.67	 700.00	 77.00	 17	 0.20	 
BFE_105	 1	 7	 2106.jpg	 8.342680e+02	 22	 1.038070e+03	 2200	 7.000284e+02	 98	 8.352857e+02	 616.67	 650.00	 47.00	 6	 0.74	 
BFE_105	 1	 7	 2216.jpg	 8.362703e+02	 22	 1.003775e+03	 2200	 6.500282e+02	 98	 8.372882e+02	 616.67	 600.00	 50.00	 37	 0.68	 
BFE_105	 1	 7	 1107.jpg	 8.392736e+02	 12	 999000	 120	 999000	 999	 8.402914e+02	 616.67	 600.00	 22.00	 7	 0.45	 
BFE_105	 1	 7	 1209.jpg	 8.422602e+02	 11	 9.098042e+02	 110	 6.167177e+02	 98	 8.432781e+02	 633.33	 600.00	 10.00	 30	 0.69	 
BFE_105	 1	 7	 1205.jpg	 8.462648e+02	 11	 8.812614e+02	 110	 6.333622e+02	 98	 8.472827e+02	 650.00	 600.00	 7.00	 26	 0.77	 
BFE_105	 1	 7	 2204.jpg	 8.492681e+02	 24	 999000	 240	 999000	 999	 8.502859e+02	 650.00	 600.00	 57.00	 25	 0.58	 
BFE_105	 1	 7	 1103.jpg	 8.512704e+02	 11	 9.556215e+02	 110	 6.500363e+02	 98	 8.522881e+02	 666.67	 600.00	 15.00	 3	 0.60	 
BFE_105	 1	 7	 1113.jpg	 8.542738e+02	 12	 999000	 120	 999000	 999	 8.552916e+02	 666.67	 600.00	 9.00	 13	 0.70	 
BFE_105	 1	 7	 1215.jpg	 8.582616e+02	 12	 999000	 120	 999000	 999	 8.592793e+02	 666.67	 600.00	 19.00	 36	 0.51	 
BFE_105	 1	 7	 1110.jpg	 8.612649e+02	 12	 999000	 120	 999000	 999	 8.622828e+02	 666.67	 600.00	 37.00	 10	 0.20	 
BFE_105	 1	 7	 1213.jpg	 8.632672e+02	 12	 999000	 120	 999000	 999	 8.642850e+02	 666.67	 600.00	 11.00	 34	 0.68	 
BFE_105	 1	 7	 2215.jpg	 8.652695e+02	 24	 999000	 240	 999000	 999	 8.662873e+02	 666.67	 600.00	 59.00	 36	 0.54	 
BFE_105	 1	 7	 2214.jpg	 8.702585e+02	 24	 999000	 240	 999000	 999	 8.712762e+02	 666.67	 600.00	 54.00	 35	 0.62	 
BFE_105	 1	 7	 1218.jpg	 8.742629e+02	 12	 999000	 120	 999000	 999	 8.752807e+02	 666.67	 600.00	 16.00	 39	 0.60	 
BFE_105	 1	 7	 2219.jpg	 8.782674e+02	 24	 999000	 240	 999000	 999	 8.792852e+02	 666.67	 600.00	 62.00	 40	 0.51	 
BFE_105	 1	 7	 1102.jpg	 8.842572e+02	 11	 1.000849e+03	 1100	 6.667044e+02	 98	 8.852753e+02	 616.67	 600.00	 13.00	 2	 0.62	 
BFE_105	 1	 7	 2103.jpg	 8.862598e+02	 24	 999000	 240	 999000	 999	 8.872774e+02	 616.67	 600.00	 43.00	 3	 0.82	 
BFE_105	 1	 7	 1216.jpg	 8.882619e+02	 11	 9.240889e+02	 110	 6.166978e+02	 98	 8.892797e+02	 633.33	 600.00	 12.00	 37	 0.64	 
BFE_105	 1	 7	 2218.jpg	 8.902641e+02	 22	 8.979083e+02	 220	 6.000355e+02	 98	 8.912820e+02	 633.33	 616.67	 55.00	 39	 0.62	 
BFE_105	 1	 7	 2202.jpg	 8.922664e+02	 24	 999000	 240	 999000	 999	 8.932842e+02	 633.33	 616.67	 56.00	 23	 0.60	 
BFE_105	 1	 7	 2209.jpg	 8.962710e+02	 24	 999000	 240	 999000	 999	 8.972888e+02	 633.33	 616.67	 49.00	 30	 0.73	 
BFE_105	 1	 7	 1201.jpg	 8.982732e+02	 12	 999000	 120	 999000	 999	 8.992909e+02	 633.33	 616.67	 4.00	 22	 0.78	 
BFE_105	 1	 7	 1208.jpg	 9.022610e+02	 11	 9.731022e+02	 110	 6.333572e+02	 98	 9.032788e+02	 650.00	 616.67	 18.00	 29	 0.52	 
BFE_105	 1	 7	 1202.jpg	 9.042633e+02	 12	 999000	 120	 999000	 999	 9.052810e+02	 650.00	 616.67	 8.00	 23	 0.75	 
BFE_105	 1	 7	 1219.jpg	 9.062656e+02	 12	 999000	 120	 999000	 999	 9.072832e+02	 650.00	 616.67	 14.00	 40	 0.61	 
BFE_105	 1	 7	 1121.jpg	 9.082677e+02	 12	 999000	 120	 999000	 999	 9.092855e+02	 650.00	 616.67	 17.00	 21	 0.52	 
BFE_105	 1	 7	 2114.jpg	 9.132734e+02	 24	 999000	 240	 999000	 999	 9.142911e+02	 650.00	 616.67	 44.00	 14	 0.80	 
BFE_105	 1	 7	 2208.jpg	 9.152589e+02	 24	 999000	 240	 999000	 999	 9.162767e+02	 650.00	 616.67	 60.00	 29	 0.53	 
BFE_105	 1	 7	 2213.jpg	 9.172612e+02	 22	 9.328548e+02	 220	 6.166977e+02	 98	 9.182790e+02	 650.00	 633.33	 52.00	 34	 0.65	 
BFE_105	 1	 7	 1203.jpg	 9.202646e+02	 12	 999000	 120	 999000	 999	 9.212824e+02	 650.00	 633.33	 20.00	 24	 0.51	 
BFE_105	 1	 7	 2206.jpg	 9.272725e+02	 24	 999000	 240	 999000	 999	 9.282901e+02	 650.00	 633.33	 61.00	 27	 0.52	 
BFE_105	 1	 7	 2217.jpg	 9.312602e+02	 22	 9.018076e+02	 220	 6.333679e+02	 98	 9.322780e+02	 650.00	 650.00	 53.00	 38	 0.64	 
BFE_105	 1	 7	 1119.jpg	 9.382681e+02	 12	 999000	 120	 999000	 999	 9.392859e+02	 650.00	 650.00	 21.00	 19	 0.49	 
