subjectID	 order	 runNum	 itemName	 onsetTime	 shuff_trialType	 RT	 respInTime	 AudioTime	 response	 fixationTime	 ladder1	 ladder2	 bidIndex	 itemNameIndex	 bidValue	 
BFE_104	 2	 4	 1111.jpg	 3.881857e+02	 12	 999000	 120	 999000	 999	 3.892035e+02	 716.67	 716.67	 12.00	 11	 0.54	 
BFE_104	 2	 4	 1103.jpg	 3.931747e+02	 12	 999000	 120	 999000	 999	 3.941924e+02	 716.67	 716.67	 18.00	 3	 0.49	 
BFE_104	 2	 4	 2213.jpg	 3.951769e+02	 24	 999000	 240	 999000	 999	 3.961947e+02	 716.67	 716.67	 62.00	 34	 0.49	 
BFE_104	 2	 4	 2117.jpg	 3.971792e+02	 24	 999000	 240	 999000	 999	 3.981969e+02	 716.67	 716.67	 78.00	 17	 0.22	 
BFE_104	 2	 4	 2217.jpg	 4.031692e+02	 24	 999000	 240	 999000	 999	 4.041871e+02	 716.67	 716.67	 44.00	 38	 0.75	 
BFE_104	 2	 4	 1102.jpg	 4.051715e+02	 11	 8.703651e+02	 110	 7.167094e+02	 98	 4.061892e+02	 733.33	 716.67	 14.00	 2	 0.54	 
BFE_104	 2	 4	 2115.jpg	 4.081915e+02	 24	 999000	 240	 999000	 999	 4.092094e+02	 733.33	 716.67	 55.00	 15	 0.54	 
BFE_104	 2	 4	 2209.jpg	 4.101770e+02	 22	 1.008832e+03	 2200	 7.167080e+02	 98	 4.111947e+02	 733.33	 666.67	 49.00	 30	 0.66	 
BFE_104	 2	 4	 2216.jpg	 4.141816e+02	 24	 999000	 240	 999000	 999	 4.151993e+02	 733.33	 666.67	 47.00	 37	 0.67	 
BFE_104	 2	 4	 1204.jpg	 4.161672e+02	 11	 9.626861e+02	 110	 7.333647e+02	 98	 4.171848e+02	 750.00	 666.67	 9.00	 25	 0.58	 
BFE_104	 2	 4	 1212.jpg	 4.211727e+02	 12	 999000	 120	 999000	 999	 4.221905e+02	 750.00	 666.67	 21.00	 33	 0.47	 
BFE_104	 2	 4	 1119.jpg	 4.281806e+02	 12	 999000	 120	 999000	 999	 4.291983e+02	 750.00	 666.67	 19.00	 19	 0.49	 
BFE_104	 2	 4	 1104.jpg	 4.301663e+02	 11	 1.067566e+03	 1100	 7.500397e+02	 98	 4.311839e+02	 700.00	 666.67	 17.00	 4	 0.50	 
BFE_104	 2	 4	 2211.jpg	 4.331695e+02	 22	 9.603422e+02	 220	 6.667023e+02	 98	 4.341872e+02	 700.00	 683.33	 54.00	 32	 0.55	 
BFE_104	 2	 4	 2208.jpg	 4.361729e+02	 22	 9.169635e+02	 220	 6.833715e+02	 98	 4.371906e+02	 700.00	 700.00	 57.00	 29	 0.52	 
BFE_104	 2	 4	 1121.jpg	 4.401774e+02	 11	 9.044515e+02	 110	 7.000373e+02	 98	 4.411952e+02	 716.67	 700.00	 8.00	 21	 0.61	 
BFE_104	 2	 4	 1201.jpg	 4.441818e+02	 12	 999000	 120	 999000	 999	 4.451997e+02	 716.67	 700.00	 3.00	 22	 0.73	 
BFE_104	 2	 4	 2113.jpg	 4.481697e+02	 22	 9.680842e+02	 220	 7.000278e+02	 98	 4.491875e+02	 716.67	 716.67	 56.00	 13	 0.54	 
BFE_104	 2	 4	 2206.jpg	 4.511730e+02	 22	 8.768317e+02	 220	 7.167046e+02	 98	 4.521908e+02	 716.67	 733.33	 48.00	 27	 0.66	 
BFE_104	 2	 4	 1116.jpg	 4.571798e+02	 12	 7.100420e+02	 12	 999000	 98	 4.581975e+02	 716.67	 733.33	 15.00	 16	 0.54	 
BFE_104	 2	 4	 1113.jpg	 4.591821e+02	 12	 999000	 120	 999000	 999	 4.601998e+02	 716.67	 733.33	 37.00	 13	 0.34	 
BFE_104	 2	 4	 1207.jpg	 4.621687e+02	 12	 999000	 120	 999000	 999	 4.631864e+02	 716.67	 733.33	 7.00	 28	 0.63	 
BFE_104	 2	 4	 1112.jpg	 4.641709e+02	 12	 999000	 120	 999000	 999	 4.651886e+02	 716.67	 733.33	 22.00	 12	 0.47	 
BFE_104	 2	 4	 2103.jpg	 4.661732e+02	 24	 999000	 240	 999000	 999	 4.671910e+02	 716.67	 733.33	 43.00	 3	 0.80	 
BFE_104	 2	 4	 2202.jpg	 4.681754e+02	 24	 999000	 240	 999000	 999	 4.691932e+02	 716.67	 733.33	 61.00	 23	 0.50	 
BFE_104	 2	 4	 2201.jpg	 4.711789e+02	 24	 999000	 240	 999000	 999	 4.721966e+02	 716.67	 733.33	 52.00	 22	 0.60	 
BFE_104	 2	 4	 2110.jpg	 4.751667e+02	 24	 999000	 240	 999000	 999	 4.761843e+02	 716.67	 733.33	 59.00	 10	 0.52	 
BFE_104	 2	 4	 1118.jpg	 4.771688e+02	 12	 999000	 120	 999000	 999	 4.781866e+02	 716.67	 733.33	 10.00	 18	 0.57	 
BFE_104	 2	 4	 2205.jpg	 4.791711e+02	 24	 999000	 240	 999000	 999	 4.801889e+02	 716.67	 733.33	 50.00	 26	 0.65	 
BFE_104	 2	 4	 1114.jpg	 4.811734e+02	 11	 9.644472e+02	 110	 7.167001e+02	 98	 4.821911e+02	 733.33	 733.33	 16.00	 14	 0.53	 
BFE_104	 2	 4	 1210.jpg	 4.831756e+02	 12	 999000	 120	 999000	 999	 4.841934e+02	 733.33	 733.33	 38.00	 31	 0.30	 
BFE_104	 2	 4	 2119.jpg	 4.851779e+02	 24	 999000	 240	 999000	 999	 4.861957e+02	 733.33	 733.33	 60.00	 19	 0.51	 
BFE_104	 2	 4	 1211.jpg	 4.891654e+02	 12	 999000	 120	 999000	 999	 4.901834e+02	 733.33	 733.33	 20.00	 32	 0.47	 
BFE_104	 2	 4	 2107.jpg	 4.931701e+02	 24	 999000	 240	 999000	 999	 4.941879e+02	 733.33	 733.33	 77.00	 7	 0.26	 
BFE_104	 2	 4	 1115.jpg	 4.951725e+02	 12	 999000	 120	 999000	 999	 4.961902e+02	 733.33	 733.33	 13.00	 15	 0.54	 
BFE_104	 2	 4	 1215.jpg	 4.971747e+02	 11	 9.151660e+02	 110	 7.333975e+02	 98	 4.981924e+02	 750.00	 733.33	 11.00	 36	 0.57	 
BFE_104	 2	 4	 2112.jpg	 4.991770e+02	 24	 999000	 240	 999000	 999	 5.001946e+02	 750.00	 733.33	 53.00	 12	 0.58	 
BFE_104	 2	 4	 2102.jpg	 5.011791e+02	 24	 999000	 240	 999000	 999	 5.021969e+02	 750.00	 733.33	 58.00	 2	 0.52	 
BFE_104	 2	 4	 2114.jpg	 5.071692e+02	 22	 9.366704e+02	 220	 7.333699e+02	 98	 5.081870e+02	 750.00	 750.00	 51.00	 14	 0.65	 
BFE_104	 2	 4	 1213.jpg	 5.091713e+02	 12	 999000	 120	 999000	 999	 5.101892e+02	 750.00	 750.00	 4.00	 34	 0.71	 
