subjectID	 order	 runNum	 itemName	 onsetTime	 shuff_trialType	 RT	 respInTime	 AudioTime	 response	 fixationTime	 ladder1	 ladder2	 bidIndex	 itemNameIndex	 bidValue	 
BFE_111	 1	 14	 2113.jpg	 2.032198e+03	 24	 999000	 240	 999000	 999	 2.033216e+03	 716.67	 650.00	 51.00	 13	 0.64	 
BFE_111	 1	 14	 1114.jpg	 2.035185e+03	 12	 999000	 120	 999000	 999	 2.036202e+03	 716.67	 650.00	 4.00	 14	 0.79	 
BFE_111	 1	 14	 1216.jpg	 2.039189e+03	 11	 8.690176e+02	 110	 7.167155e+02	 98	 2.040207e+03	 733.33	 650.00	 10.00	 37	 0.61	 
BFE_111	 1	 14	 2209.jpg	 2.041191e+03	 24	 999000	 240	 999000	 999	 2.042209e+03	 733.33	 650.00	 54.00	 30	 0.56	 
BFE_111	 1	 14	 2116.jpg	 2.043194e+03	 24	 999000	 240	 999000	 999	 2.044211e+03	 733.33	 650.00	 78.00	 16	 0.25	 
BFE_111	 1	 14	 2213.jpg	 2.047181e+03	 22	 9.888125e+02	 220	 6.500649e+02	 98	 2.048199e+03	 733.33	 666.67	 50.00	 34	 0.65	 
BFE_111	 1	 14	 1205.jpg	 2.049184e+03	 11	 9.785769e+02	 110	 7.333614e+02	 98	 2.050201e+03	 750.00	 666.67	 18.00	 26	 0.52	 
BFE_111	 1	 14	 1218.jpg	 2.054189e+03	 11	 1.060971e+03	 1100	 7.500395e+02	 98	 2.055207e+03	 700.00	 666.67	 7.00	 39	 0.66	 
BFE_111	 1	 14	 2216.jpg	 2.056192e+03	 24	 999000	 240	 999000	 999	 2.057209e+03	 700.00	 666.67	 56.00	 37	 0.55	 
BFE_111	 1	 14	 2207.jpg	 2.059195e+03	 24	 999000	 240	 999000	 999	 2.060213e+03	 700.00	 666.67	 44.00	 28	 0.72	 
BFE_111	 1	 14	 1109.jpg	 2.062182e+03	 12	 999000	 120	 999000	 999	 2.063199e+03	 700.00	 666.67	 17.00	 9	 0.54	 
BFE_111	 1	 14	 2104.jpg	 2.066186e+03	 22	 8.481342e+02	 220	 6.666975e+02	 98	 2.067204e+03	 700.00	 683.33	 55.00	 4	 0.56	 
BFE_111	 1	 14	 2110.jpg	 2.069189e+03	 24	 999000	 240	 999000	 999	 2.070207e+03	 700.00	 683.33	 62.00	 10	 0.44	 
BFE_111	 1	 14	 2218.jpg	 2.071192e+03	 24	 999000	 240	 999000	 999	 2.072209e+03	 700.00	 683.33	 61.00	 39	 0.45	 
BFE_111	 1	 14	 1113.jpg	 2.074178e+03	 12	 999000	 120	 999000	 999	 2.075196e+03	 700.00	 683.33	 21.00	 13	 0.49	 
BFE_111	 1	 14	 2103.jpg	 2.078183e+03	 24	 999000	 240	 999000	 999	 2.079201e+03	 700.00	 683.33	 57.00	 3	 0.53	 
BFE_111	 1	 14	 1107.jpg	 2.081186e+03	 11	 9.680241e+02	 110	 7.000400e+02	 98	 2.082204e+03	 716.67	 683.33	 12.00	 7	 0.60	 
BFE_111	 1	 14	 2214.jpg	 2.083188e+03	 22	 9.178537e+02	 220	 6.833681e+02	 98	 2.084206e+03	 716.67	 700.00	 47.00	 35	 0.68	 
BFE_111	 1	 14	 2120.jpg	 2.085191e+03	 22	 1.131533e+03	 2200	 7.000347e+02	 98	 2.086208e+03	 716.67	 650.00	 53.00	 20	 0.60	 
BFE_111	 1	 14	 1102.jpg	 2.090179e+03	 12	 999000	 120	 999000	 999	 2.091197e+03	 716.67	 650.00	 19.00	 2	 0.52	 
BFE_111	 1	 14	 1202.jpg	 2.094184e+03	 12	 999000	 120	 999000	 999	 2.095202e+03	 716.67	 650.00	 22.00	 23	 0.46	 
BFE_111	 1	 14	 1214.jpg	 2.098189e+03	 12	 999000	 120	 999000	 999	 2.099206e+03	 716.67	 650.00	 9.00	 35	 0.63	 
BFE_111	 1	 14	 2111.jpg	 2.104195e+03	 24	 999000	 240	 999000	 999	 2.105213e+03	 716.67	 650.00	 49.00	 11	 0.66	 
BFE_111	 1	 14	 2217.jpg	 2.106181e+03	 24	 999000	 240	 999000	 999	 2.107199e+03	 716.67	 650.00	 43.00	 38	 0.77	 
BFE_111	 1	 14	 2205.jpg	 2.108183e+03	 24	 999000	 240	 999000	 999	 2.109201e+03	 716.67	 650.00	 59.00	 26	 0.50	 
BFE_111	 1	 14	 2112.jpg	 2.110185e+03	 24	 999000	 240	 999000	 999	 2.111203e+03	 716.67	 650.00	 60.00	 12	 0.48	 
BFE_111	 1	 14	 1219.jpg	 2.112188e+03	 11	 9.425489e+02	 110	 7.167018e+02	 98	 2.113205e+03	 733.33	 650.00	 13.00	 40	 0.58	 
BFE_111	 1	 14	 2211.jpg	 2.116192e+03	 22	 1.146123e+03	 2200	 6.500308e+02	 98	 2.117210e+03	 733.33	 600.00	 58.00	 32	 0.51	 
BFE_111	 1	 14	 1209.jpg	 2.118194e+03	 12	 999000	 120	 999000	 999	 2.119212e+03	 733.33	 600.00	 8.00	 30	 0.64	 
BFE_111	 1	 14	 2119.jpg	 2.122182e+03	 24	 999000	 240	 999000	 999	 2.123200e+03	 733.33	 600.00	 77.00	 19	 0.30	 
BFE_111	 1	 14	 1210.jpg	 2.124184e+03	 12	 999000	 120	 999000	 999	 2.125202e+03	 733.33	 600.00	 11.00	 31	 0.61	 
BFE_111	 1	 14	 1120.jpg	 2.126187e+03	 12	 999000	 120	 999000	 999	 2.127204e+03	 733.33	 600.00	 20.00	 20	 0.49	 
BFE_111	 1	 14	 1117.jpg	 2.128189e+03	 11	 7.333783e+02	 110	 7.333823e+02	 98	 2.129207e+03	 750.00	 600.00	 15.00	 17	 0.55	 
BFE_111	 1	 14	 1213.jpg	 2.133195e+03	 12	 999000	 120	 999000	 999	 2.134212e+03	 750.00	 600.00	 37.00	 34	 0.23	 
BFE_111	 1	 14	 1215.jpg	 2.135180e+03	 12	 999000	 120	 999000	 999	 2.136198e+03	 750.00	 600.00	 16.00	 36	 0.54	 
BFE_111	 1	 14	 2210.jpg	 2.137182e+03	 22	 7.398532e+02	 220	 6.000328e+02	 98	 2.138200e+03	 750.00	 616.67	 52.00	 31	 0.61	 
BFE_111	 1	 14	 1105.jpg	 2.140186e+03	 12	 999000	 120	 999000	 999	 2.141203e+03	 750.00	 616.67	 14.00	 5	 0.57	 
BFE_111	 1	 14	 1217.jpg	 2.147194e+03	 12	 999000	 120	 999000	 999	 2.148211e+03	 750.00	 616.67	 3.00	 38	 0.87	 
BFE_111	 1	 14	 2102.jpg	 2.151181e+03	 24	 999000	 240	 999000	 999	 2.152199e+03	 750.00	 616.67	 48.00	 2	 0.67	 
BFE_111	 1	 14	 1116.jpg	 2.158189e+03	 12	 999000	 120	 999000	 999	 2.159207e+03	 750.00	 616.67	 38.00	 16	 0.23	 
