subjectID	 order	 runNum	 itemName	 onsetTime	 shuff_trialType	 RT	 respInTime	 AudioTime	 response	 fixationTime	 ladder1	 ladder2	 bidIndex	 itemNameIndex	 bidValue	 
BFE_106	 2	 13	 2207.jpg	 1.676057e+03	 24	 999000	 240	 999000	 999	 1.677075e+03	 916.67	 916.67	 58.00	 28	 0.58	 
BFE_106	 2	 13	 2110.jpg	 1.678043e+03	 24	 999000	 240	 999000	 999	 1.679060e+03	 916.67	 916.67	 53.00	 10	 0.60	 
BFE_106	 2	 13	 1110.jpg	 1.682047e+03	 12	 999000	 120	 999000	 999	 1.683065e+03	 916.67	 916.67	 10.00	 10	 0.68	 
BFE_106	 2	 13	 2109.jpg	 1.685050e+03	 22	 5.759604e+02	 22	 9.167229e+02	 98	 1.686068e+03	 916.67	 916.67	 49.00	 9	 0.73	 
BFE_106	 2	 13	 2211.jpg	 1.687053e+03	 24	 999000	 240	 999000	 999	 1.688070e+03	 916.67	 916.67	 43.00	 32	 0.87	 
BFE_106	 2	 13	 1211.jpg	 1.690039e+03	 12	 999000	 120	 999000	 999	 1.691057e+03	 916.67	 916.67	 15.00	 32	 0.58	 
BFE_106	 2	 13	 1214.jpg	 1.694044e+03	 11	 6.545392e+02	 11	 9.167184e+02	 98	 1.695062e+03	 916.67	 916.67	 14.00	 35	 0.62	 
BFE_106	 2	 13	 2218.jpg	 1.698048e+03	 24	 999000	 240	 999000	 999	 1.699066e+03	 916.67	 916.67	 52.00	 39	 0.60	 
BFE_106	 2	 13	 2103.jpg	 1.700051e+03	 24	 999000	 240	 999000	 999	 1.701068e+03	 916.67	 916.67	 44.00	 3	 0.83	 
BFE_106	 2	 13	 2214.jpg	 1.705040e+03	 22	 4.907913e+02	 22	 9.166935e+02	 98	 1.706057e+03	 916.67	 916.67	 54.00	 35	 0.59	 
BFE_106	 2	 13	 2105.jpg	 1.707042e+03	 24	 999000	 240	 999000	 999	 1.708060e+03	 916.67	 916.67	 55.00	 5	 0.59	 
BFE_106	 2	 13	 2208.jpg	 1.709044e+03	 22	 6.943828e+02	 22	 9.167036e+02	 98	 1.710062e+03	 916.67	 916.67	 51.00	 29	 0.65	 
BFE_106	 2	 13	 2121.jpg	 1.715051e+03	 24	 999000	 240	 999000	 999	 1.716068e+03	 916.67	 916.67	 47.00	 21	 0.75	 
BFE_106	 2	 13	 1209.jpg	 1.717053e+03	 11	 5.253905e+02	 11	 9.167054e+02	 98	 1.718071e+03	 916.67	 916.67	 11.00	 30	 0.68	 
BFE_106	 2	 13	 2113.jpg	 1.719038e+03	 24	 999000	 240	 999000	 999	 1.720056e+03	 916.67	 916.67	 50.00	 13	 0.69	 
BFE_106	 2	 13	 2111.jpg	 1.721041e+03	 24	 999000	 240	 999000	 999	 1.722059e+03	 916.67	 916.67	 62.00	 11	 0.52	 
BFE_106	 2	 13	 1203.jpg	 1.725045e+03	 12	 999000	 120	 999000	 999	 1.726063e+03	 916.67	 916.67	 22.00	 24	 0.50	 
BFE_106	 2	 13	 2204.jpg	 1.729050e+03	 24	 999000	 240	 999000	 999	 1.730067e+03	 916.67	 916.67	 61.00	 25	 0.52	 
BFE_106	 2	 13	 1204.jpg	 1.732053e+03	 12	 999000	 120	 999000	 999	 1.733071e+03	 916.67	 916.67	 20.00	 25	 0.51	 
BFE_106	 2	 13	 2205.jpg	 1.736041e+03	 24	 999000	 240	 999000	 999	 1.737059e+03	 916.67	 916.67	 59.00	 26	 0.57	 
BFE_106	 2	 13	 1101.jpg	 1.739044e+03	 12	 999000	 120	 999000	 999	 1.740062e+03	 916.67	 916.67	 37.00	 1	 0.16	 
BFE_106	 2	 13	 2206.jpg	 1.741047e+03	 22	 5.317499e+02	 22	 9.167220e+02	 98	 1.742064e+03	 916.67	 916.67	 48.00	 27	 0.73	 
BFE_106	 2	 13	 1218.jpg	 1.745051e+03	 12	 999000	 120	 999000	 999	 1.746069e+03	 916.67	 916.67	 19.00	 39	 0.54	 
BFE_106	 2	 13	 1213.jpg	 1.747053e+03	 11	 5.330327e+02	 11	 9.167375e+02	 98	 1.748071e+03	 916.67	 916.67	 9.00	 34	 0.69	 
BFE_106	 2	 13	 2119.jpg	 1.749038e+03	 24	 999000	 240	 999000	 999	 1.750057e+03	 916.67	 916.67	 77.00	 19	 0.21	 
BFE_106	 2	 13	 1115.jpg	 1.753043e+03	 11	 6.149607e+02	 11	 9.167068e+02	 98	 1.754061e+03	 916.67	 916.67	 8.00	 15	 0.70	 
BFE_106	 2	 13	 1119.jpg	 1.755046e+03	 12	 3.567704e+02	 12	 999000	 98	 1.756063e+03	 916.67	 916.67	 38.00	 19	 0.15	 
BFE_106	 2	 13	 2209.jpg	 1.759050e+03	 22	 5.362083e+02	 22	 9.166952e+02	 98	 1.760068e+03	 916.67	 916.67	 56.00	 30	 0.59	 
BFE_106	 2	 13	 1106.jpg	 1.763055e+03	 12	 999000	 120	 999000	 999	 1.764072e+03	 916.67	 916.67	 7.00	 6	 0.73	 
BFE_106	 2	 13	 1109.jpg	 1.766041e+03	 12	 6.491323e+02	 12	 999000	 98	 1.767059e+03	 916.67	 916.67	 4.00	 9	 0.82	 
BFE_106	 2	 13	 2106.jpg	 1.772048e+03	 24	 999000	 240	 999000	 999	 1.773066e+03	 916.67	 916.67	 60.00	 6	 0.54	 
BFE_106	 2	 13	 1205.jpg	 1.774050e+03	 12	 999000	 120	 999000	 999	 1.775068e+03	 916.67	 916.67	 3.00	 26	 0.83	 
BFE_106	 2	 13	 1207.jpg	 1.778055e+03	 12	 999000	 120	 999000	 999	 1.779072e+03	 916.67	 916.67	 21.00	 28	 0.50	 
BFE_106	 2	 13	 1208.jpg	 1.780040e+03	 12	 999000	 120	 999000	 999	 1.781058e+03	 916.67	 916.67	 13.00	 29	 0.63	 
BFE_106	 2	 13	 1219.jpg	 1.782042e+03	 11	 6.158216e+02	 11	 9.167081e+02	 98	 1.783060e+03	 916.67	 916.67	 16.00	 40	 0.57	 
BFE_106	 2	 13	 2115.jpg	 1.784045e+03	 22	 5.896123e+02	 22	 9.167018e+02	 98	 1.785062e+03	 916.67	 916.67	 57.00	 15	 0.58	 
BFE_106	 2	 13	 1216.jpg	 1.789050e+03	 11	 5.600079e+02	 11	 9.166969e+02	 98	 1.790068e+03	 916.67	 916.67	 17.00	 37	 0.56	 
BFE_106	 2	 13	 1217.jpg	 1.791053e+03	 12	 999000	 120	 999000	 999	 1.792070e+03	 916.67	 916.67	 18.00	 38	 0.54	 
BFE_106	 2	 13	 2107.jpg	 1.793038e+03	 24	 999000	 240	 999000	 999	 1.794056e+03	 916.67	 916.67	 78.00	 7	 0.20	 
BFE_106	 2	 13	 1121.jpg	 1.796042e+03	 12	 999000	 120	 999000	 999	 1.797059e+03	 916.67	 916.67	 12.00	 21	 0.65	 
