subjectID	 order	 runNum	 itemName	 onsetTime	 shuff_trialType	 RT	 respInTime	 AudioTime	 response	 fixationTime	 ladder1	 ladder2	 bidIndex	 itemNameIndex	 bidValue	 
BFE_104	 2	 13	 2211.jpg	 1.615228e+03	 22	 1.149775e+03	 2200	 8.833893e+02	 98	 1.616246e+03	 883.33	 833.33	 54.00	 32	 0.55	 
BFE_104	 2	 13	 1211.jpg	 1.620217e+03	 12	 999000	 120	 999000	 999	 1.621235e+03	 883.33	 833.33	 20.00	 32	 0.47	 
BFE_104	 2	 13	 1207.jpg	 1.622219e+03	 12	 999000	 120	 999000	 999	 1.623237e+03	 883.33	 833.33	 7.00	 28	 0.63	 
BFE_104	 2	 13	 2117.jpg	 1.624222e+03	 24	 999000	 240	 999000	 999	 1.625239e+03	 883.33	 833.33	 78.00	 17	 0.22	 
BFE_104	 2	 13	 2114.jpg	 1.630212e+03	 22	 8.382168e+02	 220	 8.333634e+02	 98	 1.631230e+03	 883.33	 850.00	 51.00	 14	 0.65	 
BFE_104	 2	 13	 2112.jpg	 1.632214e+03	 24	 999000	 240	 999000	 999	 1.633232e+03	 883.33	 850.00	 53.00	 12	 0.58	 
BFE_104	 2	 13	 2202.jpg	 1.635217e+03	 24	 999000	 240	 999000	 999	 1.636235e+03	 883.33	 850.00	 61.00	 23	 0.50	 
BFE_104	 2	 13	 1201.jpg	 1.637219e+03	 12	 999000	 120	 999000	 999	 1.638237e+03	 883.33	 850.00	 3.00	 22	 0.73	 
BFE_104	 2	 13	 2201.jpg	 1.641224e+03	 24	 999000	 240	 999000	 999	 1.642242e+03	 883.33	 850.00	 52.00	 22	 0.60	 
BFE_104	 2	 13	 2115.jpg	 1.643210e+03	 24	 999000	 240	 999000	 999	 1.644227e+03	 883.33	 850.00	 55.00	 15	 0.54	 
BFE_104	 2	 13	 2213.jpg	 1.648215e+03	 24	 999000	 240	 999000	 999	 1.649233e+03	 883.33	 850.00	 62.00	 34	 0.49	 
BFE_104	 2	 13	 1104.jpg	 1.655223e+03	 11	 8.668893e+02	 11	 8.833783e+02	 98	 1.656241e+03	 900.00	 850.00	 17.00	 4	 0.50	 
BFE_104	 2	 13	 2119.jpg	 1.657208e+03	 24	 999000	 240	 999000	 999	 1.658226e+03	 900.00	 850.00	 60.00	 19	 0.51	 
BFE_104	 2	 13	 1102.jpg	 1.660212e+03	 11	 1.101963e+03	 1100	 9.000418e+02	 98	 1.661230e+03	 850.00	 850.00	 14.00	 2	 0.54	 
BFE_104	 2	 13	 2110.jpg	 1.663215e+03	 24	 999000	 240	 999000	 999	 1.664233e+03	 850.00	 850.00	 59.00	 10	 0.52	 
BFE_104	 2	 13	 1215.jpg	 1.667220e+03	 11	 7.260737e+02	 11	 8.500376e+02	 98	 1.668238e+03	 866.67	 850.00	 11.00	 36	 0.57	 
BFE_104	 2	 13	 2208.jpg	 1.671224e+03	 22	 6.816233e+02	 22	 8.500353e+02	 98	 1.672242e+03	 866.67	 866.67	 57.00	 29	 0.52	 
BFE_104	 2	 13	 1113.jpg	 1.675212e+03	 12	 999000	 120	 999000	 999	 1.676230e+03	 866.67	 866.67	 37.00	 13	 0.34	 
BFE_104	 2	 13	 2217.jpg	 1.678215e+03	 24	 999000	 240	 999000	 999	 1.679233e+03	 866.67	 866.67	 44.00	 38	 0.75	 
BFE_104	 2	 13	 1114.jpg	 1.684222e+03	 11	 6.197286e+02	 11	 8.667057e+02	 98	 1.685240e+03	 883.33	 866.67	 16.00	 14	 0.53	 
BFE_104	 2	 13	 2206.jpg	 1.686224e+03	 22	 8.414072e+02	 22	 8.667066e+02	 98	 1.687242e+03	 883.33	 883.33	 48.00	 27	 0.66	 
BFE_104	 2	 13	 2103.jpg	 1.689211e+03	 24	 999000	 240	 999000	 999	 1.690229e+03	 883.33	 883.33	 43.00	 3	 0.80	 
BFE_104	 2	 13	 1116.jpg	 1.691213e+03	 12	 999000	 120	 999000	 999	 1.692231e+03	 883.33	 883.33	 15.00	 16	 0.54	 
BFE_104	 2	 13	 1119.jpg	 1.693216e+03	 12	 999000	 120	 999000	 999	 1.694233e+03	 883.33	 883.33	 19.00	 19	 0.49	 
BFE_104	 2	 13	 1118.jpg	 1.695218e+03	 12	 999000	 120	 999000	 999	 1.696236e+03	 883.33	 883.33	 10.00	 18	 0.57	 
BFE_104	 2	 13	 1204.jpg	 1.698221e+03	 11	 7.086347e+02	 11	 8.833726e+02	 98	 1.699239e+03	 900.00	 883.33	 9.00	 25	 0.58	 
BFE_104	 2	 13	 1115.jpg	 1.702209e+03	 12	 999000	 120	 999000	 999	 1.703227e+03	 900.00	 883.33	 13.00	 15	 0.54	 
BFE_104	 2	 13	 1112.jpg	 1.704211e+03	 12	 999000	 120	 999000	 999	 1.705229e+03	 900.00	 883.33	 22.00	 12	 0.47	 
BFE_104	 2	 13	 1210.jpg	 1.706213e+03	 12	 999000	 120	 999000	 999	 1.707231e+03	 900.00	 883.33	 38.00	 31	 0.30	 
BFE_104	 2	 13	 1111.jpg	 1.708216e+03	 12	 999000	 120	 999000	 999	 1.709233e+03	 900.00	 883.33	 12.00	 11	 0.54	 
BFE_104	 2	 13	 2216.jpg	 1.710218e+03	 24	 999000	 240	 999000	 999	 1.711236e+03	 900.00	 883.33	 47.00	 37	 0.67	 
BFE_104	 2	 13	 2205.jpg	 1.712220e+03	 24	 999000	 240	 999000	 999	 1.713238e+03	 900.00	 883.33	 50.00	 26	 0.65	 
BFE_104	 2	 13	 2113.jpg	 1.716225e+03	 22	 1.121214e+03	 2200	 8.833685e+02	 98	 1.717243e+03	 900.00	 833.33	 56.00	 13	 0.54	 
BFE_104	 2	 13	 2209.jpg	 1.720213e+03	 22	 6.293465e+02	 22	 8.333660e+02	 98	 1.721230e+03	 900.00	 850.00	 49.00	 30	 0.66	 
BFE_104	 2	 13	 1212.jpg	 1.722215e+03	 12	 999000	 120	 999000	 999	 1.723233e+03	 900.00	 850.00	 21.00	 33	 0.47	 
BFE_104	 2	 13	 1103.jpg	 1.724217e+03	 12	 999000	 120	 999000	 999	 1.725235e+03	 900.00	 850.00	 18.00	 3	 0.49	 
BFE_104	 2	 13	 2107.jpg	 1.726219e+03	 24	 999000	 240	 999000	 999	 1.727237e+03	 900.00	 850.00	 77.00	 7	 0.26	 
BFE_104	 2	 13	 1213.jpg	 1.728221e+03	 12	 999000	 120	 999000	 999	 1.729239e+03	 900.00	 850.00	 4.00	 34	 0.71	 
BFE_104	 2	 13	 1121.jpg	 1.734211e+03	 11	 5.983485e+02	 11	 9.000386e+02	 98	 1.735229e+03	 916.67	 850.00	 8.00	 21	 0.61	 
BFE_104	 2	 13	 2102.jpg	 1.736214e+03	 24	 5.560254e+02	 24	 999000	 98	 1.737231e+03	 916.67	 850.00	 58.00	 2	 0.52	 
