subjectID	 order	 runNum	 itemName	 onsetTime	 shuff_trialType	 RT	 respInTime	 AudioTime	 response	 fixationTime	 ladder1	 ladder2	 bidIndex	 itemNameIndex	 bidValue	 
BFE_106	 2	 18	 2205.jpg	 2.374073e+03	 24	 999000	 240	 999000	 999	 2.375091e+03	 916.67	 916.67	 59.00	 26	 0.57	 
BFE_106	 2	 18	 2208.jpg	 2.377060e+03	 22	 6.466069e+02	 22	 9.167123e+02	 98	 2.378077e+03	 916.67	 916.67	 51.00	 29	 0.65	 
BFE_106	 2	 18	 2110.jpg	 2.381064e+03	 24	 999000	 240	 999000	 999	 2.382082e+03	 916.67	 916.67	 53.00	 10	 0.60	 
BFE_106	 2	 18	 1119.jpg	 2.383066e+03	 12	 999000	 120	 999000	 999	 2.384084e+03	 916.67	 916.67	 38.00	 19	 0.15	 
BFE_106	 2	 18	 2214.jpg	 2.385069e+03	 22	 5.655127e+02	 22	 9.167054e+02	 98	 2.386086e+03	 916.67	 916.67	 54.00	 35	 0.59	 
BFE_106	 2	 18	 1219.jpg	 2.389073e+03	 11	 5.932409e+02	 11	 9.167161e+02	 98	 2.390091e+03	 916.67	 916.67	 16.00	 40	 0.57	 
BFE_106	 2	 18	 2115.jpg	 2.391058e+03	 22	 6.159377e+02	 22	 9.167050e+02	 98	 2.392076e+03	 916.67	 916.67	 57.00	 15	 0.58	 
BFE_106	 2	 18	 2119.jpg	 2.396064e+03	 24	 999000	 240	 999000	 999	 2.397082e+03	 916.67	 916.67	 77.00	 19	 0.21	 
BFE_106	 2	 18	 2111.jpg	 2.398067e+03	 24	 999000	 240	 999000	 999	 2.399084e+03	 916.67	 916.67	 62.00	 11	 0.52	 
BFE_106	 2	 18	 1205.jpg	 2.401070e+03	 12	 999000	 120	 999000	 999	 2.402088e+03	 916.67	 916.67	 3.00	 26	 0.83	 
BFE_106	 2	 18	 2211.jpg	 2.404073e+03	 24	 999000	 240	 999000	 999	 2.405091e+03	 916.67	 916.67	 43.00	 32	 0.87	 
BFE_106	 2	 18	 1106.jpg	 2.408061e+03	 12	 999000	 120	 999000	 999	 2.409079e+03	 916.67	 916.67	 7.00	 6	 0.73	 
BFE_106	 2	 18	 1211.jpg	 2.411064e+03	 12	 999000	 120	 999000	 999	 2.412082e+03	 916.67	 916.67	 15.00	 32	 0.58	 
BFE_106	 2	 18	 1121.jpg	 2.413067e+03	 12	 999000	 120	 999000	 999	 2.414084e+03	 916.67	 916.67	 12.00	 21	 0.65	 
BFE_106	 2	 18	 1216.jpg	 2.416070e+03	 11	 6.443249e+02	 11	 9.167055e+02	 98	 2.417088e+03	 916.67	 916.67	 17.00	 37	 0.56	 
BFE_106	 2	 18	 2103.jpg	 2.420058e+03	 24	 999000	 240	 999000	 999	 2.421076e+03	 916.67	 916.67	 44.00	 3	 0.83	 
BFE_106	 2	 18	 1217.jpg	 2.423061e+03	 12	 999000	 120	 999000	 999	 2.424079e+03	 916.67	 916.67	 18.00	 38	 0.54	 
BFE_106	 2	 18	 2206.jpg	 2.425064e+03	 22	 5.387693e+02	 22	 9.166949e+02	 98	 2.426081e+03	 916.67	 916.67	 48.00	 27	 0.73	 
BFE_106	 2	 18	 1208.jpg	 2.427066e+03	 12	 6.565742e+02	 12	 999000	 98	 2.428084e+03	 916.67	 916.67	 13.00	 29	 0.63	 
BFE_106	 2	 18	 2207.jpg	 2.432071e+03	 24	 999000	 240	 999000	 999	 2.433089e+03	 916.67	 916.67	 58.00	 28	 0.58	 
BFE_106	 2	 18	 1110.jpg	 2.436059e+03	 12	 999000	 120	 999000	 999	 2.437077e+03	 916.67	 916.67	 10.00	 10	 0.68	 
BFE_106	 2	 18	 2105.jpg	 2.440064e+03	 24	 999000	 240	 999000	 999	 2.441081e+03	 916.67	 916.67	 55.00	 5	 0.59	 
BFE_106	 2	 18	 1101.jpg	 2.446070e+03	 12	 999000	 120	 999000	 999	 2.447088e+03	 916.67	 916.67	 37.00	 1	 0.16	 
BFE_106	 2	 18	 1203.jpg	 2.448073e+03	 12	 999000	 120	 999000	 999	 2.449090e+03	 916.67	 916.67	 22.00	 24	 0.50	 
BFE_106	 2	 18	 2107.jpg	 2.450058e+03	 24	 999000	 240	 999000	 999	 2.451076e+03	 916.67	 916.67	 78.00	 7	 0.20	 
BFE_106	 2	 18	 2209.jpg	 2.452060e+03	 22	 5.739141e+02	 22	 9.167330e+02	 98	 2.453078e+03	 916.67	 916.67	 56.00	 30	 0.59	 
BFE_106	 2	 18	 1209.jpg	 2.454063e+03	 11	 4.835661e+02	 11	 9.167153e+02	 98	 2.455080e+03	 916.67	 916.67	 11.00	 30	 0.68	 
BFE_106	 2	 18	 2218.jpg	 2.458067e+03	 24	 999000	 240	 999000	 999	 2.459085e+03	 916.67	 916.67	 52.00	 39	 0.60	 
BFE_106	 2	 18	 1109.jpg	 2.460069e+03	 12	 7.409200e+02	 12	 999000	 98	 2.461087e+03	 916.67	 916.67	 4.00	 9	 0.82	 
BFE_106	 2	 18	 2106.jpg	 2.464057e+03	 24	 999000	 240	 999000	 999	 2.465075e+03	 916.67	 916.67	 60.00	 6	 0.54	 
BFE_106	 2	 18	 1218.jpg	 2.466059e+03	 12	 999000	 120	 999000	 999	 2.467077e+03	 916.67	 916.67	 19.00	 39	 0.54	 
BFE_106	 2	 18	 1214.jpg	 2.468062e+03	 11	 6.766743e+02	 11	 9.166939e+02	 98	 2.469079e+03	 916.67	 916.67	 14.00	 35	 0.62	 
BFE_106	 2	 18	 2204.jpg	 2.470064e+03	 24	 999000	 240	 999000	 999	 2.471082e+03	 916.67	 916.67	 61.00	 25	 0.52	 
BFE_106	 2	 18	 1204.jpg	 2.475070e+03	 12	 999000	 120	 999000	 999	 2.476087e+03	 916.67	 916.67	 20.00	 25	 0.51	 
BFE_106	 2	 18	 1213.jpg	 2.477072e+03	 11	 5.866043e+02	 11	 9.167008e+02	 98	 2.478090e+03	 916.67	 916.67	 9.00	 34	 0.69	 
BFE_106	 2	 18	 2109.jpg	 2.479074e+03	 22	 6.323472e+02	 22	 9.167409e+02	 98	 2.480092e+03	 916.67	 916.67	 49.00	 9	 0.73	 
BFE_106	 2	 18	 2113.jpg	 2.482061e+03	 24	 999000	 240	 999000	 999	 2.483078e+03	 916.67	 916.67	 50.00	 13	 0.69	 
BFE_106	 2	 18	 2121.jpg	 2.489069e+03	 24	 999000	 240	 999000	 999	 2.490086e+03	 916.67	 916.67	 47.00	 21	 0.75	 
BFE_106	 2	 18	 1207.jpg	 2.493073e+03	 12	 999000	 120	 999000	 999	 2.494091e+03	 916.67	 916.67	 21.00	 28	 0.50	 
BFE_106	 2	 18	 1115.jpg	 2.500064e+03	 11	 8.421017e+02	 11	 9.166990e+02	 98	 2.501082e+03	 916.67	 916.67	 8.00	 15	 0.70	 
