subjectID	 order	 runNum	 itemName	 onsetTime	 shuff_trialType	 RT	 respInTime	 AudioTime	 response	 fixationTime	 ladder1	 ladder2	 bidIndex	 itemNameIndex	 bidValue	 
BFE_110	 2	 7	 1114.jpg	 9.812606e+02	 11	 8.535814e+02	 110	 4.833788e+02	 98	 9.822784e+02	 500.00	 483.33	 11.00	 14	 0.67	 
BFE_110	 2	 7	 1209.jpg	 9.832462e+02	 12	 999000	 120	 999000	 999	 9.842640e+02	 500.00	 483.33	 7.00	 30	 0.76	 
BFE_110	 2	 7	 1106.jpg	 9.872507e+02	 12	 999000	 120	 999000	 999	 9.882685e+02	 500.00	 483.33	 18.00	 6	 0.54	 
BFE_110	 2	 7	 1210.jpg	 9.902540e+02	 12	 999000	 120	 999000	 999	 9.912718e+02	 500.00	 483.33	 22.00	 31	 0.47	 
BFE_110	 2	 7	 1216.jpg	 9.922563e+02	 11	 8.098803e+02	 110	 5.000269e+02	 98	 9.932741e+02	 516.67	 483.33	 8.00	 37	 0.74	 
BFE_110	 2	 7	 1102.jpg	 9.952429e+02	 12	 999000	 120	 999000	 999	 9.962608e+02	 516.67	 483.33	 37.00	 2	 0.16	 
BFE_110	 2	 7	 2207.jpg	 9.992474e+02	 24	 999000	 240	 999000	 999	 1.000265e+03	 516.67	 483.33	 53.00	 28	 0.64	 
BFE_110	 2	 7	 2219.jpg	 1.003252e+03	 24	 999000	 240	 999000	 999	 1.004270e+03	 516.67	 483.33	 50.00	 40	 0.70	 
BFE_110	 2	 7	 2217.jpg	 1.005254e+03	 24	 999000	 240	 999000	 999	 1.006272e+03	 516.67	 483.33	 60.00	 38	 0.59	 
BFE_110	 2	 7	 2115.jpg	 1.010243e+03	 22	 9.112672e+02	 220	 4.833708e+02	 98	 1.011261e+03	 516.67	 500.00	 56.00	 15	 0.63	 
BFE_110	 2	 7	 2208.jpg	 1.012245e+03	 24	 999000	 240	 999000	 999	 1.013263e+03	 516.67	 500.00	 55.00	 29	 0.63	 
BFE_110	 2	 7	 2205.jpg	 1.014248e+03	 22	 9.545398e+02	 220	 5.000399e+02	 98	 1.015265e+03	 516.67	 516.67	 57.00	 26	 0.62	 
BFE_110	 2	 7	 2121.jpg	 1.020254e+03	 24	 999000	 240	 999000	 999	 1.021272e+03	 516.67	 516.67	 52.00	 21	 0.65	 
BFE_110	 2	 7	 2218.jpg	 1.022257e+03	 24	 999000	 240	 999000	 999	 1.023274e+03	 516.67	 516.67	 44.00	 39	 0.81	 
BFE_110	 2	 7	 2213.jpg	 1.024259e+03	 24	 999000	 240	 999000	 999	 1.025277e+03	 516.67	 516.67	 43.00	 34	 0.84	 
BFE_110	 2	 7	 1115.jpg	 1.026244e+03	 12	 999000	 120	 999000	 999	 1.027262e+03	 516.67	 516.67	 20.00	 15	 0.50	 
BFE_110	 2	 7	 1214.jpg	 1.030249e+03	 12	 999000	 120	 999000	 999	 1.031267e+03	 516.67	 516.67	 12.00	 35	 0.61	 
BFE_110	 2	 7	 2102.jpg	 1.034253e+03	 24	 999000	 240	 999000	 999	 1.035271e+03	 516.67	 516.67	 62.00	 2	 0.58	 
BFE_110	 2	 7	 1205.jpg	 1.037257e+03	 12	 999000	 120	 999000	 999	 1.038275e+03	 516.67	 516.67	 4.00	 26	 0.78	 
BFE_110	 2	 7	 2104.jpg	 1.041245e+03	 24	 999000	 240	 999000	 999	 1.042262e+03	 516.67	 516.67	 61.00	 4	 0.59	 
BFE_110	 2	 7	 1204.jpg	 1.044248e+03	 11	 9.462273e+02	 110	 5.167031e+02	 98	 1.045266e+03	 533.33	 516.67	 17.00	 25	 0.54	 
BFE_110	 2	 7	 2120.jpg	 1.046250e+03	 22	 9.680115e+02	 220	 5.167011e+02	 98	 1.047268e+03	 533.33	 533.33	 51.00	 20	 0.69	 
BFE_110	 2	 7	 2109.jpg	 1.050255e+03	 22	 8.355742e+02	 220	 5.333632e+02	 98	 1.051272e+03	 533.33	 550.00	 54.00	 9	 0.63	 
BFE_110	 2	 7	 1218.jpg	 1.052257e+03	 11	 8.573608e+02	 110	 5.333649e+02	 98	 1.053275e+03	 550.00	 550.00	 9.00	 39	 0.73	 
BFE_110	 2	 7	 1219.jpg	 1.054259e+03	 12	 999000	 120	 999000	 999	 1.055277e+03	 550.00	 550.00	 15.00	 40	 0.59	 
BFE_110	 2	 7	 1121.jpg	 1.058247e+03	 11	 9.071955e+02	 110	 5.500249e+02	 98	 1.059265e+03	 566.67	 550.00	 16.00	 21	 0.58	 
BFE_110	 2	 7	 1120.jpg	 1.060249e+03	 12	 999000	 120	 999000	 999	 1.061267e+03	 566.67	 550.00	 13.00	 20	 0.60	 
BFE_110	 2	 7	 1105.jpg	 1.064254e+03	 12	 999000	 120	 999000	 999	 1.065271e+03	 566.67	 550.00	 21.00	 5	 0.48	 
BFE_110	 2	 7	 2204.jpg	 1.068258e+03	 22	 1.064041e+03	 2200	 5.500368e+02	 98	 1.069276e+03	 566.67	 500.00	 48.00	 25	 0.76	 
BFE_110	 2	 7	 2211.jpg	 1.071245e+03	 22	 9.093222e+02	 220	 5.000479e+02	 98	 1.072263e+03	 566.67	 516.67	 49.00	 32	 0.71	 
BFE_110	 2	 7	 1211.jpg	 1.077252e+03	 12	 999000	 120	 999000	 999	 1.078269e+03	 566.67	 516.67	 10.00	 32	 0.70	 
BFE_110	 2	 7	 2206.jpg	 1.079254e+03	 24	 999000	 240	 999000	 999	 1.080272e+03	 566.67	 516.67	 47.00	 27	 0.78	 
BFE_110	 2	 7	 1119.jpg	 1.083258e+03	 12	 999000	 120	 999000	 999	 1.084276e+03	 566.67	 516.67	 38.00	 19	 0.15	 
BFE_110	 2	 7	 2210.jpg	 1.085244e+03	 24	 999000	 240	 999000	 999	 1.086262e+03	 566.67	 516.67	 77.00	 31	 0.25	 
BFE_110	 2	 7	 1109.jpg	 1.087246e+03	 12	 999000	 120	 999000	 999	 1.088264e+03	 566.67	 516.67	 19.00	 9	 0.51	 
BFE_110	 2	 7	 2119.jpg	 1.089248e+03	 24	 999000	 240	 999000	 999	 1.090266e+03	 566.67	 516.67	 78.00	 19	 0.22	 
BFE_110	 2	 7	 2202.jpg	 1.094254e+03	 24	 999000	 240	 999000	 999	 1.095272e+03	 566.67	 516.67	 59.00	 23	 0.60	 
BFE_110	 2	 7	 1117.jpg	 1.096256e+03	 11	 1.025950e+03	 1100	 5.666934e+02	 98	 1.097274e+03	 516.67	 516.67	 14.00	 17	 0.59	 
BFE_110	 2	 7	 2214.jpg	 1.098258e+03	 24	 999000	 240	 999000	 999	 1.099276e+03	 516.67	 516.67	 58.00	 35	 0.61	 
BFE_110	 2	 7	 1206.jpg	 1.101245e+03	 12	 999000	 120	 999000	 999	 1.102263e+03	 516.67	 516.67	 3.00	 27	 0.83	 
