subjectID	 order	 runNum	 itemName	 onsetTime	 shuff_trialType	 RT	 respInTime	 AudioTime	 response	 fixationTime	 ladder1	 ladder2	 bidIndex	 itemNameIndex	 bidValue	 
BFE_202	 2	 10	 1205.jpg	 1.158509e+03	 11	 9.570339e+02	 110	 7.167385e+02	 98	 1.159527e+03	 733.33	 716.67	 14.00	 26	 0.62	 
BFE_202	 2	 10	 1210.jpg	 1.161496e+03	 12	 999000	 120	 999000	 999	 1.162514e+03	 733.33	 716.67	 18.00	 31	 0.57	 
BFE_202	 2	 10	 2119.jpg	 1.163498e+03	 24	 999000	 240	 999000	 999	 1.164516e+03	 733.33	 716.67	 77.00	 19	 0.24	 
BFE_202	 2	 10	 1215.jpg	 1.165500e+03	 12	 999000	 120	 999000	 999	 1.166518e+03	 733.33	 716.67	 4.00	 36	 0.74	 
BFE_202	 2	 10	 1213.jpg	 1.167503e+03	 12	 999000	 120	 999000	 999	 1.168521e+03	 733.33	 716.67	 15.00	 34	 0.60	 
BFE_202	 2	 10	 1214.jpg	 1.170506e+03	 12	 999000	 120	 999000	 999	 1.171524e+03	 733.33	 716.67	 20.00	 35	 0.56	 
BFE_202	 2	 10	 2113.jpg	 1.172492e+03	 22	 1.022716e+03	 2200	 7.167103e+02	 98	 1.173509e+03	 733.33	 666.67	 56.00	 13	 0.60	 
BFE_202	 2	 10	 1206.jpg	 1.176496e+03	 12	 999000	 120	 999000	 999	 1.177514e+03	 733.33	 666.67	 21.00	 27	 0.54	 
BFE_202	 2	 10	 2101.jpg	 1.178498e+03	 24	 999000	 240	 999000	 999	 1.179516e+03	 733.33	 666.67	 55.00	 1	 0.61	 
BFE_202	 2	 10	 1119.jpg	 1.183504e+03	 12	 999000	 120	 999000	 999	 1.184522e+03	 733.33	 666.67	 38.00	 19	 0.17	 
BFE_202	 2	 10	 1219.jpg	 1.185506e+03	 11	 1.072176e+03	 1100	 7.334059e+02	 98	 1.186524e+03	 683.33	 666.67	 9.00	 40	 0.66	 
BFE_202	 2	 10	 1209.jpg	 1.189494e+03	 12	 999000	 120	 999000	 999	 1.190512e+03	 683.33	 666.67	 7.00	 30	 0.68	 
BFE_202	 2	 10	 2202.jpg	 1.191496e+03	 24	 999000	 240	 999000	 999	 1.192514e+03	 683.33	 666.67	 62.00	 23	 0.47	 
BFE_202	 2	 10	 1120.jpg	 1.194500e+03	 12	 999000	 120	 999000	 999	 1.195517e+03	 683.33	 666.67	 22.00	 20	 0.52	 
BFE_202	 2	 10	 2216.jpg	 1.199505e+03	 24	 999000	 240	 999000	 999	 1.200523e+03	 683.33	 666.67	 53.00	 37	 0.62	 
BFE_202	 2	 10	 2218.jpg	 1.201491e+03	 22	 9.118230e+02	 220	 6.666961e+02	 98	 1.202509e+03	 683.33	 683.33	 49.00	 39	 0.64	 
BFE_202	 2	 10	 1117.jpg	 1.203493e+03	 12	 999000	 120	 999000	 999	 1.204511e+03	 683.33	 683.33	 37.00	 17	 0.23	 
BFE_202	 2	 10	 1204.jpg	 1.207498e+03	 11	 9.206368e+02	 110	 6.833653e+02	 98	 1.208515e+03	 700.00	 683.33	 11.00	 25	 0.65	 
BFE_202	 2	 10	 1216.jpg	 1.211502e+03	 12	 999000	 120	 999000	 999	 1.212520e+03	 700.00	 683.33	 3.00	 37	 0.77	 
BFE_202	 2	 10	 2219.jpg	 1.215507e+03	 24	 999000	 240	 999000	 999	 1.216524e+03	 700.00	 683.33	 59.00	 40	 0.51	 
BFE_202	 2	 10	 2215.jpg	 1.217492e+03	 24	 999000	 240	 999000	 999	 1.218510e+03	 700.00	 683.33	 44.00	 36	 0.82	 
BFE_202	 2	 10	 2118.jpg	 1.219494e+03	 22	 1.028061e+03	 2200	 6.833687e+02	 98	 1.220512e+03	 700.00	 633.33	 54.00	 18	 0.61	 
BFE_202	 2	 10	 2210.jpg	 1.221497e+03	 22	 8.658776e+02	 220	 6.333609e+02	 98	 1.222514e+03	 700.00	 650.00	 57.00	 31	 0.59	 
BFE_202	 2	 10	 2213.jpg	 1.223499e+03	 24	 999000	 240	 999000	 999	 1.224517e+03	 700.00	 650.00	 58.00	 34	 0.54	 
BFE_202	 2	 10	 1107.jpg	 1.229506e+03	 11	 9.288975e+02	 110	 7.000326e+02	 98	 1.230523e+03	 716.67	 650.00	 16.00	 7	 0.60	 
BFE_202	 2	 10	 2107.jpg	 1.232492e+03	 24	 999000	 240	 999000	 999	 1.233510e+03	 716.67	 650.00	 78.00	 7	 0.24	 
BFE_202	 2	 10	 2103.jpg	 1.234495e+03	 24	 999000	 240	 999000	 999	 1.235512e+03	 716.67	 650.00	 60.00	 3	 0.51	 
BFE_202	 2	 10	 2209.jpg	 1.236497e+03	 22	 8.975688e+02	 220	 6.500376e+02	 98	 1.237515e+03	 716.67	 666.67	 51.00	 30	 0.62	 
BFE_202	 2	 10	 1203.jpg	 1.239500e+03	 12	 999000	 120	 999000	 999	 1.240518e+03	 716.67	 666.67	 10.00	 24	 0.66	 
BFE_202	 2	 10	 2102.jpg	 1.241502e+03	 24	 999000	 240	 999000	 999	 1.242520e+03	 716.67	 666.67	 52.00	 2	 0.62	 
BFE_202	 2	 10	 2117.jpg	 1.243505e+03	 24	 999000	 240	 999000	 999	 1.244522e+03	 716.67	 666.67	 61.00	 17	 0.47	 
BFE_202	 2	 10	 2203.jpg	 1.245490e+03	 24	 999000	 240	 999000	 999	 1.246508e+03	 716.67	 666.67	 47.00	 24	 0.69	 
BFE_202	 2	 10	 1104.jpg	 1.248494e+03	 12	 999000	 120	 999000	 999	 1.249511e+03	 716.67	 666.67	 12.00	 4	 0.63	 
BFE_202	 2	 10	 2115.jpg	 1.250496e+03	 24	 999000	 240	 999000	 999	 1.251514e+03	 716.67	 666.67	 50.00	 15	 0.64	 
BFE_202	 2	 10	 2211.jpg	 1.252498e+03	 24	 999000	 240	 999000	 999	 1.253516e+03	 716.67	 666.67	 43.00	 32	 0.82	 
BFE_202	 2	 10	 1115.jpg	 1.254500e+03	 11	 9.741473e+02	 110	 7.166984e+02	 98	 1.255518e+03	 733.33	 666.67	 8.00	 15	 0.67	 
BFE_202	 2	 10	 1207.jpg	 1.256503e+03	 11	 1.027859e+03	 1100	 7.333621e+02	 98	 1.257520e+03	 683.33	 666.67	 17.00	 28	 0.58	 
BFE_202	 2	 10	 1111.jpg	 1.262493e+03	 12	 999000	 120	 999000	 999	 1.263510e+03	 683.33	 666.67	 19.00	 11	 0.56	 
BFE_202	 2	 10	 2205.jpg	 1.265496e+03	 22	 9.064212e+02	 220	 6.667431e+02	 98	 1.266514e+03	 683.33	 683.33	 48.00	 26	 0.68	 
BFE_202	 2	 10	 1106.jpg	 1.269500e+03	 12	 999000	 120	 999000	 999	 1.270518e+03	 683.33	 683.33	 13.00	 6	 0.62	 
