subjectID	 order	 runNum	 itemName	 onsetTime	 shuff_trialType	 RT	 respInTime	 AudioTime	 response	 fixationTime	 ladder1	 ladder2	 bidIndex	 itemNameIndex	 bidValue	 
BFE_108	 2	 12	 1114.jpg	 1.383700e+03	 12	 999000	 120	 999000	 999	 1.384718e+03	 716.67	 716.67	 10.00	 14	 0.65	 
BFE_108	 2	 12	 1219.jpg	 1.386687e+03	 12	 999000	 120	 999000	 999	 1.387705e+03	 716.67	 716.67	 4.00	 40	 0.78	 
BFE_108	 2	 12	 1213.jpg	 1.390691e+03	 11	 9.591026e+02	 110	 7.167252e+02	 98	 1.391709e+03	 733.33	 716.67	 9.00	 34	 0.71	 
BFE_108	 2	 12	 1106.jpg	 1.392694e+03	 11	 9.649663e+02	 110	 7.333678e+02	 98	 1.393711e+03	 750.00	 716.67	 8.00	 6	 0.71	 
BFE_108	 2	 12	 1214.jpg	 1.394696e+03	 12	 999000	 120	 999000	 999	 1.395714e+03	 750.00	 716.67	 18.00	 35	 0.52	 
BFE_108	 2	 12	 2101.jpg	 1.398684e+03	 24	 999000	 240	 999000	 999	 1.399702e+03	 750.00	 716.67	 55.00	 1	 0.58	 
BFE_108	 2	 12	 2117.jpg	 1.400686e+03	 24	 999000	 240	 999000	 999	 1.401704e+03	 750.00	 716.67	 47.00	 17	 0.74	 
BFE_108	 2	 12	 2209.jpg	 1.405692e+03	 24	 999000	 240	 999000	 999	 1.406709e+03	 750.00	 716.67	 53.00	 30	 0.61	 
BFE_108	 2	 12	 1202.jpg	 1.407694e+03	 11	 1.020746e+03	 1100	 7.500319e+02	 98	 1.408712e+03	 700.00	 716.67	 17.00	 23	 0.53	 
BFE_108	 2	 12	 2109.jpg	 1.410697e+03	 22	 9.694355e+02	 220	 7.167191e+02	 98	 1.411715e+03	 700.00	 733.33	 56.00	 9	 0.57	 
BFE_108	 2	 12	 2111.jpg	 1.413684e+03	 22	 9.986432e+02	 220	 7.333693e+02	 98	 1.414702e+03	 700.00	 750.00	 51.00	 11	 0.65	 
BFE_108	 2	 12	 1102.jpg	 1.417688e+03	 11	 9.462411e+02	 110	 7.000308e+02	 98	 1.418706e+03	 716.67	 750.00	 16.00	 2	 0.53	 
BFE_108	 2	 12	 2113.jpg	 1.420692e+03	 24	 999000	 240	 999000	 999	 1.421710e+03	 716.67	 750.00	 60.00	 13	 0.51	 
BFE_108	 2	 12	 2112.jpg	 1.422694e+03	 24	 999000	 240	 999000	 999	 1.423712e+03	 716.67	 750.00	 77.00	 12	 0.22	 
BFE_108	 2	 12	 2213.jpg	 1.425697e+03	 24	 999000	 240	 999000	 999	 1.426715e+03	 716.67	 750.00	 52.00	 34	 0.62	 
BFE_108	 2	 12	 2121.jpg	 1.429685e+03	 22	 9.974328e+02	 220	 7.500294e+02	 98	 1.430703e+03	 716.67	 766.67	 49.00	 21	 0.69	 
BFE_108	 2	 12	 1105.jpg	 1.432688e+03	 12	 999000	 120	 999000	 999	 1.433706e+03	 716.67	 766.67	 13.00	 5	 0.55	 
BFE_108	 2	 12	 1203.jpg	 1.434691e+03	 11	 9.598320e+02	 110	 7.167051e+02	 98	 1.435708e+03	 733.33	 766.67	 11.00	 24	 0.63	 
BFE_108	 2	 12	 2204.jpg	 1.436693e+03	 24	 999000	 240	 999000	 999	 1.437711e+03	 733.33	 766.67	 61.00	 25	 0.48	 
BFE_108	 2	 12	 2217.jpg	 1.441682e+03	 24	 999000	 240	 999000	 999	 1.442700e+03	 733.33	 766.67	 44.00	 38	 0.81	 
BFE_108	 2	 12	 1215.jpg	 1.445686e+03	 12	 999000	 120	 999000	 999	 1.446704e+03	 733.33	 766.67	 22.00	 36	 0.47	 
BFE_108	 2	 12	 2210.jpg	 1.449691e+03	 22	 1.015737e+03	 2200	 7.667011e+02	 98	 1.450709e+03	 733.33	 716.67	 48.00	 31	 0.73	 
BFE_108	 2	 12	 1218.jpg	 1.455698e+03	 12	 999000	 120	 999000	 999	 1.456715e+03	 733.33	 716.67	 12.00	 39	 0.62	 
BFE_108	 2	 12	 2103.jpg	 1.457683e+03	 24	 999000	 240	 999000	 999	 1.458701e+03	 733.33	 716.67	 43.00	 3	 0.83	 
BFE_108	 2	 12	 1115.jpg	 1.459685e+03	 12	 999000	 120	 999000	 999	 1.460703e+03	 733.33	 716.67	 15.00	 15	 0.54	 
BFE_108	 2	 12	 1201.jpg	 1.461688e+03	 12	 999000	 120	 999000	 999	 1.462705e+03	 733.33	 716.67	 3.00	 22	 0.88	 
BFE_108	 2	 12	 2218.jpg	 1.463690e+03	 22	 9.607393e+02	 220	 7.167030e+02	 98	 1.464708e+03	 733.33	 733.33	 57.00	 39	 0.57	 
BFE_108	 2	 12	 1216.jpg	 1.467694e+03	 12	 999000	 120	 999000	 999	 1.468712e+03	 733.33	 733.33	 38.00	 37	 0.20	 
BFE_108	 2	 12	 1210.jpg	 1.469697e+03	 12	 999000	 120	 999000	 999	 1.470714e+03	 733.33	 733.33	 37.00	 31	 0.21	 
BFE_108	 2	 12	 1113.jpg	 1.473684e+03	 12	 999000	 120	 999000	 999	 1.474702e+03	 733.33	 733.33	 20.00	 13	 0.50	 
BFE_108	 2	 12	 2219.jpg	 1.475687e+03	 24	 999000	 240	 999000	 999	 1.476704e+03	 733.33	 733.33	 50.00	 40	 0.67	 
BFE_108	 2	 12	 2208.jpg	 1.477689e+03	 24	 999000	 240	 999000	 999	 1.478707e+03	 733.33	 733.33	 62.00	 29	 0.46	 
BFE_108	 2	 12	 1211.jpg	 1.479691e+03	 11	 9.833912e+02	 110	 7.334004e+02	 98	 1.480709e+03	 750.00	 733.33	 14.00	 32	 0.54	 
BFE_108	 2	 12	 1111.jpg	 1.484697e+03	 12	 999000	 120	 999000	 999	 1.485715e+03	 750.00	 733.33	 19.00	 11	 0.51	 
BFE_108	 2	 12	 1121.jpg	 1.486682e+03	 12	 999000	 120	 999000	 999	 1.487700e+03	 750.00	 733.33	 7.00	 21	 0.71	 
BFE_108	 2	 12	 2106.jpg	 1.488685e+03	 22	 9.900543e+02	 220	 7.333908e+02	 98	 1.489702e+03	 750.00	 750.00	 54.00	 6	 0.61	 
BFE_108	 2	 12	 2102.jpg	 1.491688e+03	 24	 999000	 240	 999000	 999	 1.492706e+03	 750.00	 750.00	 59.00	 2	 0.52	 
BFE_108	 2	 12	 2205.jpg	 1.498696e+03	 24	 999000	 240	 999000	 999	 1.499713e+03	 750.00	 750.00	 58.00	 26	 0.54	 
BFE_108	 2	 12	 1117.jpg	 1.502684e+03	 12	 999000	 120	 999000	 999	 1.503701e+03	 750.00	 750.00	 21.00	 17	 0.50	 
BFE_108	 2	 12	 2212.jpg	 1.509691e+03	 24	 999000	 240	 999000	 999	 1.510709e+03	 750.00	 750.00	 78.00	 33	 0.21	 
