subjectID	 order	 runNum	 itemName	 onsetTime	 shuff_trialType	 RT	 respInTime	 AudioTime	 response	 fixationTime	 ladder1	 ladder2	 bidIndex	 itemNameIndex	 bidValue	 
BFE_202	 2	 15	 1107.jpg	 1.820768e+03	 11	 1.074184e+03	 1100	 7.500590e+02	 98	 1.821786e+03	 700.00	 683.33	 16.00	 7	 0.60	 
BFE_202	 2	 15	 1207.jpg	 1.823772e+03	 11	 8.865358e+02	 110	 7.000365e+02	 98	 1.824790e+03	 716.67	 683.33	 17.00	 28	 0.58	 
BFE_202	 2	 15	 1206.jpg	 1.827776e+03	 12	 999000	 120	 999000	 999	 1.828794e+03	 716.67	 683.33	 21.00	 27	 0.54	 
BFE_202	 2	 15	 1203.jpg	 1.829779e+03	 12	 999000	 120	 999000	 999	 1.830796e+03	 716.67	 683.33	 10.00	 24	 0.66	 
BFE_202	 2	 15	 2103.jpg	 1.831781e+03	 24	 999000	 240	 999000	 999	 1.832799e+03	 716.67	 683.33	 60.00	 3	 0.51	 
BFE_202	 2	 15	 2219.jpg	 1.835769e+03	 24	 999000	 240	 999000	 999	 1.836786e+03	 716.67	 683.33	 59.00	 40	 0.51	 
BFE_202	 2	 15	 1219.jpg	 1.837771e+03	 11	 9.435171e+02	 110	 7.167054e+02	 98	 1.838789e+03	 733.33	 683.33	 9.00	 40	 0.66	 
BFE_202	 2	 15	 1216.jpg	 1.842777e+03	 12	 999000	 120	 999000	 999	 1.843794e+03	 733.33	 683.33	 3.00	 37	 0.77	 
BFE_202	 2	 15	 1106.jpg	 1.844779e+03	 12	 999000	 120	 999000	 999	 1.845797e+03	 733.33	 683.33	 13.00	 6	 0.62	 
BFE_202	 2	 15	 2211.jpg	 1.847765e+03	 24	 999000	 240	 999000	 999	 1.848783e+03	 733.33	 683.33	 43.00	 32	 0.82	 
BFE_202	 2	 15	 1117.jpg	 1.850769e+03	 12	 999000	 120	 999000	 999	 1.851787e+03	 733.33	 683.33	 37.00	 17	 0.23	 
BFE_202	 2	 15	 1115.jpg	 1.854773e+03	 11	 9.330982e+02	 110	 7.333690e+02	 98	 1.855791e+03	 750.00	 683.33	 8.00	 15	 0.67	 
BFE_202	 2	 15	 1214.jpg	 1.857777e+03	 12	 999000	 120	 999000	 999	 1.858794e+03	 750.00	 683.33	 20.00	 35	 0.56	 
BFE_202	 2	 15	 2119.jpg	 1.859779e+03	 24	 999000	 240	 999000	 999	 1.860797e+03	 750.00	 683.33	 77.00	 19	 0.24	 
BFE_202	 2	 15	 1111.jpg	 1.862765e+03	 12	 999000	 120	 999000	 999	 1.863783e+03	 750.00	 683.33	 19.00	 11	 0.56	 
BFE_202	 2	 15	 2102.jpg	 1.866770e+03	 24	 999000	 240	 999000	 999	 1.867788e+03	 750.00	 683.33	 52.00	 2	 0.62	 
BFE_202	 2	 15	 1215.jpg	 1.869773e+03	 12	 999000	 120	 999000	 999	 1.870791e+03	 750.00	 683.33	 4.00	 36	 0.74	 
BFE_202	 2	 15	 2209.jpg	 1.871776e+03	 22	 9.867343e+02	 220	 6.833771e+02	 98	 1.872793e+03	 750.00	 700.00	 51.00	 30	 0.62	 
BFE_202	 2	 15	 2117.jpg	 1.873778e+03	 24	 999000	 240	 999000	 999	 1.874796e+03	 750.00	 700.00	 61.00	 17	 0.47	 
BFE_202	 2	 15	 2118.jpg	 1.878767e+03	 22	 9.475706e+02	 220	 7.000317e+02	 98	 1.879785e+03	 750.00	 716.67	 54.00	 18	 0.61	 
BFE_202	 2	 15	 2115.jpg	 1.882771e+03	 24	 999000	 240	 999000	 999	 1.883789e+03	 750.00	 716.67	 50.00	 15	 0.64	 
BFE_202	 2	 15	 2216.jpg	 1.886776e+03	 24	 999000	 240	 999000	 999	 1.887794e+03	 750.00	 716.67	 53.00	 37	 0.62	 
BFE_202	 2	 15	 2101.jpg	 1.892766e+03	 24	 999000	 240	 999000	 999	 1.893784e+03	 750.00	 716.67	 55.00	 1	 0.61	 
BFE_202	 2	 15	 2215.jpg	 1.894768e+03	 24	 999000	 240	 999000	 999	 1.895786e+03	 750.00	 716.67	 44.00	 36	 0.82	 
BFE_202	 2	 15	 2202.jpg	 1.896770e+03	 24	 999000	 240	 999000	 999	 1.897788e+03	 750.00	 716.67	 62.00	 23	 0.47	 
BFE_202	 2	 15	 2213.jpg	 1.898773e+03	 24	 999000	 240	 999000	 999	 1.899790e+03	 750.00	 716.67	 58.00	 34	 0.54	 
BFE_202	 2	 15	 1120.jpg	 1.900775e+03	 12	 999000	 120	 999000	 999	 1.901793e+03	 750.00	 716.67	 22.00	 20	 0.52	 
BFE_202	 2	 15	 1210.jpg	 1.904779e+03	 12	 999000	 120	 999000	 999	 1.905797e+03	 750.00	 716.67	 18.00	 31	 0.57	 
BFE_202	 2	 15	 2210.jpg	 1.906765e+03	 22	 9.413434e+02	 220	 7.167024e+02	 98	 1.907783e+03	 750.00	 733.33	 57.00	 31	 0.59	 
BFE_202	 2	 15	 2107.jpg	 1.910769e+03	 24	 999000	 240	 999000	 999	 1.911787e+03	 750.00	 733.33	 78.00	 7	 0.24	 
BFE_202	 2	 15	 1209.jpg	 1.912772e+03	 12	 999000	 120	 999000	 999	 1.913789e+03	 750.00	 733.33	 7.00	 30	 0.68	 
BFE_202	 2	 15	 1119.jpg	 1.914774e+03	 12	 999000	 120	 999000	 999	 1.915792e+03	 750.00	 733.33	 38.00	 19	 0.17	 
BFE_202	 2	 15	 1204.jpg	 1.916776e+03	 11	 9.942554e+02	 110	 7.500282e+02	 98	 1.917794e+03	 766.67	 733.33	 11.00	 25	 0.65	 
BFE_202	 2	 15	 2113.jpg	 1.921765e+03	 22	 9.415853e+02	 220	 7.333704e+02	 98	 1.922783e+03	 766.67	 750.00	 56.00	 13	 0.60	 
BFE_202	 2	 15	 2205.jpg	 1.923767e+03	 22	 9.790629e+02	 220	 7.500296e+02	 98	 1.924785e+03	 766.67	 766.67	 48.00	 26	 0.68	 
BFE_202	 2	 15	 1205.jpg	 1.925769e+03	 11	 1.024920e+03	 1100	 7.666961e+02	 98	 1.926787e+03	 716.67	 766.67	 14.00	 26	 0.62	 
BFE_202	 2	 15	 1104.jpg	 1.928773e+03	 12	 999000	 120	 999000	 999	 1.929791e+03	 716.67	 766.67	 12.00	 4	 0.63	 
BFE_202	 2	 15	 2218.jpg	 1.935764e+03	 22	 9.746155e+02	 220	 7.667026e+02	 98	 1.936782e+03	 716.67	 783.33	 49.00	 39	 0.64	 
BFE_202	 2	 15	 2203.jpg	 1.939768e+03	 24	 999000	 240	 999000	 999	 1.940786e+03	 716.67	 783.33	 47.00	 24	 0.69	 
BFE_202	 2	 15	 1213.jpg	 1.946776e+03	 12	 999000	 120	 999000	 999	 1.947794e+03	 716.67	 783.33	 15.00	 34	 0.60	 
