subjectID	 order	 runNum	 itemName	 onsetTime	 shuff_trialType	 RT	 respInTime	 AudioTime	 response	 fixationTime	 ladder1	 ladder2	 bidIndex	 itemNameIndex	 bidValue	 
BFE_110	 2	 17	 1106.jpg	 2.408561e+03	 12	 999000	 120	 999000	 999	 2.409579e+03	 683.33	 550.00	 18.00	 6	 0.54	 
BFE_110	 2	 17	 1120.jpg	 2.411548e+03	 12	 999000	 120	 999000	 999	 2.412565e+03	 683.33	 550.00	 13.00	 20	 0.60	 
BFE_110	 2	 17	 2109.jpg	 2.413550e+03	 22	 8.525321e+02	 220	 5.500466e+02	 98	 2.414567e+03	 683.33	 566.67	 54.00	 9	 0.63	 
BFE_110	 2	 17	 1105.jpg	 2.415552e+03	 12	 999000	 120	 999000	 999	 2.416570e+03	 683.33	 566.67	 21.00	 5	 0.48	 
BFE_110	 2	 17	 1121.jpg	 2.417554e+03	 11	 1.200050e+03	 1100	 6.833860e+02	 98	 2.418572e+03	 633.33	 566.67	 16.00	 21	 0.58	 
BFE_110	 2	 17	 2104.jpg	 2.420557e+03	 24	 999000	 240	 999000	 999	 2.421575e+03	 633.33	 566.67	 61.00	 4	 0.59	 
BFE_110	 2	 17	 1218.jpg	 2.422543e+03	 11	 9.234327e+02	 110	 6.333594e+02	 98	 2.423561e+03	 650.00	 566.67	 9.00	 39	 0.73	 
BFE_110	 2	 17	 2102.jpg	 2.426548e+03	 24	 999000	 240	 999000	 999	 2.427565e+03	 650.00	 566.67	 62.00	 2	 0.58	 
BFE_110	 2	 17	 1204.jpg	 2.428550e+03	 11	 1.180416e+03	 1100	 6.500646e+02	 98	 2.429568e+03	 600.00	 566.67	 17.00	 25	 0.54	 
BFE_110	 2	 17	 1119.jpg	 2.433555e+03	 12	 999000	 120	 999000	 999	 2.434573e+03	 600.00	 566.67	 38.00	 19	 0.15	 
BFE_110	 2	 17	 2121.jpg	 2.435558e+03	 24	 999000	 240	 999000	 999	 2.436575e+03	 600.00	 566.67	 52.00	 21	 0.65	 
BFE_110	 2	 17	 2211.jpg	 2.439545e+03	 22	 1.016779e+03	 2200	 5.667020e+02	 98	 2.440563e+03	 600.00	 516.67	 49.00	 32	 0.71	 
BFE_110	 2	 17	 1210.jpg	 2.441548e+03	 12	 999000	 120	 999000	 999	 2.442565e+03	 600.00	 516.67	 22.00	 31	 0.47	 
BFE_110	 2	 17	 1117.jpg	 2.444551e+03	 11	 9.390624e+02	 110	 6.000391e+02	 98	 2.445569e+03	 616.67	 516.67	 14.00	 17	 0.59	 
BFE_110	 2	 17	 1209.jpg	 2.449557e+03	 12	 999000	 120	 999000	 999	 2.450574e+03	 616.67	 516.67	 7.00	 30	 0.76	 
BFE_110	 2	 17	 2214.jpg	 2.451542e+03	 24	 999000	 240	 999000	 999	 2.452560e+03	 616.67	 516.67	 58.00	 35	 0.61	 
BFE_110	 2	 17	 2207.jpg	 2.453545e+03	 24	 999000	 240	 999000	 999	 2.454562e+03	 616.67	 516.67	 53.00	 28	 0.64	 
BFE_110	 2	 17	 1211.jpg	 2.457549e+03	 12	 999000	 120	 999000	 999	 2.458567e+03	 616.67	 516.67	 10.00	 32	 0.70	 
BFE_110	 2	 17	 2205.jpg	 2.461554e+03	 22	 9.766981e+02	 220	 5.166921e+02	 98	 2.462571e+03	 616.67	 533.33	 57.00	 26	 0.62	 
BFE_110	 2	 17	 1115.jpg	 2.465559e+03	 12	 999000	 120	 999000	 999	 2.466576e+03	 616.67	 533.33	 20.00	 15	 0.50	 
BFE_110	 2	 17	 1206.jpg	 2.467543e+03	 12	 999000	 120	 999000	 999	 2.468561e+03	 616.67	 533.33	 3.00	 27	 0.83	 
BFE_110	 2	 17	 2208.jpg	 2.469546e+03	 24	 999000	 240	 999000	 999	 2.470564e+03	 616.67	 533.33	 55.00	 29	 0.63	 
BFE_110	 2	 17	 1109.jpg	 2.471548e+03	 12	 999000	 120	 999000	 999	 2.472566e+03	 616.67	 533.33	 19.00	 9	 0.51	 
BFE_110	 2	 17	 2219.jpg	 2.473550e+03	 24	 999000	 240	 999000	 999	 2.474568e+03	 616.67	 533.33	 50.00	 40	 0.70	 
BFE_110	 2	 17	 1214.jpg	 2.479557e+03	 12	 999000	 120	 999000	 999	 2.480575e+03	 616.67	 533.33	 12.00	 35	 0.61	 
BFE_110	 2	 17	 2217.jpg	 2.482543e+03	 24	 999000	 240	 999000	 999	 2.483562e+03	 616.67	 533.33	 60.00	 38	 0.59	 
BFE_110	 2	 17	 1216.jpg	 2.484546e+03	 11	 1.008278e+03	 1100	 6.166933e+02	 98	 2.485565e+03	 566.67	 533.33	 8.00	 37	 0.74	 
BFE_110	 2	 17	 2218.jpg	 2.486548e+03	 24	 999000	 240	 999000	 999	 2.487566e+03	 566.67	 533.33	 44.00	 39	 0.81	 
BFE_110	 2	 17	 2204.jpg	 2.489552e+03	 22	 9.867397e+02	 220	 5.333613e+02	 98	 2.490569e+03	 566.67	 550.00	 48.00	 25	 0.76	 
BFE_110	 2	 17	 1219.jpg	 2.491554e+03	 12	 999000	 120	 999000	 999	 2.492572e+03	 566.67	 550.00	 15.00	 40	 0.59	 
BFE_110	 2	 17	 2119.jpg	 2.493556e+03	 24	 999000	 240	 999000	 999	 2.494574e+03	 566.67	 550.00	 78.00	 19	 0.22	 
BFE_110	 2	 17	 2206.jpg	 2.495558e+03	 24	 999000	 240	 999000	 999	 2.496576e+03	 566.67	 550.00	 47.00	 27	 0.78	 
BFE_110	 2	 17	 2115.jpg	 2.498545e+03	 22	 9.772475e+02	 220	 5.500335e+02	 98	 2.499563e+03	 566.67	 566.67	 56.00	 15	 0.63	 
BFE_110	 2	 17	 2202.jpg	 2.500547e+03	 24	 999000	 240	 999000	 999	 2.501565e+03	 566.67	 566.67	 59.00	 23	 0.60	 
BFE_110	 2	 17	 2120.jpg	 2.502549e+03	 22	 8.527985e+02	 220	 5.666935e+02	 98	 2.503567e+03	 566.67	 583.33	 51.00	 20	 0.69	 
BFE_110	 2	 17	 1114.jpg	 2.504552e+03	 11	 8.584875e+02	 110	 5.667063e+02	 98	 2.505570e+03	 583.33	 583.33	 11.00	 14	 0.67	 
BFE_110	 2	 17	 2210.jpg	 2.506554e+03	 24	 999000	 240	 999000	 999	 2.507572e+03	 583.33	 583.33	 77.00	 31	 0.25	 
BFE_110	 2	 17	 2213.jpg	 2.512544e+03	 24	 999000	 240	 999000	 999	 2.513562e+03	 583.33	 583.33	 43.00	 34	 0.84	 
BFE_110	 2	 17	 1102.jpg	 2.515547e+03	 12	 999000	 120	 999000	 999	 2.516565e+03	 583.33	 583.33	 37.00	 2	 0.16	 
BFE_110	 2	 17	 1205.jpg	 2.519552e+03	 12	 999000	 120	 999000	 999	 2.520570e+03	 583.33	 583.33	 4.00	 26	 0.78	 
