subjectID	 order	 runNum	 itemName	 onsetTime	 shuff_trialType	 RT	 respInTime	 AudioTime	 response	 fixationTime	 ladder1	 ladder2	 bidIndex	 itemNameIndex	 bidValue	 
BFE_109	 1	 5	 2210.jpg	 5.272090e+02	 22	 9.772799e+02	 220	 7.500805e+02	 98	 5.282268e+02	 750.00	 766.67	 47.00	 31	 0.71	 
BFE_109	 1	 5	 2107.jpg	 5.291945e+02	 24	 999000	 240	 999000	 999	 5.302123e+02	 750.00	 766.67	 54.00	 7	 0.61	 
BFE_109	 1	 5	 2112.jpg	 5.331989e+02	 24	 999000	 240	 999000	 999	 5.342168e+02	 750.00	 766.67	 78.00	 12	 0.20	 
BFE_109	 1	 5	 1206.jpg	 5.362024e+02	 11	 9.518679e+02	 110	 7.500706e+02	 98	 5.372202e+02	 766.67	 766.67	 7.00	 27	 0.74	 
BFE_109	 1	 5	 1214.jpg	 5.382046e+02	 12	 999000	 120	 999000	 999	 5.392224e+02	 766.67	 766.67	 22.00	 35	 0.51	 
BFE_109	 1	 5	 1211.jpg	 5.412080e+02	 12	 999000	 120	 999000	 999	 5.422258e+02	 766.67	 766.67	 19.00	 32	 0.55	 
BFE_109	 1	 5	 2218.jpg	 5.451958e+02	 24	 999000	 240	 999000	 999	 5.462135e+02	 766.67	 766.67	 59.00	 39	 0.53	 
BFE_109	 1	 5	 1110.jpg	 5.492002e+02	 12	 999000	 120	 999000	 999	 5.502180e+02	 766.67	 766.67	 20.00	 10	 0.54	 
BFE_109	 1	 5	 1205.jpg	 5.512026e+02	 11	 9.596874e+02	 110	 7.666974e+02	 98	 5.522203e+02	 783.33	 766.67	 13.00	 26	 0.62	 
BFE_109	 1	 5	 1213.jpg	 5.562081e+02	 12	 999000	 120	 999000	 999	 5.572258e+02	 783.33	 766.67	 14.00	 34	 0.60	 
BFE_109	 1	 5	 1216.jpg	 5.581938e+02	 12	 999000	 120	 999000	 999	 5.592115e+02	 783.33	 766.67	 4.00	 37	 0.81	 
BFE_109	 1	 5	 2105.jpg	 5.601960e+02	 24	 999000	 240	 999000	 999	 5.612136e+02	 783.33	 766.67	 77.00	 5	 0.20	 
BFE_109	 1	 5	 2201.jpg	 5.662026e+02	 24	 999000	 240	 999000	 999	 5.672204e+02	 783.33	 766.67	 43.00	 22	 0.81	 
BFE_109	 1	 5	 1203.jpg	 5.682048e+02	 11	 9.974045e+02	 110	 7.833730e+02	 98	 5.692227e+02	 800.00	 766.67	 10.00	 24	 0.68	 
BFE_109	 1	 5	 2208.jpg	 5.702072e+02	 24	 999000	 240	 999000	 999	 5.712249e+02	 800.00	 766.67	 56.00	 29	 0.59	 
BFE_109	 1	 5	 2204.jpg	 5.721927e+02	 24	 999000	 240	 999000	 999	 5.732105e+02	 800.00	 766.67	 48.00	 25	 0.71	 
BFE_109	 1	 5	 1103.jpg	 5.761972e+02	 11	 1.093023e+03	 1100	 8.000374e+02	 98	 5.772150e+02	 750.00	 766.67	 15.00	 3	 0.60	 
BFE_109	 1	 5	 1121.jpg	 5.802017e+02	 12	 999000	 120	 999000	 999	 5.812194e+02	 750.00	 766.67	 21.00	 21	 0.53	 
BFE_109	 1	 5	 1102.jpg	 5.832051e+02	 12	 999000	 120	 999000	 999	 5.842229e+02	 750.00	 766.67	 16.00	 2	 0.59	 
BFE_109	 1	 5	 1105.jpg	 5.871928e+02	 12	 999000	 120	 999000	 999	 5.882106e+02	 750.00	 766.67	 37.00	 5	 0.17	 
BFE_109	 1	 5	 1119.jpg	 5.901962e+02	 12	 999000	 120	 999000	 999	 5.912139e+02	 750.00	 766.67	 38.00	 19	 0.17	 
BFE_109	 1	 5	 1210.jpg	 5.921985e+02	 12	 999000	 120	 999000	 999	 5.932162e+02	 750.00	 766.67	 3.00	 31	 0.81	 
BFE_109	 1	 5	 2217.jpg	 5.962029e+02	 22	 9.992989e+02	 220	 7.666957e+02	 98	 5.972207e+02	 750.00	 783.33	 52.00	 38	 0.62	 
BFE_109	 1	 5	 1215.jpg	 5.982052e+02	 12	 999000	 120	 999000	 999	 5.992230e+02	 750.00	 783.33	 9.00	 36	 0.68	 
BFE_109	 1	 5	 2213.jpg	 6.002074e+02	 24	 999000	 240	 999000	 999	 6.012252e+02	 750.00	 783.33	 61.00	 34	 0.48	 
BFE_109	 1	 5	 2205.jpg	 6.041953e+02	 24	 999000	 240	 999000	 999	 6.052130e+02	 750.00	 783.33	 51.00	 26	 0.63	 
BFE_109	 1	 5	 1218.jpg	 6.061975e+02	 11	 1.012775e+03	 1100	 7.500683e+02	 98	 6.072170e+02	 700.00	 783.33	 12.00	 39	 0.64	 
BFE_109	 1	 5	 2203.jpg	 6.102019e+02	 22	 1.048321e+03	 2200	 7.833640e+02	 98	 6.112197e+02	 700.00	 733.33	 58.00	 24	 0.58	 
BFE_109	 1	 5	 1219.jpg	 6.142065e+02	 12	 999000	 120	 999000	 999	 6.152242e+02	 700.00	 733.33	 17.00	 40	 0.55	 
BFE_109	 1	 5	 2209.jpg	 6.171931e+02	 24	 999000	 240	 999000	 999	 6.182109e+02	 700.00	 733.33	 44.00	 30	 0.80	 
BFE_109	 1	 5	 2110.jpg	 6.231999e+02	 24	 999000	 240	 999000	 999	 6.242176e+02	 700.00	 733.33	 57.00	 10	 0.58	 
BFE_109	 1	 5	 2202.jpg	 6.252020e+02	 22	 9.762037e+02	 220	 7.333654e+02	 98	 6.262198e+02	 700.00	 750.00	 55.00	 23	 0.59	 
BFE_109	 1	 5	 1201.jpg	 6.292066e+02	 12	 999000	 120	 999000	 999	 6.302243e+02	 700.00	 750.00	 8.00	 22	 0.68	 
BFE_109	 1	 5	 2212.jpg	 6.311919e+02	 22	 9.623989e+02	 220	 7.500313e+02	 98	 6.322101e+02	 700.00	 766.67	 53.00	 33	 0.62	 
BFE_109	 1	 5	 2207.jpg	 6.331944e+02	 22	 1.071861e+03	 2200	 7.667086e+02	 98	 6.342122e+02	 700.00	 716.67	 50.00	 28	 0.68	 
BFE_109	 1	 5	 2215.jpg	 6.351966e+02	 24	 999000	 240	 999000	 999	 6.362144e+02	 700.00	 716.67	 60.00	 36	 0.50	 
BFE_109	 1	 5	 1208.jpg	 6.402022e+02	 12	 999000	 120	 999000	 999	 6.412200e+02	 700.00	 716.67	 11.00	 29	 0.67	 
BFE_109	 1	 5	 2111.jpg	 6.422044e+02	 24	 999000	 240	 999000	 999	 6.432223e+02	 700.00	 716.67	 62.00	 11	 0.47	 
BFE_109	 1	 5	 1106.jpg	 6.442067e+02	 11	 9.315578e+02	 110	 7.000344e+02	 98	 6.452245e+02	 716.67	 716.67	 18.00	 6	 0.55	 
BFE_109	 1	 5	 2211.jpg	 6.471935e+02	 24	 999000	 240	 999000	 999	 6.482111e+02	 716.67	 716.67	 49.00	 32	 0.69	 
