subjectID	 order	 runNum	 itemName	 onsetTime	 shuff_trialType	 RT	 respInTime	 AudioTime	 response	 fixationTime	 ladder1	 ladder2	 bidIndex	 itemNameIndex	 bidValue	 
BFE_110	 2	 4	 2109.jpg	 4.260716e+02	 22	 9.546285e+02	 220	 6.500482e+02	 98	 4.270893e+02	 583.33	 666.67	 54.00	 9	 0.63	 
BFE_110	 2	 4	 1105.jpg	 4.290583e+02	 12	 999000	 120	 999000	 999	 4.300760e+02	 583.33	 666.67	 21.00	 5	 0.48	 
BFE_110	 2	 4	 2202.jpg	 4.310605e+02	 24	 999000	 240	 999000	 999	 4.320783e+02	 583.33	 666.67	 59.00	 23	 0.60	 
BFE_110	 2	 4	 2208.jpg	 4.330627e+02	 24	 999000	 240	 999000	 999	 4.340805e+02	 583.33	 666.67	 55.00	 29	 0.63	 
BFE_110	 2	 4	 2120.jpg	 4.350649e+02	 22	 1.073286e+03	 2200	 6.667017e+02	 98	 4.360828e+02	 583.33	 616.67	 51.00	 20	 0.69	 
BFE_110	 2	 4	 2217.jpg	 4.380683e+02	 24	 999000	 240	 999000	 999	 4.390861e+02	 583.33	 616.67	 60.00	 38	 0.59	 
BFE_110	 2	 4	 1119.jpg	 4.400706e+02	 12	 999000	 120	 999000	 999	 4.410883e+02	 583.33	 616.67	 38.00	 19	 0.15	 
BFE_110	 2	 4	 2218.jpg	 4.440585e+02	 24	 999000	 240	 999000	 999	 4.450763e+02	 583.33	 616.67	 44.00	 39	 0.81	 
BFE_110	 2	 4	 2205.jpg	 4.460606e+02	 22	 9.735921e+02	 220	 6.166992e+02	 98	 4.470784e+02	 583.33	 633.33	 57.00	 26	 0.62	 
BFE_110	 2	 4	 2102.jpg	 4.510663e+02	 24	 999000	 240	 999000	 999	 4.520841e+02	 583.33	 633.33	 62.00	 2	 0.58	 
BFE_110	 2	 4	 1102.jpg	 4.530685e+02	 12	 999000	 120	 999000	 999	 4.540863e+02	 583.33	 633.33	 37.00	 2	 0.16	 
BFE_110	 2	 4	 2210.jpg	 4.570563e+02	 24	 999000	 240	 999000	 999	 4.580741e+02	 583.33	 633.33	 77.00	 31	 0.25	 
BFE_110	 2	 4	 1210.jpg	 4.590586e+02	 12	 999000	 120	 999000	 999	 4.600763e+02	 583.33	 633.33	 22.00	 31	 0.47	 
BFE_110	 2	 4	 1114.jpg	 4.620619e+02	 11	 9.003304e+02	 110	 5.833841e+02	 98	 4.630798e+02	 600.00	 633.33	 11.00	 14	 0.67	 
BFE_110	 2	 4	 2207.jpg	 4.670675e+02	 24	 999000	 240	 999000	 999	 4.680854e+02	 600.00	 633.33	 53.00	 28	 0.64	 
BFE_110	 2	 4	 1120.jpg	 4.690698e+02	 12	 999000	 120	 999000	 999	 4.700875e+02	 600.00	 633.33	 13.00	 20	 0.60	 
BFE_110	 2	 4	 2206.jpg	 4.710551e+02	 24	 999000	 240	 999000	 999	 4.720731e+02	 600.00	 633.33	 47.00	 27	 0.78	 
BFE_110	 2	 4	 2121.jpg	 4.750598e+02	 24	 999000	 240	 999000	 999	 4.760777e+02	 600.00	 633.33	 52.00	 21	 0.65	 
BFE_110	 2	 4	 1209.jpg	 4.790643e+02	 12	 999000	 120	 999000	 999	 4.800820e+02	 600.00	 633.33	 7.00	 30	 0.76	 
BFE_110	 2	 4	 1204.jpg	 4.830688e+02	 11	 1.397439e+03	 1100	 6.000319e+02	 98	 4.840866e+02	 550.00	 633.33	 17.00	 25	 0.54	 
BFE_110	 2	 4	 1205.jpg	 4.850711e+02	 12	 999000	 120	 999000	 999	 4.860888e+02	 550.00	 633.33	 4.00	 26	 0.78	 
BFE_110	 2	 4	 1211.jpg	 4.870566e+02	 12	 999000	 120	 999000	 999	 4.880744e+02	 550.00	 633.33	 10.00	 32	 0.70	 
BFE_110	 2	 4	 2119.jpg	 4.890589e+02	 24	 999000	 240	 999000	 999	 4.900767e+02	 550.00	 633.33	 78.00	 19	 0.22	 
BFE_110	 2	 4	 1214.jpg	 4.910611e+02	 12	 999000	 120	 999000	 999	 4.920788e+02	 550.00	 633.33	 12.00	 35	 0.61	 
BFE_110	 2	 4	 1121.jpg	 4.970678e+02	 11	 1.078408e+03	 1100	 5.500332e+02	 98	 4.980857e+02	 500.00	 633.33	 16.00	 21	 0.58	 
BFE_110	 2	 4	 2213.jpg	 5.000542e+02	 24	 999000	 240	 999000	 999	 5.010723e+02	 500.00	 633.33	 43.00	 34	 0.84	 
BFE_110	 2	 4	 1115.jpg	 5.020567e+02	 12	 999000	 120	 999000	 999	 5.030745e+02	 500.00	 633.33	 20.00	 15	 0.50	 
BFE_110	 2	 4	 1106.jpg	 5.040590e+02	 12	 999000	 120	 999000	 999	 5.050768e+02	 500.00	 633.33	 18.00	 6	 0.54	 
BFE_110	 2	 4	 1109.jpg	 5.070623e+02	 12	 999000	 120	 999000	 999	 5.080801e+02	 500.00	 633.33	 19.00	 9	 0.51	 
BFE_110	 2	 4	 2219.jpg	 5.090646e+02	 24	 999000	 240	 999000	 999	 5.100823e+02	 500.00	 633.33	 50.00	 40	 0.70	 
BFE_110	 2	 4	 2104.jpg	 5.110668e+02	 24	 999000	 240	 999000	 999	 5.120846e+02	 500.00	 633.33	 61.00	 4	 0.59	 
BFE_110	 2	 4	 2214.jpg	 5.130690e+02	 24	 999000	 240	 999000	 999	 5.140869e+02	 500.00	 633.33	 58.00	 35	 0.61	 
BFE_110	 2	 4	 1117.jpg	 5.160557e+02	 11	 8.905091e+02	 110	 5.000351e+02	 98	 5.170736e+02	 516.67	 633.33	 14.00	 17	 0.59	 
BFE_110	 2	 4	 2115.jpg	 5.180580e+02	 22	 1.248244e+03	 2200	 6.333734e+02	 98	 5.190758e+02	 516.67	 583.33	 56.00	 15	 0.63	 
BFE_110	 2	 4	 2211.jpg	 5.200603e+02	 22	 9.179415e+02	 220	 5.833738e+02	 98	 5.210780e+02	 516.67	 600.00	 49.00	 32	 0.71	 
BFE_110	 2	 4	 2204.jpg	 5.220625e+02	 22	 8.917184e+02	 220	 6.000390e+02	 98	 5.230803e+02	 516.67	 616.67	 48.00	 25	 0.76	 
BFE_110	 2	 4	 1216.jpg	 5.240647e+02	 11	 7.694576e+02	 110	 5.167381e+02	 98	 5.250825e+02	 533.33	 616.67	 8.00	 37	 0.74	 
BFE_110	 2	 4	 1219.jpg	 5.300545e+02	 12	 999000	 120	 999000	 999	 5.310726e+02	 533.33	 616.67	 15.00	 40	 0.59	 
BFE_110	 2	 4	 1218.jpg	 5.330582e+02	 11	 9.039884e+02	 110	 5.333716e+02	 98	 5.340759e+02	 550.00	 616.67	 9.00	 39	 0.73	 
BFE_110	 2	 4	 1206.jpg	 5.370626e+02	 12	 999000	 120	 999000	 999	 5.380804e+02	 550.00	 616.67	 3.00	 27	 0.83	 
