subjectID	 order	 runNum	 itemName	 onsetTime	 shuff_trialType	 RT	 respInTime	 AudioTime	 response	 fixationTime	 ladder1	 ladder2	 bidIndex	 itemNameIndex	 bidValue	 
BFE_202	 2	 5	 1119.jpg	 5.252662e+02	 12	 999000	 120	 999000	 999	 5.262839e+02	 683.33	 683.33	 38.00	 19	 0.17	 
BFE_202	 2	 5	 1120.jpg	 5.282528e+02	 12	 999000	 120	 999000	 999	 5.292706e+02	 683.33	 683.33	 22.00	 20	 0.52	 
BFE_202	 2	 5	 2213.jpg	 5.322573e+02	 24	 999000	 240	 999000	 999	 5.332752e+02	 683.33	 683.33	 58.00	 34	 0.54	 
BFE_202	 2	 5	 1209.jpg	 5.342596e+02	 12	 999000	 120	 999000	 999	 5.352774e+02	 683.33	 683.33	 7.00	 30	 0.68	 
BFE_202	 2	 5	 2107.jpg	 5.362618e+02	 24	 999000	 240	 999000	 999	 5.372796e+02	 683.33	 683.33	 78.00	 7	 0.24	 
BFE_202	 2	 5	 1106.jpg	 5.402496e+02	 12	 999000	 120	 999000	 999	 5.412674e+02	 683.33	 683.33	 13.00	 6	 0.62	 
BFE_202	 2	 5	 1204.jpg	 5.422519e+02	 11	 9.344708e+02	 110	 6.833761e+02	 98	 5.432698e+02	 700.00	 683.33	 11.00	 25	 0.65	 
BFE_202	 2	 5	 2202.jpg	 5.472575e+02	 24	 999000	 240	 999000	 999	 5.482753e+02	 700.00	 683.33	 62.00	 23	 0.47	 
BFE_202	 2	 5	 1205.jpg	 5.492598e+02	 11	 9.265912e+02	 110	 7.000358e+02	 98	 5.502775e+02	 716.67	 683.33	 14.00	 26	 0.62	 
BFE_202	 2	 5	 1215.jpg	 5.522462e+02	 12	 999000	 120	 999000	 999	 5.532642e+02	 716.67	 683.33	 4.00	 36	 0.74	 
BFE_202	 2	 5	 2115.jpg	 5.552498e+02	 24	 999000	 240	 999000	 999	 5.562675e+02	 716.67	 683.33	 50.00	 15	 0.64	 
BFE_202	 2	 5	 2101.jpg	 5.592544e+02	 24	 999000	 240	 999000	 999	 5.602721e+02	 716.67	 683.33	 55.00	 1	 0.61	 
BFE_202	 2	 5	 1107.jpg	 5.622576e+02	 11	 9.688558e+02	 110	 7.167068e+02	 98	 5.632754e+02	 733.33	 683.33	 16.00	 7	 0.60	 
BFE_202	 2	 5	 2113.jpg	 5.642598e+02	 22	 9.585568e+02	 220	 6.834233e+02	 98	 5.652777e+02	 733.33	 700.00	 56.00	 13	 0.60	 
BFE_202	 2	 5	 2210.jpg	 5.672463e+02	 22	 9.161485e+02	 220	 7.000278e+02	 98	 5.682643e+02	 733.33	 716.67	 57.00	 31	 0.59	 
BFE_202	 2	 5	 1213.jpg	 5.712511e+02	 12	 999000	 120	 999000	 999	 5.722688e+02	 733.33	 716.67	 15.00	 34	 0.60	 
BFE_202	 2	 5	 1216.jpg	 5.742545e+02	 12	 999000	 120	 999000	 999	 5.752722e+02	 733.33	 716.67	 3.00	 37	 0.77	 
BFE_202	 2	 5	 2216.jpg	 5.762567e+02	 24	 999000	 240	 999000	 999	 5.772745e+02	 733.33	 716.67	 53.00	 37	 0.62	 
BFE_202	 2	 5	 2209.jpg	 5.782589e+02	 22	 9.755407e+02	 220	 7.167062e+02	 98	 5.792767e+02	 733.33	 733.33	 51.00	 30	 0.62	 
BFE_202	 2	 5	 1210.jpg	 5.832479e+02	 12	 999000	 120	 999000	 999	 5.842656e+02	 733.33	 733.33	 18.00	 31	 0.57	 
BFE_202	 2	 5	 1207.jpg	 5.872524e+02	 11	 9.580354e+02	 110	 7.333691e+02	 98	 5.882702e+02	 750.00	 733.33	 17.00	 28	 0.58	 
BFE_202	 2	 5	 2117.jpg	 5.912568e+02	 24	 999000	 240	 999000	 999	 5.922746e+02	 750.00	 733.33	 61.00	 17	 0.47	 
BFE_202	 2	 5	 2205.jpg	 5.972466e+02	 22	 1.035826e+03	 2200	 7.333700e+02	 98	 5.982646e+02	 750.00	 683.33	 48.00	 26	 0.68	 
BFE_202	 2	 5	 1104.jpg	 5.992490e+02	 12	 999000	 120	 999000	 999	 6.002669e+02	 750.00	 683.33	 12.00	 4	 0.63	 
BFE_202	 2	 5	 1219.jpg	 6.012514e+02	 11	 9.830522e+02	 110	 7.500310e+02	 98	 6.022691e+02	 766.67	 683.33	 9.00	 40	 0.66	 
BFE_202	 2	 5	 2215.jpg	 6.032536e+02	 24	 999000	 240	 999000	 999	 6.042714e+02	 766.67	 683.33	 44.00	 36	 0.82	 
BFE_202	 2	 5	 1115.jpg	 6.052559e+02	 11	 1.026554e+03	 1100	 7.666997e+02	 98	 6.062736e+02	 716.67	 683.33	 8.00	 15	 0.67	 
BFE_202	 2	 5	 1111.jpg	 6.092603e+02	 12	 999000	 120	 999000	 999	 6.102781e+02	 716.67	 683.33	 19.00	 11	 0.56	 
BFE_202	 2	 5	 1214.jpg	 6.112456e+02	 12	 999000	 120	 999000	 999	 6.122637e+02	 716.67	 683.33	 20.00	 35	 0.56	 
BFE_202	 2	 5	 2219.jpg	 6.152504e+02	 24	 999000	 240	 999000	 999	 6.162682e+02	 716.67	 683.33	 59.00	 40	 0.51	 
BFE_202	 2	 5	 1203.jpg	 6.172526e+02	 12	 999000	 120	 999000	 999	 6.182705e+02	 716.67	 683.33	 10.00	 24	 0.66	 
BFE_202	 2	 5	 2203.jpg	 6.192549e+02	 24	 999000	 240	 999000	 999	 6.202726e+02	 716.67	 683.33	 47.00	 24	 0.69	 
BFE_202	 2	 5	 2102.jpg	 6.212571e+02	 24	 999000	 240	 999000	 999	 6.222749e+02	 716.67	 683.33	 52.00	 2	 0.62	 
BFE_202	 2	 5	 2211.jpg	 6.262457e+02	 24	 999000	 240	 999000	 999	 6.272638e+02	 716.67	 683.33	 43.00	 32	 0.82	 
BFE_202	 2	 5	 1117.jpg	 6.282483e+02	 12	 999000	 120	 999000	 999	 6.292660e+02	 716.67	 683.33	 37.00	 17	 0.23	 
BFE_202	 2	 5	 1206.jpg	 6.302505e+02	 12	 999000	 120	 999000	 999	 6.312684e+02	 716.67	 683.33	 21.00	 27	 0.54	 
BFE_202	 2	 5	 2218.jpg	 6.332539e+02	 22	 9.165036e+02	 220	 6.833671e+02	 98	 6.342716e+02	 716.67	 700.00	 49.00	 39	 0.64	 
BFE_202	 2	 5	 2103.jpg	 6.402617e+02	 24	 999000	 240	 999000	 999	 6.412796e+02	 716.67	 700.00	 60.00	 3	 0.51	 
BFE_202	 2	 5	 2119.jpg	 6.442496e+02	 24	 999000	 240	 999000	 999	 6.452672e+02	 716.67	 700.00	 77.00	 19	 0.24	 
BFE_202	 2	 5	 2118.jpg	 6.512575e+02	 22	 9.769616e+02	 220	 7.000341e+02	 98	 6.522751e+02	 716.67	 716.67	 54.00	 18	 0.61	 
