subjectID	 order	 runNum	 itemName	 onsetTime	 shuff_trialType	 RT	 respInTime	 AudioTime	 response	 fixationTime	 ladder1	 ladder2	 bidIndex	 itemNameIndex	 bidValue	 
BFE_104	 2	 3	 1112.jpg	 2.633625e+02	 12	 999000	 120	 999000	 999	 2.643803e+02	 683.33	 750.00	 22.00	 12	 0.47	 
BFE_104	 2	 3	 2217.jpg	 2.683514e+02	 24	 999000	 240	 999000	 999	 2.693692e+02	 683.33	 750.00	 44.00	 38	 0.75	 
BFE_104	 2	 3	 2114.jpg	 2.703537e+02	 22	 9.280774e+02	 220	 7.500657e+02	 98	 2.713714e+02	 683.33	 766.67	 51.00	 14	 0.65	 
BFE_104	 2	 3	 1212.jpg	 2.723559e+02	 12	 4.378829e+02	 12	 999000	 98	 2.733737e+02	 683.33	 766.67	 21.00	 33	 0.47	 
BFE_104	 2	 3	 2119.jpg	 2.783460e+02	 24	 999000	 240	 999000	 999	 2.793638e+02	 683.33	 766.67	 60.00	 19	 0.51	 
BFE_104	 2	 3	 2103.jpg	 2.803482e+02	 24	 999000	 240	 999000	 999	 2.813660e+02	 683.33	 766.67	 43.00	 3	 0.80	 
BFE_104	 2	 3	 1104.jpg	 2.833516e+02	 11	 9.142096e+02	 110	 6.833715e+02	 98	 2.843693e+02	 700.00	 766.67	 17.00	 4	 0.50	 
BFE_104	 2	 3	 1102.jpg	 2.853537e+02	 11	 9.680565e+02	 110	 7.000278e+02	 98	 2.863717e+02	 716.67	 766.67	 14.00	 2	 0.54	 
BFE_104	 2	 3	 1113.jpg	 2.893583e+02	 12	 999000	 120	 999000	 999	 2.903760e+02	 716.67	 766.67	 37.00	 13	 0.34	 
BFE_104	 2	 3	 1213.jpg	 2.913439e+02	 12	 999000	 120	 999000	 999	 2.923616e+02	 716.67	 766.67	 4.00	 34	 0.71	 
BFE_104	 2	 3	 1115.jpg	 2.963494e+02	 12	 999000	 120	 999000	 999	 2.973672e+02	 716.67	 766.67	 13.00	 15	 0.54	 
BFE_104	 2	 3	 2112.jpg	 3.033574e+02	 24	 999000	 240	 999000	 999	 3.043751e+02	 716.67	 766.67	 53.00	 12	 0.58	 
BFE_104	 2	 3	 2102.jpg	 3.053426e+02	 24	 999000	 240	 999000	 999	 3.063607e+02	 716.67	 766.67	 58.00	 2	 0.52	 
BFE_104	 2	 3	 2205.jpg	 3.083462e+02	 24	 999000	 240	 999000	 999	 3.093641e+02	 716.67	 766.67	 50.00	 26	 0.65	 
BFE_104	 2	 3	 1121.jpg	 3.113497e+02	 11	 9.161927e+02	 110	 7.167049e+02	 98	 3.123673e+02	 733.33	 766.67	 8.00	 21	 0.61	 
BFE_104	 2	 3	 2201.jpg	 3.153541e+02	 24	 999000	 240	 999000	 999	 3.163719e+02	 733.33	 766.67	 52.00	 22	 0.60	 
BFE_104	 2	 3	 2216.jpg	 3.193417e+02	 24	 999000	 240	 999000	 999	 3.203597e+02	 733.33	 766.67	 47.00	 37	 0.67	 
BFE_104	 2	 3	 2115.jpg	 3.233464e+02	 24	 999000	 240	 999000	 999	 3.243641e+02	 733.33	 766.67	 55.00	 15	 0.54	 
BFE_104	 2	 3	 2107.jpg	 3.263498e+02	 24	 999000	 240	 999000	 999	 3.273676e+02	 733.33	 766.67	 77.00	 7	 0.26	 
BFE_104	 2	 3	 1211.jpg	 3.323566e+02	 12	 999000	 120	 999000	 999	 3.333742e+02	 733.33	 766.67	 20.00	 32	 0.47	 
BFE_104	 2	 3	 1118.jpg	 3.343417e+02	 12	 999000	 120	 999000	 999	 3.353598e+02	 733.33	 766.67	 10.00	 18	 0.57	 
BFE_104	 2	 3	 1215.jpg	 3.373455e+02	 11	 9.683153e+02	 110	 7.333676e+02	 98	 3.383633e+02	 750.00	 766.67	 11.00	 36	 0.57	 
BFE_104	 2	 3	 2209.jpg	 3.393477e+02	 22	 9.741385e+02	 220	 7.667027e+02	 98	 3.403655e+02	 750.00	 783.33	 49.00	 30	 0.66	 
BFE_104	 2	 3	 1210.jpg	 3.413500e+02	 12	 999000	 120	 999000	 999	 3.423678e+02	 750.00	 783.33	 38.00	 31	 0.30	 
BFE_104	 2	 3	 2117.jpg	 3.433522e+02	 24	 999000	 240	 999000	 999	 3.443700e+02	 750.00	 783.33	 78.00	 17	 0.22	 
BFE_104	 2	 3	 1119.jpg	 3.463556e+02	 12	 999000	 120	 999000	 999	 3.473733e+02	 750.00	 783.33	 19.00	 19	 0.49	 
BFE_104	 2	 3	 1114.jpg	 3.503433e+02	 11	 1.074481e+03	 1100	 7.500294e+02	 98	 3.513611e+02	 700.00	 783.33	 16.00	 14	 0.53	 
BFE_104	 2	 3	 1111.jpg	 3.523455e+02	 12	 999000	 120	 999000	 999	 3.533634e+02	 700.00	 783.33	 12.00	 11	 0.54	 
BFE_104	 2	 3	 1207.jpg	 3.543478e+02	 12	 999000	 120	 999000	 999	 3.553657e+02	 700.00	 783.33	 7.00	 28	 0.63	 
BFE_104	 2	 3	 2206.jpg	 3.563501e+02	 22	 1.083740e+03	 2200	 7.833669e+02	 98	 3.573679e+02	 700.00	 733.33	 48.00	 27	 0.66	 
BFE_104	 2	 3	 2213.jpg	 3.583523e+02	 24	 999000	 240	 999000	 999	 3.593701e+02	 700.00	 733.33	 62.00	 34	 0.49	 
BFE_104	 2	 3	 2113.jpg	 3.603546e+02	 22	 1.055253e+03	 2200	 7.333706e+02	 98	 3.613723e+02	 700.00	 683.33	 56.00	 13	 0.54	 
BFE_104	 2	 3	 2208.jpg	 3.643421e+02	 22	 9.477299e+02	 220	 6.833672e+02	 98	 3.653602e+02	 700.00	 700.00	 57.00	 29	 0.52	 
BFE_104	 2	 3	 2211.jpg	 3.683468e+02	 22	 9.349893e+02	 220	 7.000377e+02	 98	 3.693646e+02	 700.00	 716.67	 54.00	 32	 0.55	 
BFE_104	 2	 3	 1116.jpg	 3.703491e+02	 12	 999000	 120	 999000	 999	 3.713669e+02	 700.00	 716.67	 15.00	 16	 0.54	 
BFE_104	 2	 3	 2202.jpg	 3.723514e+02	 24	 999000	 240	 999000	 999	 3.733692e+02	 700.00	 716.67	 61.00	 23	 0.50	 
BFE_104	 2	 3	 2110.jpg	 3.743537e+02	 24	 999000	 240	 999000	 999	 3.753714e+02	 700.00	 716.67	 59.00	 10	 0.52	 
BFE_104	 2	 3	 1201.jpg	 3.763560e+02	 12	 999000	 120	 999000	 999	 3.773737e+02	 700.00	 716.67	 3.00	 22	 0.73	 
BFE_104	 2	 3	 1103.jpg	 3.823459e+02	 12	 999000	 120	 999000	 999	 3.833637e+02	 700.00	 716.67	 18.00	 3	 0.49	 
BFE_104	 2	 3	 1204.jpg	 3.843481e+02	 11	 9.096901e+02	 110	 7.000398e+02	 98	 3.853659e+02	 716.67	 716.67	 9.00	 25	 0.58	 
