subjectID	 order	 runNum	 itemName	 onsetTime	 shuff_trialType	 RT	 respInTime	 AudioTime	 response	 fixationTime	 ladder1	 ladder2	 bidIndex	 itemNameIndex	 bidValue	 
BFE_107	 1	 11	 1212.jpg	 1.472049e+03	 12	 999000	 120	 999000	 999	 1.473067e+03	 750.00	 750.00	 37.00	 33	 0.21	 
BFE_107	 1	 11	 2121.jpg	 1.474034e+03	 24	 999000	 240	 999000	 999	 1.475052e+03	 750.00	 750.00	 60.00	 21	 0.50	 
BFE_107	 1	 11	 1217.jpg	 1.478039e+03	 11	 9.235672e+02	 110	 7.500405e+02	 98	 1.479057e+03	 766.67	 750.00	 12.00	 38	 0.63	 
BFE_107	 1	 11	 1106.jpg	 1.481042e+03	 11	 9.441201e+02	 110	 7.667027e+02	 98	 1.482060e+03	 783.33	 750.00	 7.00	 6	 0.74	 
BFE_107	 1	 11	 2214.jpg	 1.483044e+03	 24	 999000	 240	 999000	 999	 1.484062e+03	 783.33	 750.00	 44.00	 35	 0.80	 
BFE_107	 1	 11	 2202.jpg	 1.486048e+03	 24	 999000	 240	 999000	 999	 1.487066e+03	 783.33	 750.00	 51.00	 23	 0.64	 
BFE_107	 1	 11	 1107.jpg	 1.490036e+03	 11	 1.014736e+03	 1100	 7.833612e+02	 98	 1.491055e+03	 733.33	 750.00	 18.00	 7	 0.53	 
BFE_107	 1	 11	 1205.jpg	 1.494040e+03	 12	 999000	 120	 999000	 999	 1.495058e+03	 733.33	 750.00	 4.00	 26	 0.82	 
BFE_107	 1	 11	 2104.jpg	 1.496042e+03	 22	 9.360195e+02	 220	 7.500561e+02	 98	 1.497060e+03	 733.33	 766.67	 50.00	 4	 0.67	 
BFE_107	 1	 11	 2217.jpg	 1.501048e+03	 24	 999000	 240	 999000	 999	 1.502066e+03	 733.33	 766.67	 43.00	 38	 0.81	 
BFE_107	 1	 11	 2207.jpg	 1.503034e+03	 24	 999000	 240	 999000	 999	 1.504051e+03	 733.33	 766.67	 62.00	 28	 0.47	 
BFE_107	 1	 11	 2111.jpg	 1.505036e+03	 22	 9.505628e+02	 220	 7.667014e+02	 98	 1.506054e+03	 733.33	 783.33	 52.00	 11	 0.63	 
BFE_107	 1	 11	 1115.jpg	 1.511043e+03	 12	 999000	 120	 999000	 999	 1.512060e+03	 733.33	 783.33	 14.00	 15	 0.62	 
BFE_107	 1	 11	 1209.jpg	 1.513045e+03	 12	 999000	 120	 999000	 999	 1.514064e+03	 733.33	 783.33	 16.00	 30	 0.58	 
BFE_107	 1	 11	 1216.jpg	 1.515047e+03	 12	 999000	 120	 999000	 999	 1.516065e+03	 733.33	 783.33	 22.00	 37	 0.46	 
BFE_107	 1	 11	 1214.jpg	 1.517049e+03	 11	 9.611242e+02	 110	 7.333624e+02	 98	 1.518067e+03	 750.00	 783.33	 15.00	 35	 0.59	 
BFE_107	 1	 11	 1202.jpg	 1.521037e+03	 11	 1.005145e+03	 1100	 7.500426e+02	 98	 1.522055e+03	 700.00	 783.33	 10.00	 23	 0.69	 
BFE_107	 1	 11	 2213.jpg	 1.525042e+03	 24	 999000	 240	 999000	 999	 1.526059e+03	 700.00	 783.33	 61.00	 34	 0.49	 
BFE_107	 1	 11	 1213.jpg	 1.528045e+03	 12	 999000	 120	 999000	 999	 1.529063e+03	 700.00	 783.33	 19.00	 34	 0.49	 
BFE_107	 1	 11	 1109.jpg	 1.532032e+03	 11	 8.739022e+02	 110	 7.000275e+02	 98	 1.533051e+03	 716.67	 783.33	 13.00	 9	 0.63	 
BFE_107	 1	 11	 2205.jpg	 1.535036e+03	 24	 999000	 240	 999000	 999	 1.536054e+03	 716.67	 783.33	 48.00	 26	 0.73	 
BFE_107	 1	 11	 2116.jpg	 1.537038e+03	 22	 9.559119e+02	 220	 7.833661e+02	 98	 1.538056e+03	 716.67	 800.00	 58.00	 16	 0.55	 
BFE_107	 1	 11	 1113.jpg	 1.541043e+03	 12	 999000	 120	 999000	 999	 1.542061e+03	 716.67	 800.00	 8.00	 13	 0.73	 
BFE_107	 1	 11	 1110.jpg	 1.543045e+03	 12	 999000	 120	 999000	 999	 1.544063e+03	 716.67	 800.00	 21.00	 10	 0.46	 
BFE_107	 1	 11	 1105.jpg	 1.545047e+03	 12	 1.082918e+03	 12	 999000	 98	 1.546065e+03	 716.67	 800.00	 3.00	 5	 0.84	 
BFE_107	 1	 11	 2101.jpg	 1.549035e+03	 24	 999000	 240	 999000	 999	 1.550053e+03	 716.67	 800.00	 77.00	 1	 0.18	 
BFE_107	 1	 11	 2201.jpg	 1.551037e+03	 24	 999000	 240	 999000	 999	 1.552055e+03	 716.67	 800.00	 49.00	 22	 0.73	 
BFE_107	 1	 11	 2113.jpg	 1.555042e+03	 24	 999000	 240	 999000	 999	 1.556060e+03	 716.67	 800.00	 54.00	 13	 0.60	 
BFE_107	 1	 11	 2117.jpg	 1.559046e+03	 24	 999000	 240	 999000	 999	 1.560064e+03	 716.67	 800.00	 78.00	 17	 0.15	 
BFE_107	 1	 11	 1118.jpg	 1.562033e+03	 12	 999000	 120	 999000	 999	 1.563051e+03	 716.67	 800.00	 38.00	 18	 0.12	 
BFE_107	 1	 11	 2105.jpg	 1.568040e+03	 22	 9.703052e+02	 220	 8.000355e+02	 98	 1.569058e+03	 716.67	 816.67	 47.00	 5	 0.76	 
BFE_107	 1	 11	 2203.jpg	 1.570042e+03	 22	 1.016182e+03	 2200	 8.167054e+02	 98	 1.571060e+03	 716.67	 766.67	 53.00	 24	 0.60	 
BFE_107	 1	 11	 1103.jpg	 1.574047e+03	 12	 999000	 120	 999000	 999	 1.575064e+03	 716.67	 766.67	 9.00	 3	 0.71	 
BFE_107	 1	 11	 2209.jpg	 1.576032e+03	 24	 999000	 240	 999000	 999	 1.577050e+03	 716.67	 766.67	 59.00	 30	 0.51	 
BFE_107	 1	 11	 2109.jpg	 1.578035e+03	 24	 999000	 240	 999000	 999	 1.579052e+03	 716.67	 766.67	 56.00	 9	 0.58	 
BFE_107	 1	 11	 1201.jpg	 1.580037e+03	 12	 999000	 120	 999000	 999	 1.581054e+03	 716.67	 766.67	 11.00	 22	 0.66	 
BFE_107	 1	 11	 1211.jpg	 1.585042e+03	 12	 999000	 120	 999000	 999	 1.586060e+03	 716.67	 766.67	 20.00	 32	 0.46	 
BFE_107	 1	 11	 1111.jpg	 1.587045e+03	 12	 999000	 120	 999000	 999	 1.588062e+03	 716.67	 766.67	 17.00	 11	 0.57	 
BFE_107	 1	 11	 2218.jpg	 1.589047e+03	 24	 999000	 240	 999000	 999	 1.590065e+03	 716.67	 766.67	 57.00	 39	 0.58	 
BFE_107	 1	 11	 2219.jpg	 1.592034e+03	 22	 9.848610e+02	 220	 7.667061e+02	 98	 1.593051e+03	 716.67	 783.33	 55.00	 40	 0.58	 
