subjectID	 order	 runNum	 itemName	 onsetTime	 shuff_trialType	 RT	 respInTime	 AudioTime	 response	 fixationTime	 ladder1	 ladder2	 bidIndex	 itemNameIndex	 bidValue	 
BFE_203	 1	 7	 2202.jpg	 8.225299e+02	 24	 999000	 240	 999000	 999	 8.235477e+02	 683.33	 616.67	 61.00	 23	 0.49	 
BFE_203	 1	 7	 2103.jpg	 8.255165e+02	 24	 999000	 240	 999000	 999	 8.265343e+02	 683.33	 616.67	 54.00	 3	 0.59	 
BFE_203	 1	 7	 1202.jpg	 8.275188e+02	 12	 999000	 120	 999000	 999	 8.285366e+02	 683.33	 616.67	 38.00	 23	 0.20	 
BFE_203	 1	 7	 2113.jpg	 8.295211e+02	 22	 8.733422e+02	 220	 6.167142e+02	 98	 8.305388e+02	 683.33	 633.33	 50.00	 13	 0.67	 
BFE_203	 1	 7	 1115.jpg	 8.315233e+02	 11	 9.430671e+02	 110	 6.833866e+02	 98	 8.325411e+02	 700.00	 633.33	 10.00	 15	 0.71	 
BFE_203	 1	 7	 1206.jpg	 8.345267e+02	 11	 9.557071e+02	 110	 7.000306e+02	 98	 8.355444e+02	 716.67	 633.33	 7.00	 27	 0.74	 
BFE_203	 1	 7	 2203.jpg	 8.365123e+02	 24	 999000	 240	 999000	 999	 8.375300e+02	 716.67	 633.33	 78.00	 24	 0.13	 
BFE_203	 1	 7	 1107.jpg	 8.405167e+02	 12	 999000	 120	 999000	 999	 8.415361e+02	 716.67	 633.33	 4.00	 7	 0.80	 
BFE_203	 1	 7	 1105.jpg	 8.425190e+02	 12	 999000	 120	 999000	 999	 8.435367e+02	 716.67	 633.33	 17.00	 5	 0.57	 
BFE_203	 1	 7	 2216.jpg	 8.475247e+02	 24	 999000	 240	 999000	 999	 8.485424e+02	 716.67	 633.33	 51.00	 37	 0.67	 
BFE_203	 1	 7	 2217.jpg	 8.495268e+02	 24	 999000	 240	 999000	 999	 8.505445e+02	 716.67	 633.33	 59.00	 38	 0.51	 
BFE_203	 1	 7	 1205.jpg	 8.535146e+02	 12	 999000	 120	 999000	 999	 8.545323e+02	 716.67	 633.33	 3.00	 26	 0.80	 
BFE_203	 1	 7	 1109.jpg	 8.555169e+02	 11	 9.495115e+02	 110	 7.167023e+02	 98	 8.565346e+02	 733.33	 633.33	 12.00	 9	 0.67	 
BFE_203	 1	 7	 1104.jpg	 8.585202e+02	 12	 999000	 120	 999000	 999	 8.595380e+02	 733.33	 633.33	 11.00	 4	 0.69	 
BFE_203	 1	 7	 2104.jpg	 8.635257e+02	 22	 9.406417e+02	 220	 6.333688e+02	 98	 8.645435e+02	 733.33	 650.00	 58.00	 4	 0.54	 
BFE_203	 1	 7	 1201.jpg	 8.655112e+02	 11	 1.075215e+03	 1100	 7.333678e+02	 98	 8.665291e+02	 683.33	 650.00	 15.00	 22	 0.60	 
BFE_203	 1	 7	 1214.jpg	 8.675136e+02	 12	 999000	 120	 999000	 999	 8.685314e+02	 683.33	 650.00	 22.00	 35	 0.49	 
BFE_203	 1	 7	 2109.jpg	 8.715181e+02	 22	 8.842514e+02	 220	 6.500380e+02	 98	 8.725359e+02	 683.33	 666.67	 47.00	 9	 0.74	 
BFE_203	 1	 7	 2106.jpg	 8.755226e+02	 24	 999000	 240	 999000	 999	 8.765404e+02	 683.33	 666.67	 43.00	 6	 0.88	 
BFE_203	 1	 7	 1114.jpg	 8.795270e+02	 12	 999000	 120	 999000	 999	 8.805448e+02	 683.33	 666.67	 8.00	 14	 0.73	 
BFE_203	 1	 7	 1204.jpg	 8.815127e+02	 12	 999000	 120	 999000	 999	 8.825304e+02	 683.33	 666.67	 9.00	 25	 0.72	 
BFE_203	 1	 7	 2211.jpg	 8.835149e+02	 24	 999000	 240	 999000	 999	 8.845326e+02	 683.33	 666.67	 62.00	 32	 0.47	 
BFE_203	 1	 7	 1113.jpg	 8.855171e+02	 11	 1.029275e+03	 1100	 6.833733e+02	 98	 8.865348e+02	 633.33	 666.67	 13.00	 13	 0.66	 
BFE_203	 1	 7	 2219.jpg	 8.875194e+02	 24	 999000	 240	 999000	 999	 8.885371e+02	 633.33	 666.67	 56.00	 40	 0.56	 
BFE_203	 1	 7	 1111.jpg	 8.935261e+02	 11	 8.603362e+02	 110	 6.333738e+02	 98	 8.945439e+02	 650.00	 666.67	 18.00	 11	 0.57	 
BFE_203	 1	 7	 1110.jpg	 8.965295e+02	 12	 999000	 120	 999000	 999	 8.975473e+02	 650.00	 666.67	 19.00	 10	 0.54	 
BFE_203	 1	 7	 2205.jpg	 8.985150e+02	 24	 999000	 240	 999000	 999	 8.995328e+02	 650.00	 666.67	 48.00	 26	 0.70	 
BFE_203	 1	 7	 2201.jpg	 9.005172e+02	 24	 999000	 240	 999000	 999	 9.015351e+02	 650.00	 666.67	 57.00	 22	 0.54	 
BFE_203	 1	 7	 2116.jpg	 9.035207e+02	 22	 9.137285e+02	 220	 6.666986e+02	 98	 9.045384e+02	 650.00	 683.33	 52.00	 16	 0.67	 
BFE_203	 1	 7	 2107.jpg	 9.055228e+02	 22	 9.275623e+02	 220	 6.833634e+02	 98	 9.065407e+02	 650.00	 700.00	 55.00	 7	 0.57	 
BFE_203	 1	 7	 2121.jpg	 9.075251e+02	 24	 999000	 240	 999000	 999	 9.085429e+02	 650.00	 700.00	 44.00	 21	 0.85	 
BFE_203	 1	 7	 1117.jpg	 9.095104e+02	 12	 999000	 120	 999000	 999	 9.105285e+02	 650.00	 700.00	 14.00	 17	 0.64	 
BFE_203	 1	 7	 2102.jpg	 9.125141e+02	 24	 999000	 240	 999000	 999	 9.135319e+02	 650.00	 700.00	 49.00	 2	 0.68	 
BFE_203	 1	 7	 1209.jpg	 9.145162e+02	 12	 999000	 120	 999000	 999	 9.155340e+02	 650.00	 700.00	 16.00	 30	 0.58	 
BFE_203	 1	 7	 2204.jpg	 9.165185e+02	 24	 999000	 240	 999000	 999	 9.175363e+02	 650.00	 700.00	 60.00	 25	 0.50	 
BFE_203	 1	 7	 1217.jpg	 9.185209e+02	 12	 999000	 120	 999000	 999	 9.195386e+02	 650.00	 700.00	 20.00	 38	 0.53	 
BFE_203	 1	 7	 1108.jpg	 9.205230e+02	 12	 999000	 120	 999000	 999	 9.215407e+02	 650.00	 700.00	 37.00	 8	 0.21	 
BFE_203	 1	 7	 1102.jpg	 9.265131e+02	 12	 999000	 120	 999000	 999	 9.275309e+02	 650.00	 700.00	 21.00	 2	 0.52	 
BFE_203	 1	 7	 2115.jpg	 9.295164e+02	 22	 1.046013e+03	 2200	 7.000567e+02	 98	 9.305342e+02	 650.00	 650.00	 53.00	 15	 0.62	 
BFE_203	 1	 7	 2108.jpg	 9.335209e+02	 24	 999000	 240	 999000	 999	 9.345386e+02	 650.00	 650.00	 77.00	 8	 0.21	 
