subjectID	 order	 runNum	 itemName	 onsetTime	 shuff_trialType	 RT	 respInTime	 AudioTime	 response	 fixationTime	 ladder1	 ladder2	 bidIndex	 itemNameIndex	 bidValue	 
BFE_204	 2	 20	 1218.jpg	 3.185707e+03	 12	 999000	 120	 999000	 999	 3.186725e+03	 516.67	 516.67	 4.00	 39	 0.77	 
BFE_204	 2	 20	 1101.jpg	 3.190696e+03	 12	 999000	 120	 999000	 999	 3.191714e+03	 516.67	 516.67	 7.00	 1	 0.72	 
BFE_204	 2	 20	 2208.jpg	 3.192698e+03	 22	 9.517102e+02	 220	 5.167172e+02	 98	 3.193716e+03	 516.67	 533.33	 57.00	 29	 0.55	 
BFE_204	 2	 20	 1214.jpg	 3.194701e+03	 12	 999000	 120	 999000	 999	 3.195718e+03	 516.67	 533.33	 12.00	 35	 0.64	 
BFE_204	 2	 20	 2108.jpg	 3.200691e+03	 22	 7.754247e+02	 220	 5.333713e+02	 98	 3.201708e+03	 516.67	 550.00	 49.00	 8	 0.72	 
BFE_204	 2	 20	 1217.jpg	 3.202693e+03	 12	 999000	 120	 999000	 999	 3.203711e+03	 516.67	 550.00	 13.00	 38	 0.61	 
BFE_204	 2	 20	 2120.jpg	 3.205696e+03	 24	 999000	 240	 999000	 999	 3.206714e+03	 516.67	 550.00	 55.00	 20	 0.57	 
BFE_204	 2	 20	 2206.jpg	 3.207698e+03	 24	 999000	 240	 999000	 999	 3.208716e+03	 516.67	 550.00	 50.00	 27	 0.68	 
BFE_204	 2	 20	 2219.jpg	 3.211703e+03	 22	 8.191353e+02	 220	 5.500308e+02	 98	 3.212721e+03	 516.67	 566.67	 51.00	 40	 0.65	 
BFE_204	 2	 20	 2202.jpg	 3.213688e+03	 22	 9.538233e+02	 220	 5.666995e+02	 98	 3.214706e+03	 516.67	 583.33	 48.00	 23	 0.75	 
BFE_204	 2	 20	 1111.jpg	 3.218694e+03	 12	 999000	 120	 999000	 999	 3.219712e+03	 516.67	 583.33	 18.00	 11	 0.56	 
BFE_204	 2	 20	 1118.jpg	 3.225702e+03	 12	 999000	 120	 999000	 999	 3.226720e+03	 516.67	 583.33	 37.00	 18	 0.15	 
BFE_204	 2	 20	 2218.jpg	 3.227687e+03	 24	 999000	 240	 999000	 999	 3.228705e+03	 516.67	 583.33	 43.00	 39	 0.87	 
BFE_204	 2	 20	 1209.jpg	 3.230691e+03	 11	 8.550468e+02	 110	 5.167182e+02	 98	 3.231709e+03	 533.33	 583.33	 8.00	 30	 0.69	 
BFE_204	 2	 20	 2204.jpg	 3.233694e+03	 24	 999000	 240	 999000	 999	 3.234712e+03	 533.33	 583.33	 60.00	 25	 0.51	 
BFE_204	 2	 20	 1215.jpg	 3.237699e+03	 11	 8.472825e+02	 110	 5.333617e+02	 98	 3.238717e+03	 550.00	 583.33	 11.00	 36	 0.66	 
BFE_204	 2	 20	 1205.jpg	 3.241703e+03	 11	 7.867373e+02	 110	 5.500318e+02	 98	 3.242721e+03	 566.67	 583.33	 17.00	 26	 0.56	 
BFE_204	 2	 20	 2203.jpg	 3.245691e+03	 24	 999000	 240	 999000	 999	 3.246709e+03	 566.67	 583.33	 53.00	 24	 0.59	 
BFE_204	 2	 20	 2216.jpg	 3.248694e+03	 24	 999000	 240	 999000	 999	 3.249712e+03	 566.67	 583.33	 52.00	 37	 0.62	 
BFE_204	 2	 20	 1210.jpg	 3.254701e+03	 12	 999000	 120	 999000	 999	 3.255719e+03	 566.67	 583.33	 22.00	 31	 0.49	 
BFE_204	 2	 20	 1219.jpg	 3.256703e+03	 12	 999000	 120	 999000	 999	 3.257721e+03	 566.67	 583.33	 3.00	 40	 0.84	 
BFE_204	 2	 20	 1207.jpg	 3.259690e+03	 12	 999000	 120	 999000	 999	 3.260708e+03	 566.67	 583.33	 21.00	 28	 0.51	 
BFE_204	 2	 20	 2103.jpg	 3.261692e+03	 24	 999000	 240	 999000	 999	 3.262710e+03	 566.67	 583.33	 62.00	 3	 0.47	 
BFE_204	 2	 20	 1204.jpg	 3.263695e+03	 11	 9.794360e+02	 110	 5.667066e+02	 98	 3.264712e+03	 583.33	 583.33	 9.00	 25	 0.68	 
BFE_204	 2	 20	 2106.jpg	 3.265697e+03	 22	 8.971723e+02	 220	 5.833671e+02	 98	 3.266715e+03	 583.33	 600.00	 56.00	 6	 0.56	 
BFE_204	 2	 20	 1208.jpg	 3.268700e+03	 11	 9.017235e+02	 110	 5.833608e+02	 98	 3.269718e+03	 600.00	 600.00	 14.00	 29	 0.60	 
BFE_204	 2	 20	 2101.jpg	 3.272688e+03	 22	 9.862854e+02	 220	 6.000323e+02	 98	 3.273706e+03	 600.00	 616.67	 54.00	 1	 0.58	 
BFE_204	 2	 20	 2215.jpg	 3.274690e+03	 24	 999000	 240	 999000	 999	 3.275708e+03	 600.00	 616.67	 58.00	 36	 0.54	 
BFE_204	 2	 20	 1109.jpg	 3.276692e+03	 12	 999000	 120	 999000	 999	 3.277710e+03	 600.00	 616.67	 19.00	 9	 0.55	 
BFE_204	 2	 20	 2117.jpg	 3.278695e+03	 24	 999000	 240	 999000	 999	 3.279712e+03	 600.00	 616.67	 78.00	 17	 0.22	 
BFE_204	 2	 20	 1203.jpg	 3.280697e+03	 12	 999000	 120	 999000	 999	 3.281715e+03	 600.00	 616.67	 20.00	 24	 0.52	 
BFE_204	 2	 20	 1108.jpg	 3.282699e+03	 11	 1.038767e+03	 1100	 6.000346e+02	 98	 3.283717e+03	 550.00	 616.67	 16.00	 8	 0.59	 
BFE_204	 2	 20	 2209.jpg	 3.286704e+03	 24	 999000	 240	 999000	 999	 3.287722e+03	 550.00	 616.67	 44.00	 30	 0.84	 
BFE_204	 2	 20	 1120.jpg	 3.290691e+03	 12	 999000	 120	 999000	 999	 3.291709e+03	 550.00	 616.67	 15.00	 20	 0.59	 
BFE_204	 2	 20	 2212.jpg	 3.292694e+03	 24	 999000	 240	 999000	 999	 3.293712e+03	 550.00	 616.67	 61.00	 33	 0.50	 
BFE_204	 2	 20	 2210.jpg	 3.294696e+03	 24	 999000	 240	 999000	 999	 3.295714e+03	 550.00	 616.67	 59.00	 31	 0.53	 
BFE_204	 2	 20	 1206.jpg	 3.296698e+03	 12	 999000	 120	 999000	 999	 3.297716e+03	 550.00	 616.67	 10.00	 27	 0.67	 
BFE_204	 2	 20	 2110.jpg	 3.298700e+03	 24	 999000	 240	 999000	 999	 3.299718e+03	 550.00	 616.67	 77.00	 10	 0.23	 
BFE_204	 2	 20	 2214.jpg	 3.304691e+03	 24	 999000	 240	 999000	 999	 3.305708e+03	 550.00	 616.67	 47.00	 35	 0.78	 
BFE_204	 2	 20	 1117.jpg	 3.306693e+03	 12	 999000	 120	 999000	 999	 3.307711e+03	 550.00	 616.67	 38.00	 17	 0.15	 
