subjectID	 order	 runNum	 itemName	 onsetTime	 shuff_trialType	 RT	 respInTime	 AudioTime	 response	 fixationTime	 ladder1	 ladder2	 bidIndex	 itemNameIndex	 bidValue	 
BFE_106	 2	 8	 2105.jpg	 9.652100e+02	 24	 999000	 240	 999000	 999	 9.662278e+02	 916.67	 850.00	 55.00	 5	 0.59	 
BFE_106	 2	 8	 1211.jpg	 9.671956e+02	 12	 999000	 120	 999000	 999	 9.682135e+02	 916.67	 850.00	 15.00	 32	 0.58	 
BFE_106	 2	 8	 1101.jpg	 9.712001e+02	 12	 999000	 120	 999000	 999	 9.722178e+02	 916.67	 850.00	 37.00	 1	 0.16	 
BFE_106	 2	 8	 1209.jpg	 9.742035e+02	 11	 5.508229e+02	 11	 9.167154e+02	 98	 9.752212e+02	 916.67	 850.00	 11.00	 30	 0.68	 
BFE_106	 2	 8	 2111.jpg	 9.761887e+02	 24	 999000	 240	 999000	 999	 9.772068e+02	 916.67	 850.00	 62.00	 11	 0.52	 
BFE_106	 2	 8	 1216.jpg	 9.791924e+02	 11	 4.979295e+02	 11	 9.167013e+02	 98	 9.802102e+02	 916.67	 850.00	 17.00	 37	 0.56	 
BFE_106	 2	 8	 1106.jpg	 9.831969e+02	 12	 999000	 120	 999000	 999	 9.842146e+02	 916.67	 850.00	 7.00	 6	 0.73	 
BFE_106	 2	 8	 2218.jpg	 9.872014e+02	 24	 999000	 240	 999000	 999	 9.882191e+02	 916.67	 850.00	 52.00	 39	 0.60	 
BFE_106	 2	 8	 2205.jpg	 9.892037e+02	 24	 999000	 240	 999000	 999	 9.902214e+02	 916.67	 850.00	 59.00	 26	 0.57	 
BFE_106	 2	 8	 1110.jpg	 9.941927e+02	 12	 999000	 120	 999000	 999	 9.952102e+02	 916.67	 850.00	 10.00	 10	 0.68	 
BFE_106	 2	 8	 2110.jpg	 9.961948e+02	 24	 999000	 240	 999000	 999	 9.972126e+02	 916.67	 850.00	 53.00	 10	 0.60	 
BFE_106	 2	 8	 2109.jpg	 9.981971e+02	 22	 5.732250e+02	 22	 8.500541e+02	 98	 9.992149e+02	 916.67	 866.67	 49.00	 9	 0.73	 
BFE_106	 2	 8	 2113.jpg	 1.004204e+03	 24	 999000	 240	 999000	 999	 1.005221e+03	 916.67	 866.67	 50.00	 13	 0.69	 
BFE_106	 2	 8	 2121.jpg	 1.006206e+03	 24	 999000	 240	 999000	 999	 1.007224e+03	 916.67	 866.67	 47.00	 21	 0.75	 
BFE_106	 2	 8	 2207.jpg	 1.008192e+03	 24	 999000	 240	 999000	 999	 1.009209e+03	 916.67	 866.67	 58.00	 28	 0.58	 
BFE_106	 2	 8	 2204.jpg	 1.010194e+03	 24	 999000	 240	 999000	 999	 1.011212e+03	 916.67	 866.67	 61.00	 25	 0.52	 
BFE_106	 2	 8	 2107.jpg	 1.014198e+03	 24	 999000	 240	 999000	 999	 1.015216e+03	 916.67	 866.67	 78.00	 7	 0.20	 
BFE_106	 2	 8	 1214.jpg	 1.018203e+03	 11	 5.995486e+02	 11	 9.166997e+02	 98	 1.019221e+03	 916.67	 866.67	 14.00	 35	 0.62	 
BFE_106	 2	 8	 2103.jpg	 1.021189e+03	 24	 999000	 240	 999000	 999	 1.022207e+03	 916.67	 866.67	 44.00	 3	 0.83	 
BFE_106	 2	 8	 1109.jpg	 1.025194e+03	 12	 5.443285e+02	 12	 999000	 98	 1.026212e+03	 916.67	 866.67	 4.00	 9	 0.82	 
BFE_106	 2	 8	 1205.jpg	 1.028197e+03	 12	 999000	 120	 999000	 999	 1.029215e+03	 916.67	 866.67	 3.00	 26	 0.83	 
BFE_106	 2	 8	 1207.jpg	 1.030200e+03	 12	 999000	 120	 999000	 999	 1.031217e+03	 916.67	 866.67	 21.00	 28	 0.50	 
BFE_106	 2	 8	 2119.jpg	 1.034204e+03	 24	 999000	 240	 999000	 999	 1.035222e+03	 916.67	 866.67	 77.00	 19	 0.21	 
BFE_106	 2	 8	 2206.jpg	 1.036189e+03	 22	 5.489419e+02	 22	 8.666945e+02	 98	 1.037207e+03	 916.67	 883.33	 48.00	 27	 0.73	 
BFE_106	 2	 8	 2208.jpg	 1.038192e+03	 22	 6.903700e+02	 22	 8.833647e+02	 98	 1.039210e+03	 916.67	 900.00	 51.00	 29	 0.65	 
BFE_106	 2	 8	 1219.jpg	 1.042196e+03	 11	 7.019299e+02	 11	 9.167086e+02	 98	 1.043214e+03	 916.67	 900.00	 16.00	 40	 0.57	 
BFE_106	 2	 8	 2115.jpg	 1.044199e+03	 22	 5.637280e+02	 22	 9.000372e+02	 98	 1.045216e+03	 916.67	 916.67	 57.00	 15	 0.58	 
BFE_106	 2	 8	 2209.jpg	 1.048203e+03	 22	 4.872410e+02	 22	 9.167052e+02	 98	 1.049221e+03	 916.67	 916.67	 56.00	 30	 0.59	 
BFE_106	 2	 8	 1121.jpg	 1.052191e+03	 12	 999000	 120	 999000	 999	 1.053209e+03	 916.67	 916.67	 12.00	 21	 0.65	 
BFE_106	 2	 8	 1208.jpg	 1.055194e+03	 12	 5.680495e+02	 12	 999000	 98	 1.056212e+03	 916.67	 916.67	 13.00	 29	 0.63	 
BFE_106	 2	 8	 1203.jpg	 1.061201e+03	 12	 999000	 120	 999000	 999	 1.062219e+03	 916.67	 916.67	 22.00	 24	 0.50	 
BFE_106	 2	 8	 2211.jpg	 1.063203e+03	 24	 999000	 240	 999000	 999	 1.064221e+03	 916.67	 916.67	 43.00	 32	 0.87	 
BFE_106	 2	 8	 1119.jpg	 1.067191e+03	 12	 999000	 120	 999000	 999	 1.068209e+03	 916.67	 916.67	 38.00	 19	 0.15	 
BFE_106	 2	 8	 1115.jpg	 1.069193e+03	 11	 8.890485e+02	 11	 9.167042e+02	 98	 1.070211e+03	 916.67	 916.67	 8.00	 15	 0.70	 
BFE_106	 2	 8	 1204.jpg	 1.071196e+03	 12	 5.827142e+02	 12	 999000	 98	 1.072213e+03	 916.67	 916.67	 20.00	 25	 0.51	 
BFE_106	 2	 8	 1218.jpg	 1.073198e+03	 12	 999000	 120	 999000	 999	 1.074216e+03	 916.67	 916.67	 19.00	 39	 0.54	 
BFE_106	 2	 8	 1213.jpg	 1.078203e+03	 11	 7.029468e+02	 11	 9.167024e+02	 98	 1.079221e+03	 916.67	 916.67	 9.00	 34	 0.69	 
BFE_106	 2	 8	 2214.jpg	 1.080189e+03	 22	 6.136597e+02	 22	 9.167008e+02	 98	 1.081207e+03	 916.67	 916.67	 54.00	 35	 0.59	 
BFE_106	 2	 8	 2106.jpg	 1.082191e+03	 24	 999000	 240	 999000	 999	 1.083209e+03	 916.67	 916.67	 60.00	 6	 0.54	 
BFE_106	 2	 8	 1217.jpg	 1.085195e+03	 12	 999000	 120	 999000	 999	 1.086212e+03	 916.67	 916.67	 18.00	 38	 0.54	 
