subjectID	 order	 runNum	 itemName	 onsetTime	 shuff_trialType	 RT	 respInTime	 AudioTime	 response	 fixationTime	 ladder1	 ladder2	 bidIndex	 itemNameIndex	 bidValue	 
BFE_103	 1	 10	 1218.jpg	 1.190111e+03	 12	 999000	 120	 999000	 999	 1.191129e+03	 783.33	 716.67	 16.00	 39	 0.53	 
BFE_103	 1	 10	 2217.jpg	 1.193097e+03	 24	 999000	 240	 999000	 999	 1.194115e+03	 783.33	 716.67	 54.00	 38	 0.65	 
BFE_103	 1	 10	 2206.jpg	 1.197102e+03	 24	 999000	 240	 999000	 999	 1.198120e+03	 783.33	 716.67	 60.00	 27	 0.51	 
BFE_103	 1	 10	 2104.jpg	 1.199104e+03	 24	 999000	 240	 999000	 999	 1.200122e+03	 783.33	 716.67	 59.00	 4	 0.53	 
BFE_103	 1	 10	 1114.jpg	 1.201107e+03	 12	 999000	 120	 999000	 999	 1.202124e+03	 783.33	 716.67	 14.00	 14	 0.57	 
BFE_103	 1	 10	 2121.jpg	 1.205094e+03	 22	 9.401686e+02	 220	 7.167073e+02	 98	 1.206112e+03	 783.33	 733.33	 53.00	 21	 0.67	 
BFE_103	 1	 10	 2213.jpg	 1.207097e+03	 22	 6.259674e+02	 22	 7.333659e+02	 98	 1.208114e+03	 783.33	 750.00	 50.00	 34	 0.70	 
BFE_103	 1	 10	 2219.jpg	 1.212102e+03	 24	 999000	 240	 999000	 999	 1.213120e+03	 783.33	 750.00	 48.00	 40	 0.73	 
BFE_103	 1	 10	 1111.jpg	 1.214104e+03	 12	 999000	 120	 999000	 999	 1.215122e+03	 783.33	 750.00	 38.00	 11	 0.16	 
BFE_103	 1	 10	 2119.jpg	 1.217108e+03	 24	 999000	 240	 999000	 999	 1.218125e+03	 783.33	 750.00	 77.00	 19	 0.19	 
BFE_103	 1	 10	 2113.jpg	 1.220095e+03	 24	 999000	 240	 999000	 999	 1.221112e+03	 783.33	 750.00	 44.00	 13	 0.76	 
BFE_103	 1	 10	 1214.jpg	 1.224099e+03	 11	 1.015586e+03	 1100	 7.833763e+02	 98	 1.225117e+03	 733.33	 750.00	 18.00	 35	 0.49	 
BFE_103	 1	 10	 1113.jpg	 1.227102e+03	 12	 999000	 120	 999000	 999	 1.228120e+03	 733.33	 750.00	 4.00	 13	 0.81	 
BFE_103	 1	 10	 1105.jpg	 1.229105e+03	 11	 9.219911e+02	 110	 7.333659e+02	 98	 1.230122e+03	 750.00	 750.00	 15.00	 5	 0.55	 
BFE_103	 1	 10	 1117.jpg	 1.232091e+03	 12	 999000	 120	 999000	 999	 1.233109e+03	 750.00	 750.00	 22.00	 17	 0.46	 
BFE_103	 1	 10	 2205.jpg	 1.236096e+03	 24	 999000	 240	 999000	 999	 1.237114e+03	 750.00	 750.00	 56.00	 26	 0.64	 
BFE_103	 1	 10	 1204.jpg	 1.239099e+03	 11	 1.015239e+03	 1100	 7.500297e+02	 98	 1.240117e+03	 700.00	 750.00	 7.00	 25	 0.78	 
BFE_103	 1	 10	 2207.jpg	 1.241101e+03	 22	 8.051128e+02	 220	 7.500405e+02	 98	 1.242119e+03	 700.00	 766.67	 52.00	 28	 0.67	 
BFE_103	 1	 10	 2105.jpg	 1.243104e+03	 22	 6.269582e+02	 22	 7.667079e+02	 98	 1.244121e+03	 700.00	 783.33	 47.00	 5	 0.73	 
BFE_103	 1	 10	 2203.jpg	 1.248092e+03	 24	 999000	 240	 999000	 999	 1.249110e+03	 700.00	 783.33	 49.00	 24	 0.70	 
BFE_103	 1	 10	 2120.jpg	 1.252097e+03	 24	 999000	 240	 999000	 999	 1.253115e+03	 700.00	 783.33	 78.00	 20	 0.16	 
BFE_103	 1	 10	 1213.jpg	 1.256102e+03	 11	 7.967871e+02	 110	 7.000346e+02	 98	 1.257119e+03	 716.67	 783.33	 12.00	 34	 0.67	 
BFE_103	 1	 10	 1104.jpg	 1.262091e+03	 12	 999000	 120	 999000	 999	 1.263109e+03	 716.67	 783.33	 9.00	 4	 0.73	 
BFE_103	 1	 10	 1109.jpg	 1.264094e+03	 12	 7.007003e+02	 12	 999000	 98	 1.265112e+03	 716.67	 783.33	 11.00	 9	 0.71	 
BFE_103	 1	 10	 1211.jpg	 1.266096e+03	 12	 999000	 120	 999000	 999	 1.267114e+03	 716.67	 783.33	 20.00	 32	 0.47	 
BFE_103	 1	 10	 1217.jpg	 1.268098e+03	 12	 999000	 120	 999000	 999	 1.269116e+03	 716.67	 783.33	 3.00	 38	 0.84	 
BFE_103	 1	 10	 1112.jpg	 1.270101e+03	 12	 999000	 120	 999000	 999	 1.271118e+03	 716.67	 783.33	 37.00	 12	 0.18	 
BFE_103	 1	 10	 1203.jpg	 1.274105e+03	 12	 999000	 120	 999000	 999	 1.275123e+03	 716.67	 783.33	 19.00	 24	 0.48	 
BFE_103	 1	 10	 1121.jpg	 1.276107e+03	 12	 999000	 120	 999000	 999	 1.277125e+03	 716.67	 783.33	 21.00	 21	 0.46	 
BFE_103	 1	 10	 2116.jpg	 1.280095e+03	 24	 999000	 240	 999000	 999	 1.281113e+03	 716.67	 783.33	 61.00	 16	 0.49	 
BFE_103	 1	 10	 2211.jpg	 1.282098e+03	 24	 999000	 240	 999000	 999	 1.283115e+03	 716.67	 783.33	 51.00	 32	 0.68	 
BFE_103	 1	 10	 2115.jpg	 1.284100e+03	 24	 999000	 240	 999000	 999	 1.285117e+03	 716.67	 783.33	 57.00	 15	 0.58	 
BFE_103	 1	 10	 1110.jpg	 1.286102e+03	 11	 1.004677e+03	 1100	 7.167041e+02	 98	 1.287120e+03	 666.67	 783.33	 13.00	 10	 0.61	 
BFE_103	 1	 10	 1209.jpg	 1.291108e+03	 12	 999000	 120	 999000	 999	 1.292125e+03	 666.67	 783.33	 8.00	 30	 0.74	 
BFE_103	 1	 10	 2109.jpg	 1.293093e+03	 22	 9.493896e+02	 220	 7.833724e+02	 98	 1.294111e+03	 666.67	 800.00	 58.00	 9	 0.58	 
BFE_103	 1	 10	 2106.jpg	 1.295095e+03	 24	 999000	 240	 999000	 999	 1.296113e+03	 666.67	 800.00	 62.00	 6	 0.49	 
BFE_103	 1	 10	 1102.jpg	 1.298099e+03	 12	 999000	 120	 999000	 999	 1.299117e+03	 666.67	 800.00	 17.00	 2	 0.50	 
BFE_103	 1	 10	 1115.jpg	 1.305107e+03	 11	 9.039293e+02	 110	 6.666968e+02	 98	 1.306124e+03	 683.33	 800.00	 10.00	 15	 0.72	 
BFE_103	 1	 10	 2218.jpg	 1.309094e+03	 22	 1.044048e+03	 2200	 8.000339e+02	 98	 1.310112e+03	 683.33	 750.00	 55.00	 39	 0.65	 
BFE_103	 1	 10	 2209.jpg	 1.316102e+03	 24	 999000	 240	 999000	 999	 1.317120e+03	 683.33	 750.00	 43.00	 30	 0.78	 
