subjectID	 order	 runNum	 itemName	 onsetTime	 shuff_trialType	 RT	 respInTime	 AudioTime	 response	 fixationTime	 ladder1	 ladder2	 bidIndex	 itemNameIndex	 bidValue	 
BFE_105	 1	 3	 1112.jpg	 2.660633e+02	 12	 999000	 120	 999000	 999	 2.670811e+02	 683.33	 750.00	 38.00	 12	 0.20	 
BFE_105	 1	 3	 2214.jpg	 2.690500e+02	 24	 999000	 240	 999000	 999	 2.700678e+02	 683.33	 750.00	 54.00	 35	 0.62	 
BFE_105	 1	 3	 2118.jpg	 2.730545e+02	 24	 999000	 240	 999000	 999	 2.740723e+02	 683.33	 750.00	 78.00	 18	 0.18	 
BFE_105	 1	 3	 2121.jpg	 2.750567e+02	 24	 999000	 240	 999000	 999	 2.760745e+02	 683.33	 750.00	 51.00	 21	 0.66	 
BFE_105	 1	 3	 2216.jpg	 2.770590e+02	 22	 9.510691e+02	 220	 7.500391e+02	 98	 2.780768e+02	 683.33	 766.67	 50.00	 37	 0.68	 
BFE_105	 1	 3	 2103.jpg	 2.810466e+02	 24	 999000	 240	 999000	 999	 2.820646e+02	 683.33	 766.67	 43.00	 3	 0.82	 
BFE_105	 1	 3	 2114.jpg	 2.830490e+02	 24	 999000	 240	 999000	 999	 2.840668e+02	 683.33	 766.67	 44.00	 14	 0.80	 
BFE_105	 1	 3	 1103.jpg	 2.880546e+02	 11	 9.554017e+02	 110	 6.833891e+02	 98	 2.890725e+02	 700.00	 766.67	 15.00	 3	 0.60	 
BFE_105	 1	 3	 1203.jpg	 2.900569e+02	 12	 999000	 120	 999000	 999	 2.910747e+02	 700.00	 766.67	 20.00	 24	 0.51	 
BFE_105	 1	 3	 2218.jpg	 2.930603e+02	 22	 1.053767e+03	 2200	 7.666980e+02	 98	 2.940780e+02	 700.00	 716.67	 55.00	 39	 0.62	 
BFE_105	 1	 3	 1107.jpg	 2.960468e+02	 12	 999000	 120	 999000	 999	 2.970647e+02	 700.00	 716.67	 22.00	 7	 0.45	 
BFE_105	 1	 3	 1219.jpg	 3.000515e+02	 12	 999000	 120	 999000	 999	 3.010692e+02	 700.00	 716.67	 14.00	 40	 0.61	 
BFE_105	 1	 3	 1208.jpg	 3.030549e+02	 11	 9.231507e+02	 110	 7.000263e+02	 98	 3.040726e+02	 716.67	 716.67	 18.00	 29	 0.52	 
BFE_105	 1	 3	 2217.jpg	 3.050571e+02	 22	 1.024938e+03	 2200	 7.167001e+02	 98	 3.060748e+02	 716.67	 666.67	 53.00	 38	 0.64	 
BFE_105	 1	 3	 1121.jpg	 3.080605e+02	 12	 999000	 120	 999000	 999	 3.090783e+02	 716.67	 666.67	 17.00	 21	 0.52	 
BFE_105	 1	 3	 2208.jpg	 3.120482e+02	 24	 999000	 240	 999000	 999	 3.130661e+02	 716.67	 666.67	 60.00	 29	 0.53	 
BFE_105	 1	 3	 2206.jpg	 3.150516e+02	 24	 999000	 240	 999000	 999	 3.160694e+02	 716.67	 666.67	 61.00	 27	 0.52	 
BFE_105	 1	 3	 1209.jpg	 3.170539e+02	 11	 9.241290e+02	 110	 7.166996e+02	 98	 3.180716e+02	 733.33	 666.67	 10.00	 30	 0.69	 
BFE_105	 1	 3	 2209.jpg	 3.190561e+02	 24	 999000	 240	 999000	 999	 3.200739e+02	 733.33	 666.67	 49.00	 30	 0.73	 
BFE_105	 1	 3	 1202.jpg	 3.240618e+02	 12	 999000	 120	 999000	 999	 3.250795e+02	 733.33	 666.67	 8.00	 23	 0.75	 
BFE_105	 1	 3	 2213.jpg	 3.280496e+02	 22	 8.645078e+02	 220	 6.666986e+02	 98	 3.290674e+02	 733.33	 683.33	 52.00	 34	 0.65	 
BFE_105	 1	 3	 1216.jpg	 3.320540e+02	 11	 9.720190e+02	 110	 7.333660e+02	 98	 3.330719e+02	 750.00	 683.33	 12.00	 37	 0.64	 
BFE_105	 1	 3	 1106.jpg	 3.380608e+02	 12	 999000	 120	 999000	 999	 3.390786e+02	 750.00	 683.33	 3.00	 6	 0.80	 
BFE_105	 1	 3	 2215.jpg	 3.400461e+02	 24	 999000	 240	 999000	 999	 3.410641e+02	 750.00	 683.33	 59.00	 36	 0.54	 
BFE_105	 1	 3	 1215.jpg	 3.420487e+02	 12	 999000	 120	 999000	 999	 3.430663e+02	 750.00	 683.33	 19.00	 36	 0.51	 
BFE_105	 1	 3	 1205.jpg	 3.440509e+02	 11	 1.007110e+03	 1100	 7.500256e+02	 98	 3.450704e+02	 700.00	 683.33	 7.00	 26	 0.77	 
BFE_105	 1	 3	 2106.jpg	 3.460531e+02	 22	 5.649371e+02	 22	 6.833651e+02	 98	 3.470710e+02	 700.00	 700.00	 47.00	 6	 0.74	 
BFE_105	 1	 3	 1102.jpg	 3.500577e+02	 11	 9.603891e+02	 110	 7.000383e+02	 98	 3.510754e+02	 716.67	 700.00	 13.00	 2	 0.62	 
BFE_105	 1	 3	 1110.jpg	 3.520599e+02	 12	 999000	 120	 999000	 999	 3.530777e+02	 716.67	 700.00	 37.00	 10	 0.20	 
BFE_105	 1	 3	 1213.jpg	 3.560477e+02	 12	 999000	 120	 999000	 999	 3.570654e+02	 716.67	 700.00	 11.00	 34	 0.68	 
BFE_105	 1	 3	 2117.jpg	 3.580500e+02	 24	 999000	 240	 999000	 999	 3.590677e+02	 716.67	 700.00	 77.00	 17	 0.20	 
BFE_105	 1	 3	 1201.jpg	 3.600522e+02	 12	 999000	 120	 999000	 999	 3.610700e+02	 716.67	 700.00	 4.00	 22	 0.78	 
BFE_105	 1	 3	 2109.jpg	 3.620544e+02	 22	 9.636669e+02	 220	 7.000348e+02	 98	 3.630722e+02	 716.67	 716.67	 58.00	 9	 0.56	 
BFE_105	 1	 3	 2219.jpg	 3.670601e+02	 24	 999000	 240	 999000	 999	 3.680778e+02	 716.67	 716.67	 62.00	 40	 0.51	 
BFE_105	 1	 3	 1113.jpg	 3.690623e+02	 12	 999000	 120	 999000	 999	 3.700801e+02	 716.67	 716.67	 9.00	 13	 0.70	 
BFE_105	 1	 3	 1218.jpg	 3.710478e+02	 12	 999000	 120	 999000	 999	 3.720656e+02	 716.67	 716.67	 16.00	 39	 0.60	 
BFE_105	 1	 3	 2211.jpg	 3.740513e+02	 24	 999000	 240	 999000	 999	 3.750690e+02	 716.67	 716.67	 48.00	 32	 0.73	 
BFE_105	 1	 3	 2204.jpg	 3.810591e+02	 24	 999000	 240	 999000	 999	 3.820768e+02	 716.67	 716.67	 57.00	 25	 0.58	 
BFE_105	 1	 3	 2202.jpg	 3.850469e+02	 24	 999000	 240	 999000	 999	 3.860647e+02	 716.67	 716.67	 56.00	 23	 0.60	 
BFE_105	 1	 3	 1119.jpg	 3.920548e+02	 12	 999000	 120	 999000	 999	 3.930725e+02	 716.67	 716.67	 21.00	 19	 0.49	 
