subjectID	 order	 runNum	 itemName	 onsetTime	 shuff_trialType	 RT	 respInTime	 AudioTime	 response	 fixationTime	 ladder1	 ladder2	 bidIndex	 itemNameIndex	 bidValue	 
BFE_107	 1	 20	 2201.jpg	 2.649938e+03	 24	 999000	 240	 999000	 999	 2.650956e+03	 916.67	 916.67	 49.00	 22	 0.73	 
BFE_107	 1	 20	 1214.jpg	 2.652925e+03	 11	 5.494939e+02	 11	 9.167212e+02	 98	 2.653943e+03	 916.67	 916.67	 15.00	 35	 0.59	 
BFE_107	 1	 20	 2116.jpg	 2.656929e+03	 22	 4.969970e+02	 22	 9.167184e+02	 98	 2.657947e+03	 916.67	 916.67	 58.00	 16	 0.55	 
BFE_107	 1	 20	 2117.jpg	 2.658932e+03	 24	 999000	 240	 999000	 999	 2.659949e+03	 916.67	 916.67	 78.00	 17	 0.15	 
BFE_107	 1	 20	 1103.jpg	 2.660934e+03	 12	 999000	 120	 999000	 999	 2.661952e+03	 916.67	 916.67	 9.00	 3	 0.71	 
BFE_107	 1	 20	 2109.jpg	 2.664938e+03	 24	 999000	 240	 999000	 999	 2.665956e+03	 916.67	 916.67	 56.00	 9	 0.58	 
BFE_107	 1	 20	 1205.jpg	 2.666924e+03	 12	 999000	 120	 999000	 999	 2.667942e+03	 916.67	 916.67	 4.00	 26	 0.82	 
BFE_107	 1	 20	 1201.jpg	 2.671929e+03	 12	 999000	 120	 999000	 999	 2.672947e+03	 916.67	 916.67	 11.00	 22	 0.66	 
BFE_107	 1	 20	 2213.jpg	 2.673932e+03	 24	 999000	 240	 999000	 999	 2.674950e+03	 916.67	 916.67	 61.00	 34	 0.49	 
BFE_107	 1	 20	 1209.jpg	 2.676935e+03	 12	 999000	 120	 999000	 999	 2.677953e+03	 916.67	 916.67	 16.00	 30	 0.58	 
BFE_107	 1	 20	 2218.jpg	 2.679939e+03	 24	 999000	 240	 999000	 999	 2.680956e+03	 916.67	 916.67	 57.00	 39	 0.58	 
BFE_107	 1	 20	 2113.jpg	 2.683926e+03	 24	 999000	 240	 999000	 999	 2.684944e+03	 916.67	 916.67	 54.00	 13	 0.60	 
BFE_107	 1	 20	 1109.jpg	 2.686930e+03	 11	 5.686890e+02	 11	 9.167319e+02	 98	 2.687947e+03	 916.67	 916.67	 13.00	 9	 0.63	 
BFE_107	 1	 20	 1217.jpg	 2.688932e+03	 11	 6.946242e+02	 11	 9.166944e+02	 98	 2.689950e+03	 916.67	 916.67	 12.00	 38	 0.63	 
BFE_107	 1	 20	 1110.jpg	 2.691935e+03	 12	 999000	 120	 999000	 999	 2.692953e+03	 916.67	 916.67	 21.00	 10	 0.46	 
BFE_107	 1	 20	 1202.jpg	 2.695923e+03	 11	 4.954747e+02	 11	 9.167020e+02	 98	 2.696941e+03	 916.67	 916.67	 10.00	 23	 0.69	 
BFE_107	 1	 20	 1216.jpg	 2.698927e+03	 12	 999000	 120	 999000	 999	 2.699944e+03	 916.67	 916.67	 22.00	 37	 0.46	 
BFE_107	 1	 20	 2101.jpg	 2.700929e+03	 24	 999000	 240	 999000	 999	 2.701946e+03	 916.67	 916.67	 77.00	 1	 0.18	 
BFE_107	 1	 20	 1115.jpg	 2.702931e+03	 12	 999000	 120	 999000	 999	 2.703949e+03	 916.67	 916.67	 14.00	 15	 0.62	 
BFE_107	 1	 20	 2121.jpg	 2.707937e+03	 24	 999000	 240	 999000	 999	 2.708954e+03	 916.67	 916.67	 60.00	 21	 0.50	 
BFE_107	 1	 20	 2203.jpg	 2.711924e+03	 22	 5.580008e+02	 22	 9.166957e+02	 98	 2.712942e+03	 916.67	 916.67	 53.00	 24	 0.60	 
BFE_107	 1	 20	 2205.jpg	 2.715929e+03	 24	 999000	 240	 999000	 999	 2.716947e+03	 916.67	 916.67	 48.00	 26	 0.73	 
BFE_107	 1	 20	 1105.jpg	 2.721936e+03	 12	 999000	 120	 999000	 999	 2.722953e+03	 916.67	 916.67	 3.00	 5	 0.84	 
BFE_107	 1	 20	 1111.jpg	 2.723938e+03	 12	 8.165030e+02	 12	 999000	 98	 2.724956e+03	 916.67	 916.67	 17.00	 11	 0.57	 
BFE_107	 1	 20	 2214.jpg	 2.725923e+03	 24	 7.432020e+02	 24	 999000	 98	 2.726941e+03	 916.67	 916.67	 44.00	 35	 0.80	 
BFE_107	 1	 20	 2104.jpg	 2.727926e+03	 22	 5.887150e+02	 22	 9.167033e+02	 98	 2.728944e+03	 916.67	 916.67	 50.00	 4	 0.67	 
BFE_107	 1	 20	 2209.jpg	 2.729928e+03	 24	 999000	 240	 999000	 999	 2.730946e+03	 916.67	 916.67	 59.00	 30	 0.51	 
BFE_107	 1	 20	 1107.jpg	 2.733933e+03	 11	 5.098513e+02	 11	 9.166943e+02	 98	 2.734950e+03	 916.67	 916.67	 18.00	 7	 0.53	 
BFE_107	 1	 20	 2202.jpg	 2.735935e+03	 24	 999000	 240	 999000	 999	 2.736953e+03	 916.67	 916.67	 51.00	 23	 0.64	 
BFE_107	 1	 20	 1106.jpg	 2.739939e+03	 11	 5.991222e+02	 11	 9.167023e+02	 98	 2.740957e+03	 916.67	 916.67	 7.00	 6	 0.74	 
BFE_107	 1	 20	 2105.jpg	 2.741925e+03	 22	 6.215768e+02	 22	 9.167159e+02	 98	 2.742943e+03	 916.67	 916.67	 47.00	 5	 0.76	 
BFE_107	 1	 20	 1212.jpg	 2.743927e+03	 12	 999000	 120	 999000	 999	 2.744945e+03	 916.67	 916.67	 37.00	 33	 0.21	 
BFE_107	 1	 20	 2111.jpg	 2.745929e+03	 22	 7.370552e+02	 22	 9.166988e+02	 98	 2.746947e+03	 916.67	 916.67	 52.00	 11	 0.63	 
BFE_107	 1	 20	 2217.jpg	 2.750935e+03	 24	 999000	 240	 999000	 999	 2.751953e+03	 916.67	 916.67	 43.00	 38	 0.81	 
BFE_107	 1	 20	 2219.jpg	 2.752937e+03	 22	 6.012915e+02	 22	 9.167053e+02	 98	 2.753955e+03	 916.67	 916.67	 55.00	 40	 0.58	 
BFE_107	 1	 20	 2207.jpg	 2.754939e+03	 24	 999000	 240	 999000	 999	 2.755957e+03	 916.67	 916.67	 62.00	 28	 0.47	 
BFE_107	 1	 20	 1113.jpg	 2.757926e+03	 12	 999000	 120	 999000	 999	 2.758944e+03	 916.67	 916.67	 8.00	 13	 0.73	 
BFE_107	 1	 20	 1213.jpg	 2.764934e+03	 12	 999000	 120	 999000	 999	 2.765952e+03	 916.67	 916.67	 19.00	 34	 0.49	 
BFE_107	 1	 20	 1211.jpg	 2.768939e+03	 12	 999000	 120	 999000	 999	 2.769956e+03	 916.67	 916.67	 20.00	 32	 0.46	 
BFE_107	 1	 20	 1118.jpg	 2.775930e+03	 12	 999000	 120	 999000	 999	 2.776947e+03	 916.67	 916.67	 38.00	 18	 0.12	 
