subjectID	 order	 runNum	 itemName	 onsetTime	 shuff_trialType	 RT	 respInTime	 AudioTime	 response	 fixationTime	 ladder1	 ladder2	 bidIndex	 itemNameIndex	 bidValue	 
BFE_104	 2	 2	 1119.jpg	 1.251576e+02	 12	 999000	 120	 999000	 999	 1.261753e+02	 783.33	 716.67	 19.00	 19	 0.49	 
BFE_104	 2	 2	 1115.jpg	 1.301465e+02	 12	 999000	 120	 999000	 999	 1.311643e+02	 783.33	 716.67	 13.00	 15	 0.54	 
BFE_104	 2	 2	 2102.jpg	 1.321487e+02	 24	 999000	 240	 999000	 999	 1.331665e+02	 783.33	 716.67	 58.00	 2	 0.52	 
BFE_104	 2	 2	 2216.jpg	 1.341510e+02	 24	 999000	 240	 999000	 999	 1.351688e+02	 783.33	 716.67	 47.00	 37	 0.67	 
BFE_104	 2	 2	 1207.jpg	 1.401577e+02	 12	 999000	 120	 999000	 999	 1.411755e+02	 783.33	 716.67	 7.00	 28	 0.63	 
BFE_104	 2	 2	 1210.jpg	 1.421433e+02	 12	 999000	 120	 999000	 999	 1.431611e+02	 783.33	 716.67	 38.00	 31	 0.30	 
BFE_104	 2	 2	 1211.jpg	 1.451466e+02	 12	 999000	 120	 999000	 999	 1.461644e+02	 783.33	 716.67	 20.00	 32	 0.47	 
BFE_104	 2	 2	 1113.jpg	 1.471489e+02	 12	 999000	 120	 999000	 999	 1.481667e+02	 783.33	 716.67	 37.00	 13	 0.34	 
BFE_104	 2	 2	 1118.jpg	 1.511534e+02	 12	 999000	 120	 999000	 999	 1.521711e+02	 783.33	 716.67	 10.00	 18	 0.57	 
BFE_104	 2	 2	 1204.jpg	 1.531556e+02	 11	 1.038229e+03	 1100	 7.833837e+02	 98	 1.541734e+02	 733.33	 716.67	 9.00	 25	 0.58	 
BFE_104	 2	 2	 2117.jpg	 1.581445e+02	 24	 999000	 240	 999000	 999	 1.591624e+02	 733.33	 716.67	 78.00	 17	 0.22	 
BFE_104	 2	 2	 1103.jpg	 1.651524e+02	 12	 999000	 120	 999000	 999	 1.661702e+02	 733.33	 716.67	 18.00	 3	 0.49	 
BFE_104	 2	 2	 1215.jpg	 1.671546e+02	 11	 9.271815e+02	 110	 7.333697e+02	 98	 1.681724e+02	 750.00	 716.67	 11.00	 36	 0.57	 
BFE_104	 2	 2	 1104.jpg	 1.701580e+02	 11	 7.557932e+02	 110	 7.500457e+02	 98	 1.711758e+02	 766.67	 716.67	 17.00	 4	 0.50	 
BFE_104	 2	 2	 2107.jpg	 1.731447e+02	 24	 999000	 240	 999000	 999	 1.741625e+02	 766.67	 716.67	 77.00	 7	 0.26	 
BFE_104	 2	 2	 2110.jpg	 1.771492e+02	 24	 999000	 240	 999000	 999	 1.781669e+02	 766.67	 716.67	 59.00	 10	 0.52	 
BFE_104	 2	 2	 2201.jpg	 1.811537e+02	 24	 999000	 240	 999000	 999	 1.821714e+02	 766.67	 716.67	 52.00	 22	 0.60	 
BFE_104	 2	 2	 1213.jpg	 1.851413e+02	 12	 999000	 120	 999000	 999	 1.861592e+02	 766.67	 716.67	 4.00	 34	 0.71	 
BFE_104	 2	 2	 2114.jpg	 1.881449e+02	 22	 9.529524e+02	 220	 7.167221e+02	 98	 1.891627e+02	 766.67	 733.33	 51.00	 14	 0.65	 
BFE_104	 2	 2	 1201.jpg	 1.941517e+02	 12	 999000	 120	 999000	 999	 1.951694e+02	 766.67	 733.33	 3.00	 22	 0.73	 
BFE_104	 2	 2	 2119.jpg	 1.961538e+02	 24	 999000	 240	 999000	 999	 1.971715e+02	 766.67	 733.33	 60.00	 19	 0.51	 
BFE_104	 2	 2	 2217.jpg	 1.991572e+02	 24	 999000	 240	 999000	 999	 2.001750e+02	 766.67	 733.33	 44.00	 38	 0.75	 
BFE_104	 2	 2	 2211.jpg	 2.011424e+02	 22	 9.954179e+02	 220	 7.333701e+02	 98	 2.021606e+02	 766.67	 750.00	 54.00	 32	 0.55	 
BFE_104	 2	 2	 2112.jpg	 2.031451e+02	 24	 999000	 240	 999000	 999	 2.041628e+02	 766.67	 750.00	 53.00	 12	 0.58	 
BFE_104	 2	 2	 2113.jpg	 2.051472e+02	 22	 9.506377e+02	 220	 7.500426e+02	 98	 2.061650e+02	 766.67	 766.67	 56.00	 13	 0.54	 
BFE_104	 2	 2	 2208.jpg	 2.081506e+02	 22	 9.792068e+02	 220	 7.667006e+02	 98	 2.091685e+02	 766.67	 783.33	 57.00	 29	 0.52	 
BFE_104	 2	 2	 2205.jpg	 2.121552e+02	 24	 999000	 240	 999000	 999	 2.131729e+02	 766.67	 783.33	 50.00	 26	 0.65	 
BFE_104	 2	 2	 1116.jpg	 2.141574e+02	 12	 999000	 120	 999000	 999	 2.151751e+02	 766.67	 783.33	 15.00	 16	 0.54	 
BFE_104	 2	 2	 1111.jpg	 2.161429e+02	 12	 999000	 120	 999000	 999	 2.171606e+02	 766.67	 783.33	 12.00	 11	 0.54	 
BFE_104	 2	 2	 1121.jpg	 2.181452e+02	 11	 1.008620e+03	 1100	 7.666953e+02	 98	 2.191630e+02	 716.67	 783.33	 8.00	 21	 0.61	 
BFE_104	 2	 2	 1102.jpg	 2.201474e+02	 11	 1.006475e+03	 1100	 7.166948e+02	 98	 2.211652e+02	 666.67	 783.33	 14.00	 2	 0.54	 
BFE_104	 2	 2	 1212.jpg	 2.221497e+02	 12	 999000	 120	 999000	 999	 2.231674e+02	 666.67	 783.33	 21.00	 33	 0.47	 
BFE_104	 2	 2	 2202.jpg	 2.261541e+02	 24	 999000	 240	 999000	 999	 2.271719e+02	 666.67	 783.33	 61.00	 23	 0.50	 
BFE_104	 2	 2	 2206.jpg	 2.301418e+02	 22	 1.204062e+03	 2200	 7.833700e+02	 98	 2.311596e+02	 666.67	 733.33	 48.00	 27	 0.66	 
BFE_104	 2	 2	 1112.jpg	 2.321442e+02	 12	 999000	 120	 999000	 999	 2.331619e+02	 666.67	 733.33	 22.00	 12	 0.47	 
BFE_104	 2	 2	 2103.jpg	 2.341464e+02	 24	 999000	 240	 999000	 999	 2.351642e+02	 666.67	 733.33	 43.00	 3	 0.80	 
BFE_104	 2	 2	 1114.jpg	 2.361486e+02	 11	 9.011784e+02	 110	 6.666989e+02	 98	 2.371665e+02	 683.33	 733.33	 16.00	 14	 0.53	 
BFE_104	 2	 2	 2115.jpg	 2.381509e+02	 24	 999000	 240	 999000	 999	 2.391686e+02	 683.33	 733.33	 55.00	 15	 0.54	 
BFE_104	 2	 2	 2209.jpg	 2.441577e+02	 22	 9.481677e+02	 220	 7.333662e+02	 98	 2.451754e+02	 683.33	 750.00	 49.00	 30	 0.66	 
BFE_104	 2	 2	 2213.jpg	 2.461432e+02	 24	 999000	 240	 999000	 999	 2.471609e+02	 683.33	 750.00	 62.00	 34	 0.49	 
