subjectID	 order	 runNum	 itemName	 onsetTime	 shuff_trialType	 RT	 respInTime	 AudioTime	 response	 fixationTime	 ladder1	 ladder2	 bidIndex	 itemNameIndex	 bidValue	 
BFE_105	 1	 1	 2106.jpg	 1.316377e+00	 22	 1.101686e+03	 2200	 7.500575e+02	 98	 2.333791e+00	 750.00	 700.00	 47.00	 6	 0.74	 
BFE_105	 1	 1	 1102.jpg	 4.302860e+00	 11	 1.075187e+03	 1100	 7.500439e+02	 98	 5.320453e+00	 700.00	 700.00	 13.00	 2	 0.62	 
BFE_105	 1	 1	 1110.jpg	 6.305046e+00	 12	 999000	 120	 999000	 999	 7.322745e+00	 700.00	 700.00	 37.00	 10	 0.20	 
BFE_105	 1	 1	 2211.jpg	 8.307268e+00	 24	 999000	 240	 999000	 999	 9.324951e+00	 700.00	 700.00	 48.00	 32	 0.73	 
BFE_105	 1	 1	 1119.jpg	 1.030944e+01	 12	 999000	 120	 999000	 999	 1.132725e+01	 700.00	 700.00	 21.00	 19	 0.49	 
BFE_105	 1	 1	 1113.jpg	 1.331290e+01	 12	 999000	 120	 999000	 999	 1.433064e+01	 700.00	 700.00	 9.00	 13	 0.70	 
BFE_105	 1	 1	 2209.jpg	 1.531508e+01	 24	 999000	 240	 999000	 999	 1.633283e+01	 700.00	 700.00	 49.00	 30	 0.73	 
BFE_105	 1	 1	 1218.jpg	 1.930291e+01	 12	 999000	 120	 999000	 999	 2.032075e+01	 700.00	 700.00	 16.00	 39	 0.60	 
BFE_105	 1	 1	 1219.jpg	 2.130517e+01	 12	 999000	 120	 999000	 999	 2.232290e+01	 700.00	 700.00	 14.00	 40	 0.61	 
BFE_105	 1	 1	 1213.jpg	 2.631088e+01	 12	 999000	 120	 999000	 999	 2.732854e+01	 700.00	 700.00	 11.00	 34	 0.68	 
BFE_105	 1	 1	 1103.jpg	 2.831311e+01	 11	 9.209215e+02	 110	 7.000266e+02	 98	 2.933081e+01	 716.67	 700.00	 15.00	 3	 0.60	 
BFE_105	 1	 1	 1209.jpg	 3.231768e+01	 11	 1.044363e+03	 1100	 7.167043e+02	 98	 3.333528e+01	 666.67	 700.00	 10.00	 30	 0.69	 
BFE_105	 1	 1	 2118.jpg	 3.430318e+01	 24	 999000	 240	 999000	 999	 3.532089e+01	 666.67	 700.00	 78.00	 18	 0.18	 
BFE_105	 1	 1	 2204.jpg	 3.730657e+01	 24	 999000	 240	 999000	 999	 3.832425e+01	 666.67	 700.00	 57.00	 25	 0.58	 
BFE_105	 1	 1	 1215.jpg	 4.231211e+01	 12	 999000	 120	 999000	 999	 4.332984e+01	 666.67	 700.00	 19.00	 36	 0.51	 
BFE_105	 1	 1	 2216.jpg	 4.431432e+01	 22	 9.917212e+02	 220	 7.000320e+02	 98	 4.533209e+01	 666.67	 716.67	 50.00	 37	 0.68	 
BFE_105	 1	 1	 2117.jpg	 4.631661e+01	 24	 999000	 240	 999000	 999	 4.733429e+01	 666.67	 716.67	 77.00	 17	 0.20	 
BFE_105	 1	 1	 2215.jpg	 5.030443e+01	 24	 999000	 240	 999000	 999	 5.132218e+01	 666.67	 716.67	 59.00	 36	 0.54	 
BFE_105	 1	 1	 2202.jpg	 5.430887e+01	 24	 999000	 240	 999000	 999	 5.532666e+01	 666.67	 716.67	 56.00	 23	 0.60	 
BFE_105	 1	 1	 2206.jpg	 5.831337e+01	 24	 999000	 240	 999000	 999	 5.933111e+01	 666.67	 716.67	 61.00	 27	 0.52	 
BFE_105	 1	 1	 2217.jpg	 6.031559e+01	 22	 9.664501e+02	 220	 7.167001e+02	 98	 6.133351e+01	 666.67	 733.33	 53.00	 38	 0.64	 
BFE_105	 1	 1	 2213.jpg	 6.230096e+01	 22	 1.069082e+03	 2200	 7.333716e+02	 98	 6.331896e+01	 666.67	 683.33	 52.00	 34	 0.65	 
BFE_105	 1	 1	 2214.jpg	 6.430349e+01	 24	 999000	 240	 999000	 999	 6.532117e+01	 666.67	 683.33	 54.00	 35	 0.62	 
BFE_105	 1	 1	 1202.jpg	 6.630573e+01	 12	 999000	 120	 999000	 999	 6.732344e+01	 666.67	 683.33	 8.00	 23	 0.75	 
BFE_105	 1	 1	 1216.jpg	 7.231240e+01	 11	 8.576348e+02	 110	 6.666957e+02	 98	 7.333024e+01	 683.33	 683.33	 12.00	 37	 0.64	 
BFE_105	 1	 1	 1203.jpg	 7.531578e+01	 12	 999000	 120	 999000	 999	 7.633359e+01	 683.33	 683.33	 20.00	 24	 0.51	 
BFE_105	 1	 1	 1201.jpg	 7.730103e+01	 12	 999000	 120	 999000	 999	 7.831908e+01	 683.33	 683.33	 4.00	 22	 0.78	 
BFE_105	 1	 1	 2218.jpg	 7.930362e+01	 22	 8.904102e+02	 220	 6.833706e+02	 98	 8.032134e+01	 683.33	 700.00	 55.00	 39	 0.62	 
BFE_105	 1	 1	 1107.jpg	 8.230704e+01	 12	 999000	 120	 999000	 999	 8.332471e+01	 683.33	 700.00	 22.00	 7	 0.45	 
BFE_105	 1	 1	 2121.jpg	 8.430921e+01	 24	 999000	 240	 999000	 999	 8.532697e+01	 683.33	 700.00	 51.00	 21	 0.66	 
BFE_105	 1	 1	 2114.jpg	 8.631144e+01	 24	 999000	 240	 999000	 999	 8.732928e+01	 683.33	 700.00	 44.00	 14	 0.80	 
BFE_105	 1	 1	 1106.jpg	 8.831369e+01	 12	 999000	 120	 999000	 999	 8.933152e+01	 683.33	 700.00	 3.00	 6	 0.80	 
BFE_105	 1	 1	 1205.jpg	 9.131711e+01	 11	 9.009323e+02	 110	 6.833695e+02	 98	 9.233492e+01	 700.00	 700.00	 7.00	 26	 0.77	 
BFE_105	 1	 1	 2208.jpg	 9.330267e+01	 24	 999000	 240	 999000	 999	 9.432046e+01	 700.00	 700.00	 60.00	 29	 0.53	 
BFE_105	 1	 1	 2109.jpg	 9.530494e+01	 22	 9.451010e+02	 220	 7.000369e+02	 98	 9.632263e+01	 700.00	 716.67	 58.00	 9	 0.56	 
BFE_105	 1	 1	 2219.jpg	 9.730716e+01	 24	 999000	 240	 999000	 999	 9.832494e+01	 700.00	 716.67	 62.00	 40	 0.51	 
BFE_105	 1	 1	 1121.jpg	 9.930950e+01	 12	 999000	 120	 999000	 999	 1.003272e+02	 700.00	 716.67	 17.00	 21	 0.52	 
BFE_105	 1	 1	 1208.jpg	 1.053161e+02	 11	 8.539596e+02	 110	 7.000323e+02	 98	 1.063340e+02	 716.67	 716.67	 18.00	 29	 0.52	 
BFE_105	 1	 1	 2103.jpg	 1.083196e+02	 24	 999000	 240	 999000	 999	 1.093373e+02	 716.67	 716.67	 43.00	 3	 0.82	 
BFE_105	 1	 1	 1112.jpg	 1.123073e+02	 12	 999000	 120	 999000	 999	 1.133251e+02	 716.67	 716.67	 38.00	 12	 0.20	 
