subjectID	 order	 runNum	 itemName	 onsetTime	 shuff_trialType	 RT	 respInTime	 AudioTime	 response	 fixationTime	 ladder1	 ladder2	 bidIndex	 itemNameIndex	 bidValue	 
BFE_103	 1	 11	 1117.jpg	 1.349006e+03	 12	 999000	 120	 999000	 999	 1.350024e+03	 683.33	 750.00	 22.00	 17	 0.46	 
BFE_103	 1	 11	 1113.jpg	 1.351993e+03	 12	 999000	 120	 999000	 999	 1.353010e+03	 683.33	 750.00	 4.00	 13	 0.81	 
BFE_103	 1	 11	 2218.jpg	 1.353995e+03	 22	 9.677618e+02	 220	 7.500557e+02	 98	 1.355013e+03	 683.33	 766.67	 55.00	 39	 0.65	 
BFE_103	 1	 11	 2120.jpg	 1.355997e+03	 24	 999000	 240	 999000	 999	 1.357015e+03	 683.33	 766.67	 78.00	 20	 0.16	 
BFE_103	 1	 11	 1203.jpg	 1.357999e+03	 12	 999000	 120	 999000	 999	 1.359017e+03	 683.33	 766.67	 19.00	 24	 0.48	 
BFE_103	 1	 11	 2115.jpg	 1.360986e+03	 24	 9.127930e+02	 24	 999000	 98	 1.362004e+03	 683.33	 766.67	 57.00	 15	 0.58	 
BFE_103	 1	 11	 2207.jpg	 1.362988e+03	 22	 9.661500e+02	 220	 7.667053e+02	 98	 1.364006e+03	 683.33	 783.33	 52.00	 28	 0.67	 
BFE_103	 1	 11	 2121.jpg	 1.366993e+03	 22	 9.617924e+02	 220	 7.833653e+02	 98	 1.368010e+03	 683.33	 800.00	 53.00	 21	 0.67	 
BFE_103	 1	 11	 2104.jpg	 1.368995e+03	 24	 999000	 240	 999000	 999	 1.370013e+03	 683.33	 800.00	 59.00	 4	 0.53	 
BFE_103	 1	 11	 2109.jpg	 1.374001e+03	 22	 1.033932e+03	 2200	 8.000305e+02	 98	 1.375018e+03	 683.33	 750.00	 58.00	 9	 0.58	 
BFE_103	 1	 11	 2116.jpg	 1.375986e+03	 24	 999000	 240	 999000	 999	 1.377004e+03	 683.33	 750.00	 61.00	 16	 0.49	 
BFE_103	 1	 11	 2113.jpg	 1.379991e+03	 24	 999000	 240	 999000	 999	 1.381009e+03	 683.33	 750.00	 44.00	 13	 0.76	 
BFE_103	 1	 11	 1209.jpg	 1.381993e+03	 12	 999000	 120	 999000	 999	 1.383011e+03	 683.33	 750.00	 8.00	 30	 0.74	 
BFE_103	 1	 11	 1217.jpg	 1.384996e+03	 12	 999000	 120	 999000	 999	 1.386014e+03	 683.33	 750.00	 3.00	 38	 0.84	 
BFE_103	 1	 11	 2119.jpg	 1.390002e+03	 24	 999000	 240	 999000	 999	 1.391020e+03	 683.33	 750.00	 77.00	 19	 0.19	 
BFE_103	 1	 11	 1115.jpg	 1.391987e+03	 11	 8.870883e+02	 110	 6.833785e+02	 98	 1.393005e+03	 700.00	 750.00	 10.00	 15	 0.72	 
BFE_103	 1	 11	 1204.jpg	 1.393990e+03	 11	 9.247722e+02	 110	 7.000304e+02	 98	 1.395008e+03	 716.67	 750.00	 7.00	 25	 0.78	 
BFE_103	 1	 11	 2203.jpg	 1.397994e+03	 24	 999000	 240	 999000	 999	 1.399012e+03	 716.67	 750.00	 49.00	 24	 0.70	 
BFE_103	 1	 11	 2213.jpg	 1.401999e+03	 22	 9.637636e+02	 220	 7.500287e+02	 98	 1.403017e+03	 716.67	 766.67	 50.00	 34	 0.70	 
BFE_103	 1	 11	 2206.jpg	 1.405986e+03	 24	 999000	 240	 999000	 999	 1.407004e+03	 716.67	 766.67	 60.00	 27	 0.51	 
BFE_103	 1	 11	 1114.jpg	 1.407989e+03	 12	 999000	 120	 999000	 999	 1.409007e+03	 716.67	 766.67	 14.00	 14	 0.57	 
BFE_103	 1	 11	 1111.jpg	 1.409991e+03	 12	 999000	 120	 999000	 999	 1.411009e+03	 716.67	 766.67	 38.00	 11	 0.16	 
BFE_103	 1	 11	 1112.jpg	 1.411993e+03	 12	 999000	 120	 999000	 999	 1.413011e+03	 716.67	 766.67	 37.00	 12	 0.18	 
BFE_103	 1	 11	 2205.jpg	 1.413996e+03	 24	 999000	 240	 999000	 999	 1.415013e+03	 716.67	 766.67	 56.00	 26	 0.64	 
BFE_103	 1	 11	 1110.jpg	 1.420002e+03	 11	 9.442009e+02	 110	 7.167040e+02	 98	 1.421020e+03	 733.33	 766.67	 13.00	 10	 0.61	 
BFE_103	 1	 11	 1109.jpg	 1.422989e+03	 12	 999000	 120	 999000	 999	 1.424007e+03	 733.33	 766.67	 11.00	 9	 0.71	 
BFE_103	 1	 11	 2209.jpg	 1.424991e+03	 24	 999000	 240	 999000	 999	 1.426009e+03	 733.33	 766.67	 43.00	 30	 0.78	 
BFE_103	 1	 11	 2219.jpg	 1.426993e+03	 24	 999000	 240	 999000	 999	 1.428011e+03	 733.33	 766.67	 48.00	 40	 0.73	 
BFE_103	 1	 11	 1121.jpg	 1.429997e+03	 12	 999000	 120	 999000	 999	 1.431015e+03	 733.33	 766.67	 21.00	 21	 0.46	 
BFE_103	 1	 11	 2217.jpg	 1.431999e+03	 24	 999000	 240	 999000	 999	 1.433017e+03	 733.33	 766.67	 54.00	 38	 0.65	 
BFE_103	 1	 11	 1104.jpg	 1.434001e+03	 12	 999000	 120	 999000	 999	 1.435019e+03	 733.33	 766.67	 9.00	 4	 0.73	 
BFE_103	 1	 11	 1214.jpg	 1.435987e+03	 11	 9.679360e+02	 110	 7.333686e+02	 98	 1.437005e+03	 750.00	 766.67	 18.00	 35	 0.49	 
BFE_103	 1	 11	 1213.jpg	 1.438990e+03	 11	 6.202571e+02	 11	 7.500330e+02	 98	 1.440008e+03	 766.67	 766.67	 12.00	 34	 0.67	 
BFE_103	 1	 11	 1211.jpg	 1.440993e+03	 12	 999000	 120	 999000	 999	 1.442010e+03	 766.67	 766.67	 20.00	 32	 0.47	 
BFE_103	 1	 11	 2106.jpg	 1.442995e+03	 24	 999000	 240	 999000	 999	 1.444013e+03	 766.67	 766.67	 62.00	 6	 0.49	 
BFE_103	 1	 11	 2105.jpg	 1.444997e+03	 22	 9.814650e+02	 220	 7.666983e+02	 98	 1.446015e+03	 766.67	 783.33	 47.00	 5	 0.73	 
BFE_103	 1	 11	 1102.jpg	 1.446999e+03	 12	 999000	 120	 999000	 999	 1.448017e+03	 766.67	 783.33	 17.00	 2	 0.50	 
BFE_103	 1	 11	 1105.jpg	 1.452989e+03	 11	 6.532025e+02	 11	 7.667037e+02	 98	 1.454007e+03	 783.33	 783.33	 15.00	 5	 0.55	 
BFE_103	 1	 11	 2211.jpg	 1.455993e+03	 24	 999000	 240	 999000	 999	 1.457010e+03	 783.33	 783.33	 51.00	 32	 0.68	 
BFE_103	 1	 11	 1218.jpg	 1.459997e+03	 12	 999000	 120	 999000	 999	 1.461015e+03	 783.33	 783.33	 16.00	 39	 0.53	 
