subjectID	 order	 runNum	 itemName	 onsetTime	 shuff_trialType	 RT	 respInTime	 AudioTime	 response	 fixationTime	 ladder1	 ladder2	 bidIndex	 itemNameIndex	 bidValue	 
BFE_203	 1	 13	 2121.jpg	 1.563260e+03	 24	 999000	 240	 999000	 999	 1.564278e+03	 683.33	 750.00	 44.00	 21	 0.85	 
BFE_203	 1	 13	 2106.jpg	 1.568249e+03	 24	 999000	 240	 999000	 999	 1.569267e+03	 683.33	 750.00	 43.00	 6	 0.88	 
BFE_203	 1	 13	 2108.jpg	 1.570251e+03	 24	 999000	 240	 999000	 999	 1.571269e+03	 683.33	 750.00	 77.00	 8	 0.21	 
BFE_203	 1	 13	 2216.jpg	 1.572253e+03	 24	 999000	 240	 999000	 999	 1.573271e+03	 683.33	 750.00	 51.00	 37	 0.67	 
BFE_203	 1	 13	 1202.jpg	 1.578243e+03	 12	 999000	 120	 999000	 999	 1.579261e+03	 683.33	 750.00	 38.00	 23	 0.20	 
BFE_203	 1	 13	 2107.jpg	 1.580246e+03	 22	 9.807601e+02	 220	 7.500484e+02	 98	 1.581263e+03	 683.33	 766.67	 55.00	 7	 0.57	 
BFE_203	 1	 13	 1105.jpg	 1.583249e+03	 12	 999000	 120	 999000	 999	 1.584267e+03	 683.33	 766.67	 17.00	 5	 0.57	 
BFE_203	 1	 13	 1111.jpg	 1.585251e+03	 11	 9.191986e+02	 110	 6.833886e+02	 98	 1.586269e+03	 700.00	 766.67	 18.00	 11	 0.57	 
BFE_203	 1	 13	 1113.jpg	 1.589256e+03	 11	 9.066919e+02	 110	 7.000323e+02	 98	 1.590273e+03	 716.67	 766.67	 13.00	 13	 0.66	 
BFE_203	 1	 13	 1206.jpg	 1.591258e+03	 11	 9.443693e+02	 110	 7.166994e+02	 98	 1.592276e+03	 733.33	 766.67	 7.00	 27	 0.74	 
BFE_203	 1	 13	 2113.jpg	 1.596247e+03	 22	 9.874919e+02	 220	 7.666983e+02	 98	 1.597265e+03	 733.33	 783.33	 50.00	 13	 0.67	 
BFE_203	 1	 13	 2204.jpg	 1.603255e+03	 24	 999000	 240	 999000	 999	 1.604273e+03	 733.33	 783.33	 60.00	 25	 0.50	 
BFE_203	 1	 13	 1104.jpg	 1.605257e+03	 12	 999000	 120	 999000	 999	 1.606275e+03	 733.33	 783.33	 11.00	 4	 0.69	 
BFE_203	 1	 13	 1107.jpg	 1.608244e+03	 12	 999000	 120	 999000	 999	 1.609261e+03	 733.33	 783.33	 4.00	 7	 0.80	 
BFE_203	 1	 13	 2115.jpg	 1.611247e+03	 22	 1.187324e+03	 2200	 7.833611e+02	 98	 1.612265e+03	 733.33	 733.33	 53.00	 15	 0.62	 
BFE_203	 1	 13	 1214.jpg	 1.615252e+03	 12	 999000	 120	 999000	 999	 1.616269e+03	 733.33	 733.33	 22.00	 35	 0.49	 
BFE_203	 1	 13	 2116.jpg	 1.619256e+03	 22	 9.784062e+02	 220	 7.333705e+02	 98	 1.620274e+03	 733.33	 750.00	 52.00	 16	 0.67	 
BFE_203	 1	 13	 2205.jpg	 1.623244e+03	 24	 999000	 240	 999000	 999	 1.624262e+03	 733.33	 750.00	 48.00	 26	 0.70	 
BFE_203	 1	 13	 2211.jpg	 1.626247e+03	 24	 999000	 240	 999000	 999	 1.627265e+03	 733.33	 750.00	 62.00	 32	 0.47	 
BFE_203	 1	 13	 2102.jpg	 1.632254e+03	 24	 999000	 240	 999000	 999	 1.633272e+03	 733.33	 750.00	 49.00	 2	 0.68	 
BFE_203	 1	 13	 1209.jpg	 1.634256e+03	 12	 999000	 120	 999000	 999	 1.635274e+03	 733.33	 750.00	 16.00	 30	 0.58	 
BFE_203	 1	 13	 1102.jpg	 1.637243e+03	 12	 999000	 120	 999000	 999	 1.638261e+03	 733.33	 750.00	 21.00	 2	 0.52	 
BFE_203	 1	 13	 2217.jpg	 1.639245e+03	 24	 999000	 240	 999000	 999	 1.640263e+03	 733.33	 750.00	 59.00	 38	 0.51	 
BFE_203	 1	 13	 1201.jpg	 1.641247e+03	 11	 1.059066e+03	 1100	 7.333607e+02	 98	 1.642265e+03	 683.33	 750.00	 15.00	 22	 0.60	 
BFE_203	 1	 13	 1109.jpg	 1.643250e+03	 11	 1.016807e+03	 1100	 6.833659e+02	 98	 1.644267e+03	 633.33	 750.00	 12.00	 9	 0.67	 
BFE_203	 1	 13	 2203.jpg	 1.646253e+03	 24	 999000	 240	 999000	 999	 1.647271e+03	 633.33	 750.00	 78.00	 24	 0.13	 
BFE_203	 1	 13	 1205.jpg	 1.650257e+03	 12	 999000	 120	 999000	 999	 1.651275e+03	 633.33	 750.00	 3.00	 26	 0.80	 
BFE_203	 1	 13	 1204.jpg	 1.652243e+03	 12	 999000	 120	 999000	 999	 1.653261e+03	 633.33	 750.00	 9.00	 25	 0.72	 
BFE_203	 1	 13	 2109.jpg	 1.654245e+03	 22	 1.037198e+03	 2200	 7.500253e+02	 98	 1.655263e+03	 633.33	 700.00	 47.00	 9	 0.74	 
BFE_203	 1	 13	 2201.jpg	 1.656248e+03	 24	 999000	 240	 999000	 999	 1.657265e+03	 633.33	 700.00	 57.00	 22	 0.54	 
BFE_203	 1	 13	 1110.jpg	 1.658250e+03	 12	 999000	 120	 999000	 999	 1.659267e+03	 633.33	 700.00	 19.00	 10	 0.54	 
BFE_203	 1	 13	 2219.jpg	 1.660252e+03	 24	 999000	 240	 999000	 999	 1.661270e+03	 633.33	 700.00	 56.00	 40	 0.56	 
BFE_203	 1	 13	 1115.jpg	 1.664256e+03	 11	 8.659608e+02	 110	 6.333642e+02	 98	 1.665274e+03	 650.00	 700.00	 10.00	 15	 0.71	 
BFE_203	 1	 13	 1108.jpg	 1.668244e+03	 12	 999000	 120	 999000	 999	 1.669262e+03	 650.00	 700.00	 37.00	 8	 0.21	 
BFE_203	 1	 13	 1217.jpg	 1.670247e+03	 12	 999000	 120	 999000	 999	 1.671264e+03	 650.00	 700.00	 20.00	 38	 0.53	 
BFE_203	 1	 13	 2104.jpg	 1.672249e+03	 22	 9.537070e+02	 220	 7.000420e+02	 98	 1.673266e+03	 650.00	 716.67	 58.00	 4	 0.54	 
BFE_203	 1	 13	 2202.jpg	 1.674251e+03	 24	 999000	 240	 999000	 999	 1.675269e+03	 650.00	 716.67	 61.00	 23	 0.49	 
BFE_203	 1	 13	 2103.jpg	 1.676253e+03	 24	 999000	 240	 999000	 999	 1.677271e+03	 650.00	 716.67	 54.00	 3	 0.59	 
BFE_203	 1	 13	 1114.jpg	 1.682243e+03	 12	 999000	 120	 999000	 999	 1.683261e+03	 650.00	 716.67	 8.00	 14	 0.73	 
BFE_203	 1	 13	 1117.jpg	 1.684246e+03	 12	 999000	 120	 999000	 999	 1.685263e+03	 650.00	 716.67	 14.00	 17	 0.64	 
