subjectID	 order	 runNum	 itemName	 onsetTime	 shuff_trialType	 RT	 respInTime	 AudioTime	 response	 fixationTime	 ladder1	 ladder2	 bidIndex	 itemNameIndex	 bidValue	 
BFE_106	 2	 9	 2115.jpg	 1.101997e+03	 22	 5.415626e+02	 22	 9.167272e+02	 98	 1.103015e+03	 916.67	 916.67	 57.00	 15	 0.58	 
BFE_106	 2	 9	 1216.jpg	 1.104983e+03	 11	 4.909010e+02	 11	 9.167267e+02	 98	 1.106001e+03	 916.67	 916.67	 17.00	 37	 0.56	 
BFE_106	 2	 9	 1110.jpg	 1.108988e+03	 12	 999000	 120	 999000	 999	 1.110006e+03	 916.67	 916.67	 10.00	 10	 0.68	 
BFE_106	 2	 9	 1119.jpg	 1.110990e+03	 12	 999000	 120	 999000	 999	 1.112008e+03	 916.67	 916.67	 38.00	 19	 0.15	 
BFE_106	 2	 9	 1121.jpg	 1.112992e+03	 12	 999000	 120	 999000	 999	 1.114010e+03	 916.67	 916.67	 12.00	 21	 0.65	 
BFE_106	 2	 9	 1219.jpg	 1.116980e+03	 11	 6.380573e+02	 11	 9.167082e+02	 98	 1.117998e+03	 916.67	 916.67	 16.00	 40	 0.57	 
BFE_106	 2	 9	 2105.jpg	 1.118982e+03	 24	 999000	 240	 999000	 999	 1.120000e+03	 916.67	 916.67	 55.00	 5	 0.59	 
BFE_106	 2	 9	 2205.jpg	 1.123988e+03	 24	 999000	 240	 999000	 999	 1.125006e+03	 916.67	 916.67	 59.00	 26	 0.57	 
BFE_106	 2	 9	 2208.jpg	 1.125990e+03	 22	 4.919625e+02	 22	 9.167000e+02	 98	 1.127008e+03	 916.67	 916.67	 51.00	 29	 0.65	 
BFE_106	 2	 9	 2121.jpg	 1.128994e+03	 24	 999000	 240	 999000	 999	 1.130012e+03	 916.67	 916.67	 47.00	 21	 0.75	 
BFE_106	 2	 9	 2113.jpg	 1.131980e+03	 24	 999000	 240	 999000	 999	 1.132998e+03	 916.67	 916.67	 50.00	 13	 0.69	 
BFE_106	 2	 9	 1205.jpg	 1.135985e+03	 12	 999000	 120	 999000	 999	 1.137003e+03	 916.67	 916.67	 3.00	 26	 0.83	 
BFE_106	 2	 9	 1203.jpg	 1.138988e+03	 12	 999000	 120	 999000	 999	 1.140006e+03	 916.67	 916.67	 22.00	 24	 0.50	 
BFE_106	 2	 9	 2107.jpg	 1.140991e+03	 24	 999000	 240	 999000	 999	 1.142008e+03	 916.67	 916.67	 78.00	 7	 0.20	 
BFE_106	 2	 9	 2214.jpg	 1.143994e+03	 22	 5.604980e+02	 22	 9.167045e+02	 98	 1.145012e+03	 916.67	 916.67	 54.00	 35	 0.59	 
BFE_106	 2	 9	 1101.jpg	 1.147982e+03	 12	 999000	 120	 999000	 999	 1.148999e+03	 916.67	 916.67	 37.00	 1	 0.16	 
BFE_106	 2	 9	 1208.jpg	 1.150985e+03	 12	 999000	 120	 999000	 999	 1.152003e+03	 916.67	 916.67	 13.00	 29	 0.63	 
BFE_106	 2	 9	 2103.jpg	 1.152987e+03	 24	 999000	 240	 999000	 999	 1.154005e+03	 916.67	 916.67	 44.00	 3	 0.83	 
BFE_106	 2	 9	 2207.jpg	 1.154989e+03	 24	 999000	 240	 999000	 999	 1.156007e+03	 916.67	 916.67	 58.00	 28	 0.58	 
BFE_106	 2	 9	 2106.jpg	 1.159978e+03	 24	 999000	 240	 999000	 999	 1.160996e+03	 916.67	 916.67	 60.00	 6	 0.54	 
BFE_106	 2	 9	 1217.jpg	 1.163983e+03	 12	 999000	 120	 999000	 999	 1.165001e+03	 916.67	 916.67	 18.00	 38	 0.54	 
BFE_106	 2	 9	 2204.jpg	 1.167987e+03	 24	 999000	 240	 999000	 999	 1.169005e+03	 916.67	 916.67	 61.00	 25	 0.52	 
BFE_106	 2	 9	 2211.jpg	 1.173977e+03	 24	 999000	 240	 999000	 999	 1.174995e+03	 916.67	 916.67	 43.00	 32	 0.87	 
BFE_106	 2	 9	 1204.jpg	 1.175980e+03	 12	 999000	 120	 999000	 999	 1.176997e+03	 916.67	 916.67	 20.00	 25	 0.51	 
BFE_106	 2	 9	 1211.jpg	 1.177982e+03	 12	 999000	 120	 999000	 999	 1.179000e+03	 916.67	 916.67	 15.00	 32	 0.58	 
BFE_106	 2	 9	 1106.jpg	 1.179984e+03	 12	 999000	 120	 999000	 999	 1.181002e+03	 916.67	 916.67	 7.00	 6	 0.73	 
BFE_106	 2	 9	 1207.jpg	 1.181986e+03	 12	 999000	 120	 999000	 999	 1.183004e+03	 916.67	 916.67	 21.00	 28	 0.50	 
BFE_106	 2	 9	 1209.jpg	 1.185991e+03	 11	 6.034089e+02	 11	 9.167022e+02	 98	 1.187009e+03	 916.67	 916.67	 11.00	 30	 0.68	 
BFE_106	 2	 9	 2209.jpg	 1.187993e+03	 22	 6.091515e+02	 22	 9.166978e+02	 98	 1.189011e+03	 916.67	 916.67	 56.00	 30	 0.59	 
BFE_106	 2	 9	 2119.jpg	 1.191981e+03	 24	 999000	 240	 999000	 999	 1.192999e+03	 916.67	 916.67	 77.00	 19	 0.21	 
BFE_106	 2	 9	 1109.jpg	 1.193983e+03	 12	 7.790471e+02	 12	 999000	 98	 1.195001e+03	 916.67	 916.67	 4.00	 9	 0.82	 
BFE_106	 2	 9	 1214.jpg	 1.195985e+03	 11	 6.568478e+02	 11	 9.166939e+02	 98	 1.197003e+03	 916.67	 916.67	 14.00	 35	 0.62	 
BFE_106	 2	 9	 2206.jpg	 1.197988e+03	 22	 5.266679e+02	 22	 9.167018e+02	 98	 1.199005e+03	 916.67	 916.67	 48.00	 27	 0.73	 
BFE_106	 2	 9	 1213.jpg	 1.202993e+03	 11	 8.250135e+02	 11	 9.166962e+02	 98	 1.204011e+03	 916.67	 916.67	 9.00	 34	 0.69	 
BFE_106	 2	 9	 2109.jpg	 1.204979e+03	 22	 8.074214e+02	 22	 9.167068e+02	 98	 1.205997e+03	 916.67	 916.67	 49.00	 9	 0.73	 
BFE_106	 2	 9	 2111.jpg	 1.206981e+03	 24	 999000	 240	 999000	 999	 1.207999e+03	 916.67	 916.67	 62.00	 11	 0.52	 
BFE_106	 2	 9	 1115.jpg	 1.209984e+03	 11	 6.178894e+02	 11	 9.167346e+02	 98	 1.211002e+03	 916.67	 916.67	 8.00	 15	 0.70	 
BFE_106	 2	 9	 2218.jpg	 1.216992e+03	 24	 999000	 240	 999000	 999	 1.218010e+03	 916.67	 916.67	 52.00	 39	 0.60	 
BFE_106	 2	 9	 2110.jpg	 1.220980e+03	 24	 999000	 240	 999000	 999	 1.221998e+03	 916.67	 916.67	 53.00	 10	 0.60	 
BFE_106	 2	 9	 1218.jpg	 1.227988e+03	 12	 999000	 120	 999000	 999	 1.229006e+03	 916.67	 916.67	 19.00	 39	 0.54	 
