subjectID	 order	 runNum	 itemName	 onsetTime	 shuff_trialType	 RT	 respInTime	 AudioTime	 response	 fixationTime	 ladder1	 ladder2	 bidIndex	 itemNameIndex	 bidValue	 
BFE_104	 2	 11	 1119.jpg	 1.349313e+03	 12	 999000	 120	 999000	 999	 1.350331e+03	 816.67	 816.67	 19.00	 19	 0.49	 
BFE_104	 2	 11	 1103.jpg	 1.352300e+03	 12	 999000	 120	 999000	 999	 1.353318e+03	 816.67	 816.67	 18.00	 3	 0.49	 
BFE_104	 2	 11	 2119.jpg	 1.356305e+03	 24	 999000	 240	 999000	 999	 1.357322e+03	 816.67	 816.67	 60.00	 19	 0.51	 
BFE_104	 2	 11	 2112.jpg	 1.358307e+03	 24	 999000	 240	 999000	 999	 1.359325e+03	 816.67	 816.67	 53.00	 12	 0.58	 
BFE_104	 2	 11	 1215.jpg	 1.360309e+03	 11	 5.568862e+02	 11	 8.167142e+02	 98	 1.361327e+03	 833.33	 816.67	 11.00	 36	 0.57	 
BFE_104	 2	 11	 2202.jpg	 1.364297e+03	 24	 999000	 240	 999000	 999	 1.365314e+03	 833.33	 816.67	 61.00	 23	 0.50	 
BFE_104	 2	 11	 1116.jpg	 1.366299e+03	 12	 999000	 120	 999000	 999	 1.367317e+03	 833.33	 816.67	 15.00	 16	 0.54	 
BFE_104	 2	 11	 2201.jpg	 1.371305e+03	 24	 999000	 240	 999000	 999	 1.372322e+03	 833.33	 816.67	 52.00	 22	 0.60	 
BFE_104	 2	 11	 2211.jpg	 1.373307e+03	 22	 6.869526e+02	 22	 8.167129e+02	 98	 1.374325e+03	 833.33	 833.33	 54.00	 32	 0.55	 
BFE_104	 2	 11	 1112.jpg	 1.376310e+03	 12	 999000	 120	 999000	 999	 1.377328e+03	 833.33	 833.33	 22.00	 12	 0.47	 
BFE_104	 2	 11	 1210.jpg	 1.379297e+03	 12	 999000	 120	 999000	 999	 1.380315e+03	 833.33	 833.33	 38.00	 31	 0.30	 
BFE_104	 2	 11	 1111.jpg	 1.383301e+03	 12	 999000	 120	 999000	 999	 1.384319e+03	 833.33	 833.33	 12.00	 11	 0.54	 
BFE_104	 2	 11	 1115.jpg	 1.386305e+03	 12	 999000	 120	 999000	 999	 1.387323e+03	 833.33	 833.33	 13.00	 15	 0.54	 
BFE_104	 2	 11	 2107.jpg	 1.388307e+03	 24	 999000	 240	 999000	 999	 1.389325e+03	 833.33	 833.33	 77.00	 7	 0.26	 
BFE_104	 2	 11	 1113.jpg	 1.391294e+03	 12	 999000	 120	 999000	 999	 1.392311e+03	 833.33	 833.33	 37.00	 13	 0.34	 
BFE_104	 2	 11	 1121.jpg	 1.395298e+03	 11	 6.956235e+02	 11	 8.333619e+02	 98	 1.396316e+03	 850.00	 833.33	 8.00	 21	 0.61	 
BFE_104	 2	 11	 2102.jpg	 1.398302e+03	 24	 9.162157e+02	 24	 999000	 98	 1.399319e+03	 850.00	 833.33	 58.00	 2	 0.52	 
BFE_104	 2	 11	 2209.jpg	 1.400304e+03	 22	 8.580344e+02	 220	 8.333627e+02	 98	 1.401322e+03	 850.00	 850.00	 49.00	 30	 0.66	 
BFE_104	 2	 11	 1118.jpg	 1.402306e+03	 12	 999000	 120	 999000	 999	 1.403324e+03	 850.00	 850.00	 10.00	 18	 0.57	 
BFE_104	 2	 11	 2110.jpg	 1.407295e+03	 24	 999000	 240	 999000	 999	 1.408313e+03	 850.00	 850.00	 59.00	 10	 0.52	 
BFE_104	 2	 11	 2208.jpg	 1.411300e+03	 22	 1.062325e+03	 2200	 8.500399e+02	 98	 1.412317e+03	 850.00	 800.00	 57.00	 29	 0.52	 
BFE_104	 2	 11	 2115.jpg	 1.415304e+03	 24	 999000	 240	 999000	 999	 1.416322e+03	 850.00	 800.00	 55.00	 15	 0.54	 
BFE_104	 2	 11	 2113.jpg	 1.421294e+03	 22	 1.003989e+03	 2200	 8.000564e+02	 98	 1.422312e+03	 850.00	 750.00	 56.00	 13	 0.54	 
BFE_104	 2	 11	 1212.jpg	 1.423296e+03	 12	 999000	 120	 999000	 999	 1.424314e+03	 850.00	 750.00	 21.00	 33	 0.47	 
BFE_104	 2	 11	 1201.jpg	 1.425298e+03	 12	 999000	 120	 999000	 999	 1.426316e+03	 850.00	 750.00	 3.00	 22	 0.73	 
BFE_104	 2	 11	 2114.jpg	 1.427301e+03	 22	 7.091188e+02	 22	 7.500409e+02	 98	 1.428319e+03	 850.00	 766.67	 51.00	 14	 0.65	 
BFE_104	 2	 11	 2213.jpg	 1.429303e+03	 24	 999000	 240	 999000	 999	 1.430321e+03	 850.00	 766.67	 62.00	 34	 0.49	 
BFE_104	 2	 11	 1114.jpg	 1.433307e+03	 11	 1.022374e+03	 1100	 8.500401e+02	 98	 1.434325e+03	 800.00	 766.67	 16.00	 14	 0.53	 
BFE_104	 2	 11	 2117.jpg	 1.435310e+03	 24	 999000	 240	 999000	 999	 1.436328e+03	 800.00	 766.67	 78.00	 17	 0.22	 
BFE_104	 2	 11	 2216.jpg	 1.439298e+03	 24	 999000	 240	 999000	 999	 1.440315e+03	 800.00	 766.67	 47.00	 37	 0.67	 
BFE_104	 2	 11	 1211.jpg	 1.441300e+03	 12	 8.779965e+02	 12	 999000	 98	 1.442318e+03	 800.00	 766.67	 20.00	 32	 0.47	 
BFE_104	 2	 11	 1104.jpg	 1.443302e+03	 11	 1.059819e+03	 1100	 8.000469e+02	 98	 1.444320e+03	 750.00	 766.67	 17.00	 4	 0.50	 
BFE_104	 2	 11	 2217.jpg	 1.445304e+03	 24	 999000	 240	 999000	 999	 1.446322e+03	 750.00	 766.67	 44.00	 38	 0.75	 
BFE_104	 2	 11	 2103.jpg	 1.450293e+03	 24	 999000	 240	 999000	 999	 1.451311e+03	 750.00	 766.67	 43.00	 3	 0.80	 
BFE_104	 2	 11	 1102.jpg	 1.452295e+03	 11	 1.944179e+02	 11	 7.500406e+02	 98	 1.453313e+03	 766.67	 766.67	 14.00	 2	 0.54	 
BFE_104	 2	 11	 1213.jpg	 1.454298e+03	 12	 999000	 120	 999000	 999	 1.455315e+03	 766.67	 766.67	 4.00	 34	 0.71	 
BFE_104	 2	 11	 1207.jpg	 1.457301e+03	 12	 999000	 120	 999000	 999	 1.458319e+03	 766.67	 766.67	 7.00	 28	 0.63	 
BFE_104	 2	 11	 2206.jpg	 1.464309e+03	 22	 5.889158e+02	 22	 7.667011e+02	 98	 1.465327e+03	 766.67	 783.33	 48.00	 27	 0.66	 
BFE_104	 2	 11	 1204.jpg	 1.468297e+03	 11	 7.451660e+02	 11	 7.667009e+02	 98	 1.469314e+03	 783.33	 783.33	 9.00	 25	 0.58	 
BFE_104	 2	 11	 2205.jpg	 1.475305e+03	 24	 999000	 240	 999000	 999	 1.476322e+03	 783.33	 783.33	 50.00	 26	 0.65	 
