subjectID	 order	 runNum	 itemName	 onsetTime	 shuff_trialType	 RT	 respInTime	 AudioTime	 response	 fixationTime	 ladder1	 ladder2	 bidIndex	 itemNameIndex	 bidValue	 
BFE_111	 1	 4	 2102.jpg	 4.469040e+02	 24	 999000	 240	 999000	 999	 4.479217e+02	 650.00	 583.33	 48.00	 2	 0.67	 
BFE_111	 1	 4	 2205.jpg	 4.498907e+02	 24	 999000	 240	 999000	 999	 4.509084e+02	 650.00	 583.33	 59.00	 26	 0.50	 
BFE_111	 1	 4	 2207.jpg	 4.518930e+02	 24	 999000	 240	 999000	 999	 4.529107e+02	 650.00	 583.33	 44.00	 28	 0.72	 
BFE_111	 1	 4	 1216.jpg	 4.538952e+02	 11	 8.749856e+02	 110	 6.500454e+02	 98	 4.549130e+02	 666.67	 583.33	 10.00	 37	 0.61	 
BFE_111	 1	 4	 2110.jpg	 4.558976e+02	 24	 999000	 240	 999000	 999	 4.569152e+02	 666.67	 583.33	 62.00	 10	 0.44	 
BFE_111	 1	 4	 1117.jpg	 4.589008e+02	 11	 9.254355e+02	 110	 6.666994e+02	 98	 4.599186e+02	 683.33	 583.33	 15.00	 17	 0.55	 
BFE_111	 1	 4	 2214.jpg	 4.608864e+02	 22	 8.118050e+02	 220	 5.833939e+02	 98	 4.619041e+02	 683.33	 600.00	 47.00	 35	 0.68	 
BFE_111	 1	 4	 2111.jpg	 4.648908e+02	 24	 999000	 240	 999000	 999	 4.659086e+02	 683.33	 600.00	 49.00	 11	 0.66	 
BFE_111	 1	 4	 2217.jpg	 4.668931e+02	 24	 999000	 240	 999000	 999	 4.679109e+02	 683.33	 600.00	 43.00	 38	 0.77	 
BFE_111	 1	 4	 1107.jpg	 4.718987e+02	 11	 9.355066e+02	 110	 6.833724e+02	 98	 4.729165e+02	 700.00	 600.00	 12.00	 7	 0.60	 
BFE_111	 1	 4	 1210.jpg	 4.739010e+02	 12	 999000	 120	 999000	 999	 4.749187e+02	 700.00	 600.00	 11.00	 31	 0.61	 
BFE_111	 1	 4	 2116.jpg	 4.778888e+02	 24	 999000	 240	 999000	 999	 4.789066e+02	 700.00	 600.00	 78.00	 16	 0.25	 
BFE_111	 1	 4	 2104.jpg	 4.798909e+02	 22	 9.592576e+02	 220	 6.000239e+02	 98	 4.809087e+02	 700.00	 616.67	 55.00	 4	 0.56	 
BFE_111	 1	 4	 1209.jpg	 4.828943e+02	 12	 999000	 120	 999000	 999	 4.839122e+02	 700.00	 616.67	 8.00	 30	 0.64	 
BFE_111	 1	 4	 2103.jpg	 4.879000e+02	 24	 999000	 240	 999000	 999	 4.889177e+02	 700.00	 616.67	 57.00	 3	 0.53	 
BFE_111	 1	 4	 1218.jpg	 4.898852e+02	 11	 1.213010e+03	 1100	 7.000271e+02	 98	 4.909033e+02	 650.00	 616.67	 7.00	 39	 0.66	 
BFE_111	 1	 4	 1105.jpg	 4.918879e+02	 12	 999000	 120	 999000	 999	 4.929056e+02	 650.00	 616.67	 14.00	 5	 0.57	 
BFE_111	 1	 4	 1215.jpg	 4.958923e+02	 12	 999000	 120	 999000	 999	 4.969101e+02	 650.00	 616.67	 16.00	 36	 0.54	 
BFE_111	 1	 4	 1213.jpg	 4.998967e+02	 12	 999000	 120	 999000	 999	 5.009145e+02	 650.00	 616.67	 37.00	 34	 0.23	 
BFE_111	 1	 4	 2216.jpg	 5.039012e+02	 24	 999000	 240	 999000	 999	 5.049190e+02	 650.00	 616.67	 56.00	 37	 0.55	 
BFE_111	 1	 4	 1113.jpg	 5.058868e+02	 12	 999000	 120	 999000	 999	 5.069046e+02	 650.00	 616.67	 21.00	 13	 0.49	 
BFE_111	 1	 4	 1202.jpg	 5.078891e+02	 12	 999000	 120	 999000	 999	 5.089069e+02	 650.00	 616.67	 22.00	 23	 0.46	 
BFE_111	 1	 4	 1219.jpg	 5.098912e+02	 11	 9.269572e+02	 110	 6.500289e+02	 98	 5.109090e+02	 666.67	 616.67	 13.00	 40	 0.58	 
BFE_111	 1	 4	 2218.jpg	 5.118935e+02	 24	 999000	 240	 999000	 999	 5.129112e+02	 666.67	 616.67	 61.00	 39	 0.45	 
BFE_111	 1	 4	 1214.jpg	 5.179002e+02	 12	 999000	 120	 999000	 999	 5.189180e+02	 666.67	 616.67	 9.00	 35	 0.63	 
BFE_111	 1	 4	 2209.jpg	 5.208870e+02	 24	 999000	 240	 999000	 999	 5.219047e+02	 666.67	 616.67	 54.00	 30	 0.56	 
BFE_111	 1	 4	 1102.jpg	 5.228892e+02	 12	 999000	 120	 999000	 999	 5.239070e+02	 666.67	 616.67	 19.00	 2	 0.52	 
BFE_111	 1	 4	 2119.jpg	 5.248915e+02	 24	 999000	 240	 999000	 999	 5.259092e+02	 666.67	 616.67	 77.00	 19	 0.30	 
BFE_111	 1	 4	 2113.jpg	 5.278948e+02	 24	 999000	 240	 999000	 999	 5.289126e+02	 666.67	 616.67	 51.00	 13	 0.64	 
BFE_111	 1	 4	 1205.jpg	 5.298971e+02	 11	 1.009139e+03	 1100	 6.667032e+02	 98	 5.309148e+02	 616.67	 616.67	 18.00	 26	 0.52	 
BFE_111	 1	 4	 2112.jpg	 5.318992e+02	 24	 999000	 240	 999000	 999	 5.329171e+02	 616.67	 616.67	 60.00	 12	 0.48	 
BFE_111	 1	 4	 2210.jpg	 5.339015e+02	 22	 9.566784e+02	 220	 6.167202e+02	 98	 5.349193e+02	 616.67	 633.33	 52.00	 31	 0.61	 
BFE_111	 1	 4	 1217.jpg	 5.368882e+02	 12	 999000	 120	 999000	 999	 5.379060e+02	 616.67	 633.33	 3.00	 38	 0.87	 
BFE_111	 1	 4	 1109.jpg	 5.388905e+02	 12	 999000	 120	 999000	 999	 5.399082e+02	 616.67	 633.33	 17.00	 9	 0.54	 
BFE_111	 1	 4	 2120.jpg	 5.408927e+02	 22	 9.335288e+02	 220	 6.333712e+02	 98	 5.419105e+02	 616.67	 650.00	 53.00	 20	 0.60	 
BFE_111	 1	 4	 2211.jpg	 5.428949e+02	 22	 9.392996e+02	 220	 6.500511e+02	 98	 5.439128e+02	 616.67	 666.67	 58.00	 32	 0.51	 
BFE_111	 1	 4	 1120.jpg	 5.448972e+02	 12	 999000	 120	 999000	 999	 5.459150e+02	 616.67	 666.67	 20.00	 20	 0.49	 
BFE_111	 1	 4	 2213.jpg	 5.508873e+02	 22	 8.829015e+02	 220	 6.667037e+02	 98	 5.519050e+02	 616.67	 683.33	 50.00	 34	 0.65	 
BFE_111	 1	 4	 1114.jpg	 5.538906e+02	 12	 999000	 120	 999000	 999	 5.549083e+02	 616.67	 683.33	 4.00	 14	 0.79	 
BFE_111	 1	 4	 1116.jpg	 5.578951e+02	 12	 999000	 120	 999000	 999	 5.589129e+02	 616.67	 683.33	 38.00	 16	 0.23	 
