subjectID	 order	 runNum	 itemName	 onsetTime	 shuff_trialType	 RT	 respInTime	 AudioTime	 response	 fixationTime	 ladder1	 ladder2	 bidIndex	 itemNameIndex	 bidValue	 
BFE_103	 1	 16	 2116.jpg	 2.028986e+03	 24	 999000	 240	 999000	 999	 2.030004e+03	 783.33	 783.33	 61.00	 16	 0.49	 
BFE_103	 1	 16	 2211.jpg	 2.031973e+03	 24	 999000	 240	 999000	 999	 2.032991e+03	 783.33	 783.33	 51.00	 32	 0.68	 
BFE_103	 1	 16	 1203.jpg	 2.033975e+03	 12	 999000	 120	 999000	 999	 2.034993e+03	 783.33	 783.33	 19.00	 24	 0.48	 
BFE_103	 1	 16	 2205.jpg	 2.035977e+03	 24	 999000	 240	 999000	 999	 2.036995e+03	 783.33	 783.33	 56.00	 26	 0.64	 
BFE_103	 1	 16	 1213.jpg	 2.037980e+03	 11	 6.228683e+02	 11	 7.834197e+02	 98	 2.038997e+03	 800.00	 783.33	 12.00	 34	 0.67	 
BFE_103	 1	 16	 1113.jpg	 2.040983e+03	 12	 999000	 120	 999000	 999	 2.042001e+03	 800.00	 783.33	 4.00	 13	 0.81	 
BFE_103	 1	 16	 2207.jpg	 2.042969e+03	 22	 8.497883e+02	 220	 7.833805e+02	 98	 2.043986e+03	 800.00	 800.00	 52.00	 28	 0.67	 
BFE_103	 1	 16	 1112.jpg	 2.046973e+03	 12	 999000	 120	 999000	 999	 2.047991e+03	 800.00	 800.00	 37.00	 12	 0.18	 
BFE_103	 1	 16	 1115.jpg	 2.048975e+03	 11	 9.872149e+02	 110	 8.000359e+02	 98	 2.049993e+03	 816.67	 800.00	 10.00	 15	 0.72	 
BFE_103	 1	 16	 2119.jpg	 2.053981e+03	 24	 999000	 240	 999000	 999	 2.054999e+03	 816.67	 800.00	 77.00	 19	 0.19	 
BFE_103	 1	 16	 2206.jpg	 2.055983e+03	 24	 999000	 240	 999000	 999	 2.057001e+03	 816.67	 800.00	 60.00	 27	 0.51	 
BFE_103	 1	 16	 2219.jpg	 2.059971e+03	 24	 999000	 240	 999000	 999	 2.060989e+03	 816.67	 800.00	 48.00	 40	 0.73	 
BFE_103	 1	 16	 2203.jpg	 2.061973e+03	 24	 999000	 240	 999000	 999	 2.062991e+03	 816.67	 800.00	 49.00	 24	 0.70	 
BFE_103	 1	 16	 2113.jpg	 2.064977e+03	 24	 999000	 240	 999000	 999	 2.065994e+03	 816.67	 800.00	 44.00	 13	 0.76	 
BFE_103	 1	 16	 2109.jpg	 2.069982e+03	 22	 1.028255e+03	 2200	 8.000445e+02	 98	 2.071000e+03	 816.67	 750.00	 58.00	 9	 0.58	 
BFE_103	 1	 16	 1114.jpg	 2.071968e+03	 12	 999000	 120	 999000	 999	 2.072986e+03	 816.67	 750.00	 14.00	 14	 0.57	 
BFE_103	 1	 16	 2105.jpg	 2.073970e+03	 22	 8.163018e+02	 220	 7.500342e+02	 98	 2.074988e+03	 816.67	 766.67	 47.00	 5	 0.73	 
BFE_103	 1	 16	 1204.jpg	 2.077975e+03	 11	 9.799417e+02	 110	 8.167057e+02	 98	 2.078992e+03	 833.33	 766.67	 7.00	 25	 0.78	 
BFE_103	 1	 16	 1104.jpg	 2.081979e+03	 12	 999000	 120	 999000	 999	 2.082998e+03	 833.33	 766.67	 9.00	 4	 0.73	 
BFE_103	 1	 16	 1102.jpg	 2.085984e+03	 12	 999000	 120	 999000	 999	 2.087001e+03	 833.33	 766.67	 17.00	 2	 0.50	 
BFE_103	 1	 16	 2218.jpg	 2.087969e+03	 22	 9.533445e+02	 220	 7.666966e+02	 98	 2.088987e+03	 833.33	 783.33	 55.00	 39	 0.65	 
BFE_103	 1	 16	 2213.jpg	 2.089971e+03	 22	 8.551253e+02	 220	 7.833691e+02	 98	 2.090989e+03	 833.33	 800.00	 50.00	 34	 0.70	 
BFE_103	 1	 16	 1218.jpg	 2.091974e+03	 12	 999000	 120	 999000	 999	 2.092991e+03	 833.33	 800.00	 16.00	 39	 0.53	 
BFE_103	 1	 16	 2106.jpg	 2.093976e+03	 24	 999000	 240	 999000	 999	 2.094994e+03	 833.33	 800.00	 62.00	 6	 0.49	 
BFE_103	 1	 16	 1217.jpg	 2.099983e+03	 12	 999000	 120	 999000	 999	 2.101000e+03	 833.33	 800.00	 3.00	 38	 0.84	 
BFE_103	 1	 16	 1105.jpg	 2.102969e+03	 11	 6.971627e+02	 11	 8.333742e+02	 98	 2.103987e+03	 850.00	 800.00	 15.00	 5	 0.55	 
BFE_103	 1	 16	 2104.jpg	 2.104972e+03	 24	 999000	 240	 999000	 999	 2.105989e+03	 850.00	 800.00	 59.00	 4	 0.53	 
BFE_103	 1	 16	 2217.jpg	 2.106974e+03	 24	 999000	 240	 999000	 999	 2.107992e+03	 850.00	 800.00	 54.00	 38	 0.65	 
BFE_103	 1	 16	 1214.jpg	 2.109977e+03	 11	 8.732679e+02	 110	 8.500306e+02	 98	 2.110995e+03	 866.67	 800.00	 18.00	 35	 0.49	 
BFE_103	 1	 16	 2121.jpg	 2.111979e+03	 22	 8.390520e+02	 220	 8.000475e+02	 98	 2.112997e+03	 866.67	 816.67	 53.00	 21	 0.67	 
BFE_103	 1	 16	 1211.jpg	 2.113982e+03	 12	 999000	 120	 999000	 999	 2.115000e+03	 866.67	 816.67	 20.00	 32	 0.47	 
BFE_103	 1	 16	 2209.jpg	 2.115984e+03	 24	 999000	 240	 999000	 999	 2.117002e+03	 866.67	 816.67	 43.00	 30	 0.78	 
BFE_103	 1	 16	 1209.jpg	 2.118971e+03	 12	 999000	 120	 999000	 999	 2.119988e+03	 866.67	 816.67	 8.00	 30	 0.74	 
BFE_103	 1	 16	 2120.jpg	 2.120973e+03	 24	 999000	 240	 999000	 999	 2.121991e+03	 866.67	 816.67	 78.00	 20	 0.16	 
BFE_103	 1	 16	 1109.jpg	 2.122975e+03	 12	 9.553139e+02	 12	 999000	 98	 2.123993e+03	 866.67	 816.67	 11.00	 9	 0.71	 
BFE_103	 1	 16	 1117.jpg	 2.124977e+03	 12	 999000	 120	 999000	 999	 2.125995e+03	 866.67	 816.67	 22.00	 17	 0.46	 
BFE_103	 1	 16	 1121.jpg	 2.126980e+03	 12	 999000	 120	 999000	 999	 2.127997e+03	 866.67	 816.67	 21.00	 21	 0.46	 
BFE_103	 1	 16	 1111.jpg	 2.132970e+03	 12	 999000	 120	 999000	 999	 2.133987e+03	 866.67	 816.67	 38.00	 11	 0.16	 
BFE_103	 1	 16	 1110.jpg	 2.135973e+03	 11	 1.085536e+03	 1100	 8.667187e+02	 98	 2.136991e+03	 816.67	 816.67	 13.00	 10	 0.61	 
BFE_103	 1	 16	 2115.jpg	 2.139978e+03	 24	 999000	 240	 999000	 999	 2.140995e+03	 816.67	 816.67	 57.00	 15	 0.58	 
