subjectID	 order	 runNum	 itemName	 onsetTime	 shuff_trialType	 RT	 respInTime	 AudioTime	 response	 fixationTime	 ladder1	 ladder2	 bidIndex	 itemNameIndex	 bidValue	 
BFE_202	 2	 17	 1213.jpg	 2.123908e+03	 12	 999000	 120	 999000	 999	 2.124926e+03	 750.00	 750.00	 15.00	 34	 0.60	 
BFE_202	 2	 17	 1219.jpg	 2.125911e+03	 11	 9.718035e+02	 110	 7.500471e+02	 98	 2.126928e+03	 766.67	 750.00	 9.00	 40	 0.66	 
BFE_202	 2	 17	 1104.jpg	 2.129915e+03	 12	 999000	 120	 999000	 999	 2.130933e+03	 766.67	 750.00	 12.00	 4	 0.63	 
BFE_202	 2	 17	 2211.jpg	 2.132918e+03	 24	 999000	 240	 999000	 999	 2.133936e+03	 766.67	 750.00	 43.00	 32	 0.82	 
BFE_202	 2	 17	 1209.jpg	 2.134904e+03	 12	 999000	 120	 999000	 999	 2.135922e+03	 766.67	 750.00	 7.00	 30	 0.68	 
BFE_202	 2	 17	 2103.jpg	 2.137907e+03	 24	 999000	 240	 999000	 999	 2.138925e+03	 766.67	 750.00	 60.00	 3	 0.51	 
BFE_202	 2	 17	 1115.jpg	 2.141912e+03	 11	 9.945681e+02	 110	 7.667044e+02	 98	 2.142930e+03	 783.33	 750.00	 8.00	 15	 0.67	 
BFE_202	 2	 17	 1119.jpg	 2.145916e+03	 12	 999000	 120	 999000	 999	 2.146934e+03	 783.33	 750.00	 38.00	 19	 0.17	 
BFE_202	 2	 17	 1205.jpg	 2.147919e+03	 11	 1.019782e+03	 1100	 7.833605e+02	 98	 2.148937e+03	 733.33	 750.00	 14.00	 26	 0.62	 
BFE_202	 2	 17	 2210.jpg	 2.152908e+03	 22	 9.748959e+02	 220	 7.500540e+02	 98	 2.153925e+03	 733.33	 766.67	 57.00	 31	 0.59	 
BFE_202	 2	 17	 2101.jpg	 2.154910e+03	 24	 999000	 240	 999000	 999	 2.155928e+03	 733.33	 766.67	 55.00	 1	 0.61	 
BFE_202	 2	 17	 1111.jpg	 2.156912e+03	 12	 999000	 120	 999000	 999	 2.157930e+03	 733.33	 766.67	 19.00	 11	 0.56	 
BFE_202	 2	 17	 1207.jpg	 2.162919e+03	 11	 9.237131e+02	 110	 7.333673e+02	 98	 2.163937e+03	 750.00	 766.67	 17.00	 28	 0.58	 
BFE_202	 2	 17	 2117.jpg	 2.164904e+03	 24	 999000	 240	 999000	 999	 2.165922e+03	 750.00	 766.67	 61.00	 17	 0.47	 
BFE_202	 2	 17	 1203.jpg	 2.166907e+03	 12	 999000	 120	 999000	 999	 2.167924e+03	 750.00	 766.67	 10.00	 24	 0.66	 
BFE_202	 2	 17	 1215.jpg	 2.168909e+03	 12	 999000	 120	 999000	 999	 2.169927e+03	 750.00	 766.67	 4.00	 36	 0.74	 
BFE_202	 2	 17	 1117.jpg	 2.172913e+03	 12	 999000	 120	 999000	 999	 2.173931e+03	 750.00	 766.67	 37.00	 17	 0.23	 
BFE_202	 2	 17	 2203.jpg	 2.176918e+03	 24	 999000	 240	 999000	 999	 2.177936e+03	 750.00	 766.67	 47.00	 24	 0.69	 
BFE_202	 2	 17	 2216.jpg	 2.179904e+03	 24	 999000	 240	 999000	 999	 2.180922e+03	 750.00	 766.67	 53.00	 37	 0.62	 
BFE_202	 2	 17	 2215.jpg	 2.183909e+03	 24	 999000	 240	 999000	 999	 2.184927e+03	 750.00	 766.67	 44.00	 36	 0.82	 
BFE_202	 2	 17	 2218.jpg	 2.186912e+03	 22	 1.050064e+03	 2200	 7.667050e+02	 98	 2.187930e+03	 750.00	 716.67	 49.00	 39	 0.64	 
BFE_202	 2	 17	 2209.jpg	 2.188915e+03	 22	 9.597888e+02	 220	 7.166999e+02	 98	 2.189932e+03	 750.00	 733.33	 51.00	 30	 0.62	 
BFE_202	 2	 17	 1204.jpg	 2.192919e+03	 11	 9.872944e+02	 110	 7.500260e+02	 98	 2.193937e+03	 766.67	 733.33	 11.00	 25	 0.65	 
BFE_202	 2	 17	 1214.jpg	 2.194904e+03	 12	 999000	 120	 999000	 999	 2.195922e+03	 766.67	 733.33	 20.00	 35	 0.56	 
BFE_202	 2	 17	 1206.jpg	 2.196907e+03	 12	 999000	 120	 999000	 999	 2.197925e+03	 766.67	 733.33	 21.00	 27	 0.54	 
BFE_202	 2	 17	 1107.jpg	 2.200911e+03	 11	 1.059069e+03	 1100	 7.666995e+02	 98	 2.201929e+03	 716.67	 733.33	 16.00	 7	 0.60	 
BFE_202	 2	 17	 2202.jpg	 2.202914e+03	 24	 999000	 240	 999000	 999	 2.203931e+03	 716.67	 733.33	 62.00	 23	 0.47	 
BFE_202	 2	 17	 2205.jpg	 2.206918e+03	 22	 9.643573e+02	 220	 7.333639e+02	 98	 2.207936e+03	 716.67	 750.00	 48.00	 26	 0.68	 
BFE_202	 2	 17	 1106.jpg	 2.210906e+03	 12	 999000	 120	 999000	 999	 2.211924e+03	 716.67	 750.00	 13.00	 6	 0.62	 
BFE_202	 2	 17	 2102.jpg	 2.213909e+03	 24	 999000	 240	 999000	 999	 2.214927e+03	 716.67	 750.00	 52.00	 2	 0.62	 
BFE_202	 2	 17	 1210.jpg	 2.219916e+03	 12	 999000	 120	 999000	 999	 2.220934e+03	 716.67	 750.00	 18.00	 31	 0.57	 
BFE_202	 2	 17	 1216.jpg	 2.221918e+03	 12	 999000	 120	 999000	 999	 2.222936e+03	 716.67	 750.00	 3.00	 37	 0.77	 
BFE_202	 2	 17	 2219.jpg	 2.225906e+03	 24	 999000	 240	 999000	 999	 2.226924e+03	 716.67	 750.00	 59.00	 40	 0.51	 
BFE_202	 2	 17	 2213.jpg	 2.227908e+03	 24	 999000	 240	 999000	 999	 2.228926e+03	 716.67	 750.00	 58.00	 34	 0.54	 
BFE_202	 2	 17	 2119.jpg	 2.229911e+03	 24	 999000	 240	 999000	 999	 2.230928e+03	 716.67	 750.00	 77.00	 19	 0.24	 
BFE_202	 2	 17	 1120.jpg	 2.231913e+03	 12	 999000	 120	 999000	 999	 2.232931e+03	 716.67	 750.00	 22.00	 20	 0.52	 
BFE_202	 2	 17	 2107.jpg	 2.236918e+03	 24	 999000	 240	 999000	 999	 2.237936e+03	 716.67	 750.00	 78.00	 7	 0.24	 
BFE_202	 2	 17	 2113.jpg	 2.238904e+03	 22	 1.066714e+03	 2200	 7.500273e+02	 98	 2.239922e+03	 716.67	 700.00	 56.00	 13	 0.60	 
BFE_202	 2	 17	 2115.jpg	 2.240906e+03	 24	 999000	 240	 999000	 999	 2.241924e+03	 716.67	 700.00	 50.00	 15	 0.64	 
BFE_202	 2	 17	 2118.jpg	 2.243910e+03	 22	 9.648013e+02	 220	 7.000310e+02	 98	 2.244927e+03	 716.67	 716.67	 54.00	 18	 0.61	 
