subjectID	 order	 runNum	 itemName	 onsetTime	 shuff_trialType	 RT	 respInTime	 AudioTime	 response	 fixationTime	 ladder1	 ladder2	 bidIndex	 itemNameIndex	 bidValue	 
BFE_111	 1	 18	 1102.jpg	 2.824053e+03	 12	 999000	 120	 999000	 999	 2.825070e+03	 650.00	 583.33	 19.00	 2	 0.52	 
BFE_111	 1	 18	 2110.jpg	 2.826038e+03	 24	 999000	 240	 999000	 999	 2.827056e+03	 650.00	 583.33	 62.00	 10	 0.44	 
BFE_111	 1	 18	 2120.jpg	 2.830043e+03	 22	 9.996131e+02	 220	 5.833789e+02	 98	 2.831060e+03	 650.00	 600.00	 53.00	 20	 0.60	 
BFE_111	 1	 18	 2209.jpg	 2.833046e+03	 24	 999000	 240	 999000	 999	 2.834064e+03	 650.00	 600.00	 54.00	 30	 0.56	 
BFE_111	 1	 18	 1216.jpg	 2.835048e+03	 11	 9.219236e+02	 110	 6.500368e+02	 98	 2.836066e+03	 666.67	 600.00	 10.00	 37	 0.61	 
BFE_111	 1	 18	 1217.jpg	 2.838035e+03	 12	 999000	 120	 999000	 999	 2.839053e+03	 666.67	 600.00	 3.00	 38	 0.87	 
BFE_111	 1	 18	 1113.jpg	 2.842039e+03	 12	 999000	 120	 999000	 999	 2.843057e+03	 666.67	 600.00	 21.00	 13	 0.49	 
BFE_111	 1	 18	 2119.jpg	 2.846044e+03	 24	 999000	 240	 999000	 999	 2.847062e+03	 666.67	 600.00	 77.00	 19	 0.30	 
BFE_111	 1	 18	 2213.jpg	 2.848046e+03	 22	 9.241397e+02	 220	 6.000364e+02	 98	 2.849064e+03	 666.67	 616.67	 50.00	 34	 0.65	 
BFE_111	 1	 18	 1210.jpg	 2.853052e+03	 12	 999000	 120	 999000	 999	 2.854070e+03	 666.67	 616.67	 11.00	 31	 0.61	 
BFE_111	 1	 18	 1114.jpg	 2.855037e+03	 12	 999000	 120	 999000	 999	 2.856055e+03	 666.67	 616.67	 4.00	 14	 0.79	 
BFE_111	 1	 18	 2113.jpg	 2.857040e+03	 24	 999000	 240	 999000	 999	 2.858057e+03	 666.67	 616.67	 51.00	 13	 0.64	 
BFE_111	 1	 18	 2103.jpg	 2.863046e+03	 24	 999000	 240	 999000	 999	 2.864064e+03	 666.67	 616.67	 57.00	 3	 0.53	 
BFE_111	 1	 18	 2211.jpg	 2.865049e+03	 22	 1.041665e+03	 2200	 6.167212e+02	 98	 2.866066e+03	 666.67	 566.67	 58.00	 32	 0.51	 
BFE_111	 1	 18	 1120.jpg	 2.867051e+03	 12	 999000	 120	 999000	 999	 2.868069e+03	 666.67	 566.67	 20.00	 20	 0.49	 
BFE_111	 1	 18	 1202.jpg	 2.869036e+03	 12	 999000	 120	 999000	 999	 2.870054e+03	 666.67	 566.67	 22.00	 23	 0.46	 
BFE_111	 1	 18	 1109.jpg	 2.873041e+03	 12	 999000	 120	 999000	 999	 2.874059e+03	 666.67	 566.67	 17.00	 9	 0.54	 
BFE_111	 1	 18	 1209.jpg	 2.877045e+03	 12	 999000	 120	 999000	 999	 2.878063e+03	 666.67	 566.67	 8.00	 30	 0.64	 
BFE_111	 1	 18	 1105.jpg	 2.880049e+03	 12	 999000	 120	 999000	 999	 2.881066e+03	 666.67	 566.67	 14.00	 5	 0.57	 
BFE_111	 1	 18	 1215.jpg	 2.884036e+03	 12	 999000	 120	 999000	 999	 2.885054e+03	 666.67	 566.67	 16.00	 36	 0.54	 
BFE_111	 1	 18	 1116.jpg	 2.887040e+03	 12	 999000	 120	 999000	 999	 2.888058e+03	 666.67	 566.67	 38.00	 16	 0.23	 
BFE_111	 1	 18	 1213.jpg	 2.889042e+03	 12	 999000	 120	 999000	 999	 2.890060e+03	 666.67	 566.67	 37.00	 34	 0.23	 
BFE_111	 1	 18	 2112.jpg	 2.893047e+03	 24	 999000	 240	 999000	 999	 2.894064e+03	 666.67	 566.67	 60.00	 12	 0.48	 
BFE_111	 1	 18	 2217.jpg	 2.895049e+03	 24	 999000	 240	 999000	 999	 2.896067e+03	 666.67	 566.67	 43.00	 38	 0.77	 
BFE_111	 1	 18	 2210.jpg	 2.897051e+03	 22	 7.671244e+02	 220	 5.667033e+02	 98	 2.898069e+03	 666.67	 583.33	 52.00	 31	 0.61	 
BFE_111	 1	 18	 2216.jpg	 2.901039e+03	 24	 999000	 240	 999000	 999	 2.902057e+03	 666.67	 583.33	 56.00	 37	 0.55	 
BFE_111	 1	 18	 1218.jpg	 2.903041e+03	 11	 9.131564e+02	 110	 6.667053e+02	 98	 2.904059e+03	 683.33	 583.33	 7.00	 39	 0.66	 
BFE_111	 1	 18	 1117.jpg	 2.907046e+03	 11	 6.286000e+02	 11	 6.833622e+02	 98	 2.908063e+03	 700.00	 583.33	 15.00	 17	 0.55	 
BFE_111	 1	 18	 1214.jpg	 2.911050e+03	 12	 999000	 120	 999000	 999	 2.912068e+03	 700.00	 583.33	 9.00	 35	 0.63	 
BFE_111	 1	 18	 1107.jpg	 2.914037e+03	 11	 9.494178e+02	 110	 7.000290e+02	 98	 2.915055e+03	 716.67	 583.33	 12.00	 7	 0.60	 
BFE_111	 1	 18	 2111.jpg	 2.920044e+03	 24	 999000	 240	 999000	 999	 2.921061e+03	 716.67	 583.33	 49.00	 11	 0.66	 
BFE_111	 1	 18	 2207.jpg	 2.922046e+03	 24	 999000	 240	 999000	 999	 2.923064e+03	 716.67	 583.33	 44.00	 28	 0.72	 
BFE_111	 1	 18	 1219.jpg	 2.926050e+03	 11	 9.839010e+02	 110	 7.166983e+02	 98	 2.927068e+03	 733.33	 583.33	 13.00	 40	 0.58	 
BFE_111	 1	 18	 2116.jpg	 2.928036e+03	 24	 999000	 240	 999000	 999	 2.929054e+03	 733.33	 583.33	 78.00	 16	 0.25	 
BFE_111	 1	 18	 2205.jpg	 2.930038e+03	 24	 999000	 240	 999000	 999	 2.931056e+03	 733.33	 583.33	 59.00	 26	 0.50	 
BFE_111	 1	 18	 2218.jpg	 2.932040e+03	 24	 999000	 240	 999000	 999	 2.933058e+03	 733.33	 583.33	 61.00	 39	 0.45	 
BFE_111	 1	 18	 1205.jpg	 2.937046e+03	 11	 1.020320e+03	 1100	 7.333662e+02	 98	 2.938064e+03	 683.33	 583.33	 18.00	 26	 0.52	 
BFE_111	 1	 18	 2214.jpg	 2.939048e+03	 22	 1.130067e+03	 2200	 5.833624e+02	 98	 2.940066e+03	 683.33	 533.33	 47.00	 35	 0.68	 
BFE_111	 1	 18	 2102.jpg	 2.941050e+03	 24	 999000	 240	 999000	 999	 2.942068e+03	 683.33	 533.33	 48.00	 2	 0.67	 
BFE_111	 1	 18	 2104.jpg	 2.944037e+03	 22	 8.370775e+02	 220	 5.333680e+02	 98	 2.945055e+03	 683.33	 550.00	 55.00	 4	 0.56	 
