subjectID	 order	 runNum	 itemName	 onsetTime	 shuff_trialType	 RT	 respInTime	 AudioTime	 response	 fixationTime	 ladder1	 ladder2	 bidIndex	 itemNameIndex	 bidValue	 
BFE_108	 2	 6	 1114.jpg	 6.298054e+02	 12	 999000	 120	 999000	 999	 6.308231e+02	 716.67	 716.67	 10.00	 14	 0.65	 
BFE_108	 2	 6	 1213.jpg	 6.347944e+02	 11	 9.841941e+02	 110	 7.167568e+02	 98	 6.358121e+02	 733.33	 716.67	 9.00	 34	 0.71	 
BFE_108	 2	 6	 2209.jpg	 6.367966e+02	 24	 999000	 240	 999000	 999	 6.378143e+02	 733.33	 716.67	 53.00	 30	 0.61	 
BFE_108	 2	 6	 2101.jpg	 6.387987e+02	 24	 999000	 240	 999000	 999	 6.398166e+02	 733.33	 716.67	 55.00	 1	 0.58	 
BFE_108	 2	 6	 2102.jpg	 6.447888e+02	 24	 999000	 240	 999000	 999	 6.458067e+02	 733.33	 716.67	 59.00	 2	 0.52	 
BFE_108	 2	 6	 1105.jpg	 6.467910e+02	 12	 999000	 120	 999000	 999	 6.478088e+02	 733.33	 716.67	 13.00	 5	 0.55	 
BFE_108	 2	 6	 1219.jpg	 6.497944e+02	 12	 999000	 120	 999000	 999	 6.508123e+02	 733.33	 716.67	 4.00	 40	 0.78	 
BFE_108	 2	 6	 1201.jpg	 6.517967e+02	 12	 999000	 120	 999000	 999	 6.528144e+02	 733.33	 716.67	 3.00	 22	 0.88	 
BFE_108	 2	 6	 1121.jpg	 6.558012e+02	 12	 999000	 120	 999000	 999	 6.568189e+02	 733.33	 716.67	 7.00	 21	 0.71	 
BFE_108	 2	 6	 2204.jpg	 6.577865e+02	 24	 999000	 240	 999000	 999	 6.588045e+02	 733.33	 716.67	 61.00	 25	 0.48	 
BFE_108	 2	 6	 1211.jpg	 6.627924e+02	 11	 9.861779e+02	 110	 7.333604e+02	 98	 6.638102e+02	 750.00	 716.67	 14.00	 32	 0.54	 
BFE_108	 2	 6	 2112.jpg	 6.698002e+02	 24	 999000	 240	 999000	 999	 6.708179e+02	 750.00	 716.67	 77.00	 12	 0.22	 
BFE_108	 2	 6	 1218.jpg	 6.717855e+02	 12	 999000	 120	 999000	 999	 6.728036e+02	 750.00	 716.67	 12.00	 39	 0.62	 
BFE_108	 2	 6	 1203.jpg	 6.747891e+02	 11	 9.894336e+02	 110	 7.500353e+02	 98	 6.758069e+02	 766.67	 716.67	 11.00	 24	 0.63	 
BFE_108	 2	 6	 2210.jpg	 6.777925e+02	 22	 9.220379e+02	 220	 7.167156e+02	 98	 6.788103e+02	 766.67	 733.33	 48.00	 31	 0.73	 
BFE_108	 2	 6	 2106.jpg	 6.817970e+02	 22	 9.574991e+02	 220	 7.333627e+02	 98	 6.828149e+02	 766.67	 750.00	 54.00	 6	 0.61	 
BFE_108	 2	 6	 1106.jpg	 6.858014e+02	 11	 9.771258e+02	 110	 7.667016e+02	 98	 6.868193e+02	 783.33	 750.00	 8.00	 6	 0.71	 
BFE_108	 2	 6	 1214.jpg	 6.897893e+02	 12	 999000	 120	 999000	 999	 6.908071e+02	 783.33	 750.00	 18.00	 35	 0.52	 
BFE_108	 2	 6	 2213.jpg	 6.927926e+02	 24	 999000	 240	 999000	 999	 6.938105e+02	 783.33	 750.00	 52.00	 34	 0.62	 
BFE_108	 2	 6	 2113.jpg	 6.987993e+02	 24	 999000	 240	 999000	 999	 6.998171e+02	 783.33	 750.00	 60.00	 13	 0.51	 
BFE_108	 2	 6	 2218.jpg	 7.008016e+02	 22	 9.689769e+02	 220	 7.500375e+02	 98	 7.018193e+02	 783.33	 766.67	 57.00	 39	 0.57	 
BFE_108	 2	 6	 2121.jpg	 7.037883e+02	 22	 1.014287e+03	 2200	 7.667035e+02	 98	 7.048068e+02	 783.33	 716.67	 49.00	 21	 0.69	 
BFE_108	 2	 6	 2208.jpg	 7.057905e+02	 24	 999000	 240	 999000	 999	 7.068083e+02	 783.33	 716.67	 62.00	 29	 0.46	 
BFE_108	 2	 6	 2219.jpg	 7.077928e+02	 24	 999000	 240	 999000	 999	 7.088105e+02	 783.33	 716.67	 50.00	 40	 0.67	 
BFE_108	 2	 6	 2109.jpg	 7.097951e+02	 22	 9.675134e+02	 220	 7.166940e+02	 98	 7.108128e+02	 783.33	 733.33	 56.00	 9	 0.57	 
BFE_108	 2	 6	 2111.jpg	 7.127984e+02	 22	 9.801133e+02	 220	 7.333611e+02	 98	 7.138162e+02	 783.33	 750.00	 51.00	 11	 0.65	 
BFE_108	 2	 6	 1202.jpg	 7.167862e+02	 11	 1.000357e+03	 1100	 7.833733e+02	 98	 7.178039e+02	 733.33	 750.00	 17.00	 23	 0.53	 
BFE_108	 2	 6	 2212.jpg	 7.187885e+02	 24	 999000	 240	 999000	 999	 7.198079e+02	 733.33	 750.00	 78.00	 33	 0.21	 
BFE_108	 2	 6	 1216.jpg	 7.207906e+02	 12	 999000	 120	 999000	 999	 7.218085e+02	 733.33	 750.00	 38.00	 37	 0.20	 
BFE_108	 2	 6	 1115.jpg	 7.227930e+02	 12	 999000	 120	 999000	 999	 7.238108e+02	 733.33	 750.00	 15.00	 15	 0.54	 
BFE_108	 2	 6	 2217.jpg	 7.247952e+02	 24	 999000	 240	 999000	 999	 7.258130e+02	 733.33	 750.00	 44.00	 38	 0.81	 
BFE_108	 2	 6	 2117.jpg	 7.267975e+02	 24	 999000	 240	 999000	 999	 7.278151e+02	 733.33	 750.00	 47.00	 17	 0.74	 
BFE_108	 2	 6	 1111.jpg	 7.307851e+02	 12	 999000	 120	 999000	 999	 7.318030e+02	 733.33	 750.00	 19.00	 11	 0.51	 
BFE_108	 2	 6	 1102.jpg	 7.347897e+02	 11	 9.728890e+02	 110	 7.333693e+02	 98	 7.358075e+02	 750.00	 750.00	 16.00	 2	 0.53	 
BFE_108	 2	 6	 1117.jpg	 7.367919e+02	 12	 999000	 120	 999000	 999	 7.378098e+02	 750.00	 750.00	 21.00	 17	 0.50	 
BFE_108	 2	 6	 2103.jpg	 7.387942e+02	 24	 999000	 240	 999000	 999	 7.398120e+02	 750.00	 750.00	 43.00	 3	 0.83	 
BFE_108	 2	 6	 1210.jpg	 7.407964e+02	 12	 999000	 120	 999000	 999	 7.418143e+02	 750.00	 750.00	 37.00	 31	 0.21	 
BFE_108	 2	 6	 2205.jpg	 7.427987e+02	 24	 999000	 240	 999000	 999	 7.438165e+02	 750.00	 750.00	 58.00	 26	 0.54	 
BFE_108	 2	 6	 1113.jpg	 7.487888e+02	 12	 999000	 120	 999000	 999	 7.498066e+02	 750.00	 750.00	 20.00	 13	 0.50	 
BFE_108	 2	 6	 1215.jpg	 7.507910e+02	 12	 999000	 120	 999000	 999	 7.518088e+02	 750.00	 750.00	 22.00	 36	 0.47	 
