subjectID	 order	 runNum	 itemName	 onsetTime	 shuff_trialType	 RT	 respInTime	 AudioTime	 response	 fixationTime	 ladder1	 ladder2	 bidIndex	 itemNameIndex	 bidValue	 
BFE_109	 1	 12	 1215.jpg	 1.470282e+03	 12	 999000	 120	 999000	 999	 1.471300e+03	 783.33	 783.33	 9.00	 36	 0.68	 
BFE_109	 1	 12	 2201.jpg	 1.473269e+03	 24	 999000	 240	 999000	 999	 1.474287e+03	 783.33	 783.33	 43.00	 22	 0.81	 
BFE_109	 1	 12	 1210.jpg	 1.475271e+03	 12	 999000	 120	 999000	 999	 1.476289e+03	 783.33	 783.33	 3.00	 31	 0.81	 
BFE_109	 1	 12	 2211.jpg	 1.477274e+03	 24	 999000	 240	 999000	 999	 1.478291e+03	 783.33	 783.33	 49.00	 32	 0.69	 
BFE_109	 1	 12	 1205.jpg	 1.479276e+03	 11	 1.014352e+03	 1100	 7.833841e+02	 98	 1.480294e+03	 733.33	 783.33	 13.00	 26	 0.62	 
BFE_109	 1	 12	 1105.jpg	 1.482279e+03	 12	 999000	 120	 999000	 999	 1.483297e+03	 733.33	 783.33	 37.00	 5	 0.17	 
BFE_109	 1	 12	 1213.jpg	 1.484265e+03	 12	 999000	 120	 999000	 999	 1.485283e+03	 733.33	 783.33	 14.00	 34	 0.60	 
BFE_109	 1	 12	 1102.jpg	 1.488269e+03	 12	 999000	 120	 999000	 999	 1.489287e+03	 733.33	 783.33	 16.00	 2	 0.59	 
BFE_109	 1	 12	 1110.jpg	 1.490272e+03	 12	 999000	 120	 999000	 999	 1.491289e+03	 733.33	 783.33	 20.00	 10	 0.54	 
BFE_109	 1	 12	 1208.jpg	 1.495277e+03	 12	 999000	 120	 999000	 999	 1.496295e+03	 733.33	 783.33	 11.00	 29	 0.67	 
BFE_109	 1	 12	 2218.jpg	 1.497263e+03	 24	 999000	 240	 999000	 999	 1.498281e+03	 733.33	 783.33	 59.00	 39	 0.53	 
BFE_109	 1	 12	 2111.jpg	 1.501267e+03	 24	 999000	 240	 999000	 999	 1.502285e+03	 733.33	 783.33	 62.00	 11	 0.47	 
BFE_109	 1	 12	 2217.jpg	 1.503270e+03	 22	 9.807178e+02	 220	 7.833805e+02	 98	 1.504287e+03	 733.33	 800.00	 52.00	 38	 0.62	 
BFE_109	 1	 12	 1119.jpg	 1.506273e+03	 12	 999000	 120	 999000	 999	 1.507291e+03	 733.33	 800.00	 38.00	 19	 0.17	 
BFE_109	 1	 12	 2212.jpg	 1.511279e+03	 22	 1.027713e+03	 2200	 8.000287e+02	 98	 1.512296e+03	 733.33	 750.00	 53.00	 33	 0.62	 
BFE_109	 1	 12	 2213.jpg	 1.513264e+03	 24	 999000	 240	 999000	 999	 1.514282e+03	 733.33	 750.00	 61.00	 34	 0.48	 
BFE_109	 1	 12	 2215.jpg	 1.515266e+03	 24	 999000	 240	 999000	 999	 1.516284e+03	 733.33	 750.00	 60.00	 36	 0.50	 
BFE_109	 1	 12	 1106.jpg	 1.519271e+03	 11	 9.314954e+02	 110	 7.333771e+02	 98	 1.520289e+03	 750.00	 750.00	 18.00	 6	 0.55	 
BFE_109	 1	 12	 2210.jpg	 1.523275e+03	 22	 9.909780e+02	 220	 7.500353e+02	 98	 1.524293e+03	 750.00	 766.67	 47.00	 31	 0.71	 
BFE_109	 1	 12	 2207.jpg	 1.527263e+03	 22	 1.019339e+03	 2200	 7.667013e+02	 98	 1.528281e+03	 750.00	 716.67	 50.00	 28	 0.68	 
BFE_109	 1	 12	 2107.jpg	 1.529265e+03	 24	 999000	 240	 999000	 999	 1.530283e+03	 750.00	 716.67	 54.00	 7	 0.61	 
BFE_109	 1	 12	 2203.jpg	 1.531268e+03	 22	 9.906692e+02	 220	 7.167024e+02	 98	 1.532285e+03	 750.00	 733.33	 58.00	 24	 0.58	 
BFE_109	 1	 12	 2209.jpg	 1.533271e+03	 24	 999000	 240	 999000	 999	 1.534288e+03	 750.00	 733.33	 44.00	 30	 0.80	 
BFE_109	 1	 12	 1214.jpg	 1.535272e+03	 12	 999000	 120	 999000	 999	 1.536290e+03	 750.00	 733.33	 22.00	 35	 0.51	 
BFE_109	 1	 12	 1216.jpg	 1.541279e+03	 12	 999000	 120	 999000	 999	 1.542297e+03	 750.00	 733.33	 4.00	 37	 0.81	 
BFE_109	 1	 12	 2204.jpg	 1.544265e+03	 24	 999000	 240	 999000	 999	 1.545283e+03	 750.00	 733.33	 48.00	 25	 0.71	 
BFE_109	 1	 12	 1219.jpg	 1.546268e+03	 12	 999000	 120	 999000	 999	 1.547286e+03	 750.00	 733.33	 17.00	 40	 0.55	 
BFE_109	 1	 12	 1203.jpg	 1.548270e+03	 11	 1.052268e+03	 1100	 7.500335e+02	 98	 1.549288e+03	 700.00	 733.33	 10.00	 24	 0.68	 
BFE_109	 1	 12	 1103.jpg	 1.551273e+03	 11	 8.889601e+02	 110	 7.000258e+02	 98	 1.552291e+03	 716.67	 733.33	 15.00	 3	 0.60	 
BFE_109	 1	 12	 1206.jpg	 1.553276e+03	 11	 9.346680e+02	 110	 7.167212e+02	 98	 1.554293e+03	 733.33	 733.33	 7.00	 27	 0.74	 
BFE_109	 1	 12	 2202.jpg	 1.555278e+03	 22	 9.643773e+02	 220	 7.333726e+02	 98	 1.556296e+03	 733.33	 750.00	 55.00	 23	 0.59	 
BFE_109	 1	 12	 2205.jpg	 1.557263e+03	 24	 999000	 240	 999000	 999	 1.558281e+03	 733.33	 750.00	 51.00	 26	 0.63	 
BFE_109	 1	 12	 1121.jpg	 1.560267e+03	 12	 999000	 120	 999000	 999	 1.561284e+03	 733.33	 750.00	 21.00	 21	 0.53	 
BFE_109	 1	 12	 2208.jpg	 1.562269e+03	 24	 999000	 240	 999000	 999	 1.563287e+03	 733.33	 750.00	 56.00	 29	 0.59	 
BFE_109	 1	 12	 1201.jpg	 1.564271e+03	 12	 999000	 120	 999000	 999	 1.565289e+03	 733.33	 750.00	 8.00	 22	 0.68	 
BFE_109	 1	 12	 1211.jpg	 1.566273e+03	 12	 999000	 120	 999000	 999	 1.567291e+03	 733.33	 750.00	 19.00	 32	 0.55	 
BFE_109	 1	 12	 1218.jpg	 1.568276e+03	 11	 1.046576e+03	 1100	 7.333739e+02	 98	 1.569293e+03	 683.33	 750.00	 12.00	 39	 0.64	 
BFE_109	 1	 12	 2105.jpg	 1.574266e+03	 24	 999000	 240	 999000	 999	 1.575284e+03	 683.33	 750.00	 77.00	 5	 0.20	 
BFE_109	 1	 12	 2110.jpg	 1.577269e+03	 24	 999000	 240	 999000	 999	 1.578287e+03	 683.33	 750.00	 57.00	 10	 0.58	 
BFE_109	 1	 12	 2112.jpg	 1.581274e+03	 24	 999000	 240	 999000	 999	 1.582291e+03	 683.33	 750.00	 78.00	 12	 0.20	 
