subjectID	 order	 runNum	 itemName	 onsetTime	 shuff_trialType	 RT	 respInTime	 AudioTime	 response	 fixationTime	 ladder1	 ladder2	 bidIndex	 itemNameIndex	 bidValue	 
BFE_102	 2	 17	 1218.jpg	 2.179936e+03	 12	 999000	 120	 999000	 999	 2.180954e+03	 750.00	 750.00	 4.00	 39	 0.79	 
BFE_102	 2	 17	 2214.jpg	 2.182923e+03	 24	 999000	 240	 999000	 999	 2.183941e+03	 750.00	 750.00	 60.00	 35	 0.57	 
BFE_102	 2	 17	 1207.jpg	 2.184925e+03	 11	 6.526447e+02	 11	 7.500470e+02	 98	 2.185943e+03	 766.67	 750.00	 8.00	 28	 0.70	 
BFE_102	 2	 17	 1209.jpg	 2.186928e+03	 11	 8.983937e+02	 110	 7.667273e+02	 98	 2.187946e+03	 783.33	 750.00	 16.00	 30	 0.55	 
BFE_102	 2	 17	 2207.jpg	 2.188930e+03	 22	 8.481348e+02	 220	 7.500403e+02	 98	 2.189948e+03	 783.33	 766.67	 48.00	 28	 0.80	 
BFE_102	 2	 17	 2211.jpg	 2.191916e+03	 22	 9.897902e+02	 220	 7.667031e+02	 98	 2.192934e+03	 783.33	 783.33	 51.00	 32	 0.75	 
BFE_102	 2	 17	 2204.jpg	 2.193919e+03	 24	 999000	 240	 999000	 999	 2.194936e+03	 783.33	 783.33	 50.00	 25	 0.75	 
BFE_102	 2	 17	 1105.jpg	 2.197923e+03	 12	 999000	 120	 999000	 999	 2.198941e+03	 783.33	 783.33	 19.00	 5	 0.53	 
BFE_102	 2	 17	 2110.jpg	 2.199926e+03	 24	 999000	 240	 999000	 999	 2.200943e+03	 783.33	 783.33	 53.00	 10	 0.73	 
BFE_102	 2	 17	 2209.jpg	 2.204931e+03	 22	 8.389624e+02	 220	 7.833819e+02	 98	 2.205949e+03	 783.33	 800.00	 56.00	 30	 0.68	 
BFE_102	 2	 17	 2118.jpg	 2.206916e+03	 24	 999000	 240	 999000	 999	 2.207934e+03	 783.33	 800.00	 78.00	 18	 0.32	 
BFE_102	 2	 17	 2218.jpg	 2.210921e+03	 24	 999000	 240	 999000	 999	 2.211939e+03	 783.33	 800.00	 55.00	 39	 0.72	 
BFE_102	 2	 17	 1116.jpg	 2.212923e+03	 12	 999000	 120	 999000	 999	 2.213941e+03	 783.33	 800.00	 37.00	 16	 0.20	 
BFE_102	 2	 17	 1108.jpg	 2.215927e+03	 12	 999000	 120	 999000	 999	 2.216944e+03	 783.33	 800.00	 10.00	 8	 0.68	 
BFE_102	 2	 17	 2201.jpg	 2.220932e+03	 22	 1.109668e+03	 2200	 8.000283e+02	 98	 2.221950e+03	 783.33	 750.00	 57.00	 22	 0.66	 
BFE_102	 2	 17	 2104.jpg	 2.222918e+03	 24	 999000	 240	 999000	 999	 2.223936e+03	 783.33	 750.00	 58.00	 4	 0.63	 
BFE_102	 2	 17	 2111.jpg	 2.224920e+03	 24	 999000	 240	 999000	 999	 2.225938e+03	 783.33	 750.00	 59.00	 11	 0.62	 
BFE_102	 2	 17	 1211.jpg	 2.228925e+03	 11	 1.077389e+03	 1100	 7.833710e+02	 98	 2.229943e+03	 733.33	 750.00	 9.00	 32	 0.70	 
BFE_102	 2	 17	 1104.jpg	 2.232929e+03	 12	 999000	 120	 999000	 999	 2.233947e+03	 733.33	 750.00	 15.00	 4	 0.56	 
BFE_102	 2	 17	 1208.jpg	 2.236917e+03	 12	 999000	 120	 999000	 999	 2.237935e+03	 733.33	 750.00	 12.00	 29	 0.62	 
BFE_102	 2	 17	 2206.jpg	 2.238919e+03	 24	 999000	 240	 999000	 999	 2.239937e+03	 733.33	 750.00	 43.00	 27	 0.87	 
BFE_102	 2	 17	 1109.jpg	 2.240922e+03	 12	 999000	 120	 999000	 999	 2.241939e+03	 733.33	 750.00	 21.00	 9	 0.50	 
BFE_102	 2	 17	 2114.jpg	 2.242924e+03	 24	 999000	 240	 999000	 999	 2.243942e+03	 733.33	 750.00	 47.00	 14	 0.85	 
BFE_102	 2	 17	 2213.jpg	 2.244926e+03	 24	 999000	 240	 999000	 999	 2.245944e+03	 733.33	 750.00	 62.00	 34	 0.52	 
BFE_102	 2	 17	 2115.jpg	 2.250916e+03	 24	 999000	 240	 999000	 999	 2.251934e+03	 733.33	 750.00	 61.00	 15	 0.53	 
BFE_102	 2	 17	 1203.jpg	 2.253919e+03	 12	 999000	 120	 999000	 999	 2.254937e+03	 733.33	 750.00	 3.00	 24	 0.87	 
BFE_102	 2	 17	 2217.jpg	 2.255922e+03	 22	 8.804621e+02	 220	 7.500342e+02	 98	 2.256939e+03	 733.33	 766.67	 49.00	 38	 0.76	 
BFE_102	 2	 17	 1204.jpg	 2.257924e+03	 11	 9.661636e+02	 110	 7.333630e+02	 98	 2.258942e+03	 750.00	 766.67	 11.00	 25	 0.65	 
BFE_102	 2	 17	 1102.jpg	 2.260927e+03	 11	 9.068093e+02	 110	 7.500263e+02	 98	 2.261945e+03	 766.67	 766.67	 14.00	 2	 0.60	 
BFE_102	 2	 17	 2103.jpg	 2.262930e+03	 24	 999000	 240	 999000	 999	 2.263947e+03	 766.67	 766.67	 52.00	 3	 0.75	 
BFE_102	 2	 17	 1212.jpg	 2.264932e+03	 12	 999000	 120	 999000	 999	 2.265950e+03	 766.67	 766.67	 38.00	 33	 0.20	 
BFE_102	 2	 17	 1115.jpg	 2.266917e+03	 12	 999000	 120	 999000	 999	 2.267935e+03	 766.67	 766.67	 22.00	 15	 0.48	 
BFE_102	 2	 17	 1106.jpg	 2.269921e+03	 12	 999000	 120	 999000	 999	 2.270938e+03	 766.67	 766.67	 18.00	 6	 0.53	 
BFE_102	 2	 17	 2101.jpg	 2.271923e+03	 24	 999000	 240	 999000	 999	 2.272941e+03	 766.67	 766.67	 44.00	 1	 0.87	 
BFE_102	 2	 17	 2105.jpg	 2.273925e+03	 24	 999000	 240	 999000	 999	 2.274943e+03	 766.67	 766.67	 77.00	 5	 0.32	 
BFE_102	 2	 17	 1201.jpg	 2.275927e+03	 12	 999000	 120	 999000	 999	 2.276945e+03	 766.67	 766.67	 13.00	 22	 0.60	 
BFE_102	 2	 17	 1205.jpg	 2.277930e+03	 12	 999000	 120	 999000	 999	 2.278947e+03	 766.67	 766.67	 7.00	 26	 0.71	 
BFE_102	 2	 17	 2203.jpg	 2.283920e+03	 22	 9.304258e+02	 220	 7.666930e+02	 98	 2.284937e+03	 766.67	 783.33	 54.00	 24	 0.72	 
BFE_102	 2	 17	 1110.jpg	 2.286923e+03	 12	 999000	 120	 999000	 999	 2.287941e+03	 766.67	 783.33	 20.00	 10	 0.52	 
BFE_102	 2	 17	 1121.jpg	 2.290928e+03	 11	 1.034476e+03	 1100	 7.666985e+02	 98	 2.291945e+03	 716.67	 783.33	 17.00	 21	 0.55	 
