subjectID	 order	 runNum	 itemName	 onsetTime	 shuff_trialType	 RT	 respInTime	 AudioTime	 response	 fixationTime	 ladder1	 ladder2	 bidIndex	 itemNameIndex	 bidValue	 
BFE_204	 2	 6	 2103.jpg	 8.194874e+02	 24	 999000	 240	 999000	 999	 8.205052e+02	 516.67	 516.67	 62.00	 3	 0.47	 
BFE_204	 2	 6	 1217.jpg	 8.224741e+02	 12	 999000	 120	 999000	 999	 8.234918e+02	 516.67	 516.67	 13.00	 38	 0.61	 
BFE_204	 2	 6	 2214.jpg	 8.264785e+02	 24	 999000	 240	 999000	 999	 8.274964e+02	 516.67	 516.67	 47.00	 35	 0.78	 
BFE_204	 2	 6	 1111.jpg	 8.284810e+02	 12	 999000	 120	 999000	 999	 8.294986e+02	 516.67	 516.67	 18.00	 11	 0.56	 
BFE_204	 2	 6	 2108.jpg	 8.304830e+02	 22	 9.669361e+02	 220	 5.167177e+02	 98	 8.315010e+02	 516.67	 533.33	 49.00	 8	 0.72	 
BFE_204	 2	 6	 2120.jpg	 8.344706e+02	 24	 999000	 240	 999000	 999	 8.354887e+02	 516.67	 533.33	 55.00	 20	 0.57	 
BFE_204	 2	 6	 2202.jpg	 8.364730e+02	 22	 8.329575e+02	 220	 5.333613e+02	 98	 8.374909e+02	 516.67	 550.00	 48.00	 23	 0.75	 
BFE_204	 2	 6	 1206.jpg	 8.414788e+02	 12	 999000	 120	 999000	 999	 8.424963e+02	 516.67	 550.00	 10.00	 27	 0.67	 
BFE_204	 2	 6	 2216.jpg	 8.434810e+02	 24	 999000	 240	 999000	 999	 8.444987e+02	 516.67	 550.00	 52.00	 37	 0.62	 
BFE_204	 2	 6	 1214.jpg	 8.464844e+02	 12	 999000	 120	 999000	 999	 8.475021e+02	 516.67	 550.00	 12.00	 35	 0.64	 
BFE_204	 2	 6	 2117.jpg	 8.494711e+02	 24	 999000	 240	 999000	 999	 8.504888e+02	 516.67	 550.00	 78.00	 17	 0.22	 
BFE_204	 2	 6	 1207.jpg	 8.534755e+02	 12	 999000	 120	 999000	 999	 8.544934e+02	 516.67	 550.00	 21.00	 28	 0.51	 
BFE_204	 2	 6	 2208.jpg	 8.564789e+02	 22	 8.831337e+02	 220	 5.500297e+02	 98	 8.574967e+02	 516.67	 566.67	 57.00	 29	 0.55	 
BFE_204	 2	 6	 2209.jpg	 8.584811e+02	 24	 999000	 240	 999000	 999	 8.594988e+02	 516.67	 566.67	 44.00	 30	 0.84	 
BFE_204	 2	 6	 1219.jpg	 8.614845e+02	 12	 999000	 120	 999000	 999	 8.625023e+02	 516.67	 566.67	 3.00	 40	 0.84	 
BFE_204	 2	 6	 2106.jpg	 8.654723e+02	 22	 9.937327e+02	 220	 5.667052e+02	 98	 8.664902e+02	 516.67	 583.33	 56.00	 6	 0.56	 
BFE_204	 2	 6	 2210.jpg	 8.684757e+02	 24	 999000	 240	 999000	 999	 8.694934e+02	 516.67	 583.33	 59.00	 31	 0.53	 
BFE_204	 2	 6	 1120.jpg	 8.704779e+02	 12	 999000	 120	 999000	 999	 8.714956e+02	 516.67	 583.33	 15.00	 20	 0.59	 
BFE_204	 2	 6	 1101.jpg	 8.724801e+02	 12	 999000	 120	 999000	 999	 8.734978e+02	 516.67	 583.33	 7.00	 1	 0.72	 
BFE_204	 2	 6	 2110.jpg	 8.774857e+02	 24	 999000	 240	 999000	 999	 8.785035e+02	 516.67	 583.33	 77.00	 10	 0.23	 
BFE_204	 2	 6	 1205.jpg	 8.814736e+02	 11	 8.323768e+02	 110	 5.167035e+02	 98	 8.824913e+02	 533.33	 583.33	 17.00	 26	 0.56	 
BFE_204	 2	 6	 2218.jpg	 8.854781e+02	 24	 999000	 240	 999000	 999	 8.864958e+02	 533.33	 583.33	 43.00	 39	 0.87	 
BFE_204	 2	 6	 2203.jpg	 8.914847e+02	 24	 999000	 240	 999000	 999	 8.925025e+02	 533.33	 583.33	 53.00	 24	 0.59	 
BFE_204	 2	 6	 2212.jpg	 8.934701e+02	 24	 999000	 240	 999000	 999	 8.944881e+02	 533.33	 583.33	 61.00	 33	 0.50	 
BFE_204	 2	 6	 1218.jpg	 8.954726e+02	 12	 999000	 120	 999000	 999	 8.964903e+02	 533.33	 583.33	 4.00	 39	 0.77	 
BFE_204	 2	 6	 1215.jpg	 8.974748e+02	 11	 9.431667e+02	 110	 5.333714e+02	 98	 8.984925e+02	 550.00	 583.33	 11.00	 36	 0.66	 
BFE_204	 2	 6	 1117.jpg	 8.994770e+02	 12	 999000	 120	 999000	 999	 9.004949e+02	 550.00	 583.33	 38.00	 17	 0.15	 
BFE_204	 2	 6	 1109.jpg	 9.034815e+02	 12	 999000	 120	 999000	 999	 9.044993e+02	 550.00	 583.33	 19.00	 9	 0.55	 
BFE_204	 2	 6	 2204.jpg	 9.054838e+02	 24	 999000	 240	 999000	 999	 9.065015e+02	 550.00	 583.33	 60.00	 25	 0.51	 
BFE_204	 2	 6	 1108.jpg	 9.094715e+02	 11	 999000	 1	 5.500303e+02	 999	 9.104893e+02	 500.00	 583.33	 16.00	 8	 0.59	 
BFE_204	 2	 6	 1118.jpg	 9.114739e+02	 12	 3.840765e+02	 12	 999000	 98	 9.124916e+02	 500.00	 583.33	 37.00	 18	 0.15	 
BFE_204	 2	 6	 1210.jpg	 9.134762e+02	 12	 999000	 120	 999000	 999	 9.144940e+02	 500.00	 583.33	 22.00	 31	 0.49	 
BFE_204	 2	 6	 1209.jpg	 9.154783e+02	 11	 9.476665e+02	 110	 5.000404e+02	 98	 9.164961e+02	 516.67	 583.33	 8.00	 30	 0.69	 
BFE_204	 2	 6	 1203.jpg	 9.204839e+02	 12	 999000	 120	 999000	 999	 9.215018e+02	 516.67	 583.33	 20.00	 24	 0.52	 
BFE_204	 2	 6	 2215.jpg	 9.224874e+02	 24	 999000	 240	 999000	 999	 9.235039e+02	 516.67	 583.33	 58.00	 36	 0.54	 
BFE_204	 2	 6	 2101.jpg	 9.244717e+02	 22	 999000	 2	 5.833623e+02	 999	 9.254894e+02	 516.67	 533.33	 54.00	 1	 0.58	 
BFE_204	 2	 6	 2206.jpg	 9.274751e+02	 24	 999000	 240	 999000	 999	 9.284928e+02	 516.67	 533.33	 50.00	 27	 0.68	 
BFE_204	 2	 6	 1204.jpg	 9.344829e+02	 11	 8.550945e+02	 110	 5.167069e+02	 98	 9.355007e+02	 533.33	 533.33	 9.00	 25	 0.68	 
BFE_204	 2	 6	 1208.jpg	 9.384705e+02	 11	 9.875083e+02	 110	 5.333608e+02	 98	 9.394886e+02	 550.00	 533.33	 14.00	 29	 0.60	 
BFE_204	 2	 6	 2219.jpg	 9.454786e+02	 22	 1.011401e+03	 2200	 5.333636e+02	 98	 9.464970e+02	 550.00	 483.33	 51.00	 40	 0.65	 
