subjectID	 order	 runNum	 itemName	 onsetTime	 shuff_trialType	 RT	 respInTime	 AudioTime	 response	 fixationTime	 ladder1	 ladder2	 bidIndex	 itemNameIndex	 bidValue	 
BFE_106	 2	 2	 1217.jpg	 1.161581e+02	 12	 999000	 120	 999000	 999	 1.171760e+02	 650.00	 650.00	 18.00	 38	 0.54	 
BFE_106	 2	 2	 1219.jpg	 1.211472e+02	 11	 8.871508e+02	 110	 6.500401e+02	 98	 1.221649e+02	 666.67	 650.00	 16.00	 40	 0.57	 
BFE_106	 2	 2	 2211.jpg	 1.231493e+02	 24	 999000	 240	 999000	 999	 1.241672e+02	 666.67	 650.00	 43.00	 32	 0.87	 
BFE_106	 2	 2	 1211.jpg	 1.251517e+02	 12	 999000	 120	 999000	 999	 1.261694e+02	 666.67	 650.00	 15.00	 32	 0.58	 
BFE_106	 2	 2	 1214.jpg	 1.311414e+02	 11	 6.529183e+02	 11	 6.667040e+02	 98	 1.321594e+02	 683.33	 650.00	 14.00	 35	 0.62	 
BFE_106	 2	 2	 1106.jpg	 1.331439e+02	 12	 999000	 120	 999000	 999	 1.341617e+02	 683.33	 650.00	 7.00	 6	 0.73	 
BFE_106	 2	 2	 1208.jpg	 1.361473e+02	 12	 5.829720e+02	 12	 999000	 98	 1.371650e+02	 683.33	 650.00	 13.00	 29	 0.63	 
BFE_106	 2	 2	 2218.jpg	 1.381495e+02	 24	 999000	 240	 999000	 999	 1.391673e+02	 683.33	 650.00	 52.00	 39	 0.60	 
BFE_106	 2	 2	 2205.jpg	 1.421541e+02	 24	 999000	 240	 999000	 999	 1.431718e+02	 683.33	 650.00	 59.00	 26	 0.57	 
BFE_106	 2	 2	 1218.jpg	 1.441563e+02	 12	 999000	 120	 999000	 999	 1.451740e+02	 683.33	 650.00	 19.00	 39	 0.54	 
BFE_106	 2	 2	 2204.jpg	 1.491452e+02	 24	 999000	 240	 999000	 999	 1.501629e+02	 683.33	 650.00	 61.00	 25	 0.52	 
BFE_106	 2	 2	 2206.jpg	 1.561530e+02	 22	 9.933013e+02	 220	 6.500479e+02	 98	 1.571708e+02	 683.33	 666.67	 48.00	 27	 0.73	 
BFE_106	 2	 2	 2207.jpg	 1.581553e+02	 24	 999000	 240	 999000	 999	 1.591731e+02	 683.33	 666.67	 58.00	 28	 0.58	 
BFE_106	 2	 2	 2106.jpg	 1.611417e+02	 24	 5.646423e+02	 24	 999000	 98	 1.621597e+02	 683.33	 666.67	 60.00	 6	 0.54	 
BFE_106	 2	 2	 1205.jpg	 1.641454e+02	 12	 999000	 120	 999000	 999	 1.651631e+02	 683.33	 666.67	 3.00	 26	 0.83	 
BFE_106	 2	 2	 2208.jpg	 1.681499e+02	 22	 6.283516e+02	 22	 6.667006e+02	 98	 1.691676e+02	 683.33	 683.33	 51.00	 29	 0.65	 
BFE_106	 2	 2	 1115.jpg	 1.721543e+02	 11	 1.008007e+03	 1100	 6.833698e+02	 98	 1.731721e+02	 633.33	 683.33	 8.00	 15	 0.70	 
BFE_106	 2	 2	 1110.jpg	 1.761418e+02	 12	 999000	 120	 999000	 999	 1.771599e+02	 633.33	 683.33	 10.00	 10	 0.68	 
BFE_106	 2	 2	 1109.jpg	 1.791455e+02	 12	 999000	 120	 999000	 999	 1.801632e+02	 633.33	 683.33	 4.00	 9	 0.82	 
BFE_106	 2	 2	 2209.jpg	 1.851523e+02	 22	 8.500632e+02	 220	 6.833662e+02	 98	 1.861700e+02	 633.33	 700.00	 56.00	 30	 0.59	 
BFE_106	 2	 2	 2103.jpg	 1.871545e+02	 24	 999000	 240	 999000	 999	 1.881722e+02	 633.33	 700.00	 44.00	 3	 0.83	 
BFE_106	 2	 2	 2121.jpg	 1.901408e+02	 24	 999000	 240	 999000	 999	 1.911589e+02	 633.33	 700.00	 47.00	 21	 0.75	 
BFE_106	 2	 2	 2111.jpg	 1.921435e+02	 24	 999000	 240	 999000	 999	 1.931612e+02	 633.33	 700.00	 62.00	 11	 0.52	 
BFE_106	 2	 2	 1101.jpg	 1.941456e+02	 12	 999000	 120	 999000	 999	 1.951634e+02	 633.33	 700.00	 37.00	 1	 0.16	 
BFE_106	 2	 2	 1203.jpg	 1.961479e+02	 12	 999000	 120	 999000	 999	 1.971656e+02	 633.33	 700.00	 22.00	 24	 0.50	 
BFE_106	 2	 2	 1204.jpg	 1.991513e+02	 12	 999000	 120	 999000	 999	 2.001690e+02	 633.33	 700.00	 20.00	 25	 0.51	 
BFE_106	 2	 2	 2110.jpg	 2.031557e+02	 24	 999000	 240	 999000	 999	 2.041736e+02	 633.33	 700.00	 53.00	 10	 0.60	 
BFE_106	 2	 2	 2105.jpg	 2.051414e+02	 24	 999000	 240	 999000	 999	 2.061590e+02	 633.33	 700.00	 55.00	 5	 0.59	 
BFE_106	 2	 2	 1207.jpg	 2.071435e+02	 12	 999000	 120	 999000	 999	 2.081613e+02	 633.33	 700.00	 21.00	 28	 0.50	 
BFE_106	 2	 2	 2113.jpg	 2.091458e+02	 24	 999000	 240	 999000	 999	 2.101635e+02	 633.33	 700.00	 50.00	 13	 0.69	 
BFE_106	 2	 2	 1119.jpg	 2.111480e+02	 12	 999000	 120	 999000	 999	 2.121658e+02	 633.33	 700.00	 38.00	 19	 0.15	 
BFE_106	 2	 2	 1216.jpg	 2.131502e+02	 11	 5.240619e+02	 11	 6.333710e+02	 98	 2.141680e+02	 650.00	 700.00	 17.00	 37	 0.56	 
BFE_106	 2	 2	 2115.jpg	 2.171547e+02	 22	 7.835533e+02	 220	 7.000356e+02	 98	 2.181725e+02	 650.00	 716.67	 57.00	 15	 0.58	 
BFE_106	 2	 2	 1209.jpg	 2.211426e+02	 11	 5.717173e+02	 11	 6.500359e+02	 98	 2.221604e+02	 666.67	 716.67	 11.00	 30	 0.68	 
BFE_106	 2	 2	 1213.jpg	 2.231448e+02	 11	 9.054701e+02	 110	 6.667010e+02	 98	 2.241626e+02	 683.33	 716.67	 9.00	 34	 0.69	 
BFE_106	 2	 2	 2109.jpg	 2.251470e+02	 22	 8.472957e+02	 220	 7.166981e+02	 98	 2.261648e+02	 683.33	 733.33	 49.00	 9	 0.73	 
BFE_106	 2	 2	 2107.jpg	 2.271493e+02	 24	 999000	 240	 999000	 999	 2.281670e+02	 683.33	 733.33	 78.00	 7	 0.20	 
BFE_106	 2	 2	 2214.jpg	 2.291515e+02	 22	 7.547896e+02	 220	 7.333684e+02	 98	 2.301693e+02	 683.33	 750.00	 54.00	 35	 0.59	 
BFE_106	 2	 2	 2119.jpg	 2.351417e+02	 24	 999000	 240	 999000	 999	 2.361593e+02	 683.33	 750.00	 77.00	 19	 0.21	 
BFE_106	 2	 2	 1121.jpg	 2.371438e+02	 12	 999000	 120	 999000	 999	 2.381616e+02	 683.33	 750.00	 12.00	 21	 0.65	 
