subjectID	 order	 runNum	 itemName	 onsetTime	 shuff_trialType	 RT	 respInTime	 AudioTime	 response	 fixationTime	 ladder1	 ladder2	 bidIndex	 itemNameIndex	 bidValue	 
BFE_107	 1	 2	 2203.jpg	 1.261540e+02	 22	 9.123220e+02	 220	 7.167234e+02	 98	 1.271718e+02	 716.67	 733.33	 53.00	 24	 0.60	 
BFE_107	 1	 2	 1216.jpg	 1.291574e+02	 12	 999000	 120	 999000	 999	 1.301752e+02	 716.67	 733.33	 22.00	 37	 0.46	 
BFE_107	 1	 2	 2104.jpg	 1.311430e+02	 22	 9.234151e+02	 220	 7.333637e+02	 98	 1.321609e+02	 716.67	 750.00	 50.00	 4	 0.67	 
BFE_107	 1	 2	 1202.jpg	 1.331453e+02	 11	 9.210269e+02	 110	 7.167147e+02	 98	 1.341630e+02	 733.33	 750.00	 10.00	 23	 0.69	 
BFE_107	 1	 2	 1110.jpg	 1.351474e+02	 12	 999000	 120	 999000	 999	 1.361652e+02	 733.33	 750.00	 21.00	 10	 0.46	 
BFE_107	 1	 2	 1205.jpg	 1.381509e+02	 12	 999000	 120	 999000	 999	 1.391686e+02	 733.33	 750.00	 4.00	 26	 0.82	 
BFE_107	 1	 2	 2218.jpg	 1.401530e+02	 24	 999000	 240	 999000	 999	 1.411709e+02	 733.33	 750.00	 57.00	 39	 0.58	 
BFE_107	 1	 2	 1113.jpg	 1.441575e+02	 12	 999000	 120	 999000	 999	 1.451753e+02	 733.33	 750.00	 8.00	 13	 0.73	 
BFE_107	 1	 2	 1105.jpg	 1.461431e+02	 12	 999000	 120	 999000	 999	 1.471610e+02	 733.33	 750.00	 3.00	 5	 0.84	 
BFE_107	 1	 2	 2205.jpg	 1.511487e+02	 24	 999000	 240	 999000	 999	 1.521667e+02	 733.33	 750.00	 48.00	 26	 0.73	 
BFE_107	 1	 2	 1109.jpg	 1.531510e+02	 11	 9.713610e+02	 110	 7.333604e+02	 98	 1.541687e+02	 750.00	 750.00	 13.00	 9	 0.63	 
BFE_107	 1	 2	 1103.jpg	 1.571554e+02	 12	 999000	 120	 999000	 999	 1.581733e+02	 750.00	 750.00	 9.00	 3	 0.71	 
BFE_107	 1	 2	 1201.jpg	 1.591578e+02	 12	 999000	 120	 999000	 999	 1.601756e+02	 750.00	 750.00	 11.00	 22	 0.66	 
BFE_107	 1	 2	 2105.jpg	 1.621444e+02	 22	 9.540045e+02	 220	 7.500330e+02	 98	 1.631622e+02	 750.00	 766.67	 47.00	 5	 0.76	 
BFE_107	 1	 2	 1107.jpg	 1.671501e+02	 11	 9.962958e+02	 110	 7.500430e+02	 98	 1.681678e+02	 766.67	 766.67	 18.00	 7	 0.53	 
BFE_107	 1	 2	 2201.jpg	 1.691523e+02	 24	 999000	 240	 999000	 999	 1.701701e+02	 766.67	 766.67	 49.00	 22	 0.73	 
BFE_107	 1	 2	 2209.jpg	 1.711545e+02	 24	 999000	 240	 999000	 999	 1.721723e+02	 766.67	 766.67	 59.00	 30	 0.51	 
BFE_107	 1	 2	 2219.jpg	 1.751421e+02	 22	 1.044240e+03	 2200	 7.667062e+02	 98	 1.761601e+02	 766.67	 716.67	 55.00	 40	 0.58	 
BFE_107	 1	 2	 2111.jpg	 1.791469e+02	 22	 9.194839e+02	 220	 7.167040e+02	 98	 1.801646e+02	 766.67	 733.33	 52.00	 11	 0.63	 
BFE_107	 1	 2	 2213.jpg	 1.831513e+02	 24	 999000	 240	 999000	 999	 1.841691e+02	 766.67	 733.33	 61.00	 34	 0.49	 
BFE_107	 1	 2	 2121.jpg	 1.851536e+02	 24	 999000	 240	 999000	 999	 1.861713e+02	 766.67	 733.33	 60.00	 21	 0.50	 
BFE_107	 1	 2	 1211.jpg	 1.871559e+02	 12	 999000	 120	 999000	 999	 1.881736e+02	 766.67	 733.33	 20.00	 32	 0.46	 
BFE_107	 1	 2	 1115.jpg	 1.891411e+02	 12	 999000	 120	 999000	 999	 1.901591e+02	 766.67	 733.33	 14.00	 15	 0.62	 
BFE_107	 1	 2	 1111.jpg	 1.911437e+02	 12	 999000	 120	 999000	 999	 1.921614e+02	 766.67	 733.33	 17.00	 11	 0.57	 
BFE_107	 1	 2	 2117.jpg	 1.971504e+02	 24	 999000	 240	 999000	 999	 1.981681e+02	 766.67	 733.33	 78.00	 17	 0.15	 
BFE_107	 1	 2	 2109.jpg	 2.001538e+02	 24	 999000	 240	 999000	 999	 2.011716e+02	 766.67	 733.33	 56.00	 9	 0.58	 
BFE_107	 1	 2	 1217.jpg	 2.021560e+02	 11	 9.903990e+02	 110	 7.667034e+02	 98	 2.031737e+02	 783.33	 733.33	 12.00	 38	 0.63	 
BFE_107	 1	 2	 2202.jpg	 2.041414e+02	 24	 999000	 240	 999000	 999	 2.051593e+02	 783.33	 733.33	 51.00	 23	 0.64	 
BFE_107	 1	 2	 2217.jpg	 2.071450e+02	 24	 999000	 240	 999000	 999	 2.081627e+02	 783.33	 733.33	 43.00	 38	 0.81	 
BFE_107	 1	 2	 2113.jpg	 2.091471e+02	 24	 999000	 240	 999000	 999	 2.101650e+02	 783.33	 733.33	 54.00	 13	 0.60	 
BFE_107	 1	 2	 1214.jpg	 2.111495e+02	 11	 1.012851e+03	 1100	 7.833603e+02	 98	 2.121689e+02	 733.33	 733.33	 15.00	 35	 0.59	 
BFE_107	 1	 2	 1118.jpg	 2.131516e+02	 12	 999000	 120	 999000	 999	 2.141695e+02	 733.33	 733.33	 38.00	 18	 0.12	 
BFE_107	 1	 2	 1209.jpg	 2.161550e+02	 12	 999000	 120	 999000	 999	 2.171729e+02	 733.33	 733.33	 16.00	 30	 0.58	 
BFE_107	 1	 2	 1106.jpg	 2.181403e+02	 11	 9.340619e+02	 110	 7.334004e+02	 98	 2.191584e+02	 750.00	 733.33	 7.00	 6	 0.74	 
BFE_107	 1	 2	 1212.jpg	 2.201430e+02	 12	 999000	 120	 999000	 999	 2.211606e+02	 750.00	 733.33	 37.00	 33	 0.21	 
BFE_107	 1	 2	 2214.jpg	 2.221451e+02	 24	 999000	 240	 999000	 999	 2.231629e+02	 750.00	 733.33	 44.00	 35	 0.80	 
BFE_107	 1	 2	 2101.jpg	 2.241474e+02	 24	 999000	 240	 999000	 999	 2.251651e+02	 750.00	 733.33	 77.00	 1	 0.18	 
BFE_107	 1	 2	 2116.jpg	 2.301541e+02	 22	 9.282464e+02	 220	 7.333678e+02	 98	 2.311719e+02	 750.00	 750.00	 58.00	 16	 0.55	 
BFE_107	 1	 2	 2207.jpg	 2.331575e+02	 24	 999000	 240	 999000	 999	 2.341753e+02	 750.00	 750.00	 62.00	 28	 0.47	 
BFE_107	 1	 2	 1213.jpg	 2.371474e+02	 12	 999000	 120	 999000	 999	 2.381630e+02	 750.00	 750.00	 19.00	 34	 0.49	 
