subjectID	 order	 runNum	 itemName	 onsetTime	 shuff_trialType	 RT	 respInTime	 AudioTime	 response	 fixationTime	 ladder1	 ladder2	 bidIndex	 itemNameIndex	 bidValue	 
BFE_110	 2	 10	 1119.jpg	 1.417733e+03	 12	 999000	 120	 999000	 999	 1.418751e+03	 583.33	 583.33	 38.00	 19	 0.15	 
BFE_110	 2	 10	 2214.jpg	 1.422722e+03	 24	 999000	 240	 999000	 999	 1.423740e+03	 583.33	 583.33	 58.00	 35	 0.61	 
BFE_110	 2	 10	 1216.jpg	 1.424725e+03	 11	 1.293555e+03	 1100	 5.833730e+02	 98	 1.425742e+03	 533.33	 583.33	 8.00	 37	 0.74	 
BFE_110	 2	 10	 1210.jpg	 1.426727e+03	 12	 999000	 120	 999000	 999	 1.427744e+03	 533.33	 583.33	 22.00	 31	 0.47	 
BFE_110	 2	 10	 1206.jpg	 1.432717e+03	 12	 999000	 120	 999000	 999	 1.433735e+03	 533.33	 583.33	 3.00	 27	 0.83	 
BFE_110	 2	 10	 2207.jpg	 1.434719e+03	 24	 999000	 240	 999000	 999	 1.435737e+03	 533.33	 583.33	 53.00	 28	 0.64	 
BFE_110	 2	 10	 2119.jpg	 1.437723e+03	 24	 999000	 240	 999000	 999	 1.438740e+03	 533.33	 583.33	 78.00	 19	 0.22	 
BFE_110	 2	 10	 1102.jpg	 1.439725e+03	 12	 999000	 120	 999000	 999	 1.440742e+03	 533.33	 583.33	 37.00	 2	 0.16	 
BFE_110	 2	 10	 2218.jpg	 1.443729e+03	 24	 999000	 240	 999000	 999	 1.444747e+03	 533.33	 583.33	 44.00	 39	 0.81	 
BFE_110	 2	 10	 2115.jpg	 1.445731e+03	 22	 1.086796e+03	 2200	 5.833705e+02	 98	 1.446749e+03	 533.33	 533.33	 56.00	 15	 0.63	 
BFE_110	 2	 10	 2211.jpg	 1.450720e+03	 22	 9.858300e+02	 220	 5.333719e+02	 98	 1.451738e+03	 533.33	 550.00	 49.00	 32	 0.71	 
BFE_110	 2	 10	 2120.jpg	 1.457728e+03	 22	 8.580415e+02	 220	 5.500303e+02	 98	 1.458746e+03	 533.33	 566.67	 51.00	 20	 0.69	 
BFE_110	 2	 10	 1205.jpg	 1.459730e+03	 12	 999000	 120	 999000	 999	 1.460748e+03	 533.33	 566.67	 4.00	 26	 0.78	 
BFE_110	 2	 10	 1204.jpg	 1.462717e+03	 11	 9.650338e+02	 110	 5.333617e+02	 98	 1.463735e+03	 550.00	 566.67	 17.00	 25	 0.54	 
BFE_110	 2	 10	 2121.jpg	 1.465720e+03	 24	 999000	 240	 999000	 999	 1.466738e+03	 550.00	 566.67	 52.00	 21	 0.65	 
BFE_110	 2	 10	 2104.jpg	 1.469725e+03	 24	 999000	 240	 999000	 999	 1.470743e+03	 550.00	 566.67	 61.00	 4	 0.59	 
BFE_110	 2	 10	 2213.jpg	 1.473730e+03	 24	 999000	 240	 999000	 999	 1.474747e+03	 550.00	 566.67	 43.00	 34	 0.84	 
BFE_110	 2	 10	 1120.jpg	 1.477717e+03	 12	 999000	 120	 999000	 999	 1.478735e+03	 550.00	 566.67	 13.00	 20	 0.60	 
BFE_110	 2	 10	 1117.jpg	 1.480721e+03	 11	 1.025607e+03	 1100	 5.500330e+02	 98	 1.481738e+03	 500.00	 566.67	 14.00	 17	 0.59	 
BFE_110	 2	 10	 1218.jpg	 1.486727e+03	 11	 1.010914e+03	 1100	 5.000377e+02	 98	 1.487747e+03	 450.00	 566.67	 9.00	 39	 0.73	 
BFE_110	 2	 10	 1114.jpg	 1.488730e+03	 11	 9.926337e+02	 110	 4.500369e+02	 98	 1.489747e+03	 466.67	 566.67	 11.00	 14	 0.67	 
BFE_110	 2	 10	 1209.jpg	 1.491716e+03	 12	 999000	 120	 999000	 999	 1.492734e+03	 466.67	 566.67	 7.00	 30	 0.76	 
BFE_110	 2	 10	 2208.jpg	 1.493719e+03	 24	 999000	 240	 999000	 999	 1.494736e+03	 466.67	 566.67	 55.00	 29	 0.63	 
BFE_110	 2	 10	 2219.jpg	 1.495721e+03	 24	 999000	 240	 999000	 999	 1.496739e+03	 466.67	 566.67	 50.00	 40	 0.70	 
BFE_110	 2	 10	 2202.jpg	 1.497723e+03	 24	 999000	 240	 999000	 999	 1.498741e+03	 466.67	 566.67	 59.00	 23	 0.60	 
BFE_110	 2	 10	 2210.jpg	 1.500726e+03	 24	 999000	 240	 999000	 999	 1.501744e+03	 466.67	 566.67	 77.00	 31	 0.25	 
BFE_110	 2	 10	 1115.jpg	 1.504731e+03	 12	 999000	 120	 999000	 999	 1.505749e+03	 466.67	 566.67	 20.00	 15	 0.50	 
BFE_110	 2	 10	 2205.jpg	 1.506716e+03	 22	 1.061848e+03	 2200	 5.667037e+02	 98	 1.507734e+03	 466.67	 516.67	 57.00	 26	 0.62	 
BFE_110	 2	 10	 1214.jpg	 1.508719e+03	 12	 999000	 120	 999000	 999	 1.509736e+03	 466.67	 516.67	 12.00	 35	 0.61	 
BFE_110	 2	 10	 1105.jpg	 1.510721e+03	 12	 999000	 120	 999000	 999	 1.511739e+03	 466.67	 516.67	 21.00	 5	 0.48	 
BFE_110	 2	 10	 2109.jpg	 1.512723e+03	 22	 1.055125e+03	 2200	 5.167026e+02	 98	 1.513741e+03	 466.67	 466.67	 54.00	 9	 0.63	 
BFE_110	 2	 10	 1109.jpg	 1.514726e+03	 12	 999000	 120	 999000	 999	 1.515743e+03	 466.67	 466.67	 19.00	 9	 0.51	 
BFE_110	 2	 10	 2204.jpg	 1.518730e+03	 22	 8.402596e+02	 220	 4.666962e+02	 98	 1.519748e+03	 466.67	 483.33	 48.00	 25	 0.76	 
BFE_110	 2	 10	 2217.jpg	 1.522718e+03	 24	 999000	 240	 999000	 999	 1.523736e+03	 466.67	 483.33	 60.00	 38	 0.59	 
BFE_110	 2	 10	 2102.jpg	 1.524720e+03	 24	 999000	 240	 999000	 999	 1.525738e+03	 466.67	 483.33	 62.00	 2	 0.58	 
BFE_110	 2	 10	 2206.jpg	 1.526722e+03	 24	 999000	 240	 999000	 999	 1.527740e+03	 466.67	 483.33	 47.00	 27	 0.78	 
BFE_110	 2	 10	 1106.jpg	 1.528724e+03	 12	 999000	 120	 999000	 999	 1.529742e+03	 466.67	 483.33	 18.00	 6	 0.54	 
BFE_110	 2	 10	 1211.jpg	 1.530727e+03	 12	 999000	 120	 999000	 999	 1.531744e+03	 466.67	 483.33	 10.00	 32	 0.70	 
BFE_110	 2	 10	 1219.jpg	 1.536717e+03	 12	 999000	 120	 999000	 999	 1.537734e+03	 466.67	 483.33	 15.00	 40	 0.59	 
BFE_110	 2	 10	 1121.jpg	 1.538719e+03	 11	 1.027253e+03	 1100	 4.667008e+02	 98	 1.539737e+03	 416.67	 483.33	 16.00	 21	 0.58	 
