subjectID	 order	 runNum	 itemName	 onsetTime	 shuff_trialType	 RT	 respInTime	 AudioTime	 response	 fixationTime	 ladder1	 ladder2	 bidIndex	 itemNameIndex	 bidValue	 
BFE_105	 1	 6	 2202.jpg	 6.676809e+02	 24	 999000	 240	 999000	 999	 6.686987e+02	 650.00	 650.00	 56.00	 23	 0.60	 
BFE_105	 1	 6	 1106.jpg	 6.696665e+02	 12	 999000	 120	 999000	 999	 6.706843e+02	 650.00	 650.00	 3.00	 6	 0.80	 
BFE_105	 1	 6	 2216.jpg	 6.736710e+02	 22	 9.390133e+02	 220	 6.500453e+02	 98	 6.746888e+02	 650.00	 666.67	 50.00	 37	 0.68	 
BFE_105	 1	 6	 2121.jpg	 6.766743e+02	 24	 999000	 240	 999000	 999	 6.776921e+02	 650.00	 666.67	 51.00	 21	 0.66	 
BFE_105	 1	 6	 2218.jpg	 6.786766e+02	 22	 9.094585e+02	 220	 6.667046e+02	 98	 6.796943e+02	 650.00	 683.33	 55.00	 39	 0.62	 
BFE_105	 1	 6	 1110.jpg	 6.816630e+02	 12	 999000	 120	 999000	 999	 6.826811e+02	 650.00	 683.33	 37.00	 10	 0.20	 
BFE_105	 1	 6	 2118.jpg	 6.856677e+02	 24	 999000	 240	 999000	 999	 6.866856e+02	 650.00	 683.33	 78.00	 18	 0.18	 
BFE_105	 1	 6	 2204.jpg	 6.896723e+02	 24	 999000	 240	 999000	 999	 6.906902e+02	 650.00	 683.33	 57.00	 25	 0.58	 
BFE_105	 1	 6	 2217.jpg	 6.916745e+02	 22	 1.039530e+03	 2200	 6.833608e+02	 98	 6.926924e+02	 650.00	 633.33	 53.00	 38	 0.64	 
BFE_105	 1	 6	 1205.jpg	 6.966632e+02	 11	 9.788728e+02	 110	 6.500442e+02	 98	 6.976812e+02	 666.67	 633.33	 7.00	 26	 0.77	 
BFE_105	 1	 6	 1215.jpg	 6.986658e+02	 12	 999000	 120	 999000	 999	 6.996836e+02	 666.67	 633.33	 19.00	 36	 0.51	 
BFE_105	 1	 6	 2117.jpg	 7.006679e+02	 24	 999000	 240	 999000	 999	 7.016858e+02	 666.67	 633.33	 77.00	 17	 0.20	 
BFE_105	 1	 6	 2109.jpg	 7.066747e+02	 22	 9.113637e+02	 220	 6.333586e+02	 98	 7.076924e+02	 666.67	 650.00	 58.00	 9	 0.56	 
BFE_105	 1	 6	 1112.jpg	 7.086770e+02	 12	 999000	 120	 999000	 999	 7.096947e+02	 666.67	 650.00	 38.00	 12	 0.20	 
BFE_105	 1	 6	 1218.jpg	 7.106792e+02	 12	 999000	 120	 999000	 999	 7.116970e+02	 666.67	 650.00	 16.00	 39	 0.60	 
BFE_105	 1	 6	 2114.jpg	 7.126648e+02	 24	 999000	 240	 999000	 999	 7.136825e+02	 666.67	 650.00	 44.00	 14	 0.80	 
BFE_105	 1	 6	 1102.jpg	 7.166692e+02	 11	 8.608397e+02	 110	 6.666950e+02	 98	 7.176870e+02	 683.33	 650.00	 13.00	 2	 0.62	 
BFE_105	 1	 6	 2106.jpg	 7.206737e+02	 22	 9.762929e+02	 220	 6.500306e+02	 98	 7.216915e+02	 683.33	 666.67	 47.00	 6	 0.74	 
BFE_105	 1	 6	 1119.jpg	 7.236771e+02	 12	 999000	 120	 999000	 999	 7.246949e+02	 683.33	 666.67	 21.00	 19	 0.49	 
BFE_105	 1	 6	 2214.jpg	 7.276651e+02	 24	 999000	 240	 999000	 999	 7.286828e+02	 683.33	 666.67	 54.00	 35	 0.62	 
BFE_105	 1	 6	 2209.jpg	 7.306683e+02	 24	 999000	 240	 999000	 999	 7.316861e+02	 683.33	 666.67	 49.00	 30	 0.73	 
BFE_105	 1	 6	 1213.jpg	 7.326704e+02	 12	 999000	 120	 999000	 999	 7.336884e+02	 683.33	 666.67	 11.00	 34	 0.68	 
BFE_105	 1	 6	 1202.jpg	 7.366751e+02	 12	 999000	 120	 999000	 999	 7.376929e+02	 683.33	 666.67	 8.00	 23	 0.75	 
BFE_105	 1	 6	 2208.jpg	 7.386773e+02	 24	 999000	 240	 999000	 999	 7.396951e+02	 683.33	 666.67	 60.00	 29	 0.53	 
BFE_105	 1	 6	 2215.jpg	 7.406795e+02	 24	 999000	 240	 999000	 999	 7.416974e+02	 683.33	 666.67	 59.00	 36	 0.54	 
BFE_105	 1	 6	 1121.jpg	 7.446674e+02	 12	 999000	 120	 999000	 999	 7.456852e+02	 683.33	 666.67	 17.00	 21	 0.52	 
BFE_105	 1	 6	 2213.jpg	 7.466697e+02	 22	 9.483734e+02	 220	 6.667082e+02	 98	 7.476874e+02	 683.33	 683.33	 52.00	 34	 0.65	 
BFE_105	 1	 6	 2219.jpg	 7.506739e+02	 24	 999000	 240	 999000	 999	 7.516919e+02	 683.33	 683.33	 62.00	 40	 0.51	 
BFE_105	 1	 6	 1201.jpg	 7.546787e+02	 12	 999000	 120	 999000	 999	 7.556964e+02	 683.33	 683.33	 4.00	 22	 0.78	 
BFE_105	 1	 6	 1107.jpg	 7.576654e+02	 12	 999000	 120	 999000	 999	 7.586831e+02	 683.33	 683.33	 22.00	 7	 0.45	 
BFE_105	 1	 6	 1209.jpg	 7.636720e+02	 11	 1.002020e+03	 1100	 6.833624e+02	 98	 7.646899e+02	 633.33	 683.33	 10.00	 30	 0.69	 
BFE_105	 1	 6	 1103.jpg	 7.656743e+02	 11	 1.071782e+03	 1100	 6.333599e+02	 98	 7.666938e+02	 583.33	 683.33	 15.00	 3	 0.60	 
BFE_105	 1	 6	 1113.jpg	 7.696788e+02	 12	 999000	 120	 999000	 999	 7.706966e+02	 583.33	 683.33	 9.00	 13	 0.70	 
BFE_105	 1	 6	 1203.jpg	 7.716641e+02	 12	 999000	 120	 999000	 999	 7.726821e+02	 583.33	 683.33	 20.00	 24	 0.51	 
BFE_105	 1	 6	 2211.jpg	 7.736666e+02	 24	 999000	 240	 999000	 999	 7.746844e+02	 583.33	 683.33	 48.00	 32	 0.73	 
BFE_105	 1	 6	 1208.jpg	 7.756688e+02	 11	 8.692165e+02	 110	 5.833628e+02	 98	 7.766866e+02	 600.00	 683.33	 18.00	 29	 0.52	 
BFE_105	 1	 6	 1216.jpg	 7.806744e+02	 11	 9.516020e+02	 110	 6.000370e+02	 98	 7.816922e+02	 616.67	 683.33	 12.00	 37	 0.64	 
BFE_105	 1	 6	 2103.jpg	 7.826767e+02	 24	 999000	 240	 999000	 999	 7.836945e+02	 616.67	 683.33	 43.00	 3	 0.82	 
BFE_105	 1	 6	 2206.jpg	 7.846788e+02	 24	 999000	 240	 999000	 999	 7.856969e+02	 616.67	 683.33	 61.00	 27	 0.52	 
BFE_105	 1	 6	 1219.jpg	 7.876656e+02	 12	 999000	 120	 999000	 999	 7.886834e+02	 616.67	 683.33	 14.00	 40	 0.61	 
