subjectID	 order	 runNum	 itemName	 onsetTime	 shuff_trialType	 RT	 respInTime	 AudioTime	 response	 fixationTime	 ladder1	 ladder2	 bidIndex	 itemNameIndex	 bidValue	 
BFE_107	 1	 8	 2218.jpg	 1.022010e+03	 24	 999000	 240	 999000	 999	 1.023028e+03	 716.67	 783.33	 57.00	 39	 0.58	 
BFE_107	 1	 8	 2214.jpg	 1.024997e+03	 24	 999000	 240	 999000	 999	 1.026014e+03	 716.67	 783.33	 44.00	 35	 0.80	 
BFE_107	 1	 8	 1217.jpg	 1.026999e+03	 11	 9.715166e+02	 110	 7.167180e+02	 98	 1.028017e+03	 733.33	 783.33	 12.00	 38	 0.63	 
BFE_107	 1	 8	 2117.jpg	 1.029001e+03	 24	 999000	 240	 999000	 999	 1.030019e+03	 733.33	 783.33	 78.00	 17	 0.15	 
BFE_107	 1	 8	 2207.jpg	 1.031005e+03	 24	 999000	 240	 999000	 999	 1.032021e+03	 733.33	 783.33	 62.00	 28	 0.47	 
BFE_107	 1	 8	 1212.jpg	 1.034007e+03	 12	 999000	 120	 999000	 999	 1.035025e+03	 733.33	 783.33	 37.00	 33	 0.21	 
BFE_107	 1	 8	 1214.jpg	 1.035992e+03	 11	 7.140138e+02	 11	 7.333972e+02	 98	 1.037010e+03	 750.00	 783.33	 15.00	 35	 0.59	 
BFE_107	 1	 8	 1202.jpg	 1.039997e+03	 11	 9.974840e+02	 110	 7.500366e+02	 98	 1.041015e+03	 766.67	 783.33	 10.00	 23	 0.69	 
BFE_107	 1	 8	 1216.jpg	 1.041999e+03	 12	 999000	 120	 999000	 999	 1.043017e+03	 766.67	 783.33	 22.00	 37	 0.46	 
BFE_107	 1	 8	 2219.jpg	 1.047005e+03	 22	 9.976908e+02	 220	 7.833898e+02	 98	 1.048023e+03	 766.67	 800.00	 55.00	 40	 0.58	 
BFE_107	 1	 8	 2104.jpg	 1.049007e+03	 22	 1.011400e+03	 2200	 8.000292e+02	 98	 1.050026e+03	 766.67	 750.00	 50.00	 4	 0.67	 
BFE_107	 1	 8	 2113.jpg	 1.052995e+03	 24	 999000	 240	 999000	 999	 1.054013e+03	 766.67	 750.00	 54.00	 13	 0.60	 
BFE_107	 1	 8	 1118.jpg	 1.054997e+03	 12	 999000	 120	 999000	 999	 1.056015e+03	 766.67	 750.00	 38.00	 18	 0.12	 
BFE_107	 1	 8	 2205.jpg	 1.058000e+03	 24	 999000	 240	 999000	 999	 1.059018e+03	 766.67	 750.00	 48.00	 26	 0.73	 
BFE_107	 1	 8	 1209.jpg	 1.063006e+03	 12	 999000	 120	 999000	 999	 1.064024e+03	 766.67	 750.00	 16.00	 30	 0.58	 
BFE_107	 1	 8	 1109.jpg	 1.064992e+03	 11	 9.947523e+02	 110	 7.666975e+02	 98	 1.066009e+03	 783.33	 750.00	 13.00	 9	 0.63	 
BFE_107	 1	 8	 2101.jpg	 1.066994e+03	 24	 999000	 240	 999000	 999	 1.068012e+03	 783.33	 750.00	 77.00	 1	 0.18	 
BFE_107	 1	 8	 2213.jpg	 1.070998e+03	 24	 999000	 240	 999000	 999	 1.072016e+03	 783.33	 750.00	 61.00	 34	 0.49	 
BFE_107	 1	 8	 1213.jpg	 1.075003e+03	 12	 999000	 120	 999000	 999	 1.076021e+03	 783.33	 750.00	 19.00	 34	 0.49	 
BFE_107	 1	 8	 1111.jpg	 1.079007e+03	 12	 999000	 120	 999000	 999	 1.080025e+03	 783.33	 750.00	 17.00	 11	 0.57	 
BFE_107	 1	 8	 1107.jpg	 1.080993e+03	 11	 9.933771e+02	 110	 7.833709e+02	 98	 1.082011e+03	 800.00	 750.00	 18.00	 7	 0.53	 
BFE_107	 1	 8	 1105.jpg	 1.082995e+03	 12	 999000	 120	 999000	 999	 1.084013e+03	 800.00	 750.00	 3.00	 5	 0.84	 
BFE_107	 1	 8	 2217.jpg	 1.084997e+03	 24	 999000	 240	 999000	 999	 1.086017e+03	 800.00	 750.00	 43.00	 38	 0.81	 
BFE_107	 1	 8	 2201.jpg	 1.087000e+03	 24	 999000	 240	 999000	 999	 1.088017e+03	 800.00	 750.00	 49.00	 22	 0.73	 
BFE_107	 1	 8	 1115.jpg	 1.093006e+03	 12	 999000	 120	 999000	 999	 1.094024e+03	 800.00	 750.00	 14.00	 15	 0.62	 
BFE_107	 1	 8	 2121.jpg	 1.095993e+03	 24	 999000	 240	 999000	 999	 1.097011e+03	 800.00	 750.00	 60.00	 21	 0.50	 
BFE_107	 1	 8	 2116.jpg	 1.097995e+03	 22	 9.830668e+02	 220	 7.500312e+02	 98	 1.099013e+03	 800.00	 766.67	 58.00	 16	 0.55	 
BFE_107	 1	 8	 1201.jpg	 1.099998e+03	 12	 999000	 120	 999000	 999	 1.101015e+03	 800.00	 766.67	 11.00	 22	 0.66	 
BFE_107	 1	 8	 1106.jpg	 1.103001e+03	 11	 1.001479e+03	 1100	 8.000310e+02	 98	 1.104019e+03	 750.00	 766.67	 7.00	 6	 0.74	 
BFE_107	 1	 8	 1211.jpg	 1.105003e+03	 12	 999000	 120	 999000	 999	 1.106021e+03	 750.00	 766.67	 20.00	 32	 0.46	 
BFE_107	 1	 8	 1103.jpg	 1.107006e+03	 12	 999000	 120	 999000	 999	 1.108023e+03	 750.00	 766.67	 9.00	 3	 0.71	 
BFE_107	 1	 8	 1205.jpg	 1.108991e+03	 12	 999000	 120	 999000	 999	 1.110009e+03	 750.00	 766.67	 4.00	 26	 0.82	 
BFE_107	 1	 8	 2209.jpg	 1.111994e+03	 24	 999000	 240	 999000	 999	 1.113012e+03	 750.00	 766.67	 59.00	 30	 0.51	 
BFE_107	 1	 8	 2111.jpg	 1.113997e+03	 22	 9.656887e+02	 220	 7.666992e+02	 98	 1.115014e+03	 750.00	 783.33	 52.00	 11	 0.63	 
BFE_107	 1	 8	 1110.jpg	 1.115999e+03	 12	 999000	 120	 999000	 999	 1.117017e+03	 750.00	 783.33	 21.00	 10	 0.46	 
BFE_107	 1	 8	 2202.jpg	 1.118001e+03	 24	 999000	 240	 999000	 999	 1.119019e+03	 750.00	 783.33	 51.00	 23	 0.64	 
BFE_107	 1	 8	 2109.jpg	 1.120003e+03	 24	 999000	 240	 999000	 999	 1.121021e+03	 750.00	 783.33	 56.00	 9	 0.58	 
BFE_107	 1	 8	 2203.jpg	 1.125993e+03	 22	 9.849452e+02	 220	 7.833674e+02	 98	 1.127011e+03	 750.00	 800.00	 53.00	 24	 0.60	 
BFE_107	 1	 8	 2105.jpg	 1.128997e+03	 22	 1.037586e+03	 2200	 8.000288e+02	 98	 1.130015e+03	 750.00	 750.00	 47.00	 5	 0.76	 
BFE_107	 1	 8	 1113.jpg	 1.133001e+03	 12	 999000	 120	 999000	 999	 1.134019e+03	 750.00	 750.00	 8.00	 13	 0.73	 
