subjectID	 order	 runNum	 itemName	 onsetTime	 shuff_trialType	 RT	 respInTime	 AudioTime	 response	 fixationTime	 ladder1	 ladder2	 bidIndex	 itemNameIndex	 bidValue	 
BFE_201	 1	 19	 1114.jpg	 2.245453e+03	 11	 1.052450e+03	 1100	 7.500598e+02	 98	 2.246471e+03	 700.00	 683.33	 13.00	 14	 0.62	 
BFE_201	 1	 19	 1203.jpg	 2.248440e+03	 11	 9.137872e+02	 110	 7.000425e+02	 98	 2.249458e+03	 716.67	 683.33	 18.00	 24	 0.54	 
BFE_201	 1	 19	 2204.jpg	 2.250442e+03	 22	 9.274849e+02	 220	 6.833804e+02	 98	 2.251460e+03	 716.67	 700.00	 55.00	 25	 0.59	 
BFE_201	 1	 19	 1108.jpg	 2.252445e+03	 12	 999000	 120	 999000	 999	 2.253462e+03	 716.67	 700.00	 38.00	 8	 0.17	 
BFE_201	 1	 19	 1121.jpg	 2.254447e+03	 12	 999000	 120	 999000	 999	 2.255465e+03	 716.67	 700.00	 4.00	 21	 0.83	 
BFE_201	 1	 19	 2117.jpg	 2.257433e+03	 24	 999000	 240	 999000	 999	 2.258451e+03	 716.67	 700.00	 77.00	 17	 0.19	 
BFE_201	 1	 19	 2110.jpg	 2.259436e+03	 22	 8.860570e+02	 220	 7.000301e+02	 98	 2.260454e+03	 716.67	 716.67	 52.00	 10	 0.67	 
BFE_201	 1	 19	 2109.jpg	 2.263440e+03	 22	 9.934499e+02	 220	 7.167067e+02	 98	 2.264458e+03	 716.67	 733.33	 53.00	 9	 0.64	 
BFE_201	 1	 19	 1109.jpg	 2.265443e+03	 11	 1.119418e+03	 1100	 7.167028e+02	 98	 2.266460e+03	 666.67	 733.33	 10.00	 9	 0.67	 
BFE_201	 1	 19	 1211.jpg	 2.270448e+03	 11	 7.217922e+02	 110	 6.666981e+02	 98	 2.271466e+03	 683.33	 733.33	 12.00	 32	 0.63	 
BFE_201	 1	 19	 2213.jpg	 2.272450e+03	 24	 999000	 240	 999000	 999	 2.273468e+03	 683.33	 733.33	 44.00	 34	 0.78	 
BFE_201	 1	 19	 1209.jpg	 2.276438e+03	 11	 9.477879e+02	 110	 6.833609e+02	 98	 2.277456e+03	 700.00	 733.33	 15.00	 30	 0.59	 
BFE_201	 1	 19	 2208.jpg	 2.278440e+03	 24	 999000	 240	 999000	 999	 2.279458e+03	 700.00	 733.33	 60.00	 29	 0.52	 
BFE_201	 1	 19	 1116.jpg	 2.281444e+03	 12	 999000	 120	 999000	 999	 2.282462e+03	 700.00	 733.33	 20.00	 16	 0.53	 
BFE_201	 1	 19	 2116.jpg	 2.286449e+03	 24	 999000	 240	 999000	 999	 2.287467e+03	 700.00	 733.33	 56.00	 16	 0.59	 
BFE_201	 1	 19	 2211.jpg	 2.288435e+03	 24	 999000	 240	 999000	 999	 2.289453e+03	 700.00	 733.33	 62.00	 32	 0.49	 
BFE_201	 1	 19	 2206.jpg	 2.290437e+03	 24	 999000	 240	 999000	 999	 2.291455e+03	 700.00	 733.33	 49.00	 27	 0.69	 
BFE_201	 1	 19	 2114.jpg	 2.294442e+03	 24	 999000	 240	 999000	 999	 2.295459e+03	 700.00	 733.33	 54.00	 14	 0.60	 
BFE_201	 1	 19	 2214.jpg	 2.298446e+03	 22	 1.059839e+03	 2200	 7.333617e+02	 98	 2.299464e+03	 700.00	 683.33	 58.00	 35	 0.56	 
BFE_201	 1	 19	 2209.jpg	 2.302434e+03	 22	 9.442428e+02	 220	 6.833680e+02	 98	 2.303452e+03	 700.00	 700.00	 50.00	 30	 0.68	 
BFE_201	 1	 19	 2120.jpg	 2.304436e+03	 24	 999000	 240	 999000	 999	 2.305454e+03	 700.00	 700.00	 51.00	 20	 0.67	 
BFE_201	 1	 19	 1205.jpg	 2.306439e+03	 12	 999000	 120	 999000	 999	 2.307456e+03	 700.00	 700.00	 3.00	 26	 0.83	 
BFE_201	 1	 19	 1102.jpg	 2.308441e+03	 12	 999000	 120	 999000	 999	 2.309458e+03	 700.00	 700.00	 22.00	 2	 0.48	 
BFE_201	 1	 19	 1208.jpg	 2.310443e+03	 12	 999000	 120	 999000	 999	 2.311461e+03	 700.00	 700.00	 17.00	 29	 0.58	 
BFE_201	 1	 19	 1207.jpg	 2.316450e+03	 12	 999000	 120	 999000	 999	 2.317467e+03	 700.00	 700.00	 16.00	 28	 0.59	 
BFE_201	 1	 19	 1218.jpg	 2.319436e+03	 11	 9.735864e+02	 110	 7.000368e+02	 98	 2.320454e+03	 716.67	 700.00	 7.00	 39	 0.76	 
BFE_201	 1	 19	 2215.jpg	 2.321439e+03	 24	 999000	 240	 999000	 999	 2.322456e+03	 716.67	 700.00	 43.00	 36	 0.82	 
BFE_201	 1	 19	 2212.jpg	 2.323441e+03	 24	 999000	 240	 999000	 999	 2.324459e+03	 716.67	 700.00	 61.00	 33	 0.52	 
BFE_201	 1	 19	 2217.jpg	 2.326444e+03	 22	 9.337278e+02	 220	 7.000372e+02	 98	 2.327462e+03	 716.67	 716.67	 47.00	 38	 0.72	 
BFE_201	 1	 19	 1217.jpg	 2.328446e+03	 12	 999000	 120	 999000	 999	 2.329464e+03	 716.67	 716.67	 19.00	 38	 0.53	 
BFE_201	 1	 19	 1206.jpg	 2.330449e+03	 12	 999000	 120	 999000	 999	 2.331466e+03	 716.67	 716.67	 11.00	 27	 0.64	 
BFE_201	 1	 19	 1105.jpg	 2.332434e+03	 12	 999000	 120	 999000	 999	 2.333452e+03	 716.67	 716.67	 37.00	 5	 0.18	 
BFE_201	 1	 19	 2205.jpg	 2.335438e+03	 24	 999000	 240	 999000	 999	 2.336455e+03	 716.67	 716.67	 59.00	 26	 0.55	 
BFE_201	 1	 19	 1219.jpg	 2.337440e+03	 12	 999000	 120	 999000	 999	 2.338458e+03	 716.67	 716.67	 21.00	 40	 0.52	 
BFE_201	 1	 19	 1216.jpg	 2.339442e+03	 12	 999000	 120	 999000	 999	 2.340460e+03	 716.67	 716.67	 8.00	 37	 0.72	 
BFE_201	 1	 19	 2118.jpg	 2.341444e+03	 24	 999000	 240	 999000	 999	 2.342462e+03	 716.67	 716.67	 78.00	 18	 0.18	 
BFE_201	 1	 19	 2103.jpg	 2.343447e+03	 24	 999000	 240	 999000	 999	 2.344464e+03	 716.67	 716.67	 57.00	 3	 0.58	 
BFE_201	 1	 19	 2218.jpg	 2.349437e+03	 24	 999000	 240	 999000	 999	 2.350454e+03	 716.67	 716.67	 48.00	 39	 0.71	 
BFE_201	 1	 19	 1103.jpg	 2.352440e+03	 12	 999000	 120	 999000	 999	 2.353458e+03	 716.67	 716.67	 9.00	 3	 0.70	 
BFE_201	 1	 19	 1214.jpg	 2.356445e+03	 12	 999000	 120	 999000	 999	 2.357462e+03	 716.67	 716.67	 14.00	 35	 0.62	 
