subjectID	 order	 runNum	 itemName	 onsetTime	 shuff_trialType	 RT	 respInTime	 AudioTime	 response	 fixationTime	 ladder1	 ladder2	 bidIndex	 itemNameIndex	 bidValue	 
BFE_104	 2	 14	 1113.jpg	 1.740051e+03	 12	 999000	 120	 999000	 999	 1.741069e+03	 916.67	 850.00	 37.00	 13	 0.34	 
BFE_104	 2	 14	 1115.jpg	 1.743038e+03	 12	 999000	 120	 999000	 999	 1.744056e+03	 916.67	 850.00	 13.00	 15	 0.54	 
BFE_104	 2	 14	 1116.jpg	 1.747043e+03	 12	 999000	 120	 999000	 999	 1.748060e+03	 916.67	 850.00	 15.00	 16	 0.54	 
BFE_104	 2	 14	 2202.jpg	 1.749045e+03	 24	 999000	 240	 999000	 999	 1.750063e+03	 916.67	 850.00	 61.00	 23	 0.50	 
BFE_104	 2	 14	 2211.jpg	 1.751047e+03	 22	 1.250743e+03	 2200	 8.500370e+02	 98	 1.752065e+03	 916.67	 800.00	 54.00	 32	 0.55	 
BFE_104	 2	 14	 1119.jpg	 1.755035e+03	 12	 999000	 120	 999000	 999	 1.756053e+03	 916.67	 800.00	 19.00	 19	 0.49	 
BFE_104	 2	 14	 2115.jpg	 1.757037e+03	 24	 999000	 240	 999000	 999	 1.758055e+03	 916.67	 800.00	 55.00	 15	 0.54	 
BFE_104	 2	 14	 2216.jpg	 1.762043e+03	 24	 999000	 240	 999000	 999	 1.763061e+03	 916.67	 800.00	 47.00	 37	 0.67	 
BFE_104	 2	 14	 1204.jpg	 1.764045e+03	 11	 1.268899e+03	 1100	 9.167258e+02	 98	 1.765063e+03	 866.67	 800.00	 9.00	 25	 0.58	 
BFE_104	 2	 14	 1201.jpg	 1.767031e+03	 12	 999000	 120	 999000	 999	 1.768050e+03	 866.67	 800.00	 3.00	 22	 0.73	 
BFE_104	 2	 14	 2201.jpg	 1.770035e+03	 24	 999000	 240	 999000	 999	 1.771053e+03	 866.67	 800.00	 52.00	 22	 0.60	 
BFE_104	 2	 14	 2209.jpg	 1.774039e+03	 22	 9.865705e+02	 220	 8.000320e+02	 98	 1.775057e+03	 866.67	 816.67	 49.00	 30	 0.66	 
BFE_104	 2	 14	 2205.jpg	 1.777043e+03	 24	 999000	 240	 999000	 999	 1.778061e+03	 866.67	 816.67	 50.00	 26	 0.65	 
BFE_104	 2	 14	 2113.jpg	 1.779045e+03	 22	 1.236922e+03	 2200	 8.166970e+02	 98	 1.780063e+03	 866.67	 766.67	 56.00	 13	 0.54	 
BFE_104	 2	 14	 1121.jpg	 1.782049e+03	 11	 7.292625e+02	 11	 8.667018e+02	 98	 1.783066e+03	 883.33	 766.67	 8.00	 21	 0.61	 
BFE_104	 2	 14	 2112.jpg	 1.786036e+03	 24	 999000	 240	 999000	 999	 1.787054e+03	 883.33	 766.67	 53.00	 12	 0.58	 
BFE_104	 2	 14	 2206.jpg	 1.789040e+03	 22	 1.250185e+03	 2200	 7.667069e+02	 98	 1.790057e+03	 883.33	 716.67	 48.00	 27	 0.66	 
BFE_104	 2	 14	 2102.jpg	 1.791042e+03	 24	 1.135836e+03	 24	 999000	 98	 1.792060e+03	 883.33	 716.67	 58.00	 2	 0.52	 
BFE_104	 2	 14	 2107.jpg	 1.793044e+03	 24	 999000	 240	 999000	 999	 1.794062e+03	 883.33	 716.67	 77.00	 7	 0.26	 
BFE_104	 2	 14	 1112.jpg	 1.798033e+03	 12	 999000	 120	 999000	 999	 1.799051e+03	 883.33	 716.67	 22.00	 12	 0.47	 
BFE_104	 2	 14	 1211.jpg	 1.802038e+03	 12	 6.522442e+02	 12	 999000	 98	 1.803055e+03	 883.33	 716.67	 20.00	 32	 0.47	 
BFE_104	 2	 14	 1104.jpg	 1.806042e+03	 11	 6.637389e+02	 11	 8.833723e+02	 98	 1.807060e+03	 900.00	 716.67	 17.00	 4	 0.50	 
BFE_104	 2	 14	 2217.jpg	 1.812032e+03	 24	 999000	 240	 999000	 999	 1.813050e+03	 900.00	 716.67	 44.00	 38	 0.75	 
BFE_104	 2	 14	 2119.jpg	 1.814034e+03	 24	 999000	 240	 999000	 999	 1.815052e+03	 900.00	 716.67	 60.00	 19	 0.51	 
BFE_104	 2	 14	 2103.jpg	 1.816037e+03	 24	 999000	 240	 999000	 999	 1.817054e+03	 900.00	 716.67	 43.00	 3	 0.80	 
BFE_104	 2	 14	 1114.jpg	 1.818039e+03	 11	 6.669590e+02	 11	 9.000312e+02	 98	 1.819057e+03	 916.67	 716.67	 16.00	 14	 0.53	 
BFE_104	 2	 14	 1102.jpg	 1.820041e+03	 11	 1.216709e+03	 1100	 9.166949e+02	 98	 1.821059e+03	 866.67	 716.67	 14.00	 2	 0.54	 
BFE_104	 2	 14	 1111.jpg	 1.824046e+03	 12	 999000	 120	 999000	 999	 1.825063e+03	 866.67	 716.67	 12.00	 11	 0.54	 
BFE_104	 2	 14	 1103.jpg	 1.826048e+03	 12	 999000	 120	 999000	 999	 1.827066e+03	 866.67	 716.67	 18.00	 3	 0.49	 
BFE_104	 2	 14	 1213.jpg	 1.830036e+03	 12	 999000	 120	 999000	 999	 1.831053e+03	 866.67	 716.67	 4.00	 34	 0.71	 
BFE_104	 2	 14	 2110.jpg	 1.832038e+03	 24	 999000	 240	 999000	 999	 1.833055e+03	 866.67	 716.67	 59.00	 10	 0.52	 
BFE_104	 2	 14	 1212.jpg	 1.834040e+03	 12	 999000	 120	 999000	 999	 1.835058e+03	 866.67	 716.67	 21.00	 33	 0.47	 
BFE_104	 2	 14	 1207.jpg	 1.836042e+03	 12	 999000	 120	 999000	 999	 1.837060e+03	 866.67	 716.67	 7.00	 28	 0.63	 
BFE_104	 2	 14	 2208.jpg	 1.841048e+03	 22	 9.218521e+02	 220	 7.167040e+02	 98	 1.842066e+03	 866.67	 733.33	 57.00	 29	 0.52	 
BFE_104	 2	 14	 2114.jpg	 1.843033e+03	 22	 1.048356e+03	 2200	 7.333595e+02	 98	 1.844051e+03	 866.67	 683.33	 51.00	 14	 0.65	 
BFE_104	 2	 14	 2117.jpg	 1.845036e+03	 24	 999000	 240	 999000	 999	 1.846053e+03	 866.67	 683.33	 78.00	 17	 0.22	 
BFE_104	 2	 14	 1215.jpg	 1.848039e+03	 11	 6.906793e+02	 11	 8.667017e+02	 98	 1.849057e+03	 883.33	 683.33	 11.00	 36	 0.57	 
BFE_104	 2	 14	 2213.jpg	 1.855047e+03	 24	 999000	 240	 999000	 999	 1.856065e+03	 883.33	 683.33	 62.00	 34	 0.49	 
BFE_104	 2	 14	 1210.jpg	 1.859035e+03	 12	 999000	 120	 999000	 999	 1.860053e+03	 883.33	 683.33	 38.00	 31	 0.30	 
BFE_104	 2	 14	 1118.jpg	 1.866043e+03	 12	 999000	 120	 999000	 999	 1.867060e+03	 883.33	 683.33	 10.00	 18	 0.57	 
