subjectID	 order	 runNum	 itemName	 onsetTime	 shuff_trialType	 RT	 respInTime	 AudioTime	 response	 fixationTime	 ladder1	 ladder2	 bidIndex	 itemNameIndex	 bidValue	 
BFE_106	 2	 4	 1101.jpg	 3.967227e+02	 12	 999000	 120	 999000	 999	 3.977405e+02	 650.00	 850.00	 37.00	 1	 0.16	 
BFE_106	 2	 4	 2209.jpg	 3.997094e+02	 22	 6.448767e+02	 22	 8.500974e+02	 98	 4.007272e+02	 650.00	 866.67	 56.00	 30	 0.59	 
BFE_106	 2	 4	 1218.jpg	 4.037139e+02	 12	 999000	 120	 999000	 999	 4.047317e+02	 650.00	 866.67	 19.00	 39	 0.54	 
BFE_106	 2	 4	 2205.jpg	 4.057161e+02	 24	 999000	 240	 999000	 999	 4.067339e+02	 650.00	 866.67	 59.00	 26	 0.57	 
BFE_106	 2	 4	 1119.jpg	 4.077184e+02	 12	 999000	 120	 999000	 999	 4.087362e+02	 650.00	 866.67	 38.00	 19	 0.15	 
BFE_106	 2	 4	 1217.jpg	 4.117063e+02	 12	 999000	 120	 999000	 999	 4.127239e+02	 650.00	 866.67	 18.00	 38	 0.54	 
BFE_106	 2	 4	 2208.jpg	 4.137084e+02	 22	 999000	 2	 8.667039e+02	 999	 4.147262e+02	 650.00	 816.67	 51.00	 29	 0.65	 
BFE_106	 2	 4	 1216.jpg	 4.187141e+02	 11	 8.241983e+02	 110	 6.500478e+02	 98	 4.197318e+02	 666.67	 816.67	 17.00	 37	 0.56	 
BFE_106	 2	 4	 1214.jpg	 4.207164e+02	 11	 6.139418e+02	 11	 6.667080e+02	 98	 4.217340e+02	 683.33	 816.67	 14.00	 35	 0.62	 
BFE_106	 2	 4	 1109.jpg	 4.237196e+02	 12	 6.026523e+02	 12	 999000	 98	 4.247374e+02	 683.33	 816.67	 4.00	 9	 0.82	 
BFE_106	 2	 4	 2204.jpg	 4.267064e+02	 24	 5.599038e+02	 24	 999000	 98	 4.277241e+02	 683.33	 816.67	 61.00	 25	 0.52	 
BFE_106	 2	 4	 2214.jpg	 4.307109e+02	 22	 6.434234e+02	 22	 8.167224e+02	 98	 4.317286e+02	 683.33	 833.33	 54.00	 35	 0.59	 
BFE_106	 2	 4	 1115.jpg	 4.337142e+02	 11	 6.081427e+02	 11	 6.833717e+02	 98	 4.347319e+02	 700.00	 833.33	 8.00	 15	 0.70	 
BFE_106	 2	 4	 1205.jpg	 4.357165e+02	 12	 999000	 120	 999000	 999	 4.367342e+02	 700.00	 833.33	 3.00	 26	 0.83	 
BFE_106	 2	 4	 2211.jpg	 4.387198e+02	 24	 999000	 240	 999000	 999	 4.397376e+02	 700.00	 833.33	 43.00	 32	 0.87	 
BFE_106	 2	 4	 2113.jpg	 4.427077e+02	 24	 999000	 240	 999000	 999	 4.437254e+02	 700.00	 833.33	 50.00	 13	 0.69	 
BFE_106	 2	 4	 2111.jpg	 4.457109e+02	 24	 999000	 240	 999000	 999	 4.467288e+02	 700.00	 833.33	 62.00	 11	 0.52	 
BFE_106	 2	 4	 1209.jpg	 4.477132e+02	 11	 5.290660e+02	 11	 7.000337e+02	 98	 4.487311e+02	 716.67	 833.33	 11.00	 30	 0.68	 
BFE_106	 2	 4	 2207.jpg	 4.497155e+02	 24	 999000	 240	 999000	 999	 4.507333e+02	 716.67	 833.33	 58.00	 28	 0.58	 
BFE_106	 2	 4	 1203.jpg	 4.547211e+02	 12	 999000	 120	 999000	 999	 4.557388e+02	 716.67	 833.33	 22.00	 24	 0.50	 
BFE_106	 2	 4	 1110.jpg	 4.587088e+02	 12	 999000	 120	 999000	 999	 4.597267e+02	 716.67	 833.33	 10.00	 10	 0.68	 
BFE_106	 2	 4	 1106.jpg	 4.627134e+02	 12	 999000	 120	 999000	 999	 4.637312e+02	 716.67	 833.33	 7.00	 6	 0.73	 
BFE_106	 2	 4	 2110.jpg	 4.687201e+02	 24	 999000	 240	 999000	 999	 4.697378e+02	 716.67	 833.33	 53.00	 10	 0.60	 
BFE_106	 2	 4	 2119.jpg	 4.707056e+02	 24	 999000	 240	 999000	 999	 4.717234e+02	 716.67	 833.33	 77.00	 19	 0.21	 
BFE_106	 2	 4	 1208.jpg	 4.727080e+02	 12	 4.863057e+02	 12	 999000	 98	 4.737257e+02	 716.67	 833.33	 13.00	 29	 0.63	 
BFE_106	 2	 4	 1204.jpg	 4.747101e+02	 12	 9.241934e+02	 12	 999000	 98	 4.757279e+02	 716.67	 833.33	 20.00	 25	 0.51	 
BFE_106	 2	 4	 2218.jpg	 4.767124e+02	 24	 999000	 240	 999000	 999	 4.777302e+02	 716.67	 833.33	 52.00	 39	 0.60	 
BFE_106	 2	 4	 2105.jpg	 4.807169e+02	 24	 999000	 240	 999000	 999	 4.817346e+02	 716.67	 833.33	 55.00	 5	 0.59	 
BFE_106	 2	 4	 2121.jpg	 4.827192e+02	 24	 999000	 240	 999000	 999	 4.837369e+02	 716.67	 833.33	 47.00	 21	 0.75	 
BFE_106	 2	 4	 1207.jpg	 4.867069e+02	 12	 999000	 120	 999000	 999	 4.877248e+02	 716.67	 833.33	 21.00	 28	 0.50	 
BFE_106	 2	 4	 1121.jpg	 4.887092e+02	 12	 999000	 120	 999000	 999	 4.897270e+02	 716.67	 833.33	 12.00	 21	 0.65	 
BFE_106	 2	 4	 2107.jpg	 4.907115e+02	 24	 999000	 240	 999000	 999	 4.917292e+02	 716.67	 833.33	 78.00	 7	 0.20	 
BFE_106	 2	 4	 2109.jpg	 4.927137e+02	 22	 6.326023e+02	 22	 8.333643e+02	 98	 4.937315e+02	 716.67	 850.00	 49.00	 9	 0.73	 
BFE_106	 2	 4	 2106.jpg	 4.977193e+02	 24	 999000	 240	 999000	 999	 4.987371e+02	 716.67	 850.00	 60.00	 6	 0.54	 
BFE_106	 2	 4	 2115.jpg	 4.997046e+02	 22	 7.536990e+02	 22	 8.500390e+02	 98	 5.007226e+02	 716.67	 866.67	 57.00	 15	 0.58	 
BFE_106	 2	 4	 1219.jpg	 5.017071e+02	 11	 8.312367e+02	 110	 7.166912e+02	 98	 5.027248e+02	 733.33	 866.67	 16.00	 40	 0.57	 
BFE_106	 2	 4	 1211.jpg	 5.047104e+02	 12	 999000	 120	 999000	 999	 5.057282e+02	 733.33	 866.67	 15.00	 32	 0.58	 
BFE_106	 2	 4	 1213.jpg	 5.117183e+02	 11	 6.999749e+02	 11	 7.333673e+02	 98	 5.127361e+02	 750.00	 866.67	 9.00	 34	 0.69	 
BFE_106	 2	 4	 2103.jpg	 5.157062e+02	 24	 999000	 240	 999000	 999	 5.167239e+02	 750.00	 866.67	 44.00	 3	 0.83	 
BFE_106	 2	 4	 2206.jpg	 5.227140e+02	 22	 7.362952e+02	 22	 8.667049e+02	 98	 5.237318e+02	 750.00	 883.33	 48.00	 27	 0.73	 
