subjectID	 order	 runNum	 itemName	 onsetTime	 shuff_trialType	 RT	 respInTime	 AudioTime	 response	 fixationTime	 ladder1	 ladder2	 bidIndex	 itemNameIndex	 bidValue	 
BFE_101	 1	 17	 2102.jpg	 2.042971e+03	 24	 999000	 240	 999000	 999	 2.043989e+03	 683.33	 750.00	 61.00	 2	 0.54	 
BFE_101	 1	 17	 2213.jpg	 2.044973e+03	 24	 999000	 240	 999000	 999	 2.045991e+03	 683.33	 750.00	 44.00	 34	 0.71	 
BFE_101	 1	 17	 1208.jpg	 2.048978e+03	 11	 1.007295e+03	 1	 6.833828e+02	 110	 2.049995e+03	 633.33	 750.00	 18.00	 29	 0.51	 
BFE_101	 1	 17	 2114.jpg	 2.051981e+03	 24	 999000	 240	 999000	 999	 2.052999e+03	 633.33	 750.00	 62.00	 14	 0.50	 
BFE_101	 1	 17	 2103.jpg	 2.053967e+03	 24	 999000	 240	 999000	 999	 2.054985e+03	 633.33	 750.00	 43.00	 3	 0.74	 
BFE_101	 1	 17	 2216.jpg	 2.056970e+03	 24	 999000	 240	 999000	 999	 2.057988e+03	 633.33	 750.00	 48.00	 37	 0.66	 
BFE_101	 1	 17	 1116.jpg	 2.060975e+03	 12	 999000	 120	 999000	 999	 2.061992e+03	 633.33	 750.00	 19.00	 16	 0.51	 
BFE_101	 1	 17	 1109.jpg	 2.064979e+03	 12	 999000	 120	 999000	 999	 2.065997e+03	 633.33	 750.00	 20.00	 9	 0.50	 
BFE_101	 1	 17	 1205.jpg	 2.066981e+03	 12	 999000	 120	 999000	 999	 2.067999e+03	 633.33	 750.00	 11.00	 26	 0.62	 
BFE_101	 1	 17	 1102.jpg	 2.071970e+03	 11	 8.948400e+02	 1	 6.333621e+02	 110	 2.072988e+03	 583.33	 750.00	 10.00	 2	 0.66	 
BFE_101	 1	 17	 1214.jpg	 2.073973e+03	 12	 999000	 120	 999000	 999	 2.074990e+03	 583.33	 750.00	 21.00	 35	 0.50	 
BFE_101	 1	 17	 1121.jpg	 2.075975e+03	 11	 8.104060e+02	 1	 5.833715e+02	 110	 2.076992e+03	 533.33	 750.00	 7.00	 21	 0.70	 
BFE_101	 1	 17	 2211.jpg	 2.081981e+03	 22	 9.397310e+02	 2	 7.500435e+02	 110	 2.082999e+03	 533.33	 700.00	 52.00	 32	 0.62	 
BFE_101	 1	 17	 2214.jpg	 2.083967e+03	 22	 1.018091e+03	 2	 7.000335e+02	 110	 2.084985e+03	 533.33	 650.00	 53.00	 35	 0.59	 
BFE_101	 1	 17	 2115.jpg	 2.085969e+03	 24	 999000	 240	 999000	 999	 2.086987e+03	 533.33	 650.00	 57.00	 15	 0.55	 
BFE_101	 1	 17	 2117.jpg	 2.087971e+03	 24	 999000	 240	 999000	 999	 2.088989e+03	 533.33	 650.00	 78.00	 17	 0.18	 
BFE_101	 1	 17	 2118.jpg	 2.091976e+03	 22	 8.571198e+02	 2	 6.500341e+02	 110	 2.092994e+03	 533.33	 600.00	 47.00	 18	 0.67	 
BFE_101	 1	 17	 1101.jpg	 2.095980e+03	 12	 999000	 120	 999000	 999	 2.096998e+03	 533.33	 600.00	 37.00	 1	 0.27	 
BFE_101	 1	 17	 1213.jpg	 2.098967e+03	 12	 999000	 120	 999000	 999	 2.099985e+03	 533.33	 600.00	 8.00	 34	 0.68	 
BFE_101	 1	 17	 1115.jpg	 2.102972e+03	 12	 999000	 120	 999000	 999	 2.103989e+03	 533.33	 600.00	 38.00	 15	 0.23	 
BFE_101	 1	 17	 2208.jpg	 2.105975e+03	 24	 999000	 240	 999000	 999	 2.106993e+03	 533.33	 600.00	 51.00	 29	 0.63	 
BFE_101	 1	 17	 2217.jpg	 2.107977e+03	 24	 999000	 240	 999000	 999	 2.108995e+03	 533.33	 600.00	 54.00	 38	 0.58	 
BFE_101	 1	 17	 2104.jpg	 2.111982e+03	 24	 999000	 240	 999000	 999	 2.112999e+03	 533.33	 600.00	 56.00	 4	 0.55	 
BFE_101	 1	 17	 1103.jpg	 2.113967e+03	 12	 999000	 120	 999000	 999	 2.114985e+03	 533.33	 600.00	 9.00	 3	 0.68	 
BFE_101	 1	 17	 2205.jpg	 2.115969e+03	 24	 999000	 240	 999000	 999	 2.116987e+03	 533.33	 600.00	 77.00	 26	 0.21	 
BFE_101	 1	 17	 1204.jpg	 2.119974e+03	 12	 999000	 120	 999000	 999	 2.120992e+03	 533.33	 600.00	 17.00	 25	 0.52	 
BFE_101	 1	 17	 2207.jpg	 2.121976e+03	 24	 999000	 240	 999000	 999	 2.122994e+03	 533.33	 600.00	 49.00	 28	 0.66	 
BFE_101	 1	 17	 1216.jpg	 2.125981e+03	 11	 7.324215e+02	 1	 5.333691e+02	 110	 2.126999e+03	 483.33	 600.00	 15.00	 37	 0.55	 
BFE_101	 1	 17	 1202.jpg	 2.129969e+03	 12	 999000	 120	 999000	 999	 2.130986e+03	 483.33	 600.00	 16.00	 23	 0.54	 
BFE_101	 1	 17	 1106.jpg	 2.132972e+03	 11	 7.012244e+02	 1	 4.833723e+02	 110	 2.133990e+03	 433.33	 600.00	 12.00	 6	 0.58	 
BFE_101	 1	 17	 1206.jpg	 2.138979e+03	 12	 999000	 120	 999000	 999	 2.139996e+03	 433.33	 600.00	 4.00	 27	 0.74	 
BFE_101	 1	 17	 1111.jpg	 2.140981e+03	 12	 999000	 120	 999000	 999	 2.141999e+03	 433.33	 600.00	 14.00	 11	 0.55	 
BFE_101	 1	 17	 2203.jpg	 2.144969e+03	 24	 999000	 240	 999000	 999	 2.145986e+03	 433.33	 600.00	 59.00	 24	 0.54	 
BFE_101	 1	 17	 1207.jpg	 2.146971e+03	 11	 7.182210e+02	 1	 4.333681e+02	 110	 2.147989e+03	 383.33	 600.00	 13.00	 28	 0.56	 
BFE_101	 1	 17	 2113.jpg	 2.148973e+03	 24	 999000	 240	 999000	 999	 2.149991e+03	 383.33	 600.00	 60.00	 13	 0.54	 
BFE_101	 1	 17	 2110.jpg	 2.150975e+03	 22	 8.737916e+02	 2	 6.000339e+02	 110	 2.151993e+03	 383.33	 550.00	 50.00	 10	 0.65	 
BFE_101	 1	 17	 1201.jpg	 2.155981e+03	 12	 999000	 120	 999000	 999	 2.156999e+03	 383.33	 550.00	 22.00	 22	 0.50	 
BFE_101	 1	 17	 2209.jpg	 2.157966e+03	 22	 7.867174e+02	 2	 5.500304e+02	 110	 2.158984e+03	 383.33	 500.00	 55.00	 30	 0.56	 
BFE_101	 1	 17	 2120.jpg	 2.159969e+03	 22	 6.723529e+02	 2	 5.000331e+02	 110	 2.160987e+03	 383.33	 450.00	 58.00	 20	 0.55	 
BFE_101	 1	 17	 1118.jpg	 2.162972e+03	 12	 999000	 120	 999000	 999	 2.163990e+03	 383.33	 450.00	 3.00	 18	 0.78	 
