subjectID	 order	 runNum	 itemName	 onsetTime	 shuff_trialType	 RT	 respInTime	 AudioTime	 response	 fixationTime	 ladder1	 ladder2	 bidIndex	 itemNameIndex	 bidValue	 
BFE_101	 1	 1	 2103.jpg	 1.300684e+00	 24	 999000	 240	 999000	 999	 2.318205e+00	 750.00	 750.00	 43.00	 3	 0.74	 
BFE_101	 1	 1	 2114.jpg	 4.286791e+00	 24	 999000	 240	 999000	 999	 5.304930e+00	 750.00	 750.00	 62.00	 14	 0.50	 
BFE_101	 1	 1	 2104.jpg	 6.289481e+00	 24	 999000	 240	 999000	 999	 7.307111e+00	 750.00	 750.00	 56.00	 4	 0.55	 
BFE_101	 1	 1	 1216.jpg	 8.291540e+00	 11	 1.485601e+03	 1100	 7.502786e+02	 98	 9.309352e+00	 700.00	 750.00	 15.00	 37	 0.55	 
BFE_101	 1	 1	 1115.jpg	 1.029378e+01	 12	 999000	 120	 999000	 999	 1.131157e+01	 700.00	 750.00	 38.00	 15	 0.23	 
BFE_101	 1	 1	 2217.jpg	 1.329726e+01	 24	 999000	 240	 999000	 999	 1.431497e+01	 700.00	 750.00	 54.00	 38	 0.58	 
BFE_101	 1	 1	 2214.jpg	 1.529946e+01	 22	 1.037706e+03	 2200	 7.500420e+02	 98	 1.631724e+01	 700.00	 700.00	 53.00	 35	 0.59	 
BFE_101	 1	 1	 1208.jpg	 1.930398e+01	 11	 9.771688e+02	 110	 7.000344e+02	 98	 2.032176e+01	 716.67	 700.00	 18.00	 29	 0.51	 
BFE_101	 1	 1	 1207.jpg	 2.128950e+01	 11	 1.023643e+03	 1100	 7.167008e+02	 98	 2.230722e+01	 666.67	 700.00	 13.00	 28	 0.56	 
BFE_101	 1	 1	 1201.jpg	 2.629510e+01	 12	 999000	 120	 999000	 999	 2.731291e+01	 666.67	 700.00	 22.00	 22	 0.50	 
BFE_101	 1	 1	 2205.jpg	 2.829735e+01	 24	 999000	 240	 999000	 999	 2.931523e+01	 666.67	 700.00	 77.00	 26	 0.21	 
BFE_101	 1	 1	 2216.jpg	 3.230181e+01	 24	 999000	 240	 999000	 999	 3.331963e+01	 666.67	 700.00	 48.00	 37	 0.66	 
BFE_101	 1	 1	 1121.jpg	 3.428712e+01	 11	 9.540454e+02	 110	 6.666937e+02	 98	 3.530522e+01	 683.33	 700.00	 7.00	 21	 0.70	 
BFE_101	 1	 1	 1102.jpg	 3.729089e+01	 11	 9.742529e+02	 110	 6.833758e+02	 98	 3.830856e+01	 700.00	 700.00	 10.00	 2	 0.66	 
BFE_101	 1	 1	 1205.jpg	 4.229634e+01	 12	 999000	 120	 999000	 999	 4.331413e+01	 700.00	 700.00	 11.00	 26	 0.62	 
BFE_101	 1	 1	 2113.jpg	 4.429862e+01	 24	 999000	 240	 999000	 999	 4.531644e+01	 700.00	 700.00	 60.00	 13	 0.54	 
BFE_101	 1	 1	 1206.jpg	 4.630091e+01	 12	 999000	 120	 999000	 999	 4.731867e+01	 700.00	 700.00	 4.00	 27	 0.74	 
BFE_101	 1	 1	 2207.jpg	 5.028870e+01	 24	 999000	 240	 999000	 999	 5.130646e+01	 700.00	 700.00	 49.00	 28	 0.66	 
BFE_101	 1	 1	 1214.jpg	 5.429318e+01	 12	 999000	 120	 999000	 999	 5.531098e+01	 700.00	 700.00	 21.00	 35	 0.50	 
BFE_101	 1	 1	 2102.jpg	 5.829763e+01	 24	 999000	 240	 999000	 999	 5.931541e+01	 700.00	 700.00	 61.00	 2	 0.54	 
BFE_101	 1	 1	 1202.jpg	 6.030003e+01	 12	 999000	 120	 999000	 999	 6.131783e+01	 700.00	 700.00	 16.00	 23	 0.54	 
BFE_101	 1	 1	 1204.jpg	 6.230219e+01	 12	 999000	 120	 999000	 999	 6.331993e+01	 700.00	 700.00	 17.00	 25	 0.52	 
BFE_101	 1	 1	 2209.jpg	 6.428743e+01	 22	 9.937181e+02	 220	 7.000330e+02	 98	 6.530547e+01	 700.00	 716.67	 55.00	 30	 0.56	 
BFE_101	 1	 1	 2110.jpg	 6.628992e+01	 22	 9.992501e+02	 220	 7.167066e+02	 98	 6.730783e+01	 700.00	 733.33	 50.00	 10	 0.65	 
BFE_101	 1	 1	 1106.jpg	 7.229670e+01	 11	 9.844326e+02	 110	 7.000324e+02	 98	 7.331457e+01	 716.67	 733.33	 12.00	 6	 0.58	 
BFE_101	 1	 1	 2118.jpg	 7.530005e+01	 22	 9.971051e+02	 220	 7.333744e+02	 98	 7.631785e+01	 716.67	 750.00	 47.00	 18	 0.67	 
BFE_101	 1	 1	 2120.jpg	 7.730233e+01	 22	 9.707958e+02	 220	 7.500334e+02	 98	 7.832012e+01	 716.67	 766.67	 58.00	 20	 0.55	 
BFE_101	 1	 1	 2115.jpg	 7.928758e+01	 24	 1.281569e+03	 24	 999000	 98	 8.030563e+01	 716.67	 766.67	 57.00	 15	 0.55	 
BFE_101	 1	 1	 2203.jpg	 8.229118e+01	 24	 999000	 240	 999000	 999	 8.330895e+01	 716.67	 766.67	 59.00	 24	 0.54	 
BFE_101	 1	 1	 1103.jpg	 8.429346e+01	 12	 999000	 120	 999000	 999	 8.531121e+01	 716.67	 766.67	 9.00	 3	 0.68	 
BFE_101	 1	 1	 1118.jpg	 8.629565e+01	 12	 999000	 120	 999000	 999	 8.731347e+01	 716.67	 766.67	 3.00	 18	 0.78	 
BFE_101	 1	 1	 2117.jpg	 8.829795e+01	 24	 999000	 240	 999000	 999	 8.931567e+01	 716.67	 766.67	 78.00	 17	 0.18	 
BFE_101	 1	 1	 1101.jpg	 9.130133e+01	 12	 999000	 120	 999000	 999	 9.231916e+01	 716.67	 766.67	 37.00	 1	 0.27	 
BFE_101	 1	 1	 2213.jpg	 9.328674e+01	 24	 999000	 240	 999000	 999	 9.430461e+01	 716.67	 766.67	 44.00	 34	 0.71	 
BFE_101	 1	 1	 1116.jpg	 9.528916e+01	 12	 999000	 120	 999000	 999	 9.630696e+01	 716.67	 766.67	 19.00	 16	 0.51	 
BFE_101	 1	 1	 1111.jpg	 9.729151e+01	 12	 999000	 120	 999000	 999	 9.830908e+01	 716.67	 766.67	 14.00	 11	 0.55	 
BFE_101	 1	 1	 1109.jpg	 9.929361e+01	 12	 999000	 120	 999000	 999	 1.003114e+02	 716.67	 766.67	 20.00	 9	 0.50	 
BFE_101	 1	 1	 1213.jpg	 1.053004e+02	 12	 999000	 120	 999000	 999	 1.063181e+02	 716.67	 766.67	 8.00	 34	 0.68	 
BFE_101	 1	 1	 2211.jpg	 1.082868e+02	 22	 1.034354e+03	 2200	 7.667260e+02	 98	 1.093048e+02	 716.67	 716.67	 52.00	 32	 0.62	 
BFE_101	 1	 1	 2208.jpg	 1.122916e+02	 24	 999000	 240	 999000	 999	 1.133093e+02	 716.67	 716.67	 51.00	 29	 0.63	 
