subjectID	 order	 runNum	 itemName	 onsetTime	 shuff_trialType	 RT	 respInTime	 AudioTime	 response	 fixationTime	 ladder1	 ladder2	 bidIndex	 itemNameIndex	 bidValue	 
BFE_107	 1	 17	 1106.jpg	 2.266174e+03	 11	 5.004492e+02	 11	 9.167495e+02	 98	 2.267192e+03	 916.67	 883.33	 7.00	 6	 0.74	 
BFE_107	 1	 17	 2214.jpg	 2.271163e+03	 24	 999000	 240	 999000	 999	 2.272181e+03	 916.67	 883.33	 44.00	 35	 0.80	 
BFE_107	 1	 17	 1107.jpg	 2.273165e+03	 11	 5.333209e+02	 11	 9.166970e+02	 98	 2.274183e+03	 916.67	 883.33	 18.00	 7	 0.53	 
BFE_107	 1	 17	 1118.jpg	 2.275167e+03	 12	 999000	 120	 999000	 999	 2.276185e+03	 916.67	 883.33	 38.00	 18	 0.12	 
BFE_107	 1	 17	 1201.jpg	 2.281157e+03	 12	 999000	 120	 999000	 999	 2.282175e+03	 916.67	 883.33	 11.00	 22	 0.66	 
BFE_107	 1	 17	 2205.jpg	 2.283160e+03	 24	 999000	 240	 999000	 999	 2.284177e+03	 916.67	 883.33	 48.00	 26	 0.73	 
BFE_107	 1	 17	 2202.jpg	 2.286163e+03	 24	 999000	 240	 999000	 999	 2.287181e+03	 916.67	 883.33	 51.00	 23	 0.64	 
BFE_107	 1	 17	 2217.jpg	 2.288165e+03	 24	 999000	 240	 999000	 999	 2.289183e+03	 916.67	 883.33	 43.00	 38	 0.81	 
BFE_107	 1	 17	 1105.jpg	 2.292170e+03	 12	 999000	 120	 999000	 999	 2.293188e+03	 916.67	 883.33	 3.00	 5	 0.84	 
BFE_107	 1	 17	 1103.jpg	 2.294155e+03	 12	 999000	 120	 999000	 999	 2.295173e+03	 916.67	 883.33	 9.00	 3	 0.71	 
BFE_107	 1	 17	 1115.jpg	 2.299161e+03	 12	 999000	 120	 999000	 999	 2.300179e+03	 916.67	 883.33	 14.00	 15	 0.62	 
BFE_107	 1	 17	 2219.jpg	 2.306169e+03	 22	 6.176063e+02	 22	 8.834251e+02	 98	 2.307187e+03	 916.67	 900.00	 55.00	 40	 0.58	 
BFE_107	 1	 17	 1212.jpg	 2.308171e+03	 12	 999000	 120	 999000	 999	 2.309189e+03	 916.67	 900.00	 37.00	 33	 0.21	 
BFE_107	 1	 17	 2116.jpg	 2.311158e+03	 22	 1.028633e+03	 2200	 9.000398e+02	 98	 2.312175e+03	 916.67	 850.00	 58.00	 16	 0.55	 
BFE_107	 1	 17	 1209.jpg	 2.314161e+03	 12	 999000	 120	 999000	 999	 2.315179e+03	 916.67	 850.00	 16.00	 30	 0.58	 
BFE_107	 1	 17	 1216.jpg	 2.318166e+03	 12	 999000	 120	 999000	 999	 2.319183e+03	 916.67	 850.00	 22.00	 37	 0.46	 
BFE_107	 1	 17	 2101.jpg	 2.322170e+03	 24	 999000	 240	 999000	 999	 2.323188e+03	 916.67	 850.00	 77.00	 1	 0.18	 
BFE_107	 1	 17	 2121.jpg	 2.326158e+03	 24	 999000	 240	 999000	 999	 2.327176e+03	 916.67	 850.00	 60.00	 21	 0.50	 
BFE_107	 1	 17	 2117.jpg	 2.329161e+03	 24	 999000	 240	 999000	 999	 2.330179e+03	 916.67	 850.00	 78.00	 17	 0.15	 
BFE_107	 1	 17	 2207.jpg	 2.335168e+03	 24	 999000	 240	 999000	 999	 2.336186e+03	 916.67	 850.00	 62.00	 28	 0.47	 
BFE_107	 1	 17	 1217.jpg	 2.337170e+03	 11	 5.680478e+02	 11	 9.167114e+02	 98	 2.338188e+03	 916.67	 850.00	 12.00	 38	 0.63	 
BFE_107	 1	 17	 2201.jpg	 2.340157e+03	 24	 999000	 240	 999000	 999	 2.341175e+03	 916.67	 850.00	 49.00	 22	 0.73	 
BFE_107	 1	 17	 2213.jpg	 2.342159e+03	 24	 999000	 240	 999000	 999	 2.343177e+03	 916.67	 850.00	 61.00	 34	 0.49	 
BFE_107	 1	 17	 1113.jpg	 2.344161e+03	 12	 999000	 120	 999000	 999	 2.345179e+03	 916.67	 850.00	 8.00	 13	 0.73	 
BFE_107	 1	 17	 1111.jpg	 2.346164e+03	 12	 999000	 120	 999000	 999	 2.347182e+03	 916.67	 850.00	 17.00	 11	 0.57	 
BFE_107	 1	 17	 1214.jpg	 2.349167e+03	 11	 6.432236e+02	 11	 9.167016e+02	 98	 2.350185e+03	 916.67	 850.00	 15.00	 35	 0.59	 
BFE_107	 1	 17	 2113.jpg	 2.353172e+03	 24	 999000	 240	 999000	 999	 2.354189e+03	 916.67	 850.00	 54.00	 13	 0.60	 
BFE_107	 1	 17	 2203.jpg	 2.355157e+03	 22	 5.492383e+02	 22	 8.500340e+02	 98	 2.356175e+03	 916.67	 866.67	 53.00	 24	 0.60	 
BFE_107	 1	 17	 1109.jpg	 2.357159e+03	 11	 999000	 1	 9.167028e+02	 999	 2.358177e+03	 866.67	 866.67	 13.00	 9	 0.63	 
BFE_107	 1	 17	 1202.jpg	 2.359162e+03	 11	 6.086706e+02	 11	 8.666991e+02	 98	 2.360179e+03	 883.33	 866.67	 10.00	 23	 0.69	 
BFE_107	 1	 17	 2109.jpg	 2.361164e+03	 24	 999000	 240	 999000	 999	 2.362182e+03	 883.33	 866.67	 56.00	 9	 0.58	 
BFE_107	 1	 17	 2105.jpg	 2.363166e+03	 22	 5.482051e+02	 22	 8.667035e+02	 98	 2.364184e+03	 883.33	 883.33	 47.00	 5	 0.76	 
BFE_107	 1	 17	 1213.jpg	 2.367171e+03	 12	 999000	 120	 999000	 999	 2.368188e+03	 883.33	 883.33	 19.00	 34	 0.49	 
BFE_107	 1	 17	 2104.jpg	 2.371158e+03	 22	 5.319319e+02	 22	 8.833635e+02	 98	 2.372176e+03	 883.33	 900.00	 50.00	 4	 0.67	 
BFE_107	 1	 17	 2111.jpg	 2.373161e+03	 22	 6.816230e+02	 22	 9.000344e+02	 98	 2.374178e+03	 883.33	 916.67	 52.00	 11	 0.63	 
BFE_107	 1	 17	 1110.jpg	 2.375163e+03	 12	 999000	 120	 999000	 999	 2.376181e+03	 883.33	 916.67	 21.00	 10	 0.46	 
BFE_107	 1	 17	 2209.jpg	 2.377165e+03	 24	 999000	 240	 999000	 999	 2.378183e+03	 883.33	 916.67	 59.00	 30	 0.51	 
BFE_107	 1	 17	 2218.jpg	 2.379167e+03	 24	 999000	 240	 999000	 999	 2.380185e+03	 883.33	 916.67	 57.00	 39	 0.58	 
BFE_107	 1	 17	 1205.jpg	 2.385158e+03	 12	 999000	 120	 999000	 999	 2.386175e+03	 883.33	 916.67	 4.00	 26	 0.82	 
BFE_107	 1	 17	 1211.jpg	 2.387160e+03	 12	 999000	 120	 999000	 999	 2.388177e+03	 883.33	 916.67	 20.00	 32	 0.46	 
