subjectID	 order	 runNum	 itemName	 onsetTime	 shuff_trialType	 RT	 respInTime	 AudioTime	 response	 fixationTime	 ladder1	 ladder2	 bidIndex	 itemNameIndex	 bidValue	 
BFE_202	 2	 1	 1117.jpg	 1.329225e+00	 12	 999000	 120	 999000	 999	 2.346676e+00	 750.00	 750.00	 37.00	 17	 0.23	 
BFE_202	 2	 1	 2209.jpg	 6.317909e+00	 22	 9.884983e+02	 220	 7.500559e+02	 98	 7.335644e+00	 750.00	 766.67	 51.00	 30	 0.62	 
BFE_202	 2	 1	 1107.jpg	 8.303058e+00	 11	 1.099365e+03	 1100	 7.500520e+02	 98	 9.321113e+00	 700.00	 766.67	 16.00	 7	 0.60	 
BFE_202	 2	 1	 1214.jpg	 1.030568e+01	 12	 999000	 120	 999000	 999	 1.132337e+01	 700.00	 766.67	 20.00	 35	 0.56	 
BFE_202	 2	 1	 1204.jpg	 1.631243e+01	 11	 9.379760e+02	 110	 7.000354e+02	 98	 1.733020e+01	 716.67	 766.67	 11.00	 25	 0.65	 
BFE_202	 2	 1	 1209.jpg	 1.831467e+01	 12	 999000	 120	 999000	 999	 1.933243e+01	 716.67	 766.67	 7.00	 30	 0.68	 
BFE_202	 2	 1	 2213.jpg	 2.131799e+01	 24	 999000	 240	 999000	 999	 2.233572e+01	 716.67	 766.67	 58.00	 34	 0.54	 
BFE_202	 2	 1	 2211.jpg	 2.330351e+01	 24	 999000	 240	 999000	 999	 2.432144e+01	 716.67	 766.67	 43.00	 32	 0.82	 
BFE_202	 2	 1	 2101.jpg	 2.730798e+01	 24	 999000	 240	 999000	 999	 2.832582e+01	 716.67	 766.67	 55.00	 1	 0.61	 
BFE_202	 2	 1	 2115.jpg	 2.931033e+01	 24	 999000	 240	 999000	 999	 3.032801e+01	 716.67	 766.67	 50.00	 15	 0.64	 
BFE_202	 2	 1	 2107.jpg	 3.431585e+01	 24	 999000	 240	 999000	 999	 3.533360e+01	 716.67	 766.67	 78.00	 7	 0.24	 
BFE_202	 2	 1	 1206.jpg	 4.130702e+01	 12	 999000	 120	 999000	 999	 4.232484e+01	 716.67	 766.67	 21.00	 27	 0.54	 
BFE_202	 2	 1	 2203.jpg	 4.330937e+01	 24	 999000	 240	 999000	 999	 4.432705e+01	 716.67	 766.67	 47.00	 24	 0.69	 
BFE_202	 2	 1	 2210.jpg	 4.631268e+01	 22	 1.081755e+03	 2200	 7.666981e+02	 98	 4.733040e+01	 716.67	 716.67	 57.00	 31	 0.59	 
BFE_202	 2	 1	 1207.jpg	 4.931597e+01	 11	 9.744394e+02	 110	 7.167067e+02	 98	 5.033381e+01	 733.33	 716.67	 17.00	 28	 0.58	 
BFE_202	 2	 1	 2118.jpg	 5.330363e+01	 22	 9.387756e+02	 220	 7.167039e+02	 98	 5.432164e+01	 733.33	 733.33	 54.00	 18	 0.61	 
BFE_202	 2	 1	 2202.jpg	 5.730838e+01	 24	 999000	 240	 999000	 999	 5.832614e+01	 733.33	 733.33	 62.00	 23	 0.47	 
BFE_202	 2	 1	 1205.jpg	 6.131293e+01	 11	 9.615142e+02	 110	 7.333619e+02	 98	 6.233059e+01	 750.00	 733.33	 14.00	 26	 0.62	 
BFE_202	 2	 1	 1210.jpg	 6.431618e+01	 12	 999000	 120	 999000	 999	 6.533400e+01	 750.00	 733.33	 18.00	 31	 0.57	 
BFE_202	 2	 1	 1115.jpg	 7.030622e+01	 11	 9.521888e+02	 110	 7.500325e+02	 98	 7.132397e+01	 766.67	 733.33	 8.00	 15	 0.67	 
BFE_202	 2	 1	 2218.jpg	 7.230845e+01	 22	 1.029984e+03	 2200	 7.333623e+02	 98	 7.332625e+01	 766.67	 683.33	 49.00	 39	 0.64	 
BFE_202	 2	 1	 2119.jpg	 7.531183e+01	 24	 999000	 240	 999000	 999	 7.632965e+01	 766.67	 683.33	 77.00	 19	 0.24	 
BFE_202	 2	 1	 1119.jpg	 7.731405e+01	 12	 999000	 120	 999000	 999	 7.833183e+01	 766.67	 683.33	 38.00	 19	 0.17	 
BFE_202	 2	 1	 2117.jpg	 7.931633e+01	 24	 999000	 240	 999000	 999	 8.033412e+01	 766.67	 683.33	 61.00	 17	 0.47	 
BFE_202	 2	 1	 1216.jpg	 8.131863e+01	 12	 999000	 120	 999000	 999	 8.233634e+01	 766.67	 683.33	 3.00	 37	 0.77	 
BFE_202	 2	 1	 2219.jpg	 8.430520e+01	 24	 999000	 240	 999000	 999	 8.532303e+01	 766.67	 683.33	 59.00	 40	 0.51	 
BFE_202	 2	 1	 2205.jpg	 8.830973e+01	 22	 9.966762e+02	 220	 6.833700e+02	 98	 8.932751e+01	 766.67	 700.00	 48.00	 26	 0.68	 
BFE_202	 2	 1	 2215.jpg	 9.031203e+01	 24	 999000	 240	 999000	 999	 9.132983e+01	 766.67	 700.00	 44.00	 36	 0.82	 
BFE_202	 2	 1	 1120.jpg	 9.231426e+01	 12	 999000	 120	 999000	 999	 9.333197e+01	 766.67	 700.00	 22.00	 20	 0.52	 
BFE_202	 2	 1	 1219.jpg	 9.431653e+01	 11	 1.037871e+03	 1100	 7.666993e+02	 98	 9.533430e+01	 716.67	 700.00	 9.00	 40	 0.66	 
BFE_202	 2	 1	 1106.jpg	 9.631873e+01	 12	 999000	 120	 999000	 999	 9.733647e+01	 716.67	 700.00	 13.00	 6	 0.62	 
BFE_202	 2	 1	 2103.jpg	 9.830432e+01	 24	 999000	 240	 999000	 999	 9.932209e+01	 716.67	 700.00	 60.00	 3	 0.51	 
BFE_202	 2	 1	 1111.jpg	 1.023087e+02	 12	 999000	 120	 999000	 999	 1.033266e+02	 716.67	 700.00	 19.00	 11	 0.56	 
BFE_202	 2	 1	 1203.jpg	 1.063133e+02	 12	 999000	 120	 999000	 999	 1.073310e+02	 716.67	 700.00	 10.00	 24	 0.66	 
BFE_202	 2	 1	 2113.jpg	 1.083155e+02	 22	 9.429217e+02	 220	 7.000333e+02	 98	 1.093333e+02	 716.67	 716.67	 56.00	 13	 0.60	 
BFE_202	 2	 1	 1104.jpg	 1.103178e+02	 12	 999000	 120	 999000	 999	 1.113355e+02	 716.67	 716.67	 12.00	 4	 0.63	 
BFE_202	 2	 1	 2102.jpg	 1.123030e+02	 24	 999000	 240	 999000	 999	 1.133211e+02	 716.67	 716.67	 52.00	 2	 0.62	 
BFE_202	 2	 1	 1213.jpg	 1.143056e+02	 12	 999000	 120	 999000	 999	 1.153234e+02	 716.67	 716.67	 15.00	 34	 0.60	 
BFE_202	 2	 1	 1215.jpg	 1.203123e+02	 12	 999000	 120	 999000	 999	 1.213301e+02	 716.67	 716.67	 4.00	 36	 0.74	 
BFE_202	 2	 1	 2216.jpg	 1.223146e+02	 24	 999000	 240	 999000	 999	 1.233323e+02	 716.67	 716.67	 53.00	 37	 0.62	 
