subjectID	 order	 runNum	 itemName	 onsetTime	 shuff_trialType	 RT	 respInTime	 AudioTime	 response	 fixationTime	 ladder1	 ladder2	 bidIndex	 itemNameIndex	 bidValue	 
BFE_203	 1	 2	 1102.jpg	 1.251650e+02	 12	 999000	 120	 999000	 999	 1.261828e+02	 716.67	 716.67	 21.00	 2	 0.52	 
BFE_203	 1	 2	 2102.jpg	 1.271503e+02	 24	 999000	 240	 999000	 999	 1.281683e+02	 716.67	 716.67	 49.00	 2	 0.68	 
BFE_203	 1	 2	 1111.jpg	 1.311551e+02	 11	 9.752423e+02	 110	 7.167112e+02	 98	 1.321729e+02	 733.33	 716.67	 18.00	 11	 0.57	 
BFE_203	 1	 2	 1108.jpg	 1.341584e+02	 12	 999000	 120	 999000	 999	 1.351762e+02	 733.33	 716.67	 37.00	 8	 0.21	 
BFE_203	 1	 2	 1104.jpg	 1.361607e+02	 12	 999000	 120	 999000	 999	 1.371785e+02	 733.33	 716.67	 11.00	 4	 0.69	 
BFE_203	 1	 2	 2113.jpg	 1.391641e+02	 22	 9.902961e+02	 220	 7.167142e+02	 98	 1.401819e+02	 733.33	 733.33	 50.00	 13	 0.67	 
BFE_203	 1	 2	 2211.jpg	 1.431519e+02	 24	 999000	 240	 999000	 999	 1.441697e+02	 733.33	 733.33	 62.00	 32	 0.47	 
BFE_203	 1	 2	 2103.jpg	 1.471564e+02	 24	 999000	 240	 999000	 999	 1.481742e+02	 733.33	 733.33	 54.00	 3	 0.59	 
BFE_203	 1	 2	 2203.jpg	 1.491587e+02	 24	 999000	 240	 999000	 999	 1.501764e+02	 733.33	 733.33	 78.00	 24	 0.13	 
BFE_203	 1	 2	 2107.jpg	 1.541642e+02	 22	 9.181428e+02	 220	 7.333698e+02	 98	 1.551820e+02	 733.33	 750.00	 55.00	 7	 0.57	 
BFE_203	 1	 2	 2202.jpg	 1.561495e+02	 24	 999000	 240	 999000	 999	 1.571677e+02	 733.33	 750.00	 61.00	 23	 0.49	 
BFE_203	 1	 2	 1206.jpg	 1.581520e+02	 11	 9.223385e+02	 110	 7.333594e+02	 98	 1.591697e+02	 750.00	 750.00	 7.00	 27	 0.74	 
BFE_203	 1	 2	 1204.jpg	 1.641587e+02	 12	 999000	 120	 999000	 999	 1.651765e+02	 750.00	 750.00	 9.00	 25	 0.72	 
BFE_203	 1	 2	 2216.jpg	 1.661610e+02	 24	 999000	 240	 999000	 999	 1.671788e+02	 750.00	 750.00	 51.00	 37	 0.67	 
BFE_203	 1	 2	 1115.jpg	 1.681633e+02	 11	 9.430822e+02	 110	 7.500346e+02	 98	 1.691810e+02	 766.67	 750.00	 10.00	 15	 0.71	 
BFE_203	 1	 2	 2109.jpg	 1.701654e+02	 22	 1.140959e+03	 2200	 7.500311e+02	 98	 1.711832e+02	 766.67	 700.00	 47.00	 9	 0.74	 
BFE_203	 1	 2	 1217.jpg	 1.741533e+02	 12	 999000	 120	 999000	 999	 1.751710e+02	 766.67	 700.00	 20.00	 38	 0.53	 
BFE_203	 1	 2	 2116.jpg	 1.781578e+02	 22	 9.246213e+02	 220	 7.000391e+02	 98	 1.791755e+02	 766.67	 716.67	 52.00	 16	 0.67	 
BFE_203	 1	 2	 2204.jpg	 1.811612e+02	 24	 999000	 240	 999000	 999	 1.821789e+02	 766.67	 716.67	 60.00	 25	 0.50	 
BFE_203	 1	 2	 2108.jpg	 1.851656e+02	 24	 999000	 240	 999000	 999	 1.861834e+02	 766.67	 716.67	 77.00	 8	 0.21	 
BFE_203	 1	 2	 1117.jpg	 1.881523e+02	 12	 7.540610e+02	 12	 999000	 98	 1.891700e+02	 766.67	 716.67	 14.00	 17	 0.64	 
BFE_203	 1	 2	 2115.jpg	 1.901545e+02	 22	 1.071907e+03	 2200	 7.167030e+02	 98	 1.911723e+02	 766.67	 666.67	 53.00	 15	 0.62	 
BFE_203	 1	 2	 1113.jpg	 1.941591e+02	 11	 1.099301e+03	 1100	 7.667098e+02	 98	 1.951768e+02	 716.67	 666.67	 13.00	 13	 0.66	 
BFE_203	 1	 2	 1110.jpg	 1.961613e+02	 12	 999000	 120	 999000	 999	 1.971790e+02	 716.67	 666.67	 19.00	 10	 0.54	 
BFE_203	 1	 2	 1209.jpg	 1.981635e+02	 12	 999000	 120	 999000	 999	 1.991813e+02	 716.67	 666.67	 16.00	 30	 0.58	 
BFE_203	 1	 2	 2217.jpg	 2.021513e+02	 24	 999000	 240	 999000	 999	 2.031691e+02	 716.67	 666.67	 59.00	 38	 0.51	 
BFE_203	 1	 2	 1205.jpg	 2.041537e+02	 12	 999000	 120	 999000	 999	 2.051714e+02	 716.67	 666.67	 3.00	 26	 0.80	 
BFE_203	 1	 2	 1109.jpg	 2.081581e+02	 11	 9.722935e+02	 110	 7.167127e+02	 98	 2.091759e+02	 733.33	 666.67	 12.00	 9	 0.67	 
BFE_203	 1	 2	 2104.jpg	 2.121625e+02	 22	 9.998616e+02	 220	 6.666952e+02	 98	 2.131803e+02	 733.33	 683.33	 58.00	 4	 0.54	 
BFE_203	 1	 2	 1201.jpg	 2.151659e+02	 11	 1.012523e+03	 1100	 7.333850e+02	 98	 2.161855e+02	 683.33	 683.33	 15.00	 22	 0.60	 
BFE_203	 1	 2	 1105.jpg	 2.211559e+02	 12	 999000	 120	 999000	 999	 2.221737e+02	 683.33	 683.33	 17.00	 5	 0.57	 
BFE_203	 1	 2	 2121.jpg	 2.231582e+02	 24	 999000	 240	 999000	 999	 2.241760e+02	 683.33	 683.33	 44.00	 21	 0.85	 
BFE_203	 1	 2	 1114.jpg	 2.271627e+02	 12	 999000	 120	 999000	 999	 2.281804e+02	 683.33	 683.33	 8.00	 14	 0.73	 
BFE_203	 1	 2	 1107.jpg	 2.291650e+02	 12	 999000	 120	 999000	 999	 2.301827e+02	 683.33	 683.33	 4.00	 7	 0.80	 
BFE_203	 1	 2	 2219.jpg	 2.311505e+02	 24	 999000	 240	 999000	 999	 2.321682e+02	 683.33	 683.33	 56.00	 40	 0.56	 
BFE_203	 1	 2	 1214.jpg	 2.331527e+02	 12	 999000	 120	 999000	 999	 2.341705e+02	 683.33	 683.33	 22.00	 35	 0.49	 
BFE_203	 1	 2	 2201.jpg	 2.381584e+02	 24	 999000	 240	 999000	 999	 2.391761e+02	 683.33	 683.33	 57.00	 22	 0.54	 
BFE_203	 1	 2	 2205.jpg	 2.401605e+02	 24	 999000	 240	 999000	 999	 2.411783e+02	 683.33	 683.33	 48.00	 26	 0.70	 
BFE_203	 1	 2	 2106.jpg	 2.421628e+02	 24	 999000	 240	 999000	 999	 2.431806e+02	 683.33	 683.33	 43.00	 6	 0.88	 
BFE_203	 1	 2	 1202.jpg	 2.451493e+02	 12	 999000	 120	 999000	 999	 2.461673e+02	 683.33	 683.33	 38.00	 23	 0.20	 
