subjectID	 order	 runNum	 itemName	 onsetTime	 shuff_trialType	 RT	 respInTime	 AudioTime	 response	 fixationTime	 ladder1	 ladder2	 bidIndex	 itemNameIndex	 bidValue	 
BFE_103	 1	 17	 2116.jpg	 2.203616e+03	 24	 999000	 240	 999000	 999	 2.204634e+03	 816.67	 816.67	 61.00	 16	 0.49	 
BFE_103	 1	 17	 2203.jpg	 2.208605e+03	 24	 999000	 240	 999000	 999	 2.209622e+03	 816.67	 816.67	 49.00	 24	 0.70	 
BFE_103	 1	 17	 2113.jpg	 2.210607e+03	 24	 999000	 240	 999000	 999	 2.211625e+03	 816.67	 816.67	 44.00	 13	 0.76	 
BFE_103	 1	 17	 1213.jpg	 2.212609e+03	 11	 7.773225e+02	 11	 8.167132e+02	 98	 2.213627e+03	 833.33	 816.67	 12.00	 34	 0.67	 
BFE_103	 1	 17	 2121.jpg	 2.218599e+03	 22	 1.019272e+03	 2200	 8.167074e+02	 98	 2.219617e+03	 833.33	 766.67	 53.00	 21	 0.67	 
BFE_103	 1	 17	 2120.jpg	 2.220601e+03	 24	 999000	 240	 999000	 999	 2.221619e+03	 833.33	 766.67	 78.00	 20	 0.16	 
BFE_103	 1	 17	 1211.jpg	 2.223605e+03	 12	 999000	 120	 999000	 999	 2.224623e+03	 833.33	 766.67	 20.00	 32	 0.47	 
BFE_103	 1	 17	 1218.jpg	 2.225607e+03	 12	 999000	 120	 999000	 999	 2.226625e+03	 833.33	 766.67	 16.00	 39	 0.53	 
BFE_103	 1	 17	 1110.jpg	 2.229612e+03	 11	 8.148643e+02	 11	 8.333702e+02	 98	 2.230629e+03	 850.00	 766.67	 13.00	 10	 0.61	 
BFE_103	 1	 17	 1115.jpg	 2.231597e+03	 11	 1.061327e+03	 1100	 8.500421e+02	 98	 2.232615e+03	 800.00	 766.67	 10.00	 15	 0.72	 
BFE_103	 1	 17	 2217.jpg	 2.236603e+03	 24	 999000	 240	 999000	 999	 2.237621e+03	 800.00	 766.67	 54.00	 38	 0.65	 
BFE_103	 1	 17	 2219.jpg	 2.243611e+03	 24	 999000	 240	 999000	 999	 2.244628e+03	 800.00	 766.67	 48.00	 40	 0.73	 
BFE_103	 1	 17	 1214.jpg	 2.245596e+03	 11	 9.826241e+02	 110	 8.000296e+02	 98	 2.246614e+03	 816.67	 766.67	 18.00	 35	 0.49	 
BFE_103	 1	 17	 2209.jpg	 2.248600e+03	 24	 999000	 240	 999000	 999	 2.249617e+03	 816.67	 766.67	 43.00	 30	 0.78	 
BFE_103	 1	 17	 2206.jpg	 2.251603e+03	 24	 999000	 240	 999000	 999	 2.252621e+03	 816.67	 766.67	 60.00	 27	 0.51	 
BFE_103	 1	 17	 2218.jpg	 2.255607e+03	 22	 9.950490e+02	 220	 7.667033e+02	 98	 2.256625e+03	 816.67	 783.33	 55.00	 39	 0.65	 
BFE_103	 1	 17	 1117.jpg	 2.259612e+03	 12	 999000	 120	 999000	 999	 2.260630e+03	 816.67	 783.33	 22.00	 17	 0.46	 
BFE_103	 1	 17	 2211.jpg	 2.263600e+03	 24	 999000	 240	 999000	 999	 2.264617e+03	 816.67	 783.33	 51.00	 32	 0.68	 
BFE_103	 1	 17	 2106.jpg	 2.266603e+03	 24	 999000	 240	 999000	 999	 2.267621e+03	 816.67	 783.33	 62.00	 6	 0.49	 
BFE_103	 1	 17	 1209.jpg	 2.272610e+03	 12	 999000	 120	 999000	 999	 2.273628e+03	 816.67	 783.33	 8.00	 30	 0.74	 
BFE_103	 1	 17	 1105.jpg	 2.274612e+03	 11	 9.904253e+02	 110	 8.167032e+02	 98	 2.275630e+03	 833.33	 783.33	 15.00	 5	 0.55	 
BFE_103	 1	 17	 2115.jpg	 2.277599e+03	 24	 8.757651e+02	 24	 999000	 98	 2.278617e+03	 833.33	 783.33	 57.00	 15	 0.58	 
BFE_103	 1	 17	 1112.jpg	 2.279601e+03	 12	 999000	 120	 999000	 999	 2.280619e+03	 833.33	 783.33	 37.00	 12	 0.18	 
BFE_103	 1	 17	 1111.jpg	 2.281603e+03	 12	 999000	 120	 999000	 999	 2.282621e+03	 833.33	 783.33	 38.00	 11	 0.16	 
BFE_103	 1	 17	 1109.jpg	 2.283606e+03	 12	 999000	 120	 999000	 999	 2.284623e+03	 833.33	 783.33	 11.00	 9	 0.71	 
BFE_103	 1	 17	 2213.jpg	 2.286609e+03	 22	 7.615391e+02	 22	 7.833629e+02	 98	 2.287627e+03	 833.33	 800.00	 50.00	 34	 0.70	 
BFE_103	 1	 17	 1121.jpg	 2.290597e+03	 12	 999000	 120	 999000	 999	 2.291615e+03	 833.33	 800.00	 21.00	 21	 0.46	 
BFE_103	 1	 17	 2207.jpg	 2.292599e+03	 22	 8.115457e+02	 220	 8.000340e+02	 98	 2.293617e+03	 833.33	 816.67	 52.00	 28	 0.67	 
BFE_103	 1	 17	 1102.jpg	 2.294601e+03	 12	 999000	 120	 999000	 999	 2.295619e+03	 833.33	 816.67	 17.00	 2	 0.50	 
BFE_103	 1	 17	 2104.jpg	 2.296604e+03	 24	 999000	 240	 999000	 999	 2.297621e+03	 833.33	 816.67	 59.00	 4	 0.53	 
BFE_103	 1	 17	 1104.jpg	 2.298606e+03	 12	 999000	 120	 999000	 999	 2.299624e+03	 833.33	 816.67	 9.00	 4	 0.73	 
BFE_103	 1	 17	 1113.jpg	 2.300608e+03	 12	 999000	 120	 999000	 999	 2.301626e+03	 833.33	 816.67	 4.00	 13	 0.81	 
BFE_103	 1	 17	 2119.jpg	 2.304596e+03	 24	 999000	 240	 999000	 999	 2.305614e+03	 833.33	 816.67	 77.00	 19	 0.19	 
BFE_103	 1	 17	 1204.jpg	 2.308600e+03	 11	 1.122188e+03	 1100	 8.333805e+02	 98	 2.309618e+03	 783.33	 816.67	 7.00	 25	 0.78	 
BFE_103	 1	 17	 2105.jpg	 2.310603e+03	 22	 9.758651e+02	 220	 8.167024e+02	 98	 2.311620e+03	 783.33	 833.33	 47.00	 5	 0.73	 
BFE_103	 1	 17	 1203.jpg	 2.312605e+03	 12	 999000	 120	 999000	 999	 2.313623e+03	 783.33	 833.33	 19.00	 24	 0.48	 
BFE_103	 1	 17	 1114.jpg	 2.314607e+03	 12	 999000	 120	 999000	 999	 2.315625e+03	 783.33	 833.33	 14.00	 14	 0.57	 
BFE_103	 1	 17	 2109.jpg	 2.316609e+03	 22	 8.652837e+02	 220	 8.333733e+02	 98	 2.317627e+03	 783.33	 850.00	 58.00	 9	 0.58	 
BFE_103	 1	 17	 2205.jpg	 2.322599e+03	 24	 999000	 240	 999000	 999	 2.323617e+03	 783.33	 850.00	 56.00	 26	 0.64	 
BFE_103	 1	 17	 1217.jpg	 2.324602e+03	 12	 999000	 120	 999000	 999	 2.325619e+03	 783.33	 850.00	 3.00	 38	 0.84	 
