subjectID	 order	 runNum	 itemName	 onsetTime	 shuff_trialType	 RT	 respInTime	 AudioTime	 response	 fixationTime	 ladder1	 ladder2	 bidIndex	 itemNameIndex	 bidValue	 
BFE_103	 1	 18	 2104.jpg	 2.328439e+03	 24	 999000	 240	 999000	 999	 2.329457e+03	 783.33	 850.00	 59.00	 4	 0.53	 
BFE_103	 1	 18	 2105.jpg	 2.330425e+03	 22	 1.009545e+03	 2200	 8.500767e+02	 98	 2.331444e+03	 783.33	 800.00	 47.00	 5	 0.73	 
BFE_103	 1	 18	 2115.jpg	 2.334429e+03	 24	 8.132280e+02	 24	 999000	 98	 2.335447e+03	 783.33	 800.00	 57.00	 15	 0.58	 
BFE_103	 1	 18	 2213.jpg	 2.337433e+03	 22	 8.418205e+02	 220	 8.000376e+02	 98	 2.338450e+03	 783.33	 816.67	 50.00	 34	 0.70	 
BFE_103	 1	 18	 2207.jpg	 2.339435e+03	 22	 7.675632e+02	 22	 8.166979e+02	 98	 2.340453e+03	 783.33	 833.33	 52.00	 28	 0.67	 
BFE_103	 1	 18	 2211.jpg	 2.342421e+03	 24	 999000	 240	 999000	 999	 2.343439e+03	 783.33	 833.33	 51.00	 32	 0.68	 
BFE_103	 1	 18	 2217.jpg	 2.346426e+03	 24	 999000	 240	 999000	 999	 2.347444e+03	 783.33	 833.33	 54.00	 38	 0.65	 
BFE_103	 1	 18	 1115.jpg	 2.350431e+03	 11	 1.019905e+03	 1100	 7.833732e+02	 98	 2.351448e+03	 733.33	 833.33	 10.00	 15	 0.72	 
BFE_103	 1	 18	 2120.jpg	 2.352433e+03	 24	 999000	 240	 999000	 999	 2.353451e+03	 733.33	 833.33	 78.00	 20	 0.16	 
BFE_103	 1	 18	 1203.jpg	 2.357422e+03	 12	 999000	 120	 999000	 999	 2.358440e+03	 733.33	 833.33	 19.00	 24	 0.48	 
BFE_103	 1	 18	 1112.jpg	 2.359424e+03	 12	 999000	 120	 999000	 999	 2.360442e+03	 733.33	 833.33	 37.00	 12	 0.18	 
BFE_103	 1	 18	 1209.jpg	 2.361426e+03	 12	 999000	 120	 999000	 999	 2.362444e+03	 733.33	 833.33	 8.00	 30	 0.74	 
BFE_103	 1	 18	 1111.jpg	 2.367433e+03	 12	 999000	 120	 999000	 999	 2.368451e+03	 733.33	 833.33	 38.00	 11	 0.16	 
BFE_103	 1	 18	 2203.jpg	 2.369435e+03	 24	 999000	 240	 999000	 999	 2.370453e+03	 733.33	 833.33	 49.00	 24	 0.70	 
BFE_103	 1	 18	 1117.jpg	 2.371421e+03	 12	 999000	 120	 999000	 999	 2.372439e+03	 733.33	 833.33	 22.00	 17	 0.46	 
BFE_103	 1	 18	 1213.jpg	 2.373423e+03	 11	 5.474622e+02	 11	 7.333829e+02	 98	 2.374441e+03	 750.00	 833.33	 12.00	 34	 0.67	 
BFE_103	 1	 18	 1214.jpg	 2.377428e+03	 11	 7.828568e+02	 110	 7.500335e+02	 98	 2.378445e+03	 766.67	 833.33	 18.00	 35	 0.49	 
BFE_103	 1	 18	 2109.jpg	 2.381432e+03	 22	 1.042435e+03	 2200	 8.333662e+02	 98	 2.382450e+03	 766.67	 783.33	 58.00	 9	 0.58	 
BFE_103	 1	 18	 1211.jpg	 2.384436e+03	 12	 999000	 120	 999000	 999	 2.385453e+03	 766.67	 783.33	 20.00	 32	 0.47	 
BFE_103	 1	 18	 2206.jpg	 2.388423e+03	 24	 999000	 240	 999000	 999	 2.389441e+03	 766.67	 783.33	 60.00	 27	 0.51	 
BFE_103	 1	 18	 2121.jpg	 2.391427e+03	 22	 8.798661e+02	 220	 7.833637e+02	 98	 2.392444e+03	 766.67	 800.00	 53.00	 21	 0.67	 
BFE_103	 1	 18	 1105.jpg	 2.393429e+03	 11	 9.176396e+02	 110	 7.666975e+02	 98	 2.394447e+03	 783.33	 800.00	 15.00	 5	 0.55	 
BFE_103	 1	 18	 2119.jpg	 2.397433e+03	 24	 999000	 240	 999000	 999	 2.398451e+03	 783.33	 800.00	 77.00	 19	 0.19	 
BFE_103	 1	 18	 2113.jpg	 2.399436e+03	 24	 999000	 240	 999000	 999	 2.400454e+03	 783.33	 800.00	 44.00	 13	 0.76	 
BFE_103	 1	 18	 1102.jpg	 2.401421e+03	 12	 999000	 120	 999000	 999	 2.402439e+03	 783.33	 800.00	 17.00	 2	 0.50	 
BFE_103	 1	 18	 1217.jpg	 2.405426e+03	 12	 999000	 120	 999000	 999	 2.406443e+03	 783.33	 800.00	 3.00	 38	 0.84	 
BFE_103	 1	 18	 1121.jpg	 2.407428e+03	 12	 999000	 120	 999000	 999	 2.408446e+03	 783.33	 800.00	 21.00	 21	 0.46	 
BFE_103	 1	 18	 2116.jpg	 2.411433e+03	 24	 999000	 240	 999000	 999	 2.412450e+03	 783.33	 800.00	 61.00	 16	 0.49	 
BFE_103	 1	 18	 1218.jpg	 2.415437e+03	 12	 999000	 120	 999000	 999	 2.416455e+03	 783.33	 800.00	 16.00	 39	 0.53	 
BFE_103	 1	 18	 2205.jpg	 2.418424e+03	 24	 999000	 240	 999000	 999	 2.419441e+03	 783.33	 800.00	 56.00	 26	 0.64	 
BFE_103	 1	 18	 1104.jpg	 2.424430e+03	 12	 999000	 120	 999000	 999	 2.425448e+03	 783.33	 800.00	 9.00	 4	 0.73	 
BFE_103	 1	 18	 1109.jpg	 2.426433e+03	 12	 999000	 120	 999000	 999	 2.427451e+03	 783.33	 800.00	 11.00	 9	 0.71	 
BFE_103	 1	 18	 1110.jpg	 2.430437e+03	 11	 9.734343e+02	 110	 7.833703e+02	 98	 2.431455e+03	 800.00	 800.00	 13.00	 10	 0.61	 
BFE_103	 1	 18	 1204.jpg	 2.432423e+03	 11	 8.837487e+02	 110	 8.000302e+02	 98	 2.433440e+03	 816.67	 800.00	 7.00	 25	 0.78	 
BFE_103	 1	 18	 2209.jpg	 2.434425e+03	 24	 999000	 240	 999000	 999	 2.435443e+03	 816.67	 800.00	 43.00	 30	 0.78	 
BFE_103	 1	 18	 1114.jpg	 2.436427e+03	 12	 999000	 120	 999000	 999	 2.437445e+03	 816.67	 800.00	 14.00	 14	 0.57	 
BFE_103	 1	 18	 2219.jpg	 2.441433e+03	 24	 999000	 240	 999000	 999	 2.442451e+03	 816.67	 800.00	 48.00	 40	 0.73	 
BFE_103	 1	 18	 1113.jpg	 2.443435e+03	 12	 999000	 120	 999000	 999	 2.444453e+03	 816.67	 800.00	 4.00	 13	 0.81	 
BFE_103	 1	 18	 2106.jpg	 2.445437e+03	 24	 999000	 240	 999000	 999	 2.446455e+03	 816.67	 800.00	 62.00	 6	 0.49	 
BFE_103	 1	 18	 2218.jpg	 2.448424e+03	 22	 1.042474e+03	 2200	 8.000355e+02	 98	 2.449442e+03	 816.67	 750.00	 55.00	 39	 0.65	 
