subjectID	 order	 runNum	 itemName	 onsetTime	 shuff_trialType	 RT	 respInTime	 AudioTime	 response	 fixationTime	 ladder1	 ladder2	 bidIndex	 itemNameIndex	 bidValue	 
BFE_201	 1	 8	 2204.jpg	 8.823261e+02	 22	 9.958420e+02	 220	 5.833838e+02	 98	 8.833439e+02	 583.33	 600.00	 55.00	 25	 0.59	 
BFE_201	 1	 8	 2209.jpg	 8.843117e+02	 22	 9.462420e+02	 220	 6.000385e+02	 98	 8.853294e+02	 583.33	 616.67	 50.00	 30	 0.68	 
BFE_201	 1	 8	 1219.jpg	 8.883161e+02	 12	 999000	 120	 999000	 999	 8.893339e+02	 583.33	 616.67	 21.00	 40	 0.52	 
BFE_201	 1	 8	 1208.jpg	 8.913195e+02	 12	 999000	 120	 999000	 999	 8.923373e+02	 583.33	 616.67	 17.00	 29	 0.58	 
BFE_201	 1	 8	 2120.jpg	 8.933218e+02	 24	 999000	 240	 999000	 999	 8.943396e+02	 583.33	 616.67	 51.00	 20	 0.67	 
BFE_201	 1	 8	 2218.jpg	 8.963085e+02	 24	 999000	 240	 999000	 999	 8.973262e+02	 583.33	 616.67	 48.00	 39	 0.71	 
BFE_201	 1	 8	 2205.jpg	 9.003130e+02	 24	 999000	 240	 999000	 999	 9.013307e+02	 583.33	 616.67	 59.00	 26	 0.55	 
BFE_201	 1	 8	 1116.jpg	 9.043175e+02	 12	 999000	 120	 999000	 999	 9.053353e+02	 583.33	 616.67	 20.00	 16	 0.53	 
BFE_201	 1	 8	 1209.jpg	 9.063196e+02	 11	 1.026284e+03	 1100	 5.833788e+02	 98	 9.073374e+02	 533.33	 616.67	 15.00	 30	 0.59	 
BFE_201	 1	 8	 2208.jpg	 9.113086e+02	 24	 999000	 240	 999000	 999	 9.123264e+02	 533.33	 616.67	 60.00	 29	 0.52	 
BFE_201	 1	 8	 1206.jpg	 9.133108e+02	 12	 999000	 120	 999000	 999	 9.143286e+02	 533.33	 616.67	 11.00	 27	 0.64	 
BFE_201	 1	 8	 2211.jpg	 9.153131e+02	 24	 999000	 240	 999000	 999	 9.163309e+02	 533.33	 616.67	 62.00	 32	 0.49	 
BFE_201	 1	 8	 1121.jpg	 9.213198e+02	 12	 999000	 120	 999000	 999	 9.223376e+02	 533.33	 616.67	 4.00	 21	 0.83	 
BFE_201	 1	 8	 2215.jpg	 9.233221e+02	 24	 999000	 240	 999000	 999	 9.243399e+02	 533.33	 616.67	 43.00	 36	 0.82	 
BFE_201	 1	 8	 1114.jpg	 9.253076e+02	 11	 1.030329e+03	 1100	 5.333648e+02	 98	 9.263254e+02	 483.33	 616.67	 13.00	 14	 0.62	 
BFE_201	 1	 8	 1214.jpg	 9.273099e+02	 12	 999000	 120	 999000	 999	 9.283276e+02	 483.33	 616.67	 14.00	 35	 0.62	 
BFE_201	 1	 8	 1218.jpg	 9.313144e+02	 11	 9.275272e+02	 110	 4.833702e+02	 98	 9.323322e+02	 500.00	 616.67	 7.00	 39	 0.76	 
BFE_201	 1	 8	 1211.jpg	 9.353188e+02	 11	 8.431454e+02	 110	 5.000275e+02	 98	 9.363366e+02	 516.67	 616.67	 12.00	 32	 0.63	 
BFE_201	 1	 8	 1108.jpg	 9.383222e+02	 12	 999000	 120	 999000	 999	 9.393399e+02	 516.67	 616.67	 38.00	 8	 0.17	 
BFE_201	 1	 8	 2206.jpg	 9.423101e+02	 24	 999000	 240	 999000	 999	 9.433278e+02	 516.67	 616.67	 49.00	 27	 0.69	 
BFE_201	 1	 8	 1103.jpg	 9.453133e+02	 12	 999000	 120	 999000	 999	 9.463312e+02	 516.67	 616.67	 9.00	 3	 0.70	 
BFE_201	 1	 8	 1109.jpg	 9.473156e+02	 11	 9.023486e+02	 110	 5.167032e+02	 98	 9.483334e+02	 533.33	 616.67	 10.00	 9	 0.67	 
BFE_201	 1	 8	 2217.jpg	 9.513201e+02	 22	 1.065822e+03	 2200	 6.167307e+02	 98	 9.523379e+02	 533.33	 566.67	 47.00	 38	 0.72	 
BFE_201	 1	 8	 2118.jpg	 9.533225e+02	 24	 999000	 240	 999000	 999	 9.543401e+02	 533.33	 566.67	 78.00	 18	 0.18	 
BFE_201	 1	 8	 1207.jpg	 9.553080e+02	 12	 999000	 120	 999000	 999	 9.563257e+02	 533.33	 566.67	 16.00	 28	 0.59	 
BFE_201	 1	 8	 2214.jpg	 9.593123e+02	 22	 9.375866e+02	 220	 5.667063e+02	 98	 9.603302e+02	 533.33	 583.33	 58.00	 35	 0.56	 
BFE_201	 1	 8	 2117.jpg	 9.613147e+02	 24	 999000	 240	 999000	 999	 9.623324e+02	 533.33	 583.33	 77.00	 17	 0.19	 
BFE_201	 1	 8	 2116.jpg	 9.653191e+02	 24	 999000	 240	 999000	 999	 9.663369e+02	 533.33	 583.33	 56.00	 16	 0.59	 
BFE_201	 1	 8	 1205.jpg	 9.693066e+02	 12	 999000	 120	 999000	 999	 9.703246e+02	 533.33	 583.33	 3.00	 26	 0.83	 
BFE_201	 1	 8	 1203.jpg	 9.723103e+02	 11	 9.316126e+02	 110	 5.333668e+02	 98	 9.733280e+02	 550.00	 583.33	 18.00	 24	 0.54	 
BFE_201	 1	 8	 2213.jpg	 9.783170e+02	 24	 999000	 240	 999000	 999	 9.793348e+02	 550.00	 583.33	 44.00	 34	 0.78	 
BFE_201	 1	 8	 2103.jpg	 9.803192e+02	 24	 999000	 240	 999000	 999	 9.813370e+02	 550.00	 583.33	 57.00	 3	 0.58	 
BFE_201	 1	 8	 1102.jpg	 9.843068e+02	 12	 999000	 120	 999000	 999	 9.853248e+02	 550.00	 583.33	 22.00	 2	 0.48	 
BFE_201	 1	 8	 2212.jpg	 9.863093e+02	 24	 999000	 240	 999000	 999	 9.873271e+02	 550.00	 583.33	 61.00	 33	 0.52	 
BFE_201	 1	 8	 2114.jpg	 9.883116e+02	 24	 999000	 240	 999000	 999	 9.893293e+02	 550.00	 583.33	 54.00	 14	 0.60	 
BFE_201	 1	 8	 2110.jpg	 9.903137e+02	 22	 9.922031e+02	 220	 5.833622e+02	 98	 9.913315e+02	 550.00	 600.00	 52.00	 10	 0.67	 
BFE_201	 1	 8	 1217.jpg	 9.953193e+02	 12	 999000	 120	 999000	 999	 9.963372e+02	 550.00	 600.00	 19.00	 38	 0.53	 
BFE_201	 1	 8	 1105.jpg	 9.973216e+02	 12	 999000	 120	 999000	 999	 9.983394e+02	 550.00	 600.00	 37.00	 5	 0.18	 
BFE_201	 1	 8	 1216.jpg	 9.993072e+02	 12	 999000	 120	 999000	 999	 1.000325e+03	 550.00	 600.00	 8.00	 37	 0.72	 
BFE_201	 1	 8	 2109.jpg	 1.002311e+03	 22	 1.051328e+03	 2200	 6.000387e+02	 98	 1.003328e+03	 550.00	 550.00	 53.00	 9	 0.64	 
