subjectID	 order	 runNum	 itemName	 onsetTime	 shuff_trialType	 RT	 respInTime	 AudioTime	 response	 fixationTime	 ladder1	 ladder2	 bidIndex	 itemNameIndex	 bidValue	 
BFE_105	 1	 20	 2211.jpg	 2.643383e+03	 24	 999000	 240	 999000	 999	 2.644401e+03	 650.00	 650.00	 48.00	 32	 0.73	 
BFE_105	 1	 20	 1121.jpg	 2.645368e+03	 12	 999000	 120	 999000	 999	 2.646386e+03	 650.00	 650.00	 17.00	 21	 0.52	 
BFE_105	 1	 20	 2204.jpg	 2.649373e+03	 24	 999000	 240	 999000	 999	 2.650391e+03	 650.00	 650.00	 57.00	 25	 0.58	 
BFE_105	 1	 20	 1215.jpg	 2.652376e+03	 12	 999000	 120	 999000	 999	 2.653394e+03	 650.00	 650.00	 19.00	 36	 0.51	 
BFE_105	 1	 20	 2213.jpg	 2.654379e+03	 22	 1.055464e+03	 2200	 6.500866e+02	 98	 2.655396e+03	 650.00	 600.00	 52.00	 34	 0.65	 
BFE_105	 1	 20	 1106.jpg	 2.657365e+03	 12	 999000	 120	 999000	 999	 2.658383e+03	 650.00	 600.00	 3.00	 6	 0.80	 
BFE_105	 1	 20	 2106.jpg	 2.661370e+03	 22	 9.363315e+02	 220	 6.000337e+02	 98	 2.662388e+03	 650.00	 616.67	 47.00	 6	 0.74	 
BFE_105	 1	 20	 2114.jpg	 2.665374e+03	 24	 999000	 240	 999000	 999	 2.666392e+03	 650.00	 616.67	 44.00	 14	 0.80	 
BFE_105	 1	 20	 1209.jpg	 2.667376e+03	 11	 9.055729e+02	 110	 6.500600e+02	 98	 2.668394e+03	 666.67	 616.67	 10.00	 30	 0.69	 
BFE_105	 1	 20	 1103.jpg	 2.672365e+03	 11	 9.245417e+02	 110	 6.667027e+02	 98	 2.673383e+03	 683.33	 616.67	 15.00	 3	 0.60	 
BFE_105	 1	 20	 1201.jpg	 2.674368e+03	 12	 999000	 120	 999000	 999	 2.675386e+03	 683.33	 616.67	 4.00	 22	 0.78	 
BFE_105	 1	 20	 2208.jpg	 2.676370e+03	 24	 999000	 240	 999000	 999	 2.677388e+03	 683.33	 616.67	 60.00	 29	 0.53	 
BFE_105	 1	 20	 1119.jpg	 2.682377e+03	 12	 999000	 120	 999000	 999	 2.683394e+03	 683.33	 616.67	 21.00	 19	 0.49	 
BFE_105	 1	 20	 1216.jpg	 2.684379e+03	 11	 8.711384e+02	 110	 6.833729e+02	 98	 2.685397e+03	 700.00	 616.67	 12.00	 37	 0.64	 
BFE_105	 1	 20	 1102.jpg	 2.686365e+03	 11	 9.495372e+02	 110	 7.000385e+02	 98	 2.687382e+03	 716.67	 616.67	 13.00	 2	 0.62	 
BFE_105	 1	 20	 1107.jpg	 2.688367e+03	 12	 999000	 120	 999000	 999	 2.689385e+03	 716.67	 616.67	 22.00	 7	 0.45	 
BFE_105	 1	 20	 1203.jpg	 2.692371e+03	 12	 999000	 120	 999000	 999	 2.693389e+03	 716.67	 616.67	 20.00	 24	 0.51	 
BFE_105	 1	 20	 1112.jpg	 2.696376e+03	 12	 999000	 120	 999000	 999	 2.697393e+03	 716.67	 616.67	 38.00	 12	 0.20	 
BFE_105	 1	 20	 1202.jpg	 2.699379e+03	 12	 999000	 120	 999000	 999	 2.700397e+03	 716.67	 616.67	 8.00	 23	 0.75	 
BFE_105	 1	 20	 1205.jpg	 2.703367e+03	 11	 9.471276e+02	 110	 7.166988e+02	 98	 2.704385e+03	 733.33	 616.67	 7.00	 26	 0.77	 
BFE_105	 1	 20	 2215.jpg	 2.706370e+03	 24	 999000	 240	 999000	 999	 2.707388e+03	 733.33	 616.67	 59.00	 36	 0.54	 
BFE_105	 1	 20	 2219.jpg	 2.708373e+03	 24	 999000	 240	 999000	 999	 2.709390e+03	 733.33	 616.67	 62.00	 40	 0.51	 
BFE_105	 1	 20	 2103.jpg	 2.712377e+03	 24	 999000	 240	 999000	 999	 2.713395e+03	 733.33	 616.67	 43.00	 3	 0.82	 
BFE_105	 1	 20	 1213.jpg	 2.714379e+03	 12	 999000	 120	 999000	 999	 2.715397e+03	 733.33	 616.67	 11.00	 34	 0.68	 
BFE_105	 1	 20	 2218.jpg	 2.716365e+03	 22	 9.652382e+02	 220	 6.166969e+02	 98	 2.717383e+03	 733.33	 633.33	 55.00	 39	 0.62	 
BFE_105	 1	 20	 1110.jpg	 2.720369e+03	 12	 999000	 120	 999000	 999	 2.721387e+03	 733.33	 633.33	 37.00	 10	 0.20	 
BFE_105	 1	 20	 1219.jpg	 2.722372e+03	 12	 999000	 120	 999000	 999	 2.723389e+03	 733.33	 633.33	 14.00	 40	 0.61	 
BFE_105	 1	 20	 2214.jpg	 2.726376e+03	 24	 999000	 240	 999000	 999	 2.727394e+03	 733.33	 633.33	 54.00	 35	 0.62	 
BFE_105	 1	 20	 1218.jpg	 2.730364e+03	 12	 999000	 120	 999000	 999	 2.731382e+03	 733.33	 633.33	 16.00	 39	 0.60	 
BFE_105	 1	 20	 1113.jpg	 2.733367e+03	 12	 999000	 120	 999000	 999	 2.734385e+03	 733.33	 633.33	 9.00	 13	 0.70	 
BFE_105	 1	 20	 2117.jpg	 2.739374e+03	 24	 999000	 240	 999000	 999	 2.740392e+03	 733.33	 633.33	 77.00	 17	 0.20	 
BFE_105	 1	 20	 2121.jpg	 2.741376e+03	 24	 999000	 240	 999000	 999	 2.742394e+03	 733.33	 633.33	 51.00	 21	 0.66	 
BFE_105	 1	 20	 1208.jpg	 2.745364e+03	 11	 1.094249e+03	 1100	 7.333680e+02	 98	 2.746382e+03	 683.33	 633.33	 18.00	 29	 0.52	 
BFE_105	 1	 20	 2217.jpg	 2.747366e+03	 22	 1.019655e+03	 2200	 6.333591e+02	 98	 2.748384e+03	 683.33	 583.33	 53.00	 38	 0.64	 
BFE_105	 1	 20	 2206.jpg	 2.749369e+03	 24	 999000	 240	 999000	 999	 2.750386e+03	 683.33	 583.33	 61.00	 27	 0.52	 
BFE_105	 1	 20	 2216.jpg	 2.751371e+03	 22	 7.672243e+02	 220	 5.833630e+02	 98	 2.752389e+03	 683.33	 600.00	 50.00	 37	 0.68	 
BFE_105	 1	 20	 2209.jpg	 2.756377e+03	 24	 999000	 240	 999000	 999	 2.757394e+03	 683.33	 600.00	 49.00	 30	 0.73	 
BFE_105	 1	 20	 2109.jpg	 2.758379e+03	 22	 8.713466e+02	 220	 6.000318e+02	 98	 2.759397e+03	 683.33	 616.67	 58.00	 9	 0.56	 
BFE_105	 1	 20	 2202.jpg	 2.760364e+03	 24	 999000	 240	 999000	 999	 2.761382e+03	 683.33	 616.67	 56.00	 23	 0.60	 
BFE_105	 1	 20	 2118.jpg	 2.763368e+03	 24	 999000	 240	 999000	 999	 2.764385e+03	 683.33	 616.67	 78.00	 18	 0.18	 
