subjectID	 order	 runNum	 itemName	 onsetTime	 shuff_trialType	 RT	 respInTime	 AudioTime	 response	 fixationTime	 ladder1	 ladder2	 bidIndex	 itemNameIndex	 bidValue	 
BFE_110	 2	 12	 1120.jpg	 1.747019e+03	 12	 999000	 120	 999000	 999	 1.748037e+03	 516.67	 516.67	 13.00	 20	 0.60	 
BFE_110	 2	 12	 2211.jpg	 1.750022e+03	 22	 8.197265e+02	 220	 5.167112e+02	 98	 1.751040e+03	 516.67	 533.33	 49.00	 32	 0.71	 
BFE_110	 2	 12	 1205.jpg	 1.754027e+03	 12	 999000	 120	 999000	 999	 1.755045e+03	 516.67	 533.33	 4.00	 26	 0.78	 
BFE_110	 2	 12	 2120.jpg	 1.756029e+03	 22	 8.610164e+02	 220	 5.333655e+02	 98	 1.757047e+03	 516.67	 550.00	 51.00	 20	 0.69	 
BFE_110	 2	 12	 1119.jpg	 1.758015e+03	 12	 999000	 120	 999000	 999	 1.759033e+03	 516.67	 550.00	 38.00	 19	 0.15	 
BFE_110	 2	 12	 2210.jpg	 1.762019e+03	 24	 999000	 240	 999000	 999	 1.763037e+03	 516.67	 550.00	 77.00	 31	 0.25	 
BFE_110	 2	 12	 1109.jpg	 1.764022e+03	 12	 999000	 120	 999000	 999	 1.765039e+03	 516.67	 550.00	 19.00	 9	 0.51	 
BFE_110	 2	 12	 2214.jpg	 1.769027e+03	 24	 999000	 240	 999000	 999	 1.770045e+03	 516.67	 550.00	 58.00	 35	 0.61	 
BFE_110	 2	 12	 1219.jpg	 1.771029e+03	 12	 999000	 120	 999000	 999	 1.772047e+03	 516.67	 550.00	 15.00	 40	 0.59	 
BFE_110	 2	 12	 2207.jpg	 1.774016e+03	 24	 999000	 240	 999000	 999	 1.775034e+03	 516.67	 550.00	 53.00	 28	 0.64	 
BFE_110	 2	 12	 1102.jpg	 1.777019e+03	 12	 999000	 120	 999000	 999	 1.778037e+03	 516.67	 550.00	 37.00	 2	 0.16	 
BFE_110	 2	 12	 1117.jpg	 1.781024e+03	 11	 1.010382e+03	 1100	 5.167158e+02	 98	 1.782044e+03	 466.67	 550.00	 14.00	 17	 0.59	 
BFE_110	 2	 12	 2202.jpg	 1.784027e+03	 24	 999000	 240	 999000	 999	 1.785045e+03	 466.67	 550.00	 59.00	 23	 0.60	 
BFE_110	 2	 12	 2119.jpg	 1.786030e+03	 24	 999000	 240	 999000	 999	 1.787047e+03	 466.67	 550.00	 78.00	 19	 0.22	 
BFE_110	 2	 12	 2206.jpg	 1.789016e+03	 24	 999000	 240	 999000	 999	 1.790034e+03	 466.67	 550.00	 47.00	 27	 0.78	 
BFE_110	 2	 12	 2218.jpg	 1.793021e+03	 24	 999000	 240	 999000	 999	 1.794038e+03	 466.67	 550.00	 44.00	 39	 0.81	 
BFE_110	 2	 12	 2102.jpg	 1.796024e+03	 24	 999000	 240	 999000	 999	 1.797042e+03	 466.67	 550.00	 62.00	 2	 0.58	 
BFE_110	 2	 12	 1121.jpg	 1.798026e+03	 11	 8.479096e+02	 110	 4.667060e+02	 98	 1.799044e+03	 483.33	 550.00	 16.00	 21	 0.58	 
BFE_110	 2	 12	 2208.jpg	 1.800029e+03	 24	 999000	 240	 999000	 999	 1.801046e+03	 483.33	 550.00	 55.00	 29	 0.63	 
BFE_110	 2	 12	 1115.jpg	 1.805018e+03	 12	 999000	 120	 999000	 999	 1.806035e+03	 483.33	 550.00	 20.00	 15	 0.50	 
BFE_110	 2	 12	 1211.jpg	 1.809022e+03	 12	 999000	 120	 999000	 999	 1.810040e+03	 483.33	 550.00	 10.00	 32	 0.70	 
BFE_110	 2	 12	 2104.jpg	 1.813026e+03	 24	 999000	 240	 999000	 999	 1.814044e+03	 483.33	 550.00	 61.00	 4	 0.59	 
BFE_110	 2	 12	 2213.jpg	 1.819017e+03	 24	 999000	 240	 999000	 999	 1.820034e+03	 483.33	 550.00	 43.00	 34	 0.84	 
BFE_110	 2	 12	 1210.jpg	 1.821019e+03	 12	 999000	 120	 999000	 999	 1.822037e+03	 483.33	 550.00	 22.00	 31	 0.47	 
BFE_110	 2	 12	 1105.jpg	 1.823021e+03	 12	 999000	 120	 999000	 999	 1.824039e+03	 483.33	 550.00	 21.00	 5	 0.48	 
BFE_110	 2	 12	 2109.jpg	 1.825023e+03	 22	 1.178966e+03	 2200	 5.500384e+02	 98	 1.826041e+03	 483.33	 500.00	 54.00	 9	 0.63	 
BFE_110	 2	 12	 1114.jpg	 1.827026e+03	 11	 1.176692e+03	 1100	 4.833678e+02	 98	 1.828043e+03	 433.33	 500.00	 11.00	 14	 0.67	 
BFE_110	 2	 12	 1209.jpg	 1.831013e+03	 12	 999000	 120	 999000	 999	 1.832031e+03	 433.33	 500.00	 7.00	 30	 0.76	 
BFE_110	 2	 12	 1216.jpg	 1.833016e+03	 11	 9.705732e+02	 110	 4.333627e+02	 98	 1.834033e+03	 450.00	 500.00	 8.00	 37	 0.74	 
BFE_110	 2	 12	 1214.jpg	 1.837020e+03	 12	 999000	 120	 999000	 999	 1.838038e+03	 450.00	 500.00	 12.00	 35	 0.61	 
BFE_110	 2	 12	 1106.jpg	 1.839022e+03	 12	 999000	 120	 999000	 999	 1.840040e+03	 450.00	 500.00	 18.00	 6	 0.54	 
BFE_110	 2	 12	 2115.jpg	 1.841024e+03	 22	 8.417162e+02	 220	 5.000684e+02	 98	 1.842042e+03	 450.00	 516.67	 56.00	 15	 0.63	 
BFE_110	 2	 12	 2205.jpg	 1.843027e+03	 22	 8.394642e+02	 220	 5.166951e+02	 98	 1.844045e+03	 450.00	 533.33	 57.00	 26	 0.62	 
BFE_110	 2	 12	 1206.jpg	 1.848016e+03	 12	 999000	 120	 999000	 999	 1.849033e+03	 450.00	 533.33	 3.00	 27	 0.83	 
BFE_110	 2	 12	 1218.jpg	 1.850018e+03	 11	 8.002318e+02	 110	 4.500300e+02	 98	 1.851036e+03	 466.67	 533.33	 9.00	 39	 0.73	 
BFE_110	 2	 12	 1204.jpg	 1.852020e+03	 11	 8.779367e+02	 110	 4.666990e+02	 98	 1.853038e+03	 483.33	 533.33	 17.00	 25	 0.54	 
BFE_110	 2	 12	 2219.jpg	 1.855024e+03	 24	 999000	 240	 999000	 999	 1.856041e+03	 483.33	 533.33	 50.00	 40	 0.70	 
BFE_110	 2	 12	 2204.jpg	 1.862015e+03	 22	 1.003445e+03	 2200	 5.333611e+02	 98	 1.863032e+03	 483.33	 483.33	 48.00	 25	 0.76	 
BFE_110	 2	 12	 2121.jpg	 1.866019e+03	 24	 999000	 240	 999000	 999	 1.867037e+03	 483.33	 483.33	 52.00	 21	 0.65	 
BFE_110	 2	 12	 2217.jpg	 1.873027e+03	 24	 999000	 240	 999000	 999	 1.874045e+03	 483.33	 483.33	 60.00	 38	 0.59	 
