subjectID	 order	 runNum	 itemName	 onsetTime	 shuff_trialType	 RT	 respInTime	 AudioTime	 response	 fixationTime	 ladder1	 ladder2	 bidIndex	 itemNameIndex	 bidValue	 
BFE_109	 1	 15	 2209.jpg	 1.906204e+03	 24	 999000	 240	 999000	 999	 1.907222e+03	 683.33	 683.33	 44.00	 30	 0.80	 
BFE_109	 1	 15	 2215.jpg	 1.909191e+03	 24	 999000	 240	 999000	 999	 1.910209e+03	 683.33	 683.33	 60.00	 36	 0.50	 
BFE_109	 1	 15	 1213.jpg	 1.911193e+03	 12	 999000	 120	 999000	 999	 1.912211e+03	 683.33	 683.33	 14.00	 34	 0.60	 
BFE_109	 1	 15	 2205.jpg	 1.913196e+03	 24	 999000	 240	 999000	 999	 1.914213e+03	 683.33	 683.33	 51.00	 26	 0.63	 
BFE_109	 1	 15	 2207.jpg	 1.915198e+03	 22	 9.323009e+02	 220	 6.833779e+02	 98	 1.916216e+03	 683.33	 700.00	 50.00	 28	 0.68	 
BFE_109	 1	 15	 2105.jpg	 1.918201e+03	 24	 999000	 240	 999000	 999	 1.919219e+03	 683.33	 700.00	 77.00	 5	 0.20	 
BFE_109	 1	 15	 1201.jpg	 1.920187e+03	 12	 999000	 120	 999000	 999	 1.921205e+03	 683.33	 700.00	 8.00	 22	 0.68	 
BFE_109	 1	 15	 2213.jpg	 1.924191e+03	 24	 999000	 240	 999000	 999	 1.925209e+03	 683.33	 700.00	 61.00	 34	 0.48	 
BFE_109	 1	 15	 2107.jpg	 1.926194e+03	 24	 999000	 240	 999000	 999	 1.927211e+03	 683.33	 700.00	 54.00	 7	 0.61	 
BFE_109	 1	 15	 1211.jpg	 1.931199e+03	 12	 999000	 120	 999000	 999	 1.932217e+03	 683.33	 700.00	 19.00	 32	 0.55	 
BFE_109	 1	 15	 1103.jpg	 1.933201e+03	 11	 8.808197e+02	 110	 6.833862e+02	 98	 1.934219e+03	 700.00	 700.00	 15.00	 3	 0.60	 
BFE_109	 1	 15	 1110.jpg	 1.937189e+03	 12	 999000	 120	 999000	 999	 1.938207e+03	 700.00	 700.00	 20.00	 10	 0.54	 
BFE_109	 1	 15	 2204.jpg	 1.939192e+03	 24	 999000	 240	 999000	 999	 1.940209e+03	 700.00	 700.00	 48.00	 25	 0.71	 
BFE_109	 1	 15	 2211.jpg	 1.942195e+03	 24	 999000	 240	 999000	 999	 1.943213e+03	 700.00	 700.00	 49.00	 32	 0.69	 
BFE_109	 1	 15	 2212.jpg	 1.947201e+03	 22	 8.897496e+02	 220	 7.000397e+02	 98	 1.948218e+03	 700.00	 716.67	 53.00	 33	 0.62	 
BFE_109	 1	 15	 2210.jpg	 1.949186e+03	 22	 9.684129e+02	 220	 7.166997e+02	 98	 1.950204e+03	 700.00	 733.33	 47.00	 31	 0.71	 
BFE_109	 1	 15	 1205.jpg	 1.951188e+03	 11	 9.580103e+02	 110	 7.000358e+02	 98	 1.952206e+03	 716.67	 733.33	 13.00	 26	 0.62	 
BFE_109	 1	 15	 2110.jpg	 1.955193e+03	 24	 999000	 240	 999000	 999	 1.956211e+03	 716.67	 733.33	 57.00	 10	 0.58	 
BFE_109	 1	 15	 2202.jpg	 1.959197e+03	 22	 1.029026e+03	 2200	 7.333697e+02	 98	 1.960215e+03	 716.67	 683.33	 55.00	 23	 0.59	 
BFE_109	 1	 15	 2112.jpg	 1.963202e+03	 24	 999000	 240	 999000	 999	 1.964220e+03	 716.67	 683.33	 78.00	 12	 0.20	 
BFE_109	 1	 15	 1203.jpg	 1.965187e+03	 11	 9.109986e+02	 110	 7.166956e+02	 98	 1.966205e+03	 733.33	 683.33	 10.00	 24	 0.68	 
BFE_109	 1	 15	 2201.jpg	 1.967190e+03	 24	 999000	 240	 999000	 999	 1.968207e+03	 733.33	 683.33	 43.00	 22	 0.81	 
BFE_109	 1	 15	 2218.jpg	 1.969192e+03	 24	 999000	 240	 999000	 999	 1.970210e+03	 733.33	 683.33	 59.00	 39	 0.53	 
BFE_109	 1	 15	 1206.jpg	 1.971194e+03	 11	 6.961812e+02	 11	 7.333749e+02	 98	 1.972212e+03	 750.00	 683.33	 7.00	 27	 0.74	 
BFE_109	 1	 15	 1218.jpg	 1.977201e+03	 11	 1.001577e+03	 1100	 7.500346e+02	 98	 1.978219e+03	 700.00	 683.33	 12.00	 39	 0.64	 
BFE_109	 1	 15	 1102.jpg	 1.980187e+03	 12	 999000	 120	 999000	 999	 1.981205e+03	 700.00	 683.33	 16.00	 2	 0.59	 
BFE_109	 1	 15	 1214.jpg	 1.982190e+03	 12	 999000	 120	 999000	 999	 1.983207e+03	 700.00	 683.33	 22.00	 35	 0.51	 
BFE_109	 1	 15	 2203.jpg	 1.984192e+03	 22	 8.983776e+02	 220	 6.833606e+02	 98	 1.985210e+03	 700.00	 700.00	 58.00	 24	 0.58	 
BFE_109	 1	 15	 2111.jpg	 1.987195e+03	 24	 999000	 240	 999000	 999	 1.988213e+03	 700.00	 700.00	 62.00	 11	 0.47	 
BFE_109	 1	 15	 1121.jpg	 1.989198e+03	 12	 999000	 120	 999000	 999	 1.990215e+03	 700.00	 700.00	 21.00	 21	 0.53	 
BFE_109	 1	 15	 2208.jpg	 1.991200e+03	 24	 999000	 240	 999000	 999	 1.992218e+03	 700.00	 700.00	 56.00	 29	 0.59	 
BFE_109	 1	 15	 1219.jpg	 1.993185e+03	 12	 999000	 120	 999000	 999	 1.994203e+03	 700.00	 700.00	 17.00	 40	 0.55	 
BFE_109	 1	 15	 1105.jpg	 1.996189e+03	 12	 999000	 120	 999000	 999	 1.997207e+03	 700.00	 700.00	 37.00	 5	 0.17	 
BFE_109	 1	 15	 1210.jpg	 1.998191e+03	 12	 999000	 120	 999000	 999	 1.999209e+03	 700.00	 700.00	 3.00	 31	 0.81	 
BFE_109	 1	 15	 1119.jpg	 2.000193e+03	 12	 999000	 120	 999000	 999	 2.001211e+03	 700.00	 700.00	 38.00	 19	 0.17	 
BFE_109	 1	 15	 1216.jpg	 2.002195e+03	 12	 999000	 120	 999000	 999	 2.003213e+03	 700.00	 700.00	 4.00	 37	 0.81	 
BFE_109	 1	 15	 2217.jpg	 2.004198e+03	 22	 9.165884e+02	 220	 7.000574e+02	 98	 2.005215e+03	 700.00	 716.67	 52.00	 38	 0.62	 
BFE_109	 1	 15	 1215.jpg	 2.010188e+03	 12	 999000	 120	 999000	 999	 2.011205e+03	 700.00	 716.67	 9.00	 36	 0.68	 
BFE_109	 1	 15	 1106.jpg	 2.013191e+03	 11	 9.231597e+02	 110	 7.000323e+02	 98	 2.014209e+03	 716.67	 716.67	 18.00	 6	 0.55	 
BFE_109	 1	 15	 1208.jpg	 2.017196e+03	 12	 999000	 120	 999000	 999	 2.018213e+03	 716.67	 716.67	 11.00	 29	 0.67	 
