subjectID	 order	 runNum	 itemName	 onsetTime	 shuff_trialType	 RT	 respInTime	 AudioTime	 response	 fixationTime	 ladder1	 ladder2	 bidIndex	 itemNameIndex	 bidValue	 
BFE_110	 2	 13	 1119.jpg	 1.886743e+03	 12	 999000	 120	 999000	 999	 1.887760e+03	 483.33	 483.33	 38.00	 19	 0.15	 
BFE_110	 2	 13	 1216.jpg	 1.889729e+03	 11	 7.931071e+02	 110	 4.833841e+02	 98	 1.890747e+03	 500.00	 483.33	 8.00	 37	 0.74	 
BFE_110	 2	 13	 1219.jpg	 1.891731e+03	 12	 999000	 120	 999000	 999	 1.892749e+03	 500.00	 483.33	 15.00	 40	 0.59	 
BFE_110	 2	 13	 1115.jpg	 1.893734e+03	 12	 999000	 120	 999000	 999	 1.894751e+03	 500.00	 483.33	 20.00	 15	 0.50	 
BFE_110	 2	 13	 1102.jpg	 1.895736e+03	 12	 999000	 120	 999000	 999	 1.896754e+03	 500.00	 483.33	 37.00	 2	 0.16	 
BFE_110	 2	 13	 2217.jpg	 1.898739e+03	 24	 999000	 240	 999000	 999	 1.899757e+03	 500.00	 483.33	 60.00	 38	 0.59	 
BFE_110	 2	 13	 1117.jpg	 1.900725e+03	 11	 8.376956e+02	 110	 5.000385e+02	 98	 1.901743e+03	 516.67	 483.33	 14.00	 17	 0.59	 
BFE_110	 2	 13	 2206.jpg	 1.904729e+03	 24	 999000	 240	 999000	 999	 1.905747e+03	 516.67	 483.33	 47.00	 27	 0.78	 
BFE_110	 2	 13	 2205.jpg	 1.906732e+03	 22	 1.006654e+03	 2200	 4.833787e+02	 98	 1.907749e+03	 516.67	 433.33	 57.00	 26	 0.62	 
BFE_110	 2	 13	 1121.jpg	 1.911737e+03	 11	 1.057136e+03	 1100	 5.166971e+02	 98	 1.912755e+03	 466.67	 433.33	 16.00	 21	 0.58	 
BFE_110	 2	 13	 2104.jpg	 1.913739e+03	 24	 999000	 240	 999000	 999	 1.914757e+03	 466.67	 433.33	 61.00	 4	 0.59	 
BFE_110	 2	 13	 2207.jpg	 1.917727e+03	 24	 999000	 240	 999000	 999	 1.918745e+03	 466.67	 433.33	 53.00	 28	 0.64	 
BFE_110	 2	 13	 2120.jpg	 1.919729e+03	 22	 9.527718e+02	 220	 4.333654e+02	 98	 1.920747e+03	 466.67	 450.00	 51.00	 20	 0.69	 
BFE_110	 2	 13	 2208.jpg	 1.922733e+03	 24	 999000	 240	 999000	 999	 1.923751e+03	 466.67	 450.00	 55.00	 29	 0.63	 
BFE_110	 2	 13	 2115.jpg	 1.927738e+03	 22	 8.558041e+02	 220	 4.500292e+02	 98	 1.928756e+03	 466.67	 466.67	 56.00	 15	 0.63	 
BFE_110	 2	 13	 1209.jpg	 1.929724e+03	 12	 999000	 120	 999000	 999	 1.930742e+03	 466.67	 466.67	 7.00	 30	 0.76	 
BFE_110	 2	 13	 1106.jpg	 1.931726e+03	 12	 999000	 120	 999000	 999	 1.932744e+03	 466.67	 466.67	 18.00	 6	 0.54	 
BFE_110	 2	 13	 2102.jpg	 1.935731e+03	 24	 999000	 240	 999000	 999	 1.936748e+03	 466.67	 466.67	 62.00	 2	 0.58	 
BFE_110	 2	 13	 2219.jpg	 1.939735e+03	 24	 999000	 240	 999000	 999	 1.940753e+03	 466.67	 466.67	 50.00	 40	 0.70	 
BFE_110	 2	 13	 2119.jpg	 1.943740e+03	 24	 999000	 240	 999000	 999	 1.944757e+03	 466.67	 466.67	 78.00	 19	 0.22	 
BFE_110	 2	 13	 2121.jpg	 1.945725e+03	 24	 999000	 240	 999000	 999	 1.946743e+03	 466.67	 466.67	 52.00	 21	 0.65	 
BFE_110	 2	 13	 2204.jpg	 1.947727e+03	 22	 9.307346e+02	 220	 4.667052e+02	 98	 1.948745e+03	 466.67	 483.33	 48.00	 25	 0.76	 
BFE_110	 2	 13	 1214.jpg	 1.949730e+03	 12	 999000	 120	 999000	 999	 1.950748e+03	 466.67	 483.33	 12.00	 35	 0.61	 
BFE_110	 2	 13	 2211.jpg	 1.951732e+03	 22	 9.102871e+02	 220	 4.833683e+02	 98	 1.952750e+03	 466.67	 500.00	 49.00	 32	 0.71	 
BFE_110	 2	 13	 2210.jpg	 1.957739e+03	 24	 999000	 240	 999000	 999	 1.958757e+03	 466.67	 500.00	 77.00	 31	 0.25	 
BFE_110	 2	 13	 1120.jpg	 1.960725e+03	 12	 999000	 120	 999000	 999	 1.961743e+03	 466.67	 500.00	 13.00	 20	 0.60	 
BFE_110	 2	 13	 2202.jpg	 1.962728e+03	 24	 999000	 240	 999000	 999	 1.963746e+03	 466.67	 500.00	 59.00	 23	 0.60	 
BFE_110	 2	 13	 1205.jpg	 1.964730e+03	 12	 999000	 120	 999000	 999	 1.965748e+03	 466.67	 500.00	 4.00	 26	 0.78	 
BFE_110	 2	 13	 2214.jpg	 1.967733e+03	 24	 999000	 240	 999000	 999	 1.968751e+03	 466.67	 500.00	 58.00	 35	 0.61	 
BFE_110	 2	 13	 1218.jpg	 1.969736e+03	 11	 9.627230e+02	 110	 4.667028e+02	 98	 1.970753e+03	 483.33	 500.00	 9.00	 39	 0.73	 
BFE_110	 2	 13	 1105.jpg	 1.971738e+03	 12	 999000	 120	 999000	 999	 1.972755e+03	 483.33	 500.00	 21.00	 5	 0.48	 
BFE_110	 2	 13	 2218.jpg	 1.973723e+03	 24	 999000	 240	 999000	 999	 1.974741e+03	 483.33	 500.00	 44.00	 39	 0.81	 
BFE_110	 2	 13	 1204.jpg	 1.976727e+03	 11	 9.635326e+02	 110	 4.833663e+02	 98	 1.977744e+03	 500.00	 500.00	 17.00	 25	 0.54	 
BFE_110	 2	 13	 1109.jpg	 1.978729e+03	 12	 999000	 120	 999000	 999	 1.979747e+03	 500.00	 500.00	 19.00	 9	 0.51	 
BFE_110	 2	 13	 1206.jpg	 1.980731e+03	 12	 999000	 120	 999000	 999	 1.981749e+03	 500.00	 500.00	 3.00	 27	 0.83	 
BFE_110	 2	 13	 1210.jpg	 1.982734e+03	 12	 999000	 120	 999000	 999	 1.983751e+03	 500.00	 500.00	 22.00	 31	 0.47	 
BFE_110	 2	 13	 1211.jpg	 1.984736e+03	 12	 999000	 120	 999000	 999	 1.985753e+03	 500.00	 500.00	 10.00	 32	 0.70	 
BFE_110	 2	 13	 2109.jpg	 1.990726e+03	 22	 8.125653e+02	 220	 5.000283e+02	 98	 1.991744e+03	 500.00	 516.67	 54.00	 9	 0.63	 
BFE_110	 2	 13	 2213.jpg	 1.993729e+03	 24	 999000	 240	 999000	 999	 1.994747e+03	 500.00	 516.67	 43.00	 34	 0.84	 
BFE_110	 2	 13	 1114.jpg	 1.997734e+03	 11	 8.686634e+02	 110	 5.000308e+02	 98	 1.998751e+03	 516.67	 516.67	 11.00	 14	 0.67	 
