subjectID	 order	 runNum	 itemName	 onsetTime	 shuff_trialType	 RT	 respInTime	 AudioTime	 response	 fixationTime	 ladder1	 ladder2	 bidIndex	 itemNameIndex	 bidValue	 
BFE_103	 1	 13	 1111.jpg	 1.631023e+03	 12	 999000	 120	 999000	 999	 1.632040e+03	 750.00	 750.00	 38.00	 11	 0.16	 
BFE_103	 1	 13	 1114.jpg	 1.633008e+03	 12	 999000	 120	 999000	 999	 1.634026e+03	 750.00	 750.00	 14.00	 14	 0.57	 
BFE_103	 1	 13	 1117.jpg	 1.637013e+03	 12	 999000	 120	 999000	 999	 1.638030e+03	 750.00	 750.00	 22.00	 17	 0.46	 
BFE_103	 1	 13	 2217.jpg	 1.640016e+03	 24	 999000	 240	 999000	 999	 1.641034e+03	 750.00	 750.00	 54.00	 38	 0.65	 
BFE_103	 1	 13	 2113.jpg	 1.642018e+03	 24	 999000	 240	 999000	 999	 1.643036e+03	 750.00	 750.00	 44.00	 13	 0.76	 
BFE_103	 1	 13	 1204.jpg	 1.645005e+03	 11	 9.575448e+02	 110	 7.500448e+02	 98	 1.646023e+03	 766.67	 750.00	 7.00	 25	 0.78	 
BFE_103	 1	 13	 1105.jpg	 1.649009e+03	 11	 9.610861e+02	 110	 7.667025e+02	 98	 1.650027e+03	 783.33	 750.00	 15.00	 5	 0.55	 
BFE_103	 1	 13	 1121.jpg	 1.653014e+03	 12	 999000	 120	 999000	 999	 1.654032e+03	 783.33	 750.00	 21.00	 21	 0.46	 
BFE_103	 1	 13	 2121.jpg	 1.655016e+03	 22	 1.010260e+03	 2200	 7.500466e+02	 98	 1.656034e+03	 783.33	 700.00	 53.00	 21	 0.67	 
BFE_103	 1	 13	 1109.jpg	 1.660005e+03	 12	 999000	 120	 999000	 999	 1.661023e+03	 783.33	 700.00	 11.00	 9	 0.71	 
BFE_103	 1	 13	 1113.jpg	 1.662007e+03	 12	 999000	 120	 999000	 999	 1.663025e+03	 783.33	 700.00	 4.00	 13	 0.81	 
BFE_103	 1	 13	 1213.jpg	 1.664010e+03	 11	 7.048368e+02	 11	 7.833650e+02	 98	 1.665027e+03	 800.00	 700.00	 12.00	 34	 0.67	 
BFE_103	 1	 13	 2104.jpg	 1.670016e+03	 24	 999000	 240	 999000	 999	 1.671034e+03	 800.00	 700.00	 59.00	 4	 0.53	 
BFE_103	 1	 13	 1115.jpg	 1.672019e+03	 11	 9.998525e+02	 110	 8.000370e+02	 98	 1.673036e+03	 816.67	 700.00	 10.00	 15	 0.72	 
BFE_103	 1	 13	 1102.jpg	 1.674004e+03	 12	 999000	 120	 999000	 999	 1.675022e+03	 816.67	 700.00	 17.00	 2	 0.50	 
BFE_103	 1	 13	 2115.jpg	 1.676006e+03	 24	 999000	 240	 999000	 999	 1.677024e+03	 816.67	 700.00	 57.00	 15	 0.58	 
BFE_103	 1	 13	 1104.jpg	 1.680011e+03	 12	 999000	 120	 999000	 999	 1.681029e+03	 816.67	 700.00	 9.00	 4	 0.73	 
BFE_103	 1	 13	 2218.jpg	 1.684015e+03	 22	 9.150144e+02	 220	 7.000352e+02	 98	 1.685033e+03	 816.67	 716.67	 55.00	 39	 0.65	 
BFE_103	 1	 13	 2219.jpg	 1.687019e+03	 24	 999000	 240	 999000	 999	 1.688037e+03	 816.67	 716.67	 48.00	 40	 0.73	 
BFE_103	 1	 13	 2213.jpg	 1.691007e+03	 22	 9.398253e+02	 220	 7.167212e+02	 98	 1.692024e+03	 816.67	 733.33	 50.00	 34	 0.70	 
BFE_103	 1	 13	 2120.jpg	 1.694010e+03	 24	 999000	 240	 999000	 999	 1.695028e+03	 816.67	 733.33	 78.00	 20	 0.16	 
BFE_103	 1	 13	 1214.jpg	 1.696012e+03	 11	 1.006225e+03	 1100	 8.167040e+02	 98	 1.697030e+03	 766.67	 733.33	 18.00	 35	 0.49	 
BFE_103	 1	 13	 2207.jpg	 1.700017e+03	 22	 9.297514e+02	 220	 7.333983e+02	 98	 1.701034e+03	 766.67	 750.00	 52.00	 28	 0.67	 
BFE_103	 1	 13	 1218.jpg	 1.702019e+03	 12	 999000	 120	 999000	 999	 1.703037e+03	 766.67	 750.00	 16.00	 39	 0.53	 
BFE_103	 1	 13	 2106.jpg	 1.704004e+03	 24	 999000	 240	 999000	 999	 1.705022e+03	 766.67	 750.00	 62.00	 6	 0.49	 
BFE_103	 1	 13	 2109.jpg	 1.708009e+03	 22	 1.001385e+03	 2200	 7.500493e+02	 98	 1.709027e+03	 766.67	 700.00	 58.00	 9	 0.58	 
BFE_103	 1	 13	 2206.jpg	 1.710011e+03	 24	 999000	 240	 999000	 999	 1.711029e+03	 766.67	 700.00	 60.00	 27	 0.51	 
BFE_103	 1	 13	 2203.jpg	 1.714016e+03	 24	 999000	 240	 999000	 999	 1.715034e+03	 766.67	 700.00	 49.00	 24	 0.70	 
BFE_103	 1	 13	 1110.jpg	 1.718003e+03	 11	 1.103145e+03	 1100	 7.667034e+02	 98	 1.719022e+03	 716.67	 700.00	 13.00	 10	 0.61	 
BFE_103	 1	 13	 2205.jpg	 1.721007e+03	 24	 999000	 240	 999000	 999	 1.722025e+03	 716.67	 700.00	 56.00	 26	 0.64	 
BFE_103	 1	 13	 2209.jpg	 1.727014e+03	 24	 999000	 240	 999000	 999	 1.728032e+03	 716.67	 700.00	 43.00	 30	 0.78	 
BFE_103	 1	 13	 1112.jpg	 1.729016e+03	 12	 999000	 120	 999000	 999	 1.730034e+03	 716.67	 700.00	 37.00	 12	 0.18	 
BFE_103	 1	 13	 2105.jpg	 1.733003e+03	 22	 8.550374e+02	 220	 7.000327e+02	 98	 1.734022e+03	 716.67	 716.67	 47.00	 5	 0.73	 
BFE_103	 1	 13	 1211.jpg	 1.735006e+03	 12	 999000	 120	 999000	 999	 1.736024e+03	 716.67	 716.67	 20.00	 32	 0.47	 
BFE_103	 1	 13	 2211.jpg	 1.737008e+03	 24	 999000	 240	 999000	 999	 1.738026e+03	 716.67	 716.67	 51.00	 32	 0.68	 
BFE_103	 1	 13	 1203.jpg	 1.739011e+03	 12	 999000	 120	 999000	 999	 1.740028e+03	 716.67	 716.67	 19.00	 24	 0.48	 
BFE_103	 1	 13	 2119.jpg	 1.744016e+03	 24	 999000	 240	 999000	 999	 1.745034e+03	 716.67	 716.67	 77.00	 19	 0.19	 
BFE_103	 1	 13	 1209.jpg	 1.746018e+03	 12	 999000	 120	 999000	 999	 1.747036e+03	 716.67	 716.67	 8.00	 30	 0.74	 
BFE_103	 1	 13	 1217.jpg	 1.748004e+03	 12	 999000	 120	 999000	 999	 1.749022e+03	 716.67	 716.67	 3.00	 38	 0.84	 
BFE_103	 1	 13	 2116.jpg	 1.751007e+03	 24	 999000	 240	 999000	 999	 1.752025e+03	 716.67	 716.67	 61.00	 16	 0.49	 
