subjectID	 order	 runNum	 itemName	 onsetTime	 shuff_trialType	 RT	 respInTime	 AudioTime	 response	 fixationTime	 ladder1	 ladder2	 bidIndex	 itemNameIndex	 bidValue	 
BFE_204	 2	 10	 2101.jpg	 1.651604e+03	 22	 9.023382e+02	 220	 5.833899e+02	 98	 1.652621e+03	 583.33	 600.00	 54.00	 1	 0.58	 
BFE_204	 2	 10	 1214.jpg	 1.654590e+03	 12	 999000	 120	 999000	 999	 1.655608e+03	 583.33	 600.00	 12.00	 35	 0.64	 
BFE_204	 2	 10	 2208.jpg	 1.658595e+03	 22	 9.430746e+02	 220	 6.000379e+02	 98	 1.659613e+03	 583.33	 616.67	 57.00	 29	 0.55	 
BFE_204	 2	 10	 2214.jpg	 1.660597e+03	 24	 999000	 240	 999000	 999	 1.661615e+03	 583.33	 616.67	 47.00	 35	 0.78	 
BFE_204	 2	 10	 2212.jpg	 1.662600e+03	 24	 999000	 240	 999000	 999	 1.663617e+03	 583.33	 616.67	 61.00	 33	 0.50	 
BFE_204	 2	 10	 1215.jpg	 1.666587e+03	 11	 8.788490e+02	 110	 5.834239e+02	 98	 1.667605e+03	 600.00	 616.67	 11.00	 36	 0.66	 
BFE_204	 2	 10	 2202.jpg	 1.668589e+03	 22	 1.036692e+03	 2200	 6.167051e+02	 98	 1.669607e+03	 600.00	 566.67	 48.00	 23	 0.75	 
BFE_204	 2	 10	 1217.jpg	 1.673595e+03	 12	 999000	 120	 999000	 999	 1.674613e+03	 600.00	 566.67	 13.00	 38	 0.61	 
BFE_204	 2	 10	 1120.jpg	 1.675597e+03	 12	 999000	 120	 999000	 999	 1.676615e+03	 600.00	 566.67	 15.00	 20	 0.59	 
BFE_204	 2	 10	 2103.jpg	 1.678601e+03	 24	 999000	 240	 999000	 999	 1.679618e+03	 600.00	 566.67	 62.00	 3	 0.47	 
BFE_204	 2	 10	 2106.jpg	 1.681587e+03	 22	 9.506998e+02	 220	 5.666961e+02	 98	 1.682605e+03	 600.00	 583.33	 56.00	 6	 0.56	 
BFE_204	 2	 10	 2216.jpg	 1.685592e+03	 24	 999000	 240	 999000	 999	 1.686610e+03	 600.00	 583.33	 52.00	 37	 0.62	 
BFE_204	 2	 10	 2219.jpg	 1.688595e+03	 22	 8.788355e+02	 220	 5.833751e+02	 98	 1.689613e+03	 600.00	 600.00	 51.00	 40	 0.65	 
BFE_204	 2	 10	 1209.jpg	 1.690597e+03	 11	 9.485801e+02	 110	 6.000406e+02	 98	 1.691615e+03	 616.67	 600.00	 8.00	 30	 0.69	 
BFE_204	 2	 10	 1203.jpg	 1.693601e+03	 12	 999000	 120	 999000	 999	 1.694619e+03	 616.67	 600.00	 20.00	 24	 0.52	 
BFE_204	 2	 10	 2218.jpg	 1.697589e+03	 24	 999000	 240	 999000	 999	 1.698606e+03	 616.67	 600.00	 43.00	 39	 0.87	 
BFE_204	 2	 10	 1118.jpg	 1.700592e+03	 12	 999000	 120	 999000	 999	 1.701610e+03	 616.67	 600.00	 37.00	 18	 0.15	 
BFE_204	 2	 10	 1109.jpg	 1.702594e+03	 12	 999000	 120	 999000	 999	 1.703612e+03	 616.67	 600.00	 19.00	 9	 0.55	 
BFE_204	 2	 10	 2204.jpg	 1.704596e+03	 24	 999000	 240	 999000	 999	 1.705614e+03	 616.67	 600.00	 60.00	 25	 0.51	 
BFE_204	 2	 10	 1208.jpg	 1.709602e+03	 11	 8.880166e+02	 110	 6.166934e+02	 98	 1.710620e+03	 633.33	 600.00	 14.00	 29	 0.60	 
BFE_204	 2	 10	 2117.jpg	 1.713590e+03	 24	 999000	 240	 999000	 999	 1.714608e+03	 633.33	 600.00	 78.00	 17	 0.22	 
BFE_204	 2	 10	 2215.jpg	 1.717594e+03	 24	 999000	 240	 999000	 999	 1.718612e+03	 633.33	 600.00	 58.00	 36	 0.54	 
BFE_204	 2	 10	 2108.jpg	 1.723601e+03	 22	 8.809580e+02	 220	 6.000393e+02	 98	 1.724619e+03	 633.33	 616.67	 49.00	 8	 0.72	 
BFE_204	 2	 10	 1218.jpg	 1.725586e+03	 12	 999000	 120	 999000	 999	 1.726604e+03	 633.33	 616.67	 4.00	 39	 0.77	 
BFE_204	 2	 10	 1117.jpg	 1.727589e+03	 12	 999000	 120	 999000	 999	 1.728607e+03	 633.33	 616.67	 38.00	 17	 0.15	 
BFE_204	 2	 10	 1206.jpg	 1.729591e+03	 12	 999000	 120	 999000	 999	 1.730609e+03	 633.33	 616.67	 10.00	 27	 0.67	 
BFE_204	 2	 10	 1210.jpg	 1.731593e+03	 12	 3.846648e+02	 12	 999000	 98	 1.732611e+03	 633.33	 616.67	 22.00	 31	 0.49	 
BFE_204	 2	 10	 2210.jpg	 1.735598e+03	 24	 999000	 240	 999000	 999	 1.736616e+03	 633.33	 616.67	 59.00	 31	 0.53	 
BFE_204	 2	 10	 1205.jpg	 1.737600e+03	 11	 8.818461e+02	 110	 6.333675e+02	 98	 1.738618e+03	 650.00	 616.67	 17.00	 26	 0.56	 
BFE_204	 2	 10	 2206.jpg	 1.741588e+03	 24	 999000	 240	 999000	 999	 1.742606e+03	 650.00	 616.67	 50.00	 27	 0.68	 
BFE_204	 2	 10	 1111.jpg	 1.743590e+03	 12	 999000	 120	 999000	 999	 1.744608e+03	 650.00	 616.67	 18.00	 11	 0.56	 
BFE_204	 2	 10	 2209.jpg	 1.745592e+03	 24	 999000	 240	 999000	 999	 1.746610e+03	 650.00	 616.67	 44.00	 30	 0.84	 
BFE_204	 2	 10	 1204.jpg	 1.747595e+03	 11	 9.833555e+02	 110	 6.500271e+02	 98	 1.748612e+03	 666.67	 616.67	 9.00	 25	 0.68	 
BFE_204	 2	 10	 1219.jpg	 1.752600e+03	 12	 999000	 120	 999000	 999	 1.753618e+03	 666.67	 616.67	 3.00	 40	 0.84	 
BFE_204	 2	 10	 1108.jpg	 1.754586e+03	 11	 1.064339e+03	 1100	 6.667035e+02	 98	 1.755604e+03	 616.67	 616.67	 16.00	 8	 0.59	 
BFE_204	 2	 10	 2110.jpg	 1.756588e+03	 24	 999000	 240	 999000	 999	 1.757606e+03	 616.67	 616.67	 77.00	 10	 0.23	 
BFE_204	 2	 10	 1207.jpg	 1.759591e+03	 12	 999000	 120	 999000	 999	 1.760609e+03	 616.67	 616.67	 21.00	 28	 0.51	 
BFE_204	 2	 10	 2203.jpg	 1.766599e+03	 24	 999000	 240	 999000	 999	 1.767617e+03	 616.67	 616.67	 53.00	 24	 0.59	 
BFE_204	 2	 10	 2120.jpg	 1.770587e+03	 24	 999000	 240	 999000	 999	 1.771605e+03	 616.67	 616.67	 55.00	 20	 0.57	 
BFE_204	 2	 10	 1101.jpg	 1.777595e+03	 12	 999000	 120	 999000	 999	 1.778613e+03	 616.67	 616.67	 7.00	 1	 0.72	 
