subjectID	 order	 runNum	 itemName	 onsetTime	 shuff_trialType	 RT	 respInTime	 AudioTime	 response	 fixationTime	 ladder1	 ladder2	 bidIndex	 itemNameIndex	 bidValue	 
BFE_101	 1	 2	 1109.jpg	 1.161289e+02	 12	 999000	 120	 999000	 999	 1.171470e+02	 716.67	 716.67	 20.00	 9	 0.50	 
BFE_101	 1	 2	 2115.jpg	 1.191325e+02	 24	 999000	 240	 999000	 999	 1.201503e+02	 716.67	 716.67	 57.00	 15	 0.55	 
BFE_101	 1	 2	 2118.jpg	 1.211348e+02	 22	 9.783654e+02	 220	 7.167062e+02	 98	 1.221525e+02	 716.67	 733.33	 47.00	 18	 0.67	 
BFE_101	 1	 2	 1202.jpg	 1.231370e+02	 12	 999000	 120	 999000	 999	 1.241547e+02	 716.67	 733.33	 16.00	 23	 0.54	 
BFE_101	 1	 2	 1111.jpg	 1.251392e+02	 12	 999000	 120	 999000	 999	 1.261571e+02	 716.67	 733.33	 14.00	 11	 0.55	 
BFE_101	 1	 2	 1103.jpg	 1.281259e+02	 12	 999000	 120	 999000	 999	 1.291437e+02	 716.67	 733.33	 9.00	 3	 0.68	 
BFE_101	 1	 2	 1106.jpg	 1.301282e+02	 11	 3.370035e+02	 11	 7.167243e+02	 98	 1.311459e+02	 733.33	 733.33	 12.00	 6	 0.58	 
BFE_101	 1	 2	 2209.jpg	 1.341326e+02	 22	 9.885120e+02	 220	 7.333683e+02	 98	 1.351504e+02	 733.33	 750.00	 55.00	 30	 0.56	 
BFE_101	 1	 2	 2213.jpg	 1.361348e+02	 24	 999000	 240	 999000	 999	 1.371528e+02	 733.33	 750.00	 44.00	 34	 0.71	 
BFE_101	 1	 2	 2103.jpg	 1.411235e+02	 24	 999000	 240	 999000	 999	 1.421416e+02	 733.33	 750.00	 43.00	 3	 0.74	 
BFE_101	 1	 2	 2214.jpg	 1.431261e+02	 22	 1.019047e+03	 2200	 7.500450e+02	 98	 1.441439e+02	 733.33	 700.00	 53.00	 35	 0.59	 
BFE_101	 1	 2	 2208.jpg	 1.471305e+02	 24	 999000	 240	 999000	 999	 1.481483e+02	 733.33	 700.00	 51.00	 29	 0.63	 
BFE_101	 1	 2	 2217.jpg	 1.491328e+02	 24	 999000	 240	 999000	 999	 1.501505e+02	 733.33	 700.00	 54.00	 38	 0.58	 
BFE_101	 1	 2	 1206.jpg	 1.521362e+02	 12	 999000	 120	 999000	 999	 1.531539e+02	 733.33	 700.00	 4.00	 27	 0.74	 
BFE_101	 1	 2	 1102.jpg	 1.571252e+02	 11	 9.639575e+02	 110	 7.333634e+02	 98	 1.581428e+02	 750.00	 700.00	 10.00	 2	 0.66	 
BFE_101	 1	 2	 2120.jpg	 1.591275e+02	 22	 9.136810e+02	 220	 7.000275e+02	 98	 1.601451e+02	 750.00	 716.67	 58.00	 20	 0.55	 
BFE_101	 1	 2	 2102.jpg	 1.611295e+02	 24	 999000	 240	 999000	 999	 1.621473e+02	 750.00	 716.67	 61.00	 2	 0.54	 
BFE_101	 1	 2	 1121.jpg	 1.651341e+02	 11	 5.791030e+02	 11	 7.500318e+02	 98	 1.661518e+02	 766.67	 716.67	 7.00	 21	 0.70	 
BFE_101	 1	 2	 1116.jpg	 1.691385e+02	 12	 999000	 120	 999000	 999	 1.701564e+02	 766.67	 716.67	 19.00	 16	 0.51	 
BFE_101	 1	 2	 1118.jpg	 1.731264e+02	 12	 999000	 120	 999000	 999	 1.741441e+02	 766.67	 716.67	 3.00	 18	 0.78	 
BFE_101	 1	 2	 2207.jpg	 1.751285e+02	 24	 999000	 240	 999000	 999	 1.761464e+02	 766.67	 716.67	 49.00	 28	 0.66	 
BFE_101	 1	 2	 2216.jpg	 1.771308e+02	 24	 999000	 240	 999000	 999	 1.781486e+02	 766.67	 716.67	 48.00	 37	 0.66	 
BFE_101	 1	 2	 2205.jpg	 1.791333e+02	 24	 999000	 240	 999000	 999	 1.801508e+02	 766.67	 716.67	 77.00	 26	 0.21	 
BFE_101	 1	 2	 2211.jpg	 1.811353e+02	 22	 9.938459e+02	 220	 7.167051e+02	 98	 1.821530e+02	 766.67	 733.33	 52.00	 32	 0.62	 
BFE_101	 1	 2	 2110.jpg	 1.871250e+02	 22	 9.641046e+02	 220	 7.333731e+02	 98	 1.881431e+02	 766.67	 750.00	 50.00	 10	 0.65	 
BFE_101	 1	 2	 1214.jpg	 1.901287e+02	 12	 999000	 120	 999000	 999	 1.911465e+02	 766.67	 750.00	 21.00	 35	 0.50	 
BFE_101	 1	 2	 1207.jpg	 1.921310e+02	 11	 9.741393e+02	 110	 7.666991e+02	 98	 1.931488e+02	 783.33	 750.00	 13.00	 28	 0.56	 
BFE_101	 1	 2	 1115.jpg	 1.941333e+02	 12	 999000	 120	 999000	 999	 1.951509e+02	 783.33	 750.00	 38.00	 15	 0.23	 
BFE_101	 1	 2	 1201.jpg	 1.971365e+02	 12	 999000	 120	 999000	 999	 1.981543e+02	 783.33	 750.00	 22.00	 22	 0.50	 
BFE_101	 1	 2	 2114.jpg	 1.991389e+02	 24	 999000	 240	 999000	 999	 2.001566e+02	 783.33	 750.00	 62.00	 14	 0.50	 
BFE_101	 1	 2	 2113.jpg	 2.011243e+02	 24	 999000	 240	 999000	 999	 2.021422e+02	 783.33	 750.00	 60.00	 13	 0.54	 
BFE_101	 1	 2	 2117.jpg	 2.031266e+02	 24	 999000	 240	 999000	 999	 2.041444e+02	 783.33	 750.00	 78.00	 17	 0.18	 
BFE_101	 1	 2	 1205.jpg	 2.061300e+02	 12	 999000	 120	 999000	 999	 2.071477e+02	 783.33	 750.00	 11.00	 26	 0.62	 
BFE_101	 1	 2	 1101.jpg	 2.081323e+02	 12	 999000	 120	 999000	 999	 2.091500e+02	 783.33	 750.00	 37.00	 1	 0.27	 
BFE_101	 1	 2	 1216.jpg	 2.101345e+02	 11	 1.002703e+03	 1100	 7.833692e+02	 98	 2.111523e+02	 733.33	 750.00	 15.00	 37	 0.55	 
BFE_101	 1	 2	 2104.jpg	 2.121367e+02	 24	 999000	 240	 999000	 999	 2.131544e+02	 733.33	 750.00	 56.00	 4	 0.55	 
BFE_101	 1	 2	 2203.jpg	 2.141389e+02	 24	 999000	 240	 999000	 999	 2.151568e+02	 733.33	 750.00	 59.00	 24	 0.54	 
BFE_101	 1	 2	 1204.jpg	 2.201291e+02	 12	 999000	 120	 999000	 999	 2.211467e+02	 733.33	 750.00	 17.00	 25	 0.52	 
BFE_101	 1	 2	 1208.jpg	 2.231324e+02	 11	 9.967458e+02	 110	 7.333609e+02	 98	 2.241502e+02	 750.00	 750.00	 18.00	 29	 0.51	 
BFE_101	 1	 2	 1213.jpg	 2.271368e+02	 12	 999000	 120	 999000	 999	 2.281547e+02	 750.00	 750.00	 8.00	 34	 0.68	 
