subjectID	 order	 runNum	 itemName	 onsetTime	 shuff_trialType	 RT	 respInTime	 AudioTime	 response	 fixationTime	 ladder1	 ladder2	 bidIndex	 itemNameIndex	 bidValue	 
BFE_103	 1	 15	 1214.jpg	 1.904146e+03	 11	 9.367479e+02	 110	 7.500513e+02	 98	 1.905164e+03	 766.67	 816.67	 18.00	 35	 0.49	 
BFE_103	 1	 15	 2104.jpg	 1.909152e+03	 24	 999000	 240	 999000	 999	 1.910169e+03	 766.67	 816.67	 59.00	 4	 0.53	 
BFE_103	 1	 15	 2209.jpg	 1.911154e+03	 24	 999000	 240	 999000	 999	 1.912172e+03	 766.67	 816.67	 43.00	 30	 0.78	 
BFE_103	 1	 15	 2109.jpg	 1.913156e+03	 22	 1.062324e+03	 2200	 8.167061e+02	 98	 1.914174e+03	 766.67	 766.67	 58.00	 9	 0.58	 
BFE_103	 1	 15	 1109.jpg	 1.919146e+03	 12	 999000	 120	 999000	 999	 1.920164e+03	 766.67	 766.67	 11.00	 9	 0.71	 
BFE_103	 1	 15	 2115.jpg	 1.921148e+03	 24	 999000	 240	 999000	 999	 1.922166e+03	 766.67	 766.67	 57.00	 15	 0.58	 
BFE_103	 1	 15	 2217.jpg	 1.924152e+03	 24	 999000	 240	 999000	 999	 1.925170e+03	 766.67	 766.67	 54.00	 38	 0.65	 
BFE_103	 1	 15	 1217.jpg	 1.926154e+03	 12	 999000	 120	 999000	 999	 1.927172e+03	 766.67	 766.67	 3.00	 38	 0.84	 
BFE_103	 1	 15	 1113.jpg	 1.930142e+03	 12	 999000	 120	 999000	 999	 1.931160e+03	 766.67	 766.67	 4.00	 13	 0.81	 
BFE_103	 1	 15	 2218.jpg	 1.932144e+03	 22	 1.058411e+03	 2200	 7.667032e+02	 98	 1.933162e+03	 766.67	 716.67	 55.00	 39	 0.65	 
BFE_103	 1	 15	 2205.jpg	 1.937150e+03	 24	 999000	 240	 999000	 999	 1.938168e+03	 766.67	 716.67	 56.00	 26	 0.64	 
BFE_103	 1	 15	 2121.jpg	 1.944158e+03	 22	 8.848788e+02	 220	 7.166999e+02	 98	 1.945175e+03	 766.67	 733.33	 53.00	 21	 0.67	 
BFE_103	 1	 15	 1203.jpg	 1.946143e+03	 12	 999000	 120	 999000	 999	 1.947161e+03	 766.67	 733.33	 19.00	 24	 0.48	 
BFE_103	 1	 15	 2213.jpg	 1.949147e+03	 22	 5.439123e+02	 22	 7.333795e+02	 98	 1.950164e+03	 766.67	 750.00	 50.00	 34	 0.70	 
BFE_103	 1	 15	 1111.jpg	 1.952150e+03	 12	 999000	 120	 999000	 999	 1.953168e+03	 766.67	 750.00	 38.00	 11	 0.16	 
BFE_103	 1	 15	 1204.jpg	 1.956154e+03	 11	 1.000039e+03	 1100	 7.666997e+02	 98	 1.957172e+03	 716.67	 750.00	 7.00	 25	 0.78	 
BFE_103	 1	 15	 2116.jpg	 1.960142e+03	 24	 999000	 240	 999000	 999	 1.961160e+03	 716.67	 750.00	 61.00	 16	 0.49	 
BFE_103	 1	 15	 1112.jpg	 1.964147e+03	 12	 999000	 120	 999000	 999	 1.965165e+03	 716.67	 750.00	 37.00	 12	 0.18	 
BFE_103	 1	 15	 2105.jpg	 1.967150e+03	 22	 9.723585e+02	 220	 7.500274e+02	 98	 1.968168e+03	 716.67	 766.67	 47.00	 5	 0.73	 
BFE_103	 1	 15	 1104.jpg	 1.973157e+03	 12	 999000	 120	 999000	 999	 1.974175e+03	 716.67	 766.67	 9.00	 4	 0.73	 
BFE_103	 1	 15	 1102.jpg	 1.975142e+03	 12	 999000	 120	 999000	 999	 1.976160e+03	 716.67	 766.67	 17.00	 2	 0.50	 
BFE_103	 1	 15	 1121.jpg	 1.978146e+03	 12	 999000	 120	 999000	 999	 1.979164e+03	 716.67	 766.67	 21.00	 21	 0.46	 
BFE_103	 1	 15	 1110.jpg	 1.980148e+03	 11	 9.264799e+02	 110	 7.167023e+02	 98	 1.981166e+03	 733.33	 766.67	 13.00	 10	 0.61	 
BFE_103	 1	 15	 1211.jpg	 1.982150e+03	 12	 999000	 120	 999000	 999	 1.983168e+03	 733.33	 766.67	 20.00	 32	 0.47	 
BFE_103	 1	 15	 2120.jpg	 1.984153e+03	 24	 999000	 240	 999000	 999	 1.985170e+03	 733.33	 766.67	 78.00	 20	 0.16	 
BFE_103	 1	 15	 2206.jpg	 1.987156e+03	 24	 999000	 240	 999000	 999	 1.988174e+03	 733.33	 766.67	 60.00	 27	 0.51	 
BFE_103	 1	 15	 2219.jpg	 1.991144e+03	 24	 999000	 240	 999000	 999	 1.992161e+03	 733.33	 766.67	 48.00	 40	 0.73	 
BFE_103	 1	 15	 1117.jpg	 1.993146e+03	 12	 999000	 120	 999000	 999	 1.994164e+03	 733.33	 766.67	 22.00	 17	 0.46	 
BFE_103	 1	 15	 2119.jpg	 1.995148e+03	 24	 999000	 240	 999000	 999	 1.996166e+03	 733.33	 766.67	 77.00	 19	 0.19	 
BFE_103	 1	 15	 2207.jpg	 1.997150e+03	 22	 7.480601e+02	 22	 7.667092e+02	 98	 1.998168e+03	 733.33	 783.33	 52.00	 28	 0.67	 
BFE_103	 1	 15	 2203.jpg	 1.999153e+03	 24	 999000	 240	 999000	 999	 2.000170e+03	 733.33	 783.33	 49.00	 24	 0.70	 
BFE_103	 1	 15	 2211.jpg	 2.001155e+03	 24	 999000	 240	 999000	 999	 2.002173e+03	 733.33	 783.33	 51.00	 32	 0.68	 
BFE_103	 1	 15	 1115.jpg	 2.005143e+03	 11	 9.877517e+02	 110	 7.333954e+02	 98	 2.006161e+03	 750.00	 783.33	 10.00	 15	 0.72	 
BFE_103	 1	 15	 1105.jpg	 2.009147e+03	 11	 9.432162e+02	 110	 7.500346e+02	 98	 2.010165e+03	 766.67	 783.33	 15.00	 5	 0.55	 
BFE_103	 1	 15	 2113.jpg	 2.011150e+03	 24	 999000	 240	 999000	 999	 2.012167e+03	 766.67	 783.33	 44.00	 13	 0.76	 
BFE_103	 1	 15	 1213.jpg	 2.013152e+03	 11	 7.226227e+02	 11	 7.667065e+02	 98	 2.014170e+03	 783.33	 783.33	 12.00	 34	 0.67	 
BFE_103	 1	 15	 2106.jpg	 2.015154e+03	 24	 999000	 240	 999000	 999	 2.016172e+03	 783.33	 783.33	 62.00	 6	 0.49	 
BFE_103	 1	 15	 1114.jpg	 2.017156e+03	 12	 999000	 120	 999000	 999	 2.018174e+03	 783.33	 783.33	 14.00	 14	 0.57	 
BFE_103	 1	 15	 1209.jpg	 2.023146e+03	 12	 999000	 120	 999000	 999	 2.024164e+03	 783.33	 783.33	 8.00	 30	 0.74	 
BFE_103	 1	 15	 1218.jpg	 2.025149e+03	 12	 999000	 120	 999000	 999	 2.026166e+03	 783.33	 783.33	 16.00	 39	 0.53	 
