subjectID	 order	 runNum	 itemName	 onsetTime	 shuff_trialType	 RT	 respInTime	 AudioTime	 response	 fixationTime	 ladder1	 ladder2	 bidIndex	 itemNameIndex	 bidValue	 
BFE_108	 2	 10	 2208.jpg	 1.124627e+03	 24	 999000	 240	 999000	 999	 1.125644e+03	 783.33	 783.33	 62.00	 29	 0.46	 
BFE_108	 2	 10	 1102.jpg	 1.126629e+03	 11	 1.013774e+03	 1100	 7.833759e+02	 98	 1.127647e+03	 733.33	 783.33	 16.00	 2	 0.53	 
BFE_108	 2	 10	 2213.jpg	 1.130633e+03	 24	 999000	 240	 999000	 999	 1.131651e+03	 733.33	 783.33	 52.00	 34	 0.62	 
BFE_108	 2	 10	 1121.jpg	 1.133637e+03	 12	 999000	 120	 999000	 999	 1.134654e+03	 733.33	 783.33	 7.00	 21	 0.71	 
BFE_108	 2	 10	 2103.jpg	 1.135622e+03	 24	 999000	 240	 999000	 999	 1.136640e+03	 733.33	 783.33	 43.00	 3	 0.83	 
BFE_108	 2	 10	 2210.jpg	 1.138626e+03	 22	 1.040853e+03	 2200	 7.833810e+02	 98	 1.139643e+03	 733.33	 733.33	 48.00	 31	 0.73	 
BFE_108	 2	 10	 2209.jpg	 1.142630e+03	 24	 999000	 240	 999000	 999	 1.143648e+03	 733.33	 733.33	 53.00	 30	 0.61	 
BFE_108	 2	 10	 2219.jpg	 1.146635e+03	 24	 999000	 240	 999000	 999	 1.147652e+03	 733.33	 733.33	 50.00	 40	 0.67	 
BFE_108	 2	 10	 1213.jpg	 1.148637e+03	 11	 9.897529e+02	 110	 7.333693e+02	 98	 1.149655e+03	 750.00	 733.33	 9.00	 34	 0.71	 
BFE_108	 2	 10	 1203.jpg	 1.153626e+03	 11	 9.766742e+02	 110	 7.500356e+02	 98	 1.154643e+03	 766.67	 733.33	 11.00	 24	 0.63	 
BFE_108	 2	 10	 2121.jpg	 1.155628e+03	 22	 9.985567e+02	 220	 7.333605e+02	 98	 1.156646e+03	 766.67	 750.00	 49.00	 21	 0.69	 
BFE_108	 2	 10	 2106.jpg	 1.157630e+03	 22	 9.883385e+02	 220	 7.500281e+02	 98	 1.158648e+03	 766.67	 766.67	 54.00	 6	 0.61	 
BFE_108	 2	 10	 2113.jpg	 1.163637e+03	 24	 999000	 240	 999000	 999	 1.164655e+03	 766.67	 766.67	 60.00	 13	 0.51	 
BFE_108	 2	 10	 1117.jpg	 1.165622e+03	 12	 999000	 120	 999000	 999	 1.166640e+03	 766.67	 766.67	 21.00	 17	 0.50	 
BFE_108	 2	 10	 2109.jpg	 1.167625e+03	 22	 1.025842e+03	 2200	 7.666919e+02	 98	 1.168643e+03	 766.67	 716.67	 56.00	 9	 0.57	 
BFE_108	 2	 10	 2102.jpg	 1.169627e+03	 24	 999000	 240	 999000	 999	 1.170645e+03	 766.67	 716.67	 59.00	 2	 0.52	 
BFE_108	 2	 10	 2101.jpg	 1.173632e+03	 24	 999000	 240	 999000	 999	 1.174649e+03	 766.67	 716.67	 55.00	 1	 0.58	 
BFE_108	 2	 10	 2112.jpg	 1.177636e+03	 24	 999000	 240	 999000	 999	 1.178654e+03	 766.67	 716.67	 77.00	 12	 0.22	 
BFE_108	 2	 10	 2212.jpg	 1.180623e+03	 24	 999000	 240	 999000	 999	 1.181640e+03	 766.67	 716.67	 78.00	 33	 0.21	 
BFE_108	 2	 10	 1113.jpg	 1.184627e+03	 12	 999000	 120	 999000	 999	 1.185645e+03	 766.67	 716.67	 20.00	 13	 0.50	 
BFE_108	 2	 10	 1216.jpg	 1.187631e+03	 12	 999000	 120	 999000	 999	 1.188648e+03	 766.67	 716.67	 38.00	 37	 0.20	 
BFE_108	 2	 10	 1106.jpg	 1.189633e+03	 11	 1.025743e+03	 1100	 7.667054e+02	 98	 1.190650e+03	 716.67	 716.67	 8.00	 6	 0.71	 
BFE_108	 2	 10	 1214.jpg	 1.193620e+03	 12	 999000	 120	 999000	 999	 1.194638e+03	 716.67	 716.67	 18.00	 35	 0.52	 
BFE_108	 2	 10	 2204.jpg	 1.195623e+03	 24	 999000	 240	 999000	 999	 1.196641e+03	 716.67	 716.67	 61.00	 25	 0.48	 
BFE_108	 2	 10	 1114.jpg	 1.197625e+03	 12	 999000	 120	 999000	 999	 1.198643e+03	 716.67	 716.67	 10.00	 14	 0.65	 
BFE_108	 2	 10	 2217.jpg	 1.201630e+03	 24	 999000	 240	 999000	 999	 1.202647e+03	 716.67	 716.67	 44.00	 38	 0.81	 
BFE_108	 2	 10	 1210.jpg	 1.203632e+03	 12	 999000	 120	 999000	 999	 1.204650e+03	 716.67	 716.67	 37.00	 31	 0.21	 
BFE_108	 2	 10	 1202.jpg	 1.207636e+03	 11	 1.006340e+03	 1100	 7.167079e+02	 98	 1.208654e+03	 666.67	 716.67	 17.00	 23	 0.53	 
BFE_108	 2	 10	 1201.jpg	 1.211624e+03	 12	 999000	 120	 999000	 999	 1.212642e+03	 666.67	 716.67	 3.00	 22	 0.88	 
BFE_108	 2	 10	 2205.jpg	 1.214627e+03	 24	 999000	 240	 999000	 999	 1.215645e+03	 666.67	 716.67	 58.00	 26	 0.54	 
BFE_108	 2	 10	 1215.jpg	 1.220634e+03	 12	 999000	 120	 999000	 999	 1.221652e+03	 666.67	 716.67	 22.00	 36	 0.47	 
BFE_108	 2	 10	 1218.jpg	 1.222637e+03	 12	 999000	 120	 999000	 999	 1.223654e+03	 666.67	 716.67	 12.00	 39	 0.62	 
BFE_108	 2	 10	 2111.jpg	 1.226624e+03	 22	 9.863403e+02	 220	 7.167048e+02	 98	 1.227642e+03	 666.67	 733.33	 51.00	 11	 0.65	 
BFE_108	 2	 10	 1219.jpg	 1.228626e+03	 12	 999000	 120	 999000	 999	 1.229644e+03	 666.67	 733.33	 4.00	 40	 0.78	 
BFE_108	 2	 10	 2218.jpg	 1.230629e+03	 22	 9.498293e+02	 220	 7.333683e+02	 98	 1.231647e+03	 666.67	 750.00	 57.00	 39	 0.57	 
BFE_108	 2	 10	 1111.jpg	 1.232631e+03	 12	 999000	 120	 999000	 999	 1.233649e+03	 666.67	 750.00	 19.00	 11	 0.51	 
BFE_108	 2	 10	 1105.jpg	 1.237637e+03	 12	 999000	 120	 999000	 999	 1.238654e+03	 666.67	 750.00	 13.00	 5	 0.55	 
BFE_108	 2	 10	 1211.jpg	 1.239622e+03	 11	 9.085768e+02	 110	 6.666966e+02	 98	 1.240640e+03	 683.33	 750.00	 14.00	 32	 0.54	 
BFE_108	 2	 10	 2117.jpg	 1.241624e+03	 24	 999000	 240	 999000	 999	 1.242642e+03	 683.33	 750.00	 47.00	 17	 0.74	 
BFE_108	 2	 10	 1115.jpg	 1.244628e+03	 12	 999000	 120	 999000	 999	 1.245645e+03	 683.33	 750.00	 15.00	 15	 0.54	 
