subjectID	 order	 runNum	 itemName	 onsetTime	 shuff_trialType	 RT	 respInTime	 AudioTime	 response	 fixationTime	 ladder1	 ladder2	 bidIndex	 itemNameIndex	 bidValue	 
BFE_105	 1	 5	 2202.jpg	 5.438585e+02	 24	 999000	 240	 999000	 999	 5.448763e+02	 683.33	 683.33	 56.00	 23	 0.60	 
BFE_105	 1	 5	 1213.jpg	 5.458441e+02	 12	 999000	 120	 999000	 999	 5.468619e+02	 683.33	 683.33	 11.00	 34	 0.68	 
BFE_105	 1	 5	 1110.jpg	 5.498486e+02	 12	 999000	 120	 999000	 999	 5.508664e+02	 683.33	 683.33	 37.00	 10	 0.20	 
BFE_105	 1	 5	 2218.jpg	 5.528520e+02	 22	 9.340353e+02	 220	 6.833733e+02	 98	 5.538697e+02	 683.33	 700.00	 55.00	 39	 0.62	 
BFE_105	 1	 5	 1208.jpg	 5.548543e+02	 11	 1.011744e+03	 1100	 6.833845e+02	 98	 5.558720e+02	 633.33	 700.00	 18.00	 29	 0.52	 
BFE_105	 1	 5	 1103.jpg	 5.578576e+02	 11	 8.884001e+02	 110	 6.333730e+02	 98	 5.588754e+02	 650.00	 700.00	 15.00	 3	 0.60	 
BFE_105	 1	 5	 2206.jpg	 5.618456e+02	 24	 999000	 240	 999000	 999	 5.628632e+02	 650.00	 700.00	 61.00	 27	 0.52	 
BFE_105	 1	 5	 1209.jpg	 5.658499e+02	 11	 8.721095e+02	 110	 6.500401e+02	 98	 5.668677e+02	 666.67	 700.00	 10.00	 30	 0.69	 
BFE_105	 1	 5	 1121.jpg	 5.678521e+02	 12	 999000	 120	 999000	 999	 5.688699e+02	 666.67	 700.00	 17.00	 21	 0.52	 
BFE_105	 1	 5	 2114.jpg	 5.728579e+02	 24	 999000	 240	 999000	 999	 5.738755e+02	 666.67	 700.00	 44.00	 14	 0.80	 
BFE_105	 1	 5	 2117.jpg	 5.748434e+02	 24	 999000	 240	 999000	 999	 5.758611e+02	 666.67	 700.00	 77.00	 17	 0.20	 
BFE_105	 1	 5	 2118.jpg	 5.768457e+02	 24	 999000	 240	 999000	 999	 5.778634e+02	 666.67	 700.00	 78.00	 18	 0.18	 
BFE_105	 1	 5	 2215.jpg	 5.828524e+02	 24	 999000	 240	 999000	 999	 5.838701e+02	 666.67	 700.00	 59.00	 36	 0.54	 
BFE_105	 1	 5	 2109.jpg	 5.848546e+02	 22	 1.003418e+03	 2200	 7.000395e+02	 98	 5.858724e+02	 666.67	 650.00	 58.00	 9	 0.56	 
BFE_105	 1	 5	 1205.jpg	 5.868568e+02	 11	 9.852733e+02	 110	 6.667096e+02	 98	 5.878746e+02	 683.33	 650.00	 7.00	 26	 0.77	 
BFE_105	 1	 5	 2209.jpg	 5.888421e+02	 24	 999000	 240	 999000	 999	 5.898604e+02	 683.33	 650.00	 49.00	 30	 0.73	 
BFE_105	 1	 5	 2219.jpg	 5.928469e+02	 24	 999000	 240	 999000	 999	 5.938646e+02	 683.33	 650.00	 62.00	 40	 0.51	 
BFE_105	 1	 5	 2121.jpg	 5.968514e+02	 24	 999000	 240	 999000	 999	 5.978692e+02	 683.33	 650.00	 51.00	 21	 0.66	 
BFE_105	 1	 5	 1119.jpg	 5.998548e+02	 12	 999000	 120	 999000	 999	 6.008725e+02	 683.33	 650.00	 21.00	 19	 0.49	 
BFE_105	 1	 5	 2213.jpg	 6.038423e+02	 22	 9.357803e+02	 220	 6.500399e+02	 98	 6.048603e+02	 683.33	 666.67	 52.00	 34	 0.65	 
BFE_105	 1	 5	 1112.jpg	 6.068459e+02	 12	 999000	 120	 999000	 999	 6.078637e+02	 683.33	 666.67	 38.00	 12	 0.20	 
BFE_105	 1	 5	 2204.jpg	 6.088482e+02	 24	 999000	 240	 999000	 999	 6.098659e+02	 683.33	 666.67	 57.00	 25	 0.58	 
BFE_105	 1	 5	 2103.jpg	 6.128527e+02	 24	 999000	 240	 999000	 999	 6.138705e+02	 683.33	 666.67	 43.00	 3	 0.82	 
BFE_105	 1	 5	 2217.jpg	 6.148549e+02	 22	 9.711541e+02	 220	 6.666994e+02	 98	 6.158727e+02	 683.33	 683.33	 53.00	 38	 0.64	 
BFE_105	 1	 5	 1107.jpg	 6.168572e+02	 12	 999000	 120	 999000	 999	 6.178750e+02	 683.33	 683.33	 22.00	 7	 0.45	 
BFE_105	 1	 5	 1219.jpg	 6.208449e+02	 12	 999000	 120	 999000	 999	 6.218628e+02	 683.33	 683.33	 14.00	 40	 0.61	 
BFE_105	 1	 5	 2216.jpg	 6.228473e+02	 22	 9.307449e+02	 220	 6.833693e+02	 98	 6.238650e+02	 683.33	 700.00	 50.00	 37	 0.68	 
BFE_105	 1	 5	 1203.jpg	 6.268518e+02	 12	 999000	 120	 999000	 999	 6.278695e+02	 683.33	 700.00	 20.00	 24	 0.51	 
BFE_105	 1	 5	 1202.jpg	 6.308562e+02	 12	 999000	 120	 999000	 999	 6.318741e+02	 683.33	 700.00	 8.00	 23	 0.75	 
BFE_105	 1	 5	 2208.jpg	 6.338430e+02	 24	 999000	 240	 999000	 999	 6.348607e+02	 683.33	 700.00	 60.00	 29	 0.53	 
BFE_105	 1	 5	 1106.jpg	 6.398497e+02	 12	 999000	 120	 999000	 999	 6.408675e+02	 683.33	 700.00	 3.00	 6	 0.80	 
BFE_105	 1	 5	 1113.jpg	 6.418519e+02	 12	 999000	 120	 999000	 999	 6.428698e+02	 683.33	 700.00	 9.00	 13	 0.70	 
BFE_105	 1	 5	 1201.jpg	 6.458565e+02	 12	 999000	 120	 999000	 999	 6.468742e+02	 683.33	 700.00	 4.00	 22	 0.78	 
BFE_105	 1	 5	 2214.jpg	 6.478417e+02	 24	 999000	 240	 999000	 999	 6.488597e+02	 683.33	 700.00	 54.00	 35	 0.62	 
BFE_105	 1	 5	 2106.jpg	 6.498442e+02	 22	 1.085847e+03	 2200	 7.000507e+02	 98	 6.508620e+02	 683.33	 650.00	 47.00	 6	 0.74	 
BFE_105	 1	 5	 1215.jpg	 6.518465e+02	 12	 999000	 120	 999000	 999	 6.528642e+02	 683.33	 650.00	 19.00	 36	 0.51	 
BFE_105	 1	 5	 1218.jpg	 6.568521e+02	 12	 999000	 120	 999000	 999	 6.578699e+02	 683.33	 650.00	 16.00	 39	 0.60	 
BFE_105	 1	 5	 1216.jpg	 6.588544e+02	 11	 9.636668e+02	 110	 6.833733e+02	 98	 6.598721e+02	 700.00	 650.00	 12.00	 37	 0.64	 
BFE_105	 1	 5	 1102.jpg	 6.608568e+02	 11	 1.017336e+03	 1100	 7.000274e+02	 98	 6.618744e+02	 650.00	 650.00	 13.00	 2	 0.62	 
BFE_105	 1	 5	 2211.jpg	 6.638433e+02	 24	 999000	 240	 999000	 999	 6.648610e+02	 650.00	 650.00	 48.00	 32	 0.73	 
